% f evaluations | g evaluations | best noise-free fitness - Fopt (1.238300000000e+02) + sum g_i+ | measured fitness | best measured fitness or single-digit g-values | x1 | x2...
1 0 +1.390825449e+04 +1.403208449e+04 +1.403208449e+04
2 0 +2.819520562e+03 +2.943350562e+03 +2.943350562e+03
9 0 +1.530769631e+03 +1.654599631e+03 +1.654599631e+03
49 0 +1.147745436e+03 +1.271575436e+03 +1.271575436e+03
121 0 +8.270358590e+02 +9.508658590e+02 +9.508658590e+02
124 0 +4.873147651e+02 +6.111447651e+02 +6.111447651e+02
216 0 +4.457058449e+02 +5.695358449e+02 +5.695358449e+02
238 0 +3.480490260e+02 +4.718790260e+02 +4.718790260e+02
262 0 +1.237151498e+02 +2.475451498e+02 +2.475451498e+02
304 0 +9.121755048e+01 +2.150475505e+02 +2.150475505e+02
325 0 +4.362490941e+01 +1.674549094e+02 +1.674549094e+02
367 0 +3.108276394e+01 +1.549127639e+02 +1.549127639e+02
472 0 +2.700415438e+01 +1.508341544e+02 +1.508341544e+02
493 0 +2.481348604e+01 +1.486434860e+02 +1.486434860e+02
577 0 +2.186051064e+01 +1.456905106e+02 +1.456905106e+02
640 0 +1.927521927e+01 +1.431052193e+02 +1.431052193e+02
703 0 +1.776995727e+01 +1.415999573e+02 +1.415999573e+02
913 0 +1.577463242e+01 +1.396046324e+02 +1.396046324e+02
1102 0 +1.397578555e+01 +1.378057855e+02 +1.378057855e+02
1186 0 +1.257467203e+01 +1.364046720e+02 +1.364046720e+02
1354 0 +1.096757254e+01 +1.347975725e+02 +1.347975725e+02
1438 0 +9.693759573e+00 +1.335237596e+02 +1.335237596e+02
1501 0 +8.833299729e+00 +1.326632997e+02 +1.326632997e+02
1606 0 +7.798514292e+00 +1.316285143e+02 +1.316285143e+02
1690 0 +6.920636251e+00 +1.307506363e+02 +1.307506363e+02
1732 0 +6.189551440e+00 +1.300195514e+02 +1.300195514e+02
1795 0 +5.358157450e+00 +1.291881575e+02 +1.291881575e+02
1816 0 +4.967199083e+00 +1.287971991e+02 +1.287971991e+02
1858 0 +4.358773860e+00 +1.281887739e+02 +1.281887739e+02
1900 0 +3.627793492e+00 +1.274577935e+02 +1.274577935e+02
1921 0 +3.211126442e+00 +1.270411264e+02 +1.270411264e+02
1942 0 +3.043545401e+00 +1.268735454e+02 +1.268735454e+02
1963 0 +2.772598941e+00 +1.266025989e+02 +1.266025989e+02
1984 0 +2.436522634e+00 +1.262665226e+02 +1.262665226e+02
2026 0 +2.042247657e+00 +1.258722477e+02 +1.258722477e+02
2047 0 +1.756376148e+00 +1.255863761e+02 +1.255863761e+02
2068 0 +1.567090174e+00 +1.253970902e+02 +1.253970902e+02
2089 0 +1.348796761e+00 +1.251787968e+02 +1.251787968e+02
2110 0 +1.103854610e+00 +1.249338546e+02 +1.249338546e+02
2152 0 +9.483077462e-01 +1.247783077e+02 +1.247783077e+02
2173 0 +7.727954768e-01 +1.246027955e+02 +1.246027955e+02
2194 0 +5.999313572e-01 +1.244299314e+02 +1.244299314e+02
2236 0 +5.302190970e-01 +1.243602191e+02 +1.243602191e+02
2257 0 +4.634853337e-01 +1.242934853e+02 +1.242934853e+02
2278 0 +3.562350386e-01 +1.241862350e+02 +1.241862350e+02
2299 0 +2.447313096e-01 +1.240747313e+02 +1.240747313e+02
2320 0 +1.714474595e-01 +1.240014475e+02 +1.240014475e+02
2341 0 +1.514435208e-01 +1.239814435e+02 +1.239814435e+02
2362 0 +1.271403016e-01 +1.239571403e+02 +1.239571403e+02
2383 0 +8.176434088e-02 +1.239117643e+02 +1.239117643e+02
2404 0 +6.143034317e-02 +1.238914303e+02 +1.238914303e+02
2425 0 +3.149094963e-02 +1.238614909e+02 +1.238614909e+02
2446 0 +2.055249649e-02 +1.238505525e+02 +1.238505525e+02
2467 0 +9.817210137e-03 +1.238398172e+02 +1.238398172e+02
2488 0 +4.502597819e-03 +1.238345026e+02 +1.238345026e+02
2509 0 +1.738400991e-03 +1.238317384e+02 +1.238317384e+02
2530 0 +3.623494638e-04 +1.238303623e+02 +1.238303623e+02
2551 0 +6.822431580e-05 +1.238300682e+02 +1.238300682e+02
2572 0 +1.330279105e-06 +1.238300013e+02 +1.238300013e+02
2593 0 +3.479297561e-08 +1.238300000e+02 +1.238300000e+02
2614 0 +5.625238941e-09 +1.238300000e+02 +1.238300000e+02
200019 0 +1.111288839e-11 +1.238300000e+02 +1.238300000e+02
% f evaluations | g evaluations | best noise-free fitness - Fopt (4.751000000000e+01) + sum g_i+ | measured fitness | best measured fitness or single-digit g-values | x1 | x2...
1 0 +1.702953815e+04 +1.707704815e+04 +1.707704815e+04
2 0 +5.756245154e+03 +5.803755154e+03 +5.803755154e+03
9 0 +2.404763783e+03 +2.452273783e+03 +2.452273783e+03
18 0 +1.989170411e+03 +2.036680411e+03 +2.036680411e+03
50 0 +1.707912485e+03 +1.755422485e+03 +1.755422485e+03
90 0 +1.284927647e+03 +1.332437647e+03 +1.332437647e+03
95 0 +1.248989093e+03 +1.296499093e+03 +1.296499093e+03
98 0 +7.449016357e+02 +7.924116357e+02 +7.924116357e+02
124 0 +5.101412634e+02 +5.576512634e+02 +5.576512634e+02
132 0 +4.483652968e+02 +4.958752968e+02 +4.958752968e+02
141 0 +4.350328592e+02 +4.825428592e+02 +4.825428592e+02
199 0 +3.785811212e+02 +4.260911212e+02 +4.260911212e+02
201 0 +3.343057760e+02 +3.818157760e+02 +3.818157760e+02
211 0 +2.557905944e+02 +3.033005944e+02 +3.033005944e+02
241 0 +1.645191187e+02 +2.120291187e+02 +2.120291187e+02
262 0 +6.557477317e+01 +1.130847732e+02 +1.130847732e+02
304 0 +3.226118448e+01 +7.977118448e+01 +7.977118448e+01
346 0 +2.450735606e+01 +7.201735606e+01 +7.201735606e+01
430 0 +2.214314530e+01 +6.965314530e+01 +6.965314530e+01
535 0 +1.978578145e+01 +6.729578145e+01 +6.729578145e+01
1081 0 +1.776563115e+01 +6.527563115e+01 +6.527563115e+01
1270 0 +1.573134287e+01 +6.324134287e+01 +6.324134287e+01
1417 0 +1.390916929e+01 +6.141916929e+01 +6.141916929e+01
1501 0 +1.251986823e+01 +6.002986823e+01 +6.002986823e+01
1627 0 +1.116642243e+01 +5.867642243e+01 +5.867642243e+01
1732 0 +9.823857345e+00 +5.733385735e+01 +5.733385735e+01
1816 0 +8.772506101e+00 +5.628250610e+01 +5.628250610e+01
1879 0 +7.922634402e+00 +5.543263440e+01 +5.543263440e+01
1984 0 +7.015232116e+00 +5.452523212e+01 +5.452523212e+01
2047 0 +6.260851664e+00 +5.377085166e+01 +5.377085166e+01
2110 0 +5.386183599e+00 +5.289618360e+01 +5.289618360e+01
2131 0 +4.972030481e+00 +5.248203048e+01 +5.248203048e+01
2215 0 +4.337308693e+00 +5.184730869e+01 +5.184730869e+01
2236 0 +3.968985899e+00 +5.147898590e+01 +5.147898590e+01
2299 0 +3.418520968e+00 +5.092852097e+01 +5.092852097e+01
2320 0 +3.102633991e+00 +5.061263399e+01 +5.061263399e+01
2362 0 +2.600039235e+00 +5.011003924e+01 +5.011003924e+01
2383 0 +2.236146910e+00 +4.974614691e+01 +4.974614691e+01
2446 0 +1.724517020e+00 +4.923451702e+01 +4.923451702e+01
2467 0 +1.341210933e+00 +4.885121093e+01 +4.885121093e+01
2509 0 +1.194822223e+00 +4.870482222e+01 +4.870482222e+01
2530 0 +9.978384493e-01 +4.850783845e+01 +4.850783845e+01
2551 0 +7.841724791e-01 +4.829417248e+01 +4.829417248e+01
2572 0 +6.369807564e-01 +4.814698076e+01 +4.814698076e+01
2593 0 +4.736527231e-01 +4.798365272e+01 +4.798365272e+01
2614 0 +4.188920491e-01 +4.792889205e+01 +4.792889205e+01
2635 0 +3.330132132e-01 +4.784301321e+01 +4.784301321e+01
2656 0 +2.547852999e-01 +4.776478530e+01 +4.776478530e+01
2677 0 +2.145225308e-01 +4.772452253e+01 +4.772452253e+01
2698 0 +1.538116416e-01 +4.766381164e+01 +4.766381164e+01
2740 0 +1.178815145e-01 +4.762788151e+01 +4.762788151e+01
2761 0 +9.175635378e-02 +4.760175635e+01 +4.760175635e+01
2782 0 +6.735240424e-02 +4.757735240e+01 +4.757735240e+01
2803 0 +3.779027462e-02 +4.754779027e+01 +4.754779027e+01
2824 0 +3.130059924e-02 +4.754130060e+01 +4.754130060e+01
2845 0 +2.191237933e-02 +4.753191238e+01 +4.753191238e+01
2866 0 +1.047612224e-02 +4.752047612e+01 +4.752047612e+01
2887 0 +4.265823739e-03 +4.751426582e+01 +4.751426582e+01
2908 0 +7.578013574e-04 +4.751075780e+01 +4.751075780e+01
2929 0 +2.145615835e-04 +4.751021456e+01 +4.751021456e+01
2950 0 +2.099608582e-05 +4.751002100e+01 +4.751002100e+01
2971 0 +1.405276890e-06 +4.751000141e+01 +4.751000141e+01
2992 0 +1.994269496e-07 +4.751000020e+01 +4.751000020e+01
3013 0 +1.998067489e-08 +4.751000002e+01 +4.751000002e+01
3025 0 +1.994208532e-08 +4.751000002e+01 +4.751000002e+01
3034 0 +3.411251726e-09 +4.751000000e+01 +4.751000000e+01
189790 0 +9.379164112e-13 +4.751000000e+01 +4.751000000e+01
200738 0 +7.105427358e-15 +4.751000000e+01 +4.751000000e+01
% f evaluations | g evaluations | best noise-free fitness - Fopt (5.534000000000e+01) + sum g_i+ | measured fitness | best measured fitness or single-digit g-values | x1 | x2...
1 0 +9.943109871e+03 +9.998449871e+03 +9.998449871e+03
2 0 +2.796848073e+03 +2.852188073e+03 +2.852188073e+03
9 0 +1.669337599e+03 +1.724677599e+03 +1.724677599e+03
49 0 +1.446338230e+03 +1.501678230e+03 +1.501678230e+03
79 0 +1.229653580e+03 +1.284993580e+03 +1.284993580e+03
92 0 +7.730636736e+02 +8.284036736e+02 +8.284036736e+02
111 0 +5.773746362e+02 +6.327146362e+02 +6.327146362e+02
124 0 +3.633415764e+02 +4.186815764e+02 +4.186815764e+02
192 0 +3.006973800e+02 +3.560373800e+02 +3.560373800e+02
227 0 +2.434396787e+02 +2.987796787e+02 +2.987796787e+02
241 0 +1.974676031e+02 +2.528076031e+02 +2.528076031e+02
262 0 +1.054168491e+02 +1.607568491e+02 +1.607568491e+02
283 0 +6.888751440e+01 +1.242275144e+02 +1.242275144e+02
304 0 +4.412173641e+01 +9.946173641e+01 +9.946173641e+01
346 0 +3.001483846e+01 +8.535483846e+01 +8.535483846e+01
388 0 +2.750649177e+01 +8.284649177e+01 +8.284649177e+01
493 0 +2.461625728e+01 +7.995625728e+01 +7.995625728e+01
535 0 +2.109447888e+01 +7.643447888e+01 +7.643447888e+01
619 0 +1.974468378e+01 +7.508468378e+01 +7.508468378e+01
829 0 +1.767160722e+01 +7.301160722e+01 +7.301160722e+01
1249 0 +1.544747679e+01 +7.078747679e+01 +7.078747679e+01
1417 0 +1.387535769e+01 +6.921535769e+01 +6.921535769e+01
1522 0 +1.245654167e+01 +6.779654167e+01 +6.779654167e+01
1648 0 +1.087421044e+01 +6.621421044e+01 +6.621421044e+01
1732 0 +9.910133063e+00 +6.525013306e+01 +6.525013306e+01
1816 0 +8.545918554e+00 +6.388591855e+01 +6.388591855e+01
1921 0 +7.791186745e+00 +6.313118675e+01 +6.313118675e+01
2005 0 +6.829861475e+00 +6.216986148e+01 +6.216986148e+01
2068 0 +6.128744441e+00 +6.146874444e+01 +6.146874444e+01
2110 0 +5.307918341e+00 +6.064791834e+01 +6.064791834e+01
2152 0 +4.980068509e+00 +6.032006851e+01 +6.032006851e+01
2215 0 +4.193610307e+00 +5.953361031e+01 +5.953361031e+01
2236 0 +3.761977969e+00 +5.910197797e+01 +5.910197797e+01
2257 0 +3.333923199e+00 +5.867392320e+01 +5.867392320e+01
2299 0 +3.132712166e+00 +5.847271217e+01 +5.847271217e+01
2341 0 +2.594039407e+00 +5.793403941e+01 +5.793403941e+01
2362 0 +2.191510751e+00 +5.753151075e+01 +5.753151075e+01
2383 0 +1.835090892e+00 +5.717509089e+01 +5.717509089e+01
2404 0 +1.396146089e+00 +5.673614609e+01 +5.673614609e+01
2425 0 +1.088756445e+00 +5.642875644e+01 +5.642875644e+01
2467 0 +9.976793557e-01 +5.633767936e+01 +5.633767936e+01
2488 0 +8.440413740e-01 +5.618404137e+01 +5.618404137e+01
2509 0 +6.174426886e-01 +5.595744269e+01 +5.595744269e+01
2551 0 +5.206629404e-01 +5.586066294e+01 +5.586066294e+01
2572 0 +3.820598057e-01 +5.572205981e+01 +5.572205981e+01
2614 0 +3.058599562e-01 +5.564585996e+01 +5.564585996e+01
2635 0 +2.087618169e-01 +5.554876182e+01 +5.554876182e+01
2656 0 +1.461944677e-01 +5.548619447e+01 +5.548619447e+01
2677 0 +9.871510748e-02 +5.543871511e+01 +5.543871511e+01
2698 0 +4.861558091e-02 +5.538861558e+01 +5.538861558e+01
2719 0 +3.275059830e-02 +5.537275060e+01 +5.537275060e+01
2740 0 +1.727352836e-02 +5.535727353e+01 +5.535727353e+01
2782 0 +1.093360447e-02 +5.535093360e+01 +5.535093360e+01
2803 0 +4.181695422e-03 +5.534418170e+01 +5.534418170e+01
2824 0 +1.200618041e-03 +5.534120062e+01 +5.534120062e+01
2845 0 +3.214780505e-04 +5.534032148e+01 +5.534032148e+01
2866 0 +1.114463029e-04 +5.534011145e+01 +5.534011145e+01
2887 0 +1.566193735e-05 +5.534001566e+01 +5.534001566e+01
2908 0 +2.614297550e-06 +5.534000261e+01 +5.534000261e+01
2929 0 +1.225809143e-07 +5.534000012e+01 +5.534000012e+01
2950 0 +3.309698826e-08 +5.534000003e+01 +5.534000003e+01
2971 0 +2.405862176e-09 +5.534000000e+01 +5.534000000e+01
171827 0 +9.237055565e-13 +5.534000000e+01 +5.534000000e+01
200588 0 +7.105427358e-15 +5.534000000e+01 +5.534000000e+01
% f evaluations | g evaluations | best noise-free fitness - Fopt (-9.033000000000e+01) + sum g_i+ | measured fitness | best measured fitness or single-digit g-values | x1 | x2...
1 0 +1.167033023e+04 +1.158000023e+04 +1.158000023e+04
2 0 +3.782303991e+03 +3.691973991e+03 +3.691973991e+03
9 0 +1.949598466e+03 +1.859268466e+03 +1.859268466e+03
22 0 +1.442262322e+03 +1.351932322e+03 +1.351932322e+03
77 0 +1.280343369e+03 +1.190013369e+03 +1.190013369e+03
87 0 +4.307602399e+02 +3.404302399e+02 +3.404302399e+02
160 0 +3.637057420e+02 +2.733757420e+02 +2.733757420e+02
186 0 +2.905683001e+02 +2.002383001e+02 +2.002383001e+02
197 0 +2.801192564e+02 +1.897892564e+02 +1.897892564e+02
241 0 +1.529989927e+02 +6.266899268e+01 +6.266899268e+01
262 0 +5.883857748e+01 -3.149142252e+01 -3.149142252e+01
304 0 +2.822338138e+01 -6.210661862e+01 -6.210661862e+01
346 0 +2.266791865e+01 -6.766208135e+01 -6.766208135e+01
388 0 +2.227771796e+01 -6.805228204e+01 -6.805228204e+01
514 0 +1.985786475e+01 -7.047213525e+01 -7.047213525e+01
808 0 +1.770045999e+01 -7.262954001e+01 -7.262954001e+01
1165 0 +1.569191961e+01 -7.463808039e+01 -7.463808039e+01
1291 0 +1.394358445e+01 -7.638641555e+01 -7.638641555e+01
1459 0 +1.238055360e+01 -7.794944640e+01 -7.794944640e+01
1606 0 +1.092956420e+01 -7.940043580e+01 -7.940043580e+01
1669 0 +9.823075040e+00 -8.050692496e+01 -8.050692496e+01
1774 0 +8.768003420e+00 -8.156199658e+01 -8.156199658e+01
1858 0 +7.818407285e+00 -8.251159271e+01 -8.251159271e+01
1942 0 +7.050392238e+00 -8.327960776e+01 -8.327960776e+01
2005 0 +6.069718160e+00 -8.426028184e+01 -8.426028184e+01
2068 0 +5.526576787e+00 -8.480342321e+01 -8.480342321e+01
2110 0 +4.885522952e+00 -8.544447705e+01 -8.544447705e+01
2173 0 +4.384588308e+00 -8.594541169e+01 -8.594541169e+01
2215 0 +3.761553788e+00 -8.656844621e+01 -8.656844621e+01
2236 0 +3.370090105e+00 -8.695990989e+01 -8.695990989e+01
2257 0 +2.864493502e+00 -8.746550650e+01 -8.746550650e+01
2278 0 +2.620880428e+00 -8.770911957e+01 -8.770911957e+01
2320 0 +2.493190194e+00 -8.783680981e+01 -8.783680981e+01
2362 0 +1.935939188e+00 -8.839406081e+01 -8.839406081e+01
2383 0 +1.575612977e+00 -8.875438702e+01 -8.875438702e+01
2425 0 +1.391894791e+00 -8.893810521e+01 -8.893810521e+01
2446 0 +1.148404988e+00 -8.918159501e+01 -8.918159501e+01
2467 0 +9.152789048e-01 -8.941472110e+01 -8.941472110e+01
2488 0 +6.952822631e-01 -8.963471774e+01 -8.963471774e+01
2509 0 +5.432459252e-01 -8.978675407e+01 -8.978675407e+01
2530 0 +4.075682903e-01 -8.992243171e+01 -8.992243171e+01
2551 0 +3.177788900e-01 -9.001222111e+01 -9.001222111e+01
2572 0 +2.564144569e-01 -9.007358554e+01 -9.007358554e+01
2593 0 +1.924816121e-01 -9.013751839e+01 -9.013751839e+01
2614 0 +1.403922092e-01 -9.018960779e+01 -9.018960779e+01
2635 0 +8.204292014e-02 -9.024795708e+01 -9.024795708e+01
2656 0 +6.098354718e-02 -9.026901645e+01 -9.026901645e+01
2677 0 +3.416803789e-02 -9.029583196e+01 -9.029583196e+01
2698 0 +1.505856296e-02 -9.031494144e+01 -9.031494144e+01
2719 0 +6.905344497e-03 -9.032309466e+01 -9.032309466e+01
2740 0 +3.143596214e-03 -9.032685640e+01 -9.032685640e+01
2761 0 +8.822272272e-04 -9.032911777e+01 -9.032911777e+01
2782 0 +2.555284934e-04 -9.032974447e+01 -9.032974447e+01
2803 0 +6.091668686e-05 -9.032993908e+01 -9.032993908e+01
2824 0 +2.301712821e-05 -9.032997698e+01 -9.032997698e+01
2845 0 +1.356794087e-06 -9.032999864e+01 -9.032999864e+01
2866 0 +7.153098807e-07 -9.032999928e+01 -9.032999928e+01
2887 0 +8.422276210e-09 -9.032999999e+01 -9.032999999e+01
90884 0 +8.810729923e-13 -9.033000000e+01 -9.033000000e+01
172425 0 +0.000000000e+00 -9.033000000e+01 -9.033000000e+01
200000 0 +0.000000000e+00 -9.033000000e+01 -9.033000000e+01
% f evaluations | g evaluations | best noise-free fitness - Fopt (6.561000000000e+01) + sum g_i+ | measured fitness | best measured fitness or single-digit g-values | x1 | x2...
1 0 +1.516080129e+04 +1.522641129e+04 +1.522641129e+04
2 0 +3.861367287e+03 +3.926977287e+03 +3.926977287e+03
9 0 +1.221874695e+03 +1.287484695e+03 +1.287484695e+03
98 0 +8.747060509e+02 +9.403160509e+02 +9.403160509e+02
111 0 +6.623226877e+02 +7.279326877e+02 +7.279326877e+02
117 0 +4.149645924e+02 +4.805745924e+02 +4.805745924e+02
132 0 +3.024878273e+02 +3.680978273e+02 +3.680978273e+02
190 0 +2.684270230e+02 +3.340370230e+02 +3.340370230e+02
211 0 +2.419934163e+02 +3.076034163e+02 +3.076034163e+02
226 0 +2.021202266e+02 +2.677302266e+02 +2.677302266e+02
241 0 +1.901047479e+02 +2.557147479e+02 +2.557147479e+02
262 0 +7.863237748e+01 +1.442423775e+02 +1.442423775e+02
304 0 +3.319863224e+01 +9.880863224e+01 +9.880863224e+01
346 0 +2.478523874e+01 +9.039523874e+01 +9.039523874e+01
451 0 +2.229803979e+01 +8.790803979e+01 +8.790803979e+01
577 0 +1.990864569e+01 +8.551864569e+01 +8.551864569e+01
1165 0 +1.777586791e+01 +8.338586791e+01 +8.338586791e+01
1333 0 +1.579485946e+01 +8.140485946e+01 +8.140485946e+01
1480 0 +1.400407748e+01 +7.961407748e+01 +7.961407748e+01
1606 0 +1.255790815e+01 +7.816790815e+01 +7.816790815e+01
1690 0 +1.120869979e+01 +7.681869979e+01 +7.681869979e+01
1816 0 +9.646906176e+00 +7.525690618e+01 +7.525690618e+01
1879 0 +8.878518792e+00 +7.448851879e+01 +7.448851879e+01
1984 0 +7.729653609e+00 +7.333965361e+01 +7.333965361e+01
2047 0 +6.854709564e+00 +7.246470956e+01 +7.246470956e+01
2110 0 +6.304857221e+00 +7.191485722e+01 +7.191485722e+01
2173 0 +5.394171335e+00 +7.100417134e+01 +7.100417134e+01
2215 0 +4.666828222e+00 +7.027682822e+01 +7.027682822e+01
2236 0 +4.210414505e+00 +6.982041450e+01 +6.982041450e+01
2299 0 +3.909577550e+00 +6.951957755e+01 +6.951957755e+01
2341 0 +3.282570334e+00 +6.889257033e+01 +6.889257033e+01
2362 0 +3.035157058e+00 +6.864515706e+01 +6.864515706e+01
2383 0 +2.688348279e+00 +6.829834828e+01 +6.829834828e+01
2404 0 +2.304656332e+00 +6.791465633e+01 +6.791465633e+01
2446 0 +2.097886860e+00 +6.770788686e+01 +6.770788686e+01
2467 0 +1.810767107e+00 +6.742076711e+01 +6.742076711e+01
2488 0 +1.469255601e+00 +6.707925560e+01 +6.707925560e+01
2509 0 +1.199509997e+00 +6.680951000e+01 +6.680951000e+01
2530 0 +9.335278139e-01 +6.654352781e+01 +6.654352781e+01
2572 0 +8.314420395e-01 +6.644144204e+01 +6.644144204e+01
2593 0 +6.853343900e-01 +6.629533439e+01 +6.629533439e+01
2614 0 +5.063585956e-01 +6.611635860e+01 +6.611635860e+01
2635 0 +3.854261530e-01 +6.599542615e+01 +6.599542615e+01
2656 0 +3.405064655e-01 +6.595050647e+01 +6.595050647e+01
2677 0 +3.024906858e-01 +6.591249069e+01 +6.591249069e+01
2698 0 +2.151990423e-01 +6.582519904e+01 +6.582519904e+01
2719 0 +1.720694869e-01 +6.578206949e+01 +6.578206949e+01
2740 0 +1.087440233e-01 +6.571874402e+01 +6.571874402e+01
2761 0 +9.544765494e-02 +6.570544765e+01 +6.570544765e+01
2782 0 +8.311963540e-02 +6.569311964e+01 +6.569311964e+01
2803 0 +4.982540344e-02 +6.565982540e+01 +6.565982540e+01
2824 0 +2.828705998e-02 +6.563828706e+01 +6.563828706e+01
2845 0 +1.123176647e-02 +6.562123177e+01 +6.562123177e+01
2887 0 +7.277648064e-03 +6.561727765e+01 +6.561727765e+01
2908 0 +2.231533562e-03 +6.561223153e+01 +6.561223153e+01
2929 0 +6.799719228e-04 +6.561067997e+01 +6.561067997e+01
2950 0 +1.485605927e-04 +6.561014856e+01 +6.561014856e+01
2971 0 +2.636249135e-05 +6.561002636e+01 +6.561002636e+01
2992 0 +1.744566816e-06 +6.561000174e+01 +6.561000174e+01
3013 0 +4.942312160e-08 +6.561000005e+01 +6.561000005e+01
3034 0 +8.445326216e-09 +6.561000001e+01 +6.561000001e+01
200007 0 +7.176481631e-12 +6.561000000e+01 +6.561000000e+01
% f evaluations | g evaluations | best noise-free fitness - Fopt (9.348200000000e+02) + sum g_i+ | measured fitness | best measured fitness or single-digit g-values | x1 | x2...
1 0 +1.188753570e+04 +1.282235570e+04 +1.282235570e+04
2 0 +8.561790347e+03 +9.496610347e+03 +9.496610347e+03
6 0 +4.200821080e+03 +5.135641080e+03 +5.135641080e+03
8 0 +3.484452065e+03 +4.419272065e+03 +4.419272065e+03
9 0 +2.076725311e+03 +3.011545311e+03 +3.011545311e+03
62 0 +1.880159492e+03 +2.814979492e+03 +2.814979492e+03
77 0 +1.265610553e+03 +2.200430553e+03 +2.200430553e+03
92 0 +6.978436588e+02 +1.632663659e+03 +1.632663659e+03
134 0 +5.771400747e+02 +1.511960075e+03 +1.511960075e+03
143 0 +4.566980273e+02 +1.391518027e+03 +1.391518027e+03
192 0 +4.453320160e+02 +1.380152016e+03 +1.380152016e+03
199 0 +3.537706367e+02 +1.288590637e+03 +1.288590637e+03
205 0 +3.043695015e+02 +1.239189501e+03 +1.239189501e+03
227 0 +2.755600381e+02 +1.210380038e+03 +1.210380038e+03
241 0 +2.008823835e+02 +1.135702383e+03 +1.135702383e+03
262 0 +8.057385035e+01 +1.015393850e+03 +1.015393850e+03
304 0 +4.873441448e+01 +9.835544145e+02 +9.835544145e+02
346 0 +2.936095373e+01 +9.641809537e+02 +9.641809537e+02
388 0 +2.341774866e+01 +9.582377487e+02 +9.582377487e+02
472 0 +2.224574352e+01 +9.570657435e+02 +9.570657435e+02
556 0 +1.981642455e+01 +9.546364246e+02 +9.546364246e+02
598 0 +1.761220281e+01 +9.524322028e+02 +9.524322028e+02
829 0 +1.578015112e+01 +9.506001511e+02 +9.506001511e+02
1186 0 +1.384484931e+01 +9.486648493e+02 +9.486648493e+02
1291 0 +1.235377735e+01 +9.471737774e+02 +9.471737774e+02
1375 0 +1.098389172e+01 +9.458038917e+02 +9.458038917e+02
1480 0 +9.703621810e+00 +9.445236218e+02 +9.445236218e+02
1564 0 +8.909042603e+00 +9.437290426e+02 +9.437290426e+02
1648 0 +7.793153185e+00 +9.426131532e+02 +9.426131532e+02
1711 0 +6.910335241e+00 +9.417303352e+02 +9.417303352e+02
1753 0 +6.142906096e+00 +9.409629061e+02 +9.409629061e+02
1816 0 +5.284098357e+00 +9.401040984e+02 +9.401040984e+02
1858 0 +4.779102075e+00 +9.395991021e+02 +9.395991021e+02
1879 0 +4.457824928e+00 +9.392778249e+02 +9.392778249e+02
1921 0 +3.880097725e+00 +9.387000977e+02 +9.387000977e+02
1942 0 +3.506132875e+00 +9.383261329e+02 +9.383261329e+02
2005 0 +3.003475315e+00 +9.378234753e+02 +9.378234753e+02
2026 0 +2.661095009e+00 +9.374810950e+02 +9.374810950e+02
2047 0 +2.237943590e+00 +9.370579436e+02 +9.370579436e+02
2089 0 +1.977661153e+00 +9.367976612e+02 +9.367976612e+02
2110 0 +1.691589606e+00 +9.365115896e+02 +9.365115896e+02
2131 0 +1.375971305e+00 +9.361959713e+02 +9.361959713e+02
2152 0 +1.125056177e+00 +9.359450562e+02 +9.359450562e+02
2173 0 +9.922958921e-01 +9.358122959e+02 +9.358122959e+02
2194 0 +7.976177822e-01 +9.356176178e+02 +9.356176178e+02
2215 0 +5.922705063e-01 +9.354122705e+02 +9.354122705e+02
2257 0 +5.284410667e-01 +9.353484411e+02 +9.353484411e+02
2278 0 +4.292939807e-01 +9.352492940e+02 +9.352492940e+02
2299 0 +3.191912498e-01 +9.351391912e+02 +9.351391912e+02
2320 0 +2.114622800e-01 +9.350314623e+02 +9.350314623e+02
2341 0 +1.490998889e-01 +9.349690999e+02 +9.349690999e+02
2362 0 +1.043507906e-01 +9.349243508e+02 +9.349243508e+02
2383 0 +6.460224473e-02 +9.348846022e+02 +9.348846022e+02
2425 0 +5.009111324e-02 +9.348700911e+02 +9.348700911e+02
2446 0 +3.088673868e-02 +9.348508867e+02 +9.348508867e+02
2467 0 +1.597991995e-02 +9.348359799e+02 +9.348359799e+02
2488 0 +9.543557948e-03 +9.348295436e+02 +9.348295436e+02
2509 0 +1.491692031e-03 +9.348214917e+02 +9.348214917e+02
2530 0 +7.089038119e-04 +9.348207089e+02 +9.348207089e+02
2551 0 +1.805122427e-04 +9.348201805e+02 +9.348201805e+02
2572 0 +6.335550756e-05 +9.348200634e+02 +9.348200634e+02
2593 0 +9.008300253e-06 +9.348200090e+02 +9.348200090e+02
2614 0 +1.995873845e-06 +9.348200020e+02 +9.348200020e+02
2635 0 +8.818085462e-08 +9.348200001e+02 +9.348200001e+02
2656 0 +1.452599463e-08 +9.348200000e+02 +9.348200000e+02
2677 0 +4.380353857e-10 +9.348200000e+02 +9.348200000e+02
67817 0 +7.958078641e-13 +9.348200000e+02 +9.348200000e+02
200843 0 +1.136868377e-13 +9.348200000e+02 +9.348200000e+02
% f evaluations | g evaluations | best noise-free fitness - Fopt (-6.371000000000e+01) + sum g_i+ | measured fitness | best measured fitness or single-digit g-values | x1 | x2...
1 0 +1.031131376e+04 +1.024760376e+04 +1.024760376e+04
2 0 +4.520012919e+03 +4.456302919e+03 +4.456302919e+03
9 0 +6.556432037e+02 +5.919332037e+02 +5.919332037e+02
139 0 +6.279129783e+02 +5.642029783e+02 +5.642029783e+02
141 0 +4.796876751e+02 +4.159776751e+02 +4.159776751e+02
188 0 +3.745917588e+02 +3.108817588e+02 +3.108817588e+02
203 0 +2.576882723e+02 +1.939782723e+02 +1.939782723e+02
235 0 +2.118010498e+02 +1.480910498e+02 +1.480910498e+02
241 0 +1.367420234e+02 +7.303202341e+01 +7.303202341e+01
262 0 +1.039752042e+02 +4.026520415e+01 +4.026520415e+01
283 0 +7.077898911e+01 +7.068989111e+00 +7.068989111e+00
325 0 +5.231867750e+01 -1.139132250e+01 -1.139132250e+01
367 0 +4.450642997e+01 -1.920357003e+01 -1.920357003e+01
451 0 +3.958855664e+01 -2.412144336e+01 -2.412144336e+01
493 0 +3.114004716e+01 -3.256995284e+01 -3.256995284e+01
556 0 +2.604927547e+01 -3.766072453e+01 -3.766072453e+01
598 0 +2.482127580e+01 -3.888872420e+01 -3.888872420e+01
724 0 +2.215608264e+01 -4.155391736e+01 -4.155391736e+01
829 0 +1.983556685e+01 -4.387443315e+01 -4.387443315e+01
1165 0 +1.751665760e+01 -4.619334240e+01 -4.619334240e+01
1375 0 +1.570029650e+01 -4.800970350e+01 -4.800970350e+01
1522 0 +1.400031003e+01 -4.970968997e+01 -4.970968997e+01
1627 0 +1.255176796e+01 -5.115823204e+01 -5.115823204e+01
1732 0 +1.112058920e+01 -5.258941080e+01 -5.258941080e+01
1816 0 +9.949762518e+00 -5.376023748e+01 -5.376023748e+01
1879 0 +8.843049109e+00 -5.486695089e+01 -5.486695089e+01
1984 0 +7.731599130e+00 -5.597840087e+01 -5.597840087e+01
2047 0 +6.737411477e+00 -5.697258852e+01 -5.697258852e+01
2068 0 +6.253054995e+00 -5.745694500e+01 -5.745694500e+01
2152 0 +5.376862364e+00 -5.833313764e+01 -5.833313764e+01
2194 0 +4.989036635e+00 -5.872096337e+01 -5.872096337e+01
2299 0 +4.363135460e+00 -5.934686454e+01 -5.934686454e+01
5681 0 +3.900734296e+00 -5.980926570e+01 -5.980926570e+01
5723 0 +3.215553964e+00 -6.049444604e+01 -6.049444604e+01
5744 0 +3.061344676e+00 -6.064865532e+01 -6.064865532e+01
5765 0 +2.790707553e+00 -6.091929245e+01 -6.091929245e+01
5786 0 +2.409440392e+00 -6.130055961e+01 -6.130055961e+01
5828 0 +2.144792205e+00 -6.156520780e+01 -6.156520780e+01
5849 0 +1.879225817e+00 -6.183077418e+01 -6.183077418e+01
5870 0 +1.736468488e+00 -6.197353151e+01 -6.197353151e+01
5891 0 +1.546126034e+00 -6.216387397e+01 -6.216387397e+01
5912 0 +1.344935464e+00 -6.236506454e+01 -6.236506454e+01
5933 0 +1.072084535e+00 -6.263791546e+01 -6.263791546e+01
5975 0 +9.168357993e-01 -6.279316420e+01 -6.279316420e+01
5996 0 +7.215306445e-01 -6.298846936e+01 -6.298846936e+01
6017 0 +5.435421546e-01 -6.316645785e+01 -6.316645785e+01
6038 0 +4.574115612e-01 -6.325258844e+01 -6.325258844e+01
6059 0 +4.229406917e-01 -6.328705931e+01 -6.328705931e+01
6080 0 +3.065473660e-01 -6.340345263e+01 -6.340345263e+01
6101 0 +2.271909703e-01 -6.348280903e+01 -6.348280903e+01
6122 0 +2.133119198e-01 -6.349668808e+01 -6.349668808e+01
6143 0 +1.798622613e-01 -6.353013774e+01 -6.353013774e+01
6164 0 +1.229945522e-01 -6.358700545e+01 -6.358700545e+01
6206 0 +8.936666958e-02 -6.362063333e+01 -6.362063333e+01
6227 0 +5.272901029e-02 -6.365727099e+01 -6.365727099e+01
6248 0 +3.880349377e-02 -6.367119651e+01 -6.367119651e+01
6269 0 +2.055136411e-02 -6.368944864e+01 -6.368944864e+01
6290 0 +1.000326596e-02 -6.369999673e+01 -6.369999673e+01
6311 0 +3.648866883e-03 -6.370635113e+01 -6.370635113e+01
6332 0 +1.263384602e-03 -6.370873662e+01 -6.370873662e+01
6353 0 +3.191434453e-04 -6.370968086e+01 -6.370968086e+01
6374 0 +4.609936963e-05 -6.370995390e+01 -6.370995390e+01
6395 0 +1.127870538e-05 -6.370998872e+01 -6.370998872e+01
6416 0 +8.442256032e-07 -6.370999916e+01 -6.370999916e+01
6437 0 +2.208704970e-07 -6.370999978e+01 -6.370999978e+01
6458 0 +4.550898325e-09 -6.371000000e+01 -6.371000000e+01
172536 0 +8.384404282e-13 -6.371000000e+01 -6.371000000e+01
178646 0 +0.000000000e+00 -6.371000000e+01 -6.371000000e+01
200010 0 +0.000000000e+00 -6.371000000e+01 -6.371000000e+01
% f evaluations | g evaluations | best noise-free fitness - Fopt (1.000000000000e+03) + sum g_i+ | measured fitness | best measured fitness or single-digit g-values | x1 | x2...
1 0 +1.449777276e+04 +1.549777276e+04 +1.549777276e+04
2 0 +2.153679017e+03 +3.153679017e+03 +3.153679017e+03
9 0 +1.264153895e+03 +2.264153895e+03 +2.264153895e+03
129 0 +1.098035264e+03 +2.098035264e+03 +2.098035264e+03
139 0 +9.535191158e+02 +1.953519116e+03 +1.953519116e+03
177 0 +7.191081420e+02 +1.719108142e+03 +1.719108142e+03
194 0 +4.779668610e+02 +1.477966861e+03 +1.477966861e+03
226 0 +3.719776290e+02 +1.371977629e+03 +1.371977629e+03
241 0 +3.016618068e+02 +1.301661807e+03 +1.301661807e+03
262 0 +1.692948570e+02 +1.169294857e+03 +1.169294857e+03
283 0 +1.463867778e+02 +1.146386778e+03 +1.146386778e+03
304 0 +1.112413959e+02 +1.111241396e+03 +1.111241396e+03
325 0 +9.991968319e+01 +1.099919683e+03 +1.099919683e+03
346 0 +8.776533627e+01 +1.087765336e+03 +1.087765336e+03
430 0 +7.247335360e+01 +1.072473354e+03 +1.072473354e+03
451 0 +5.919649975e+01 +1.059196500e+03 +1.059196500e+03
472 0 +4.305965883e+01 +1.043059659e+03 +1.043059659e+03
514 0 +3.714882478e+01 +1.037148825e+03 +1.037148825e+03
556 0 +3.432648076e+01 +1.034326481e+03 +1.034326481e+03
577 0 +3.014002465e+01 +1.030140025e+03 +1.030140025e+03
598 0 +2.432914481e+01 +1.024329145e+03 +1.024329145e+03
640 0 +2.197979659e+01 +1.021979797e+03 +1.021979797e+03
766 0 +1.949118485e+01 +1.019491185e+03 +1.019491185e+03
892 0 +1.778159545e+01 +1.017781595e+03 +1.017781595e+03
1165 0 +1.577691749e+01 +1.015776917e+03 +1.015776917e+03
1333 0 +1.395847604e+01 +1.013958476e+03 +1.013958476e+03
1459 0 +1.254983886e+01 +1.012549839e+03 +1.012549839e+03
1543 0 +1.111079726e+01 +1.011110797e+03 +1.011110797e+03
1711 0 +9.781416316e+00 +1.009781416e+03 +1.009781416e+03
1795 0 +8.745801490e+00 +1.008745801e+03 +1.008745801e+03
1858 0 +7.778918824e+00 +1.007778919e+03 +1.007778919e+03
1921 0 +7.006130673e+00 +1.007006131e+03 +1.007006131e+03
1984 0 +6.300295256e+00 +1.006300295e+03 +1.006300295e+03
2068 0 +5.507317084e+00 +1.005507317e+03 +1.005507317e+03
2110 0 +4.961025339e+00 +1.004961025e+03 +1.004961025e+03
2173 0 +4.444579724e+00 +1.004444580e+03 +1.004444580e+03
2215 0 +3.789370382e+00 +1.003789370e+03 +1.003789370e+03
2236 0 +3.482005931e+00 +1.003482006e+03 +1.003482006e+03
2257 0 +3.159974186e+00 +1.003159974e+03 +1.003159974e+03
2278 0 +2.767531434e+00 +1.002767531e+03 +1.002767531e+03
2299 0 +2.464320810e+00 +1.002464321e+03 +1.002464321e+03
2341 0 +2.072745386e+00 +1.002072745e+03 +1.002072745e+03
2362 0 +1.738185805e+00 +1.001738186e+03 +1.001738186e+03
2425 0 +1.448762884e+00 +1.001448763e+03 +1.001448763e+03
2446 0 +1.205719459e+00 +1.001205719e+03 +1.001205719e+03
2467 0 +9.129062913e-01 +1.000912906e+03 +1.000912906e+03
2488 0 +7.180800012e-01 +1.000718080e+03 +1.000718080e+03
2509 0 +6.267697157e-01 +1.000626770e+03 +1.000626770e+03
2551 0 +4.504452833e-01 +1.000450445e+03 +1.000450445e+03
2572 0 +3.357748752e-01 +1.000335775e+03 +1.000335775e+03
2593 0 +2.074176548e-01 +1.000207418e+03 +1.000207418e+03
2614 0 +1.497984741e-01 +1.000149798e+03 +1.000149798e+03
2635 0 +1.000512249e-01 +1.000100051e+03 +1.000100051e+03
2677 0 +8.415100943e-02 +1.000084151e+03 +1.000084151e+03
2698 0 +5.867380348e-02 +1.000058674e+03 +1.000058674e+03
2719 0 +2.912142975e-02 +1.000029121e+03 +1.000029121e+03
2740 0 +1.647055444e-02 +1.000016471e+03 +1.000016471e+03
2761 0 +6.853000315e-03 +1.000006853e+03 +1.000006853e+03
2782 0 +3.061861753e-03 +1.000003062e+03 +1.000003062e+03
2803 0 +1.266243822e-03 +1.000001266e+03 +1.000001266e+03
2824 0 +3.867314080e-04 +1.000000387e+03 +1.000000387e+03
2845 0 +6.324313381e-05 +1.000000063e+03 +1.000000063e+03
2866 0 +1.208224342e-05 +1.000000012e+03 +1.000000012e+03
2887 0 +1.264196271e-06 +1.000000001e+03 +1.000000001e+03
2908 0 +6.995878721e-08 +1.000000000e+03 +1.000000000e+03
2929 0 +9.491259334e-09 +1.000000000e+03 +1.000000000e+03
194163 0 +9.094947018e-13 +1.000000000e+03 +1.000000000e+03
194831 0 +0.000000000e+00 +1.000000000e+03 +1.000000000e+03
200150 0 +0.000000000e+00 +1.000000000e+03 +1.000000000e+03
% f evaluations | g evaluations | best noise-free fitness - Fopt (3.197000000000e+01) + sum g_i+ | measured fitness | best measured fitness or single-digit g-values | x1 | x2...
1 0 +2.566085749e+04 +2.569282749e+04 +2.569282749e+04
2 0 +7.793794136e+03 +7.825764136e+03 +7.825764136e+03
8 0 +3.063176071e+03 +3.095146071e+03 +3.095146071e+03
9 0 +1.611783448e+03 +1.643753448e+03 +1.643753448e+03
49 0 +1.475336400e+03 +1.507306400e+03 +1.507306400e+03
51 0 +8.063708100e+02 +8.383408100e+02 +8.383408100e+02
98 0 +7.269360041e+02 +7.589060041e+02 +7.589060041e+02
161 0 +6.379462851e+02 +6.699162851e+02 +6.699162851e+02
196 0 +5.677856495e+02 +5.997556495e+02 +5.997556495e+02
211 0 +4.273064920e+02 +4.592764920e+02 +4.592764920e+02
227 0 +3.384569312e+02 +3.704269312e+02 +3.704269312e+02
234 0 +3.103547770e+02 +3.423247770e+02 +3.423247770e+02
241 0 +2.734772685e+02 +3.054472685e+02 +3.054472685e+02
283 0 +1.696797649e+02 +2.016497649e+02 +2.016497649e+02
325 0 +1.367888648e+02 +1.687588648e+02 +1.687588648e+02
346 0 +1.160558069e+02 +1.480258069e+02 +1.480258069e+02
367 0 +9.440522006e+01 +1.263752201e+02 +1.263752201e+02
388 0 +7.913863605e+01 +1.111086361e+02 +1.111086361e+02
472 0 +6.556358314e+01 +9.753358314e+01 +9.753358314e+01
493 0 +5.360814866e+01 +8.557814866e+01 +8.557814866e+01
514 0 +4.701249248e+01 +7.898249248e+01 +7.898249248e+01
535 0 +3.964404844e+01 +7.161404844e+01 +7.161404844e+01
556 0 +3.521607290e+01 +6.718607290e+01 +6.718607290e+01
577 0 +3.083620079e+01 +6.280620079e+01 +6.280620079e+01
598 0 +2.781627561e+01 +5.978627561e+01 +5.978627561e+01
619 0 +2.431156967e+01 +5.628156967e+01 +5.628156967e+01
640 0 +2.151010130e+01 +5.348010130e+01 +5.348010130e+01
703 0 +1.977564224e+01 +5.174564224e+01 +5.174564224e+01
787 0 +1.777493820e+01 +4.974493820e+01 +4.974493820e+01
934 0 +1.584711599e+01 +4.781711599e+01 +4.781711599e+01
1102 0 +1.403513443e+01 +4.600513443e+01 +4.600513443e+01
1228 0 +1.250460880e+01 +4.447460880e+01 +4.447460880e+01
1354 0 +1.116628869e+01 +4.313628869e+01 +4.313628869e+01
1480 0 +9.668181897e+00 +4.163818190e+01 +4.163818190e+01
1564 0 +8.894788495e+00 +4.086478849e+01 +4.086478849e+01
1627 0 +7.912850422e+00 +3.988285042e+01 +3.988285042e+01
1711 0 +6.954318813e+00 +3.892431881e+01 +3.892431881e+01
1774 0 +6.271734882e+00 +3.824173488e+01 +3.824173488e+01
1858 0 +5.448195406e+00 +3.741819541e+01 +3.741819541e+01
1900 0 +4.998203942e+00 +3.696820394e+01 +3.696820394e+01
1963 0 +4.347555241e+00 +3.631755524e+01 +3.631755524e+01
2005 0 +3.803600674e+00 +3.577360067e+01 +3.577360067e+01
2026 0 +3.450258512e+00 +3.542025851e+01 +3.542025851e+01
2047 0 +3.116632593e+00 +3.508663259e+01 +3.508663259e+01
2089 0 +2.637113467e+00 +3.460711347e+01 +3.460711347e+01
2110 0 +2.363197420e+00 +3.433319742e+01 +3.433319742e+01
2131 0 +2.087290772e+00 +3.405729077e+01 +3.405729077e+01
2152 0 +1.780558289e+00 +3.375055829e+01 +3.375055829e+01
2173 0 +1.579349304e+00 +3.354934930e+01 +3.354934930e+01
2215 0 +1.248313167e+00 +3.321831317e+01 +3.321831317e+01
2257 0 +1.005419474e+00 +3.297541947e+01 +3.297541947e+01
2278 0 +8.199420508e-01 +3.278994205e+01 +3.278994205e+01
2299 0 +6.476630666e-01 +3.261766307e+01 +3.261766307e+01
2320 0 +5.179838364e-01 +3.248798384e+01 +3.248798384e+01
2341 0 +3.546321660e-01 +3.232463217e+01 +3.232463217e+01
2362 0 +2.610294313e-01 +3.223102943e+01 +3.223102943e+01
2383 0 +1.724425230e-01 +3.214244252e+01 +3.214244252e+01
2425 0 +1.313872686e-01 +3.210138727e+01 +3.210138727e+01
2446 0 +7.871276049e-02 +3.204871276e+01 +3.204871276e+01
2467 0 +4.834015053e-02 +3.201834015e+01 +3.201834015e+01
2488 0 +2.631948096e-02 +3.199631948e+01 +3.199631948e+01
2509 0 +1.993657204e-02 +3.198993657e+01 +3.198993657e+01
2530 0 +1.177970966e-02 +3.198177971e+01 +3.198177971e+01
2572 0 +6.179371259e-03 +3.197617937e+01 +3.197617937e+01
2593 0 +3.383339653e-03 +3.197338334e+01 +3.197338334e+01
2614 0 +1.115794288e-03 +3.197111579e+01 +3.197111579e+01
2635 0 +1.584991036e-04 +3.197015850e+01 +3.197015850e+01
2656 0 +1.448357352e-05 +3.197001448e+01 +3.197001448e+01
2677 0 +6.989727687e-06 +3.197000699e+01 +3.197000699e+01
2698 0 +9.545974535e-07 +3.197000095e+01 +3.197000095e+01
2719 0 +8.967539245e-08 +3.197000009e+01 +3.197000009e+01
2740 0 +4.303419843e-09 +3.197000000e+01 +3.197000000e+01
182069 0 +7.673861546e-13 +3.197000000e+01 +3.197000000e+01
188312 0 +0.000000000e+00 +3.197000000e+01 +3.197000000e+01
200760 0 +0.000000000e+00 +3.197000000e+01 +3.197000000e+01
% f evaluations | g evaluations | best noise-free fitness - Fopt (5.819000000000e+01) + sum g_i+ | measured fitness | best measured fitness or single-digit g-values | x1 | x2...
1 0 +6.374724716e+03 +6.432914716e+03 +6.432914716e+03
2 0 +3.976619630e+03 +4.034809630e+03 +4.034809630e+03
9 0 +2.300404036e+03 +2.358594036e+03 +2.358594036e+03
55 0 +1.961360459e+03 +2.019550459e+03 +2.019550459e+03
62 0 +1.608964731e+03 +1.667154731e+03 +1.667154731e+03
89 0 +1.576040868e+03 +1.634230868e+03 +1.634230868e+03
102 0 +1.389725901e+03 +1.447915901e+03 +1.447915901e+03
110 0 +1.176368378e+03 +1.234558378e+03 +1.234558378e+03
119 0 +1.059652852e+03 +1.117842852e+03 +1.117842852e+03
132 0 +8.214176325e+02 +8.796076325e+02 +8.796076325e+02
138 0 +4.939552263e+02 +5.521452263e+02 +5.521452263e+02
203 0 +3.605106590e+02 +4.187006590e+02 +4.187006590e+02
218 0 +3.522010730e+02 +4.103910730e+02 +4.103910730e+02
262 0 +1.278999097e+02 +1.860899097e+02 +1.860899097e+02
304 0 +6.085203727e+01 +1.190420373e+02 +1.190420373e+02
346 0 +3.184846875e+01 +9.003846875e+01 +9.003846875e+01
388 0 +2.513130366e+01 +8.332130366e+01 +8.332130366e+01
430 0 +2.446854651e+01 +8.265854651e+01 +8.265854651e+01
472 0 +2.173448558e+01 +7.992448558e+01 +7.992448558e+01
556 0 +1.975398592e+01 +7.794398592e+01 +7.794398592e+01
661 0 +1.743958409e+01 +7.562958409e+01 +7.562958409e+01
1060 0 +1.579521888e+01 +7.398521888e+01 +7.398521888e+01
1207 0 +1.402946804e+01 +7.221946804e+01 +7.221946804e+01
1333 0 +1.256091353e+01 +7.075091353e+01 +7.075091353e+01
1480 0 +1.113044380e+01 +6.932044380e+01 +6.932044380e+01
1564 0 +9.878218244e+00 +6.806821824e+01 +6.806821824e+01
1648 0 +8.892617444e+00 +6.708261744e+01 +6.708261744e+01
1753 0 +7.925658332e+00 +6.611565833e+01 +6.611565833e+01
1816 0 +6.906327435e+00 +6.509632744e+01 +6.509632744e+01
1879 0 +5.904985901e+00 +6.409498590e+01 +6.409498590e+01
1900 0 +5.549888405e+00 +6.373988841e+01 +6.373988841e+01
1963 0 +4.805996717e+00 +6.299599672e+01 +6.299599672e+01
1984 0 +4.343686142e+00 +6.253368614e+01 +6.253368614e+01
2005 0 +3.942940821e+00 +6.213294082e+01 +6.213294082e+01
2068 0 +3.478704692e+00 +6.166870469e+01 +6.166870469e+01
2089 0 +3.077059235e+00 +6.126705923e+01 +6.126705923e+01
2110 0 +2.687663705e+00 +6.087766371e+01 +6.087766371e+01
2173 0 +2.276104530e+00 +6.046610453e+01 +6.046610453e+01
2194 0 +1.838731758e+00 +6.002873176e+01 +6.002873176e+01
2215 0 +1.678048496e+00 +5.986804850e+01 +5.986804850e+01
2236 0 +1.475505670e+00 +5.966550567e+01 +5.966550567e+01
2257 0 +1.250543481e+00 +5.944054348e+01 +5.944054348e+01
2278 0 +1.045682337e+00 +5.923568234e+01 +5.923568234e+01
2299 0 +8.803614817e-01 +5.907036148e+01 +5.907036148e+01
2320 0 +6.786029683e-01 +5.886860297e+01 +5.886860297e+01
2341 0 +5.530793577e-01 +5.874307936e+01 +5.874307936e+01
2362 0 +3.935443934e-01 +5.858354439e+01 +5.858354439e+01
2383 0 +3.135388900e-01 +5.850353889e+01 +5.850353889e+01
2404 0 +2.436160886e-01 +5.843361609e+01 +5.843361609e+01
2425 0 +1.853704582e-01 +5.837537046e+01 +5.837537046e+01
2446 0 +1.319882255e-01 +5.832198823e+01 +5.832198823e+01
2467 0 +9.650659225e-02 +5.828650659e+01 +5.828650659e+01
2488 0 +5.976748200e-02 +5.824976748e+01 +5.824976748e+01
2509 0 +3.969181392e-02 +5.822969181e+01 +5.822969181e+01
2530 0 +2.471627327e-02 +5.821471627e+01 +5.821471627e+01
2551 0 +1.211017722e-02 +5.820211018e+01 +5.820211018e+01
2572 0 +3.417302747e-03 +5.819341730e+01 +5.819341730e+01
2593 0 +1.328326027e-03 +5.819132833e+01 +5.819132833e+01
2614 0 +3.392288488e-04 +5.819033923e+01 +5.819033923e+01
2656 0 +7.985520801e-05 +5.819007986e+01 +5.819007986e+01
2677 0 +1.117520507e-05 +5.819001118e+01 +5.819001118e+01
2698 0 +2.824140260e-06 +5.819000282e+01 +5.819000282e+01
2719 0 +7.973167726e-08 +5.819000008e+01 +5.819000008e+01
2740 0 +8.620602898e-09 +5.819000001e+01 +5.819000001e+01
163664 0 +9.876544027e-13 +5.819000000e+01 +5.819000000e+01
201011 0 +7.105427358e-15 +5.819000000e+01 +5.819000000e+01
% f evaluations | g evaluations | best noise-free fitness - Fopt (-4.840000000000e+00) + sum g_i+ | measured fitness | best measured fitness or single-digit g-values | x1 | x2...
1 0 +1.054975988e+04 +1.054491988e+04 +1.054491988e+04
2 0 +2.391411272e+03 +2.386571272e+03 +2.386571272e+03
9 0 +1.339685045e+03 +1.334845045e+03 +1.334845045e+03
39 0 +1.176818444e+03 +1.171978444e+03 +1.171978444e+03
82 0 +1.083261933e+03 +1.078421933e+03 +1.078421933e+03
91 0 +8.421935280e+02 +8.373535280e+02 +8.373535280e+02
98 0 +6.040035564e+02 +5.991635564e+02 +5.991635564e+02
141 0 +5.283359672e+02 +5.234959672e+02 +5.234959672e+02
148 0 +4.154777331e+02 +4.106377331e+02 +4.106377331e+02
190 0 +3.693317430e+02 +3.644917430e+02 +3.644917430e+02
198 0 +2.810115783e+02 +2.761715783e+02 +2.761715783e+02
241 0 +1.727055707e+02 +1.678655707e+02 +1.678655707e+02
262 0 +1.026572590e+02 +9.781725900e+01 +9.781725900e+01
283 0 +5.087689453e+01 +4.603689453e+01 +4.603689453e+01
325 0 +4.322152436e+01 +3.838152436e+01 +3.838152436e+01
388 0 +3.601172492e+01 +3.117172492e+01 +3.117172492e+01
409 0 +2.994689344e+01 +2.510689344e+01 +2.510689344e+01
430 0 +2.416330909e+01 +1.932330909e+01 +1.932330909e+01
514 0 +2.216372353e+01 +1.732372353e+01 +1.732372353e+01
619 0 +1.938863925e+01 +1.454863925e+01 +1.454863925e+01
724 0 +1.745367517e+01 +1.261367517e+01 +1.261367517e+01
1081 0 +1.560430504e+01 +1.076430504e+01 +1.076430504e+01
1228 0 +1.393854726e+01 +9.098547263e+00 +9.098547263e+00
1396 0 +1.247186728e+01 +7.631867284e+00 +7.631867284e+00
1522 0 +1.091024984e+01 +6.070249838e+00 +6.070249838e+00
1648 0 +9.988650432e+00 +5.148650432e+00 +5.148650432e+00
1753 0 +8.885197561e+00 +4.045197561e+00 +4.045197561e+00
1837 0 +7.719120268e+00 +2.879120268e+00 +2.879120268e+00
1900 0 +6.999769639e+00 +2.159769639e+00 +2.159769639e+00
1963 0 +6.133468497e+00 +1.293468497e+00 +1.293468497e+00
2026 0 +5.304067253e+00 +4.640672529e-01 +4.640672529e-01
2047 0 +4.982761332e+00 +1.427613323e-01 +1.427613323e-01
2089 0 +4.173872308e+00 -6.661276923e-01 -6.661276923e-01
2152 0 +3.757875959e+00 -1.082124041e+00 -1.082124041e+00
2173 0 +3.437858352e+00 -1.402141648e+00 -1.402141648e+00
2215 0 +2.875729032e+00 -1.964270968e+00 -1.964270968e+00
2236 0 +2.582333899e+00 -2.257666101e+00 -2.257666101e+00
2257 0 +2.262957320e+00 -2.577042680e+00 -2.577042680e+00
2278 0 +1.905907078e+00 -2.934092922e+00 -2.934092922e+00
2299 0 +1.702398463e+00 -3.137601537e+00 -3.137601537e+00
2320 0 +1.501249193e+00 -3.338750807e+00 -3.338750807e+00
2341 0 +1.195553439e+00 -3.644446561e+00 -3.644446561e+00
2362 0 +8.944756237e-01 -3.945524376e+00 -3.945524376e+00
2383 0 +7.058174464e-01 -4.134182554e+00 -4.134182554e+00
2404 0 +6.074851268e-01 -4.232514873e+00 -4.232514873e+00
2425 0 +4.471727123e-01 -4.392827288e+00 -4.392827288e+00
2446 0 +3.568426837e-01 -4.483157316e+00 -4.483157316e+00
2467 0 +2.945022731e-01 -4.545497727e+00 -4.545497727e+00
2488 0 +2.486980206e-01 -4.591301979e+00 -4.591301979e+00
2509 0 +1.997431542e-01 -4.640256846e+00 -4.640256846e+00
2530 0 +1.576665334e-01 -4.682333467e+00 -4.682333467e+00
2551 0 +9.889667041e-02 -4.741103330e+00 -4.741103330e+00
2572 0 +5.236789584e-02 -4.787632104e+00 -4.787632104e+00
2593 0 +2.837080229e-02 -4.811629198e+00 -4.811629198e+00
2614 0 +1.402264640e-02 -4.825977354e+00 -4.825977354e+00
2635 0 +4.550888583e-03 -4.835449111e+00 -4.835449111e+00
2656 0 +2.506908670e-03 -4.837493091e+00 -4.837493091e+00
2677 0 +9.333498946e-04 -4.839066650e+00 -4.839066650e+00
2698 0 +3.472409661e-04 -4.839652759e+00 -4.839652759e+00
2719 0 +6.339949767e-05 -4.839936601e+00 -4.839936601e+00
2740 0 +1.898912686e-06 -4.839998101e+00 -4.839998101e+00
2761 0 +4.792007902e-07 -4.839999521e+00 -4.839999521e+00
2782 0 +1.201628930e-08 -4.839999988e+00 -4.839999988e+00
2803 0 +5.923186386e-09 -4.839999994e+00 -4.839999994e+00
169738 0 +9.858780459e-13 -4.840000000e+00 -4.840000000e+00
178178 0 +0.000000000e+00 -4.840000000e+00 -4.840000000e+00
200840 0 +0.000000000e+00 -4.840000000e+00 -4.840000000e+00
% f evaluations | g evaluations | best noise-free fitness - Fopt (-6.337000000000e+01) + sum g_i+ | measured fitness | best measured fitness or single-digit g-values | x1 | x2...
1 0 +1.040300366e+04 +1.033963366e+04 +1.033963366e+04
2 0 +3.801783057e+03 +3.738413057e+03 +3.738413057e+03
9 0 +1.613724980e+03 +1.550354980e+03 +1.550354980e+03
45 0 +1.090447215e+03 +1.027077215e+03 +1.027077215e+03
91 0 +8.626469639e+02 +7.992769639e+02 +7.992769639e+02
124 0 +7.894764839e+02 +7.261064839e+02 +7.261064839e+02
125 0 +5.869837623e+02 +5.236137623e+02 +5.236137623e+02
160 0 +5.308142421e+02 +4.674442421e+02 +4.674442421e+02
162 0 +4.487460333e+02 +3.853760333e+02 +3.853760333e+02
171 0 +3.263801922e+02 +2.630101922e+02 +2.630101922e+02
190 0 +2.801190050e+02 +2.167490050e+02 +2.167490050e+02
202 0 +2.414203644e+02 +1.780503644e+02 +1.780503644e+02
231 0 +1.786776637e+02 +1.153076637e+02 +1.153076637e+02
241 0 +1.643920730e+02 +1.010220730e+02 +1.010220730e+02
262 0 +1.055998869e+02 +4.222988691e+01 +4.222988691e+01
283 0 +7.817468736e+01 +1.480468736e+01 +1.480468736e+01
325 0 +6.295093343e+01 -4.190665689e-01 -4.190665689e-01
409 0 +5.450829336e+01 -8.861706641e+00 -8.861706641e+00
451 0 +4.294847788e+01 -2.042152212e+01 -2.042152212e+01
472 0 +3.705216400e+01 -2.631783600e+01 -2.631783600e+01
493 0 +3.311012718e+01 -3.025987282e+01 -3.025987282e+01
514 0 +2.782230701e+01 -3.554769299e+01 -3.554769299e+01
535 0 +2.500999213e+01 -3.836000787e+01 -3.836000787e+01
556 0 +2.229651492e+01 -4.107348508e+01 -4.107348508e+01
703 0 +1.991623150e+01 -4.345376850e+01 -4.345376850e+01
1081 0 +1.760666727e+01 -4.576333273e+01 -4.576333273e+01
1270 0 +1.570133477e+01 -4.766866523e+01 -4.766866523e+01
1459 0 +1.393316153e+01 -4.943683847e+01 -4.943683847e+01
1564 0 +1.250887091e+01 -5.086112909e+01 -5.086112909e+01
1669 0 +1.088176739e+01 -5.248823261e+01 -5.248823261e+01
1774 0 +9.838999701e+00 -5.353100030e+01 -5.353100030e+01
1858 0 +8.751276573e+00 -5.461872343e+01 -5.461872343e+01
1921 0 +7.686463133e+00 -5.568353687e+01 -5.568353687e+01
2005 0 +6.949127153e+00 -5.642087285e+01 -5.642087285e+01
2047 0 +6.270211868e+00 -5.709978813e+01 -5.709978813e+01
2110 0 +5.417822456e+00 -5.795217754e+01 -5.795217754e+01
2194 0 +4.810225745e+00 -5.855977425e+01 -5.855977425e+01
2278 0 +4.409634351e+00 -5.896036565e+01 -5.896036565e+01
5387 0 +3.921228564e+00 -5.944877144e+01 -5.944877144e+01
5429 0 +3.320736971e+00 -6.004926303e+01 -6.004926303e+01
5450 0 +2.916613914e+00 -6.045338609e+01 -6.045338609e+01
5492 0 +2.710416496e+00 -6.065958350e+01 -6.065958350e+01
5513 0 +2.387838077e+00 -6.098216192e+01 -6.098216192e+01
5534 0 +1.973456441e+00 -6.139654356e+01 -6.139654356e+01
5576 0 +1.751752651e+00 -6.161824735e+01 -6.161824735e+01
5597 0 +1.490366806e+00 -6.187963319e+01 -6.187963319e+01
5618 0 +1.210619859e+00 -6.215938014e+01 -6.215938014e+01
5639 0 +1.026362586e+00 -6.234363741e+01 -6.234363741e+01
5660 0 +8.772455499e-01 -6.249275445e+01 -6.249275445e+01
5681 0 +7.901128016e-01 -6.257988720e+01 -6.257988720e+01
5702 0 +6.594047026e-01 -6.271059530e+01 -6.271059530e+01
5723 0 +4.805046733e-01 -6.288949533e+01 -6.288949533e+01
5744 0 +3.835691245e-01 -6.298643088e+01 -6.298643088e+01
5765 0 +2.638992169e-01 -6.310610078e+01 -6.310610078e+01
5786 0 +2.116999614e-01 -6.315830004e+01 -6.315830004e+01
5807 0 +1.359644992e-01 -6.323403550e+01 -6.323403550e+01
5828 0 +9.765834187e-02 -6.327234166e+01 -6.327234166e+01
5849 0 +7.450542208e-02 -6.329549458e+01 -6.329549458e+01
5870 0 +4.307678025e-02 -6.332692322e+01 -6.332692322e+01
5891 0 +3.157432856e-02 -6.333842567e+01 -6.333842567e+01
5912 0 +1.927451371e-02 -6.335072549e+01 -6.335072549e+01
5933 0 +1.098567383e-02 -6.335901433e+01 -6.335901433e+01
5954 0 +3.142802531e-03 -6.336685720e+01 -6.336685720e+01
5975 0 +1.411061795e-03 -6.336858894e+01 -6.336858894e+01
5996 0 +1.352826111e-04 -6.336986472e+01 -6.336986472e+01
6017 0 +2.582268936e-05 -6.336997418e+01 -6.336997418e+01
6038 0 +1.661681026e-06 -6.336999834e+01 -6.336999834e+01
6059 0 +8.536710681e-07 -6.336999915e+01 -6.336999915e+01
6080 0 +1.332187338e-08 -6.336999999e+01 -6.336999999e+01
6101 0 +5.807635262e-09 -6.336999999e+01 -6.336999999e+01
179682 0 +9.023892744e-13 -6.337000000e+01 -6.337000000e+01
185469 0 +0.000000000e+00 -6.337000000e+01 -6.337000000e+01
200010 0 +0.000000000e+00 -6.337000000e+01 -6.337000000e+01
% f evaluations | g evaluations | best noise-free fitness - Fopt (2.750000000000e+00) + sum g_i+ | measured fitness | best measured fitness or single-digit g-values | x1 | x2...
1 0 +2.125650132e+04 +2.125925132e+04 +2.125925132e+04
2 0 +3.327988451e+03 +3.330738451e+03 +3.330738451e+03
8 0 +2.864945315e+03 +2.867695315e+03 +2.867695315e+03
9 0 +2.542427550e+03 +2.545177550e+03 +2.545177550e+03
17 0 +2.188351179e+03 +2.191101179e+03 +2.191101179e+03
82 0 +1.993312007e+03 +1.996062007e+03 +1.996062007e+03
83 0 +1.710641267e+03 +1.713391267e+03 +1.713391267e+03
93 0 +1.413981843e+03 +1.416731843e+03 +1.416731843e+03
97 0 +1.319008462e+03 +1.321758462e+03 +1.321758462e+03
98 0 +7.704970810e+02 +7.732470810e+02 +7.732470810e+02
124 0 +5.355205949e+02 +5.382705949e+02 +5.382705949e+02
141 0 +3.519798172e+02 +3.547298172e+02 +3.547298172e+02
211 0 +2.909330775e+02 +2.936830775e+02 +2.936830775e+02
241 0 +2.516537617e+02 +2.544037617e+02 +2.544037617e+02
262 0 +1.638100906e+02 +1.665600906e+02 +1.665600906e+02
283 0 +1.324214276e+02 +1.351714276e+02 +1.351714276e+02
304 0 +1.052856871e+02 +1.080356871e+02 +1.080356871e+02
325 0 +9.256313761e+01 +9.531313761e+01 +9.531313761e+01
367 0 +8.678500112e+01 +8.953500112e+01 +8.953500112e+01
388 0 +7.756312847e+01 +8.031312847e+01 +8.031312847e+01
409 0 +6.170683027e+01 +6.445683027e+01 +6.445683027e+01
430 0 +5.337998542e+01 +5.612998542e+01 +5.612998542e+01
451 0 +4.481375363e+01 +4.756375363e+01 +4.756375363e+01
493 0 +4.041484813e+01 +4.316484813e+01 +4.316484813e+01
514 0 +3.925192448e+01 +4.200192448e+01 +4.200192448e+01
556 0 +3.337731063e+01 +3.612731063e+01 +3.612731063e+01
577 0 +2.850641973e+01 +3.125641973e+01 +3.125641973e+01
619 0 +2.716667946e+01 +2.991667946e+01 +2.991667946e+01
661 0 +2.288463849e+01 +2.563463849e+01 +2.563463849e+01
703 0 +2.204705646e+01 +2.479705646e+01 +2.479705646e+01
745 0 +1.959255301e+01 +2.234255301e+01 +2.234255301e+01
1249 0 +1.765044570e+01 +2.040044570e+01 +2.040044570e+01
1438 0 +1.574019197e+01 +1.849019197e+01 +1.849019197e+01
1627 0 +1.388012070e+01 +1.663012070e+01 +1.663012070e+01
1753 0 +1.239941659e+01 +1.514941659e+01 +1.514941659e+01
1879 0 +1.107141022e+01 +1.382141022e+01 +1.382141022e+01
1984 0 +9.891610397e+00 +1.264161040e+01 +1.264161040e+01
2047 0 +8.905014372e+00 +1.165501437e+01 +1.165501437e+01
2152 0 +7.791807532e+00 +1.054180753e+01 +1.054180753e+01
2215 0 +6.966419362e+00 +9.716419362e+00 +9.716419362e+00
2278 0 +6.306231284e+00 +9.056231284e+00 +9.056231284e+00
2320 0 +5.532973454e+00 +8.282973454e+00 +8.282973454e+00
2383 0 +4.944454047e+00 +7.694454047e+00 +7.694454047e+00
2425 0 +4.290428522e+00 +7.040428522e+00 +7.040428522e+00
2488 0 +3.715053546e+00 +6.465053546e+00 +6.465053546e+00
2509 0 +3.542327105e+00 +6.292327105e+00 +6.292327105e+00
2551 0 +3.076219763e+00 +5.826219763e+00 +5.826219763e+00
2572 0 +2.772159079e+00 +5.522159079e+00 +5.522159079e+00
2593 0 +2.503238763e+00 +5.253238763e+00 +5.253238763e+00
2614 0 +2.139625390e+00 +4.889625390e+00 +4.889625390e+00
2635 0 +1.911359536e+00 +4.661359536e+00 +4.661359536e+00
2656 0 +1.646764240e+00 +4.396764240e+00 +4.396764240e+00
2677 0 +1.318316075e+00 +4.068316075e+00 +4.068316075e+00
2698 0 +1.152905922e+00 +3.902905922e+00 +3.902905922e+00
2719 0 +9.218537057e-01 +3.671853706e+00 +3.671853706e+00
2740 0 +6.537131946e-01 +3.403713195e+00 +3.403713195e+00
2782 0 +5.380516198e-01 +3.288051620e+00 +3.288051620e+00
2803 0 +3.999601090e-01 +3.149960109e+00 +3.149960109e+00
2824 0 +2.748598898e-01 +3.024859890e+00 +3.024859890e+00
2866 0 +2.047933810e-01 +2.954793381e+00 +2.954793381e+00
2887 0 +1.567759419e-01 +2.906775942e+00 +2.906775942e+00
2908 0 +9.878695532e-02 +2.848786955e+00 +2.848786955e+00
2929 0 +6.642677890e-02 +2.816426779e+00 +2.816426779e+00
2950 0 +4.728441743e-02 +2.797284417e+00 +2.797284417e+00
2971 0 +2.769475719e-02 +2.777694757e+00 +2.777694757e+00
2992 0 +1.402763392e-02 +2.764027634e+00 +2.764027634e+00
3013 0 +5.919684435e-03 +2.755919684e+00 +2.755919684e+00
3034 0 +2.496237202e-03 +2.752496237e+00 +2.752496237e+00
3055 0 +4.274703033e-04 +2.750427470e+00 +2.750427470e+00
3076 0 +5.580174543e-05 +2.750055802e+00 +2.750055802e+00
3097 0 +2.520382800e-05 +2.750025204e+00 +2.750025204e+00
3118 0 +7.024189459e-06 +2.750007024e+00 +2.750007024e+00
3139 0 +6.216875539e-07 +2.750000622e+00 +2.750000622e+00
3160 0 +3.281048322e-08 +2.750000033e+00 +2.750000033e+00
3181 0 +2.397665622e-09 +2.750000002e+00 +2.750000002e+00
200697 0 +1.310018760e-11 +2.750000000e+00 +2.750000000e+00
% f evaluations | g evaluations | best noise-free fitness - Fopt (-4.681000000000e+01) + sum g_i+ | measured fitness | best measured fitness or single-digit g-values | x1 | x2...
1 0 +2.089973313e+04 +2.085292313e+04 +2.085292313e+04
2 0 +3.176465402e+03 +3.129655402e+03 +3.129655402e+03
9 0 +9.366415245e+02 +8.898315245e+02 +8.898315245e+02
176 0 +6.573157199e+02 +6.105057199e+02 +6.105057199e+02
192 0 +6.041987378e+02 +5.573887378e+02 +5.573887378e+02
201 0 +5.611534884e+02 +5.143434884e+02 +5.143434884e+02
211 0 +4.362607955e+02 +3.894507955e+02 +3.894507955e+02
241 0 +2.871276073e+02 +2.403176073e+02 +2.403176073e+02
262 0 +2.031354492e+02 +1.563254492e+02 +1.563254492e+02
283 0 +1.781729827e+02 +1.313629827e+02 +1.313629827e+02
304 0 +1.386748552e+02 +9.186485517e+01 +9.186485517e+01
325 0 +9.728212417e+01 +5.047212417e+01 +5.047212417e+01
367 0 +8.030499738e+01 +3.349499738e+01 +3.349499738e+01
409 0 +7.290377553e+01 +2.609377553e+01 +2.609377553e+01
451 0 +6.956491772e+01 +2.275491772e+01 +2.275491772e+01
493 0 +5.520234557e+01 +8.392345568e+00 +8.392345568e+00
514 0 +4.785472795e+01 +1.044727954e+00 +1.044727954e+00
577 0 +4.064648011e+01 -6.163519889e+00 -6.163519889e+00
598 0 +3.297244013e+01 -1.383755987e+01 -1.383755987e+01
640 0 +3.038367089e+01 -1.642632911e+01 -1.642632911e+01
682 0 +2.675784206e+01 -2.005215794e+01 -2.005215794e+01
703 0 +2.335201357e+01 -2.345798643e+01 -2.345798643e+01
766 0 +2.133801965e+01 -2.547198035e+01 -2.547198035e+01
787 0 +1.957234569e+01 -2.723765431e+01 -2.723765431e+01
1018 0 +1.771028487e+01 -2.909971513e+01 -2.909971513e+01
1207 0 +1.579116738e+01 -3.101883262e+01 -3.101883262e+01
1396 0 +1.405471620e+01 -3.275528380e+01 -3.275528380e+01
1522 0 +1.229960076e+01 -3.451039924e+01 -3.451039924e+01
1627 0 +1.115707261e+01 -3.565292739e+01 -3.565292739e+01
1732 0 +9.927702764e+00 -3.688229724e+01 -3.688229724e+01
1837 0 +8.897468346e+00 -3.791253165e+01 -3.791253165e+01
1921 0 +7.682820424e+00 -3.912717958e+01 -3.912717958e+01
1963 0 +7.066108396e+00 -3.974389160e+01 -3.974389160e+01
2026 0 +6.237450935e+00 -4.057254906e+01 -4.057254906e+01
2068 0 +5.605728946e+00 -4.120427105e+01 -4.120427105e+01
2152 0 +4.813119442e+00 -4.199688056e+01 -4.199688056e+01
2173 0 +4.460675402e+00 -4.234932460e+01 -4.234932460e+01
2215 0 +3.858726329e+00 -4.295127367e+01 -4.295127367e+01
2257 0 +3.480184104e+00 -4.332981590e+01 -4.332981590e+01
2299 0 +3.031824929e+00 -4.377817507e+01 -4.377817507e+01
2320 0 +2.695629728e+00 -4.411437027e+01 -4.411437027e+01
2341 0 +2.455312815e+00 -4.435468718e+01 -4.435468718e+01
2362 0 +2.185399143e+00 -4.462460086e+01 -4.462460086e+01
2383 0 +1.922235921e+00 -4.488776408e+01 -4.488776408e+01
2404 0 +1.667346496e+00 -4.514265350e+01 -4.514265350e+01
2425 0 +1.322824716e+00 -4.548717528e+01 -4.548717528e+01
2446 0 +1.200776205e+00 -4.560922380e+01 -4.560922380e+01
2467 0 +1.097452448e+00 -4.571254755e+01 -4.571254755e+01
2488 0 +8.786657733e-01 -4.593133423e+01 -4.593133423e+01
2509 0 +7.102120398e-01 -4.609978796e+01 -4.609978796e+01
2530 0 +4.945256989e-01 -4.631547430e+01 -4.631547430e+01
2551 0 +4.078193736e-01 -4.640218063e+01 -4.640218063e+01
2572 0 +3.409009886e-01 -4.646909901e+01 -4.646909901e+01
2593 0 +2.506639996e-01 -4.655933600e+01 -4.655933600e+01
2614 0 +2.165466717e-01 -4.659345333e+01 -4.659345333e+01
2635 0 +1.980479056e-01 -4.661195209e+01 -4.661195209e+01
2656 0 +1.629678626e-01 -4.664703214e+01 -4.664703214e+01
2677 0 +1.148820134e-01 -4.669511799e+01 -4.669511799e+01
2698 0 +6.809752949e-02 -4.674190247e+01 -4.674190247e+01
2740 0 +3.901099517e-02 -4.677098900e+01 -4.677098900e+01
2761 0 +2.624722058e-02 -4.678375278e+01 -4.678375278e+01
2782 0 +1.352453583e-02 -4.679647546e+01 -4.679647546e+01
2803 0 +7.123543981e-03 -4.680287646e+01 -4.680287646e+01
2824 0 +1.966251620e-03 -4.680803375e+01 -4.680803375e+01
2845 0 +6.836484073e-04 -4.680931635e+01 -4.680931635e+01
2866 0 +1.018784742e-04 -4.680989812e+01 -4.680989812e+01
2887 0 +1.240988362e-05 -4.680998759e+01 -4.680998759e+01
2908 0 +3.408222263e-06 -4.680999659e+01 -4.680999659e+01
2929 0 +1.771787140e-06 -4.680999823e+01 -4.680999823e+01
2950 0 +2.366047624e-08 -4.680999998e+01 -4.680999998e+01
2971 0 +8.763691994e-10 -4.681000000e+01 -4.681000000e+01
200008 0 +6.444622613e-12 -4.681000000e+01 -4.681000000e+01
% f evaluations | g evaluations | best noise-free fitness - Fopt (6.134000000000e+01) + sum g_i+ | measured fitness | best measured fitness or single-digit g-values | x1 | x2...
1 0 +6.796784145e+03 +6.858124145e+03 +6.858124145e+03
2 0 +3.215219822e+03 +3.276559822e+03 +3.276559822e+03
9 0 +1.898886856e+03 +1.960226856e+03 +1.960226856e+03
24 0 +1.730907016e+03 +1.792247016e+03 +1.792247016e+03
91 0 +1.040345126e+03 +1.101685126e+03 +1.101685126e+03
116 0 +7.815950376e+02 +8.429350376e+02 +8.429350376e+02
125 0 +4.371399571e+02 +4.984799571e+02 +4.984799571e+02
141 0 +3.906081637e+02 +4.519481637e+02 +4.519481637e+02
190 0 +3.263777537e+02 +3.877177537e+02 +3.877177537e+02
241 0 +2.759309430e+02 +3.372709430e+02 +3.372709430e+02
262 0 +1.321240116e+02 +1.934640116e+02 +1.934640116e+02
304 0 +8.560602092e+01 +1.469460209e+02 +1.469460209e+02
325 0 +5.982874473e+01 +1.211687447e+02 +1.211687447e+02
367 0 +5.179153053e+01 +1.131315305e+02 +1.131315305e+02
409 0 +4.944476744e+01 +1.107847674e+02 +1.107847674e+02
451 0 +3.753705806e+01 +9.887705806e+01 +9.887705806e+01
472 0 +3.017906621e+01 +9.151906621e+01 +9.151906621e+01
514 0 +2.635711959e+01 +8.769711959e+01 +8.769711959e+01
556 0 +2.481060452e+01 +8.615060452e+01 +8.615060452e+01
640 0 +2.043944263e+01 +8.177944263e+01 +8.177944263e+01
703 0 +1.947862430e+01 +8.081862430e+01 +8.081862430e+01
808 0 +1.757778756e+01 +7.891778756e+01 +7.891778756e+01
1081 0 +1.573786004e+01 +7.707786004e+01 +7.707786004e+01
1249 0 +1.401098234e+01 +7.535098234e+01 +7.535098234e+01
1375 0 +1.221613149e+01 +7.355613149e+01 +7.355613149e+01
1438 0 +1.111962792e+01 +7.245962792e+01 +7.245962792e+01
1585 0 +9.806654971e+00 +7.114665497e+01 +7.114665497e+01
1669 0 +8.757949810e+00 +7.009794981e+01 +7.009794981e+01
1774 0 +7.792529309e+00 +6.913252931e+01 +6.913252931e+01
1837 0 +6.804048523e+00 +6.814404852e+01 +6.814404852e+01
1921 0 +6.177680977e+00 +6.751768098e+01 +6.751768098e+01
1963 0 +5.511035534e+00 +6.685103553e+01 +6.685103553e+01
2005 0 +4.824160170e+00 +6.616416017e+01 +6.616416017e+01
2068 0 +4.206426475e+00 +6.554642647e+01 +6.554642647e+01
2131 0 +3.715688702e+00 +6.505568870e+01 +6.505568870e+01
2194 0 +3.371705081e+00 +6.471170508e+01 +6.471170508e+01
2215 0 +3.009679065e+00 +6.434967906e+01 +6.434967906e+01
2236 0 +2.488308532e+00 +6.382830853e+01 +6.382830853e+01
2278 0 +2.212142025e+00 +6.355214203e+01 +6.355214203e+01
2299 0 +1.979669359e+00 +6.331966936e+01 +6.331966936e+01
2341 0 +1.549220956e+00 +6.288922096e+01 +6.288922096e+01
2362 0 +1.218398149e+00 +6.255839815e+01 +6.255839815e+01
2383 0 +1.016701014e+00 +6.235670101e+01 +6.235670101e+01
2404 0 +9.663770441e-01 +6.230637704e+01 +6.230637704e+01
2446 0 +8.328993651e-01 +6.217289937e+01 +6.217289937e+01
2467 0 +6.631136417e-01 +6.200311364e+01 +6.200311364e+01
2488 0 +4.915997204e-01 +6.183159972e+01 +6.183159972e+01
2509 0 +3.685153231e-01 +6.170851532e+01 +6.170851532e+01
2530 0 +2.236506739e-01 +6.156365067e+01 +6.156365067e+01
2572 0 +1.922192627e-01 +6.153221926e+01 +6.153221926e+01
2593 0 +1.539484066e-01 +6.149394841e+01 +6.149394841e+01
2614 0 +1.029104401e-01 +6.144291044e+01 +6.144291044e+01
2635 0 +5.911281679e-02 +6.139911282e+01 +6.139911282e+01
2656 0 +4.720868642e-02 +6.138720869e+01 +6.138720869e+01
2677 0 +3.089878765e-02 +6.137089879e+01 +6.137089879e+01
2698 0 +1.206378603e-02 +6.135206379e+01 +6.135206379e+01
2719 0 +5.666086058e-03 +6.134566609e+01 +6.134566609e+01
2740 0 +1.552855227e-03 +6.134155286e+01 +6.134155286e+01
2761 0 +4.341484046e-04 +6.134043415e+01 +6.134043415e+01
2782 0 +8.888200343e-05 +6.134008888e+01 +6.134008888e+01
2803 0 +9.817376842e-06 +6.134000982e+01 +6.134000982e+01
2824 0 +4.846423423e-07 +6.134000048e+01 +6.134000048e+01
2845 0 +7.925265066e-08 +6.134000008e+01 +6.134000008e+01
2866 0 +6.195364222e-10 +6.134000000e+01 +6.134000000e+01
189429 0 +9.592326933e-13 +6.134000000e+01 +6.134000000e+01
200308 0 +7.105427358e-15 +6.134000000e+01 +6.134000000e+01
