% f evaluations | g evaluations | best noise-free fitness - Fopt (-2.098800000000e+02) + sum g_i+ | measured fitness | best measured fitness or single-digit g-values | x1 | x2...
1 0 +1.115195441e+07 +1.115174453e+07 +1.115174453e+07
3 0 +1.095862579e+07 +1.095841591e+07 +1.095841591e+07
5 0 +8.604323789e+06 +8.604113909e+06 +8.604113909e+06
14 0 +5.555070713e+06 +5.554860833e+06 +5.554860833e+06
15 0 +5.075380834e+06 +5.075170954e+06 +5.075170954e+06
27 0 +3.478824970e+06 +3.478615090e+06 +3.478615090e+06
41 0 +2.443166279e+06 +2.442956399e+06 +2.442956399e+06
45 0 +2.120704675e+06 +2.120494795e+06 +2.120494795e+06
60 0 +1.432877619e+06 +1.432667739e+06 +1.432667739e+06
69 0 +4.290887831e+05 +4.288789031e+05 +4.288789031e+05
118 0 +1.817879303e+05 +1.815780503e+05 +1.815780503e+05
121 0 +1.617734378e+05 +1.615635578e+05 +1.615635578e+05
163 0 +1.465165693e+05 +1.463066893e+05 +1.463066893e+05
184 0 +1.261224822e+05 +1.259126022e+05 +1.259126022e+05
205 0 +1.008580737e+05 +1.006481937e+05 +1.006481937e+05
226 0 +9.310505433e+04 +9.289517433e+04 +9.289517433e+04
247 0 +8.818949953e+04 +8.797961953e+04 +8.797961953e+04
289 0 +6.252710781e+04 +6.231722781e+04 +6.231722781e+04
373 0 +5.504385526e+04 +5.483397526e+04 +5.483397526e+04
478 0 +4.995305433e+04 +4.974317433e+04 +4.974317433e+04
520 0 +4.387615020e+04 +4.366627020e+04 +4.366627020e+04
541 0 +3.640835131e+04 +3.619847131e+04 +3.619847131e+04
562 0 +2.613065138e+04 +2.592077138e+04 +2.592077138e+04
583 0 +1.386100175e+04 +1.365112175e+04 +1.365112175e+04
997 0 +1.195747332e+04 +1.174759332e+04 +1.174759332e+04
1018 0 +1.042455460e+04 +1.021467460e+04 +1.021467460e+04
1081 0 +9.431341853e+03 +9.221461853e+03 +9.221461853e+03
1102 0 +8.201417785e+03 +7.991537785e+03 +7.991537785e+03
1165 0 +7.716607952e+03 +7.506727952e+03 +7.506727952e+03
1207 0 +6.891225946e+03 +6.681345946e+03 +6.681345946e+03
1228 0 +4.983988286e+03 +4.774108286e+03 +4.774108286e+03
1249 0 +2.288442601e+03 +2.078562601e+03 +2.078562601e+03
1270 0 +1.836718923e+03 +1.626838923e+03 +1.626838923e+03
4453 0 +1.575012115e+03 +1.365132115e+03 +1.365132115e+03
4474 0 +1.193959069e+03 +9.840790692e+02 +9.840790692e+02
4495 0 +8.327595380e+02 +6.228795380e+02 +6.228795380e+02
4516 0 +3.493421566e+02 +1.394621566e+02 +1.394621566e+02
4537 0 +2.851924618e+02 +7.531246178e+01 +7.531246178e+01
11800 0 +2.190150717e+02 +9.135071737e+00 +9.135071737e+00
11821 0 +1.913486810e+02 -1.853131899e+01 -1.853131899e+01
11842 0 +1.528370559e+02 -5.704294411e+01 -5.704294411e+01
11863 0 +1.347739009e+02 -7.510609907e+01 -7.510609907e+01
11884 0 +1.058901487e+02 -1.039898513e+02 -1.039898513e+02
11905 0 +8.631111173e+01 -1.235688883e+02 -1.235688883e+02
11926 0 +6.309034880e+01 -1.467896512e+02 -1.467896512e+02
11968 0 +5.362131057e+01 -1.562586894e+02 -1.562586894e+02
11989 0 +4.630088261e+01 -1.635791174e+02 -1.635791174e+02
12010 0 +3.978641529e+01 -1.700935847e+02 -1.700935847e+02
12031 0 +3.028947989e+01 -1.795905201e+02 -1.795905201e+02
12052 0 +2.286731432e+01 -1.870126857e+02 -1.870126857e+02
12073 0 +1.601768286e+01 -1.938623171e+02 -1.938623171e+02
12094 0 +7.401586910e+00 -2.024784131e+02 -2.024784131e+02
12115 0 +2.651255390e+00 -2.072287446e+02 -2.072287446e+02
12136 0 +1.650122727e+00 -2.082298773e+02 -2.082298773e+02
12178 0 +1.188395093e+00 -2.086916049e+02 -2.086916049e+02
12199 0 +9.300807714e-01 -2.089499192e+02 -2.089499192e+02
12220 0 +5.678891832e-01 -2.093121108e+02 -2.093121108e+02
12262 0 +4.594302727e-01 -2.094205697e+02 -2.094205697e+02
12283 0 +2.778022311e-01 -2.096021978e+02 -2.096021978e+02
12304 0 +1.085369303e-01 -2.097714631e+02 -2.097714631e+02
12325 0 +3.582274636e-02 -2.098441773e+02 -2.098441773e+02
12346 0 +1.564228138e-02 -2.098643577e+02 -2.098643577e+02
12367 0 +9.225019964e-03 -2.098707750e+02 -2.098707750e+02
12388 0 +4.335363479e-03 -2.098756646e+02 -2.098756646e+02
12409 0 +2.640587021e-03 -2.098773594e+02 -2.098773594e+02
12430 0 +1.066455801e-03 -2.098789335e+02 -2.098789335e+02
12451 0 +9.282552857e-04 -2.098790717e+02 -2.098790717e+02
12472 0 +6.689774507e-04 -2.098793310e+02 -2.098793310e+02
12493 0 +2.391991157e-04 -2.098797608e+02 -2.098797608e+02
12514 0 +4.540713024e-05 -2.098799546e+02 -2.098799546e+02
12535 0 +2.309651697e-05 -2.098799769e+02 -2.098799769e+02
12556 0 +1.083724163e-05 -2.098799892e+02 -2.098799892e+02
12577 0 +2.577452165e-06 -2.098799974e+02 -2.098799974e+02
12598 0 +1.091020891e-06 -2.098799989e+02 -2.098799989e+02
12619 0 +4.924277448e-07 -2.098799995e+02 -2.098799995e+02
12640 0 +2.286165852e-07 -2.098799998e+02 -2.098799998e+02
12661 0 +9.373977150e-08 -2.098799999e+02 -2.098799999e+02
12682 0 +4.045745072e-08 -2.098800000e+02 -2.098800000e+02
12702 0 +3.973769935e-08 -2.098800000e+02 -2.098800000e+02
12703 0 +2.373047892e-08 -2.098800000e+02 -2.098800000e+02
12724 0 +9.321354355e-09 -2.098800000e+02 -2.098800000e+02
200005 0 +7.261746759e-11 -2.098800000e+02 -2.098800000e+02
% f evaluations | g evaluations | best noise-free fitness - Fopt (-9.209000000000e+01) + sum g_i+ | measured fitness | best measured fitness or single-digit g-values | x1 | x2...
1 0 +1.289804158e+07 +1.289794949e+07 +1.289794949e+07
2 0 +9.244285710e+06 +9.244193620e+06 +9.244193620e+06
3 0 +6.125399138e+06 +6.125307048e+06 +6.125307048e+06
4 0 +4.701213782e+06 +4.701121692e+06 +4.701121692e+06
15 0 +4.396316954e+06 +4.396224864e+06 +4.396224864e+06
26 0 +3.143272077e+06 +3.143179987e+06 +3.143179987e+06
47 0 +3.051331246e+06 +3.051239156e+06 +3.051239156e+06
55 0 +2.435748824e+06 +2.435656734e+06 +2.435656734e+06
78 0 +1.391826695e+06 +1.391734605e+06 +1.391734605e+06
87 0 +1.147527420e+06 +1.147435330e+06 +1.147435330e+06
91 0 +5.879290756e+05 +5.878369856e+05 +5.878369856e+05
121 0 +4.997879431e+05 +4.996958531e+05 +4.996958531e+05
142 0 +3.031740411e+05 +3.030819511e+05 +3.030819511e+05
184 0 +2.118710882e+05 +2.117789982e+05 +2.117789982e+05
226 0 +1.672308978e+05 +1.671388078e+05 +1.671388078e+05
247 0 +1.509957809e+05 +1.509036909e+05 +1.509036909e+05
268 0 +1.289698194e+05 +1.288777294e+05 +1.288777294e+05
289 0 +1.131790485e+05 +1.130869585e+05 +1.130869585e+05
310 0 +1.107017520e+05 +1.106096620e+05 +1.106096620e+05
457 0 +9.863805431e+04 +9.854596431e+04 +9.854596431e+04
499 0 +8.760470903e+04 +8.751261903e+04 +8.751261903e+04
520 0 +7.546686035e+04 +7.537477035e+04 +7.537477035e+04
541 0 +6.148542445e+04 +6.139333445e+04 +6.139333445e+04
808 0 +5.014383275e+04 +5.005174275e+04 +5.005174275e+04
829 0 +3.764890331e+04 +3.755681331e+04 +3.755681331e+04
871 0 +3.325446601e+04 +3.316237601e+04 +3.316237601e+04
934 0 +3.081151954e+04 +3.071942954e+04 +3.071942954e+04
1018 0 +2.783207564e+04 +2.773998564e+04 +2.773998564e+04
1123 0 +2.326918524e+04 +2.317709524e+04 +2.317709524e+04
1144 0 +2.140851678e+04 +2.131642678e+04 +2.131642678e+04
1495 0 +1.721485952e+04 +1.712276952e+04 +1.712276952e+04
1579 0 +1.500400178e+04 +1.491191178e+04 +1.491191178e+04
1600 0 +1.363322397e+04 +1.354113397e+04 +1.354113397e+04
1684 0 +1.141301497e+04 +1.132092497e+04 +1.132092497e+04
1705 0 +8.273892891e+03 +8.181802891e+03 +8.181802891e+03
1726 0 +6.601514308e+03 +6.509424308e+03 +6.509424308e+03
1747 0 +4.948606860e+03 +4.856516860e+03 +4.856516860e+03
1768 0 +3.582519389e+03 +3.490429389e+03 +3.490429389e+03
1810 0 +2.492131973e+03 +2.400041973e+03 +2.400041973e+03
4579 0 +2.010080980e+03 +1.917990980e+03 +1.917990980e+03
4600 0 +1.595286216e+03 +1.503196216e+03 +1.503196216e+03
4621 0 +1.230157752e+03 +1.138067752e+03 +1.138067752e+03
5953 0 +6.896711761e+02 +5.975811761e+02 +5.975811761e+02
5995 0 +4.851597653e+02 +3.930697653e+02 +3.930697653e+02
6037 0 +4.282104673e+02 +3.361204673e+02 +3.361204673e+02
6058 0 +3.683551035e+02 +2.762651035e+02 +2.762651035e+02
6079 0 +2.688003663e+02 +1.767103663e+02 +1.767103663e+02
6100 0 +1.359288757e+02 +4.383887574e+01 +4.383887574e+01
6142 0 +9.159122440e+01 -4.987756028e-01 -4.987756028e-01
6163 0 +5.277871525e+01 -3.931128475e+01 -3.931128475e+01
6184 0 +3.575167656e+01 -5.633832344e+01 -5.633832344e+01
6205 0 +1.877115857e+01 -7.331884143e+01 -7.331884143e+01
6226 0 +9.173831391e+00 -8.291616861e+01 -8.291616861e+01
6247 0 +7.228997082e+00 -8.486100292e+01 -8.486100292e+01
6268 0 +4.783691452e+00 -8.730630855e+01 -8.730630855e+01
6289 0 +2.576828149e+00 -8.951317185e+01 -8.951317185e+01
6310 0 +1.892742883e+00 -9.019725712e+01 -9.019725712e+01
6331 0 +9.950775717e-01 -9.109492243e+01 -9.109492243e+01
6352 0 +6.132515965e-01 -9.147674840e+01 -9.147674840e+01
6373 0 +2.588584082e-01 -9.183114159e+01 -9.183114159e+01
6394 0 +1.721952295e-01 -9.191780477e+01 -9.191780477e+01
6415 0 +1.041347064e-01 -9.198586529e+01 -9.198586529e+01
6436 0 +3.865696963e-02 -9.205134303e+01 -9.205134303e+01
6457 0 +1.085101335e-02 -9.207914899e+01 -9.207914899e+01
6478 0 +3.503711407e-03 -9.208649629e+01 -9.208649629e+01
6520 0 +1.821739083e-03 -9.208817826e+01 -9.208817826e+01
6541 0 +8.064031556e-04 -9.208919360e+01 -9.208919360e+01
6562 0 +5.981927517e-04 -9.208940181e+01 -9.208940181e+01
6583 0 +3.787412622e-04 -9.208962126e+01 -9.208962126e+01
6604 0 +2.757789466e-04 -9.208972422e+01 -9.208972422e+01
6625 0 +1.667596683e-04 -9.208983324e+01 -9.208983324e+01
6646 0 +1.111133560e-04 -9.208988889e+01 -9.208988889e+01
6667 0 +8.869698352e-05 -9.208991130e+01 -9.208991130e+01
6688 0 +6.021034649e-05 -9.208993979e+01 -9.208993979e+01
6709 0 +2.666842569e-05 -9.208997333e+01 -9.208997333e+01
6730 0 +1.187697792e-05 -9.208998812e+01 -9.208998812e+01
6751 0 +4.596766033e-06 -9.208999540e+01 -9.208999540e+01
6772 0 +2.147899849e-06 -9.208999785e+01 -9.208999785e+01
6793 0 +8.295723291e-07 -9.208999917e+01 -9.208999917e+01
6814 0 +3.444603038e-07 -9.208999966e+01 -9.208999966e+01
6835 0 +1.273861869e-07 -9.208999987e+01 -9.208999987e+01
6856 0 +9.194890538e-08 -9.208999991e+01 -9.208999991e+01
6877 0 +4.228954253e-08 -9.208999996e+01 -9.208999996e+01
6898 0 +1.947503847e-08 -9.208999998e+01 -9.208999998e+01
6919 0 +7.024439697e-09 -9.208999999e+01 -9.208999999e+01
201086 0 +7.997869034e-11 -9.209000000e+01 -9.209000000e+01
% f evaluations | g evaluations | best noise-free fitness - Fopt (-8.789000000000e+01) + sum g_i+ | measured fitness | best measured fitness or single-digit g-values | x1 | x2...
1 0 +1.431238538e+07 +1.431229749e+07 +1.431229749e+07
4 0 +1.212334816e+07 +1.212326027e+07 +1.212326027e+07
5 0 +5.181729101e+06 +5.181641211e+06 +5.181641211e+06
13 0 +4.003245022e+06 +4.003157132e+06 +4.003157132e+06
21 0 +3.001901608e+06 +3.001813718e+06 +3.001813718e+06
32 0 +2.794048575e+06 +2.793960685e+06 +2.793960685e+06
37 0 +2.462340317e+06 +2.462252427e+06 +2.462252427e+06
50 0 +1.243949184e+06 +1.243861294e+06 +1.243861294e+06
66 0 +7.503979953e+05 +7.503101053e+05 +7.503101053e+05
96 0 +6.022777958e+05 +6.021899058e+05 +6.021899058e+05
163 0 +3.720565092e+05 +3.719686192e+05 +3.719686192e+05
205 0 +2.385473935e+05 +2.384595035e+05 +2.384595035e+05
247 0 +2.051446458e+05 +2.050567558e+05 +2.050567558e+05
268 0 +1.570086306e+05 +1.569207406e+05 +1.569207406e+05
289 0 +9.987185673e+04 +9.978396673e+04 +9.978396673e+04
352 0 +8.714216356e+04 +8.705427356e+04 +8.705427356e+04
436 0 +7.920293426e+04 +7.911504426e+04 +7.911504426e+04
541 0 +6.601913519e+04 +6.593124519e+04 +6.593124519e+04
562 0 +5.623472162e+04 +5.614683162e+04 +5.614683162e+04
583 0 +3.975940789e+04 +3.967151789e+04 +3.967151789e+04
604 0 +2.308603071e+04 +2.299814071e+04 +2.299814071e+04
3199 0 +2.236378026e+04 +2.227589026e+04 +2.227589026e+04
3220 0 +1.961935898e+04 +1.953146898e+04 +1.953146898e+04
3241 0 +1.622035573e+04 +1.613246573e+04 +1.613246573e+04
3304 0 +1.553805146e+04 +1.545016146e+04 +1.545016146e+04
3346 0 +1.241133706e+04 +1.232344706e+04 +1.232344706e+04
3451 0 +1.031097883e+04 +1.022308883e+04 +1.022308883e+04
3472 0 +7.374261064e+03 +7.286371064e+03 +7.286371064e+03
3514 0 +6.645707187e+03 +6.557817187e+03 +6.557817187e+03
3535 0 +5.339306841e+03 +5.251416841e+03 +5.251416841e+03
3556 0 +3.428012494e+03 +3.340122494e+03 +3.340122494e+03
3577 0 +2.061748111e+03 +1.973858111e+03 +1.973858111e+03
3598 0 +1.253520229e+03 +1.165630229e+03 +1.165630229e+03
3619 0 +1.035274574e+03 +9.473845739e+02 +9.473845739e+02
3640 0 +8.477150217e+02 +7.598250217e+02 +7.598250217e+02
3703 0 +7.462893193e+02 +6.583993193e+02 +6.583993193e+02
5806 0 +5.676130691e+02 +4.797230691e+02 +4.797230691e+02
5827 0 +4.265108087e+02 +3.386208087e+02 +3.386208087e+02
5848 0 +3.032992626e+02 +2.154092626e+02 +2.154092626e+02
5869 0 +2.529152012e+02 +1.650252012e+02 +1.650252012e+02
5890 0 +2.170987588e+02 +1.292087588e+02 +1.292087588e+02
5911 0 +1.982890748e+02 +1.103990748e+02 +1.103990748e+02
5974 0 +1.774994314e+02 +8.960943144e+01 +8.960943144e+01
6037 0 +1.264498022e+02 +3.855980217e+01 +3.855980217e+01
6079 0 +1.223372752e+02 +3.444727522e+01 +3.444727522e+01
6184 0 +1.111740293e+02 +2.328402928e+01 +2.328402928e+01
6226 0 +8.859993094e+01 +7.099309412e-01 +7.099309412e-01
6247 0 +7.353123987e+01 -1.435876013e+01 -1.435876013e+01
6268 0 +5.965444324e+01 -2.823555676e+01 -2.823555676e+01
6289 0 +4.135288585e+01 -4.653711415e+01 -4.653711415e+01
6310 0 +3.119042635e+01 -5.669957365e+01 -5.669957365e+01
6331 0 +1.814072009e+01 -6.974927991e+01 -6.974927991e+01
6352 0 +1.191515290e+01 -7.597484710e+01 -7.597484710e+01
6373 0 +7.773319306e+00 -8.011668069e+01 -8.011668069e+01
6394 0 +3.824574873e+00 -8.406542513e+01 -8.406542513e+01
6415 0 +2.970907478e+00 -8.491909252e+01 -8.491909252e+01
6436 0 +1.462205727e+00 -8.642779427e+01 -8.642779427e+01
6457 0 +1.078431685e+00 -8.681156832e+01 -8.681156832e+01
6478 0 +7.069427618e-01 -8.718305724e+01 -8.718305724e+01
6499 0 +3.804741296e-01 -8.750952587e+01 -8.750952587e+01
6520 0 +1.538034962e-01 -8.773619650e+01 -8.773619650e+01
6541 0 +7.027528419e-02 -8.781972472e+01 -8.781972472e+01
6562 0 +4.251920256e-02 -8.784748080e+01 -8.784748080e+01
6583 0 +1.628200590e-02 -8.787371799e+01 -8.787371799e+01
6604 0 +8.606102825e-03 -8.788139390e+01 -8.788139390e+01
6625 0 +6.259581614e-03 -8.788374042e+01 -8.788374042e+01
6646 0 +4.747562921e-03 -8.788525244e+01 -8.788525244e+01
6667 0 +3.100000703e-03 -8.788690000e+01 -8.788690000e+01
6709 0 +1.871717689e-03 -8.788812828e+01 -8.788812828e+01
6730 0 +1.249929211e-03 -8.788875007e+01 -8.788875007e+01
6751 0 +3.594816059e-04 -8.788964052e+01 -8.788964052e+01
6772 0 +1.390864592e-04 -8.788986091e+01 -8.788986091e+01
6814 0 +7.682923435e-05 -8.788992317e+01 -8.788992317e+01
6835 0 +2.587762215e-05 -8.788997412e+01 -8.788997412e+01
6856 0 +8.564107176e-06 -8.788999144e+01 -8.788999144e+01
6877 0 +4.109859773e-06 -8.788999589e+01 -8.788999589e+01
6919 0 +3.065311972e-06 -8.788999693e+01 -8.788999693e+01
6940 0 +1.719402064e-06 -8.788999828e+01 -8.788999828e+01
6961 0 +6.555310677e-07 -8.788999934e+01 -8.788999934e+01
6982 0 +3.679696334e-07 -8.788999963e+01 -8.788999963e+01
7003 0 +2.658803595e-07 -8.788999973e+01 -8.788999973e+01
7024 0 +1.816635660e-07 -8.788999982e+01 -8.788999982e+01
7045 0 +1.428021221e-07 -8.788999986e+01 -8.788999986e+01
7066 0 +1.133948331e-07 -8.788999989e+01 -8.788999989e+01
7084 0 +1.108569876e-07 -8.788999989e+01 -8.788999989e+01
7087 0 +7.622755049e-08 -8.788999992e+01 -8.788999992e+01
7108 0 +4.696379108e-08 -8.788999995e+01 -8.788999995e+01
7129 0 +3.618796995e-08 -8.788999996e+01 -8.788999996e+01
7150 0 +1.959303120e-08 -8.788999998e+01 -8.788999998e+01
7171 0 +8.226180626e-09 -8.788999999e+01 -8.788999999e+01
200020 0 +7.560174708e-11 -8.789000000e+01 -8.789000000e+01
% f evaluations | g evaluations | best noise-free fitness - Fopt (3.201900000000e+02) + sum g_i+ | measured fitness | best measured fitness or single-digit g-values | x1 | x2...
1 0 +1.155661475e+07 +1.155693494e+07 +1.155693494e+07
4 0 +5.538406840e+06 +5.538727030e+06 +5.538727030e+06
6 0 +2.997418150e+06 +2.997738340e+06 +2.997738340e+06
13 0 +2.198862128e+06 +2.199182318e+06 +2.199182318e+06
23 0 +1.102438589e+06 +1.102758779e+06 +1.102758779e+06
34 0 +1.085961952e+06 +1.086282142e+06 +1.086282142e+06
56 0 +8.584468788e+05 +8.587670688e+05 +8.587670688e+05
111 0 +6.719565403e+05 +6.722767303e+05 +6.722767303e+05
112 0 +3.993082354e+05 +3.996284254e+05 +3.996284254e+05
121 0 +2.588342438e+05 +2.591544338e+05 +2.591544338e+05
163 0 +2.124945718e+05 +2.128147618e+05 +2.128147618e+05
205 0 +1.883945643e+05 +1.887147543e+05 +1.887147543e+05
226 0 +1.445677489e+05 +1.448879389e+05 +1.448879389e+05
247 0 +8.217153128e+04 +8.249172128e+04 +8.249172128e+04
289 0 +7.674384824e+04 +7.706403824e+04 +7.706403824e+04
310 0 +6.725303191e+04 +6.757322191e+04 +6.757322191e+04
331 0 +5.170937061e+04 +5.202956061e+04 +5.202956061e+04
373 0 +4.715297308e+04 +4.747316308e+04 +4.747316308e+04
457 0 +4.313159094e+04 +4.345178094e+04 +4.345178094e+04
541 0 +3.907201822e+04 +3.939220822e+04 +3.939220822e+04
562 0 +3.328910190e+04 +3.360929190e+04 +3.360929190e+04
583 0 +3.061845541e+04 +3.093864541e+04 +3.093864541e+04
604 0 +2.766287595e+04 +2.798306595e+04 +2.798306595e+04
625 0 +2.257784207e+04 +2.289803207e+04 +2.289803207e+04
646 0 +1.350727877e+04 +1.382746877e+04 +1.382746877e+04
1333 0 +6.437327562e+03 +6.757517562e+03 +6.757517562e+03
1831 0 +4.590455793e+03 +4.910645793e+03 +4.910645793e+03
1873 0 +4.130684446e+03 +4.450874446e+03 +4.450874446e+03
1894 0 +3.608959812e+03 +3.929149812e+03 +3.929149812e+03
1915 0 +3.290540536e+03 +3.610730536e+03 +3.610730536e+03
2602 0 +2.854277327e+03 +3.174467327e+03 +3.174467327e+03
2623 0 +2.246639373e+03 +2.566829373e+03 +2.566829373e+03
2644 0 +1.823896760e+03 +2.144086760e+03 +2.144086760e+03
2665 0 +1.681585184e+03 +2.001775184e+03 +2.001775184e+03
2686 0 +1.078992499e+03 +1.399182499e+03 +1.399182499e+03
2707 0 +6.627846408e+02 +9.829746408e+02 +9.829746408e+02
2728 0 +4.121436653e+02 +7.323336653e+02 +7.323336653e+02
2770 0 +2.897153619e+02 +6.099053619e+02 +6.099053619e+02
2791 0 +1.975493825e+02 +5.177393825e+02 +5.177393825e+02
2812 0 +1.734550862e+02 +4.936450862e+02 +4.936450862e+02
2833 0 +1.261255882e+02 +4.463155882e+02 +4.463155882e+02
2875 0 +1.092424383e+02 +4.294324383e+02 +4.294324383e+02
2896 0 +8.363855902e+01 +4.038285590e+02 +4.038285590e+02
2917 0 +5.666571187e+01 +3.768557119e+02 +3.768557119e+02
2938 0 +4.093717058e+01 +3.611271706e+02 +3.611271706e+02
2959 0 +2.400040723e+01 +3.441904072e+02 +3.441904072e+02
2980 0 +1.409568706e+01 +3.342856871e+02 +3.342856871e+02
3001 0 +7.694517695e+00 +3.278845177e+02 +3.278845177e+02
3022 0 +5.280891158e+00 +3.254708912e+02 +3.254708912e+02
3043 0 +2.957299096e+00 +3.231472991e+02 +3.231472991e+02
3064 0 +1.939989868e+00 +3.221299899e+02 +3.221299899e+02
3085 0 +1.059570408e+00 +3.212495704e+02 +3.212495704e+02
3106 0 +5.044733660e-01 +3.206944734e+02 +3.206944734e+02
3127 0 +2.660596542e-01 +3.204560597e+02 +3.204560597e+02
3148 0 +1.790604318e-01 +3.203690604e+02 +3.203690604e+02
3169 0 +1.262867895e-01 +3.203162868e+02 +3.203162868e+02
3190 0 +6.753936848e-02 +3.202575394e+02 +3.202575394e+02
3211 0 +3.848866184e-02 +3.202284887e+02 +3.202284887e+02
3232 0 +2.351335232e-02 +3.202135134e+02 +3.202135134e+02
3274 0 +1.869509661e-02 +3.202086951e+02 +3.202086951e+02
3295 0 +6.223933161e-03 +3.201962239e+02 +3.201962239e+02
3316 0 +5.454864800e-03 +3.201954549e+02 +3.201954549e+02
3337 0 +3.962141853e-03 +3.201939621e+02 +3.201939621e+02
3358 0 +1.061775064e-03 +3.201910618e+02 +3.201910618e+02
3379 0 +2.669265658e-04 +3.201902669e+02 +3.201902669e+02
3400 0 +1.119088699e-04 +3.201901119e+02 +3.201901119e+02
3421 0 +4.382499844e-05 +3.201900438e+02 +3.201900438e+02
3442 0 +1.393297458e-05 +3.201900139e+02 +3.201900139e+02
3463 0 +8.719883624e-06 +3.201900087e+02 +3.201900087e+02
3484 0 +2.777201132e-06 +3.201900028e+02 +3.201900028e+02
3505 0 +1.472393706e-06 +3.201900015e+02 +3.201900015e+02
3526 0 +4.905074320e-07 +3.201900005e+02 +3.201900005e+02
3547 0 +1.977530246e-07 +3.201900002e+02 +3.201900002e+02
3568 0 +7.728198170e-08 +3.201900001e+02 +3.201900001e+02
3589 0 +5.278133131e-08 +3.201900001e+02 +3.201900001e+02
3610 0 +2.035039870e-08 +3.201900000e+02 +3.201900000e+02
3629 0 +1.850008857e-08 +3.201900000e+02 +3.201900000e+02
3652 0 +1.248065473e-08 +3.201900000e+02 +3.201900000e+02
3673 0 +7.667551927e-09 +3.201900000e+02 +3.201900000e+02
201126 0 +7.702283256e-11 +3.201900000e+02 +3.201900000e+02
% f evaluations | g evaluations | best noise-free fitness - Fopt (-1.042400000000e+02) + sum g_i+ | measured fitness | best measured fitness or single-digit g-values | x1 | x2...
1 0 +1.685137742e+07 +1.685127318e+07 +1.685127318e+07
2 0 +9.614334945e+06 +9.614230705e+06 +9.614230705e+06
7 0 +6.654104375e+06 +6.654000135e+06 +6.654000135e+06
15 0 +3.964346961e+06 +3.964242721e+06 +3.964242721e+06
41 0 +3.039310454e+06 +3.039206214e+06 +3.039206214e+06
51 0 +2.166112721e+06 +2.166008481e+06 +2.166008481e+06
64 0 +1.612625913e+06 +1.612521673e+06 +1.612521673e+06
67 0 +4.795612665e+05 +4.794570265e+05 +4.794570265e+05
95 0 +3.569398539e+05 +3.568356139e+05 +3.568356139e+05
121 0 +3.485697163e+05 +3.484654763e+05 +3.484654763e+05
142 0 +2.832042779e+05 +2.831000379e+05 +2.831000379e+05
163 0 +1.180235724e+05 +1.179193324e+05 +1.179193324e+05
205 0 +7.871120686e+04 +7.860696686e+04 +7.860696686e+04
247 0 +5.805125127e+04 +5.794701127e+04 +5.794701127e+04
268 0 +4.485812793e+04 +4.475388793e+04 +4.475388793e+04
310 0 +3.488256449e+04 +3.477832449e+04 +3.477832449e+04
331 0 +3.035791541e+04 +3.025367541e+04 +3.025367541e+04
352 0 +2.654027912e+04 +2.643603912e+04 +2.643603912e+04
394 0 +2.249650993e+04 +2.239226993e+04 +2.239226993e+04
415 0 +2.080087680e+04 +2.069663680e+04 +2.069663680e+04
436 0 +1.819211087e+04 +1.808787087e+04 +1.808787087e+04
457 0 +1.493834827e+04 +1.483410827e+04 +1.483410827e+04
478 0 +1.269068965e+04 +1.258644965e+04 +1.258644965e+04
520 0 +1.151752403e+04 +1.141328403e+04 +1.141328403e+04
583 0 +1.087872659e+04 +1.077448659e+04 +1.077448659e+04
625 0 +7.177696971e+03 +7.073456971e+03 +7.073456971e+03
646 0 +3.509004780e+03 +3.404764780e+03 +3.404764780e+03
667 0 +3.159708703e+03 +3.055468703e+03 +3.055468703e+03
4411 0 +2.694549205e+03 +2.590309205e+03 +2.590309205e+03
4432 0 +2.238050485e+03 +2.133810485e+03 +2.133810485e+03
9151 0 +1.986867347e+03 +1.882627347e+03 +1.882627347e+03
9172 0 +1.569444924e+03 +1.465204924e+03 +1.465204924e+03
9712 0 +1.393034293e+03 +1.288794293e+03 +1.288794293e+03
9754 0 +1.202779265e+03 +1.098539265e+03 +1.098539265e+03
9775 0 +8.196949259e+02 +7.154549259e+02 +7.154549259e+02
9817 0 +6.671394193e+02 +5.628994193e+02 +5.628994193e+02
9838 0 +5.471368591e+02 +4.428968591e+02 +4.428968591e+02
9859 0 +4.833516171e+02 +3.791116171e+02 +3.791116171e+02
9880 0 +4.358946720e+02 +3.316546720e+02 +3.316546720e+02
9922 0 +3.895519679e+02 +2.853119679e+02 +2.853119679e+02
10069 0 +3.533510643e+02 +2.491110643e+02 +2.491110643e+02
10132 0 +1.911824656e+02 +8.694246564e+01 +8.694246564e+01
10195 0 +1.751114017e+02 +7.087140172e+01 +7.087140172e+01
10258 0 +1.491618369e+02 +4.492183694e+01 +4.492183694e+01
10279 0 +1.252713945e+02 +2.103139451e+01 +2.103139451e+01
10300 0 +8.915296786e+01 -1.508703214e+01 -1.508703214e+01
10321 0 +4.363021869e+01 -6.060978131e+01 -6.060978131e+01
10342 0 +2.062645756e+01 -8.361354244e+01 -8.361354244e+01
10363 0 +7.115537368e+00 -9.712446263e+01 -9.712446263e+01
10384 0 +4.028116951e+00 -1.002118830e+02 -1.002118830e+02
10405 0 +3.544866165e+00 -1.006951338e+02 -1.006951338e+02
10426 0 +2.792411348e+00 -1.014475887e+02 -1.014475887e+02
10447 0 +1.741774755e+00 -1.024982252e+02 -1.024982252e+02
10468 0 +1.452332055e+00 -1.027876679e+02 -1.027876679e+02
10489 0 +1.165253469e+00 -1.030747465e+02 -1.030747465e+02
10510 0 +7.254715028e-01 -1.035145285e+02 -1.035145285e+02
10552 0 +6.040004010e-01 -1.036359996e+02 -1.036359996e+02
10573 0 +4.246482147e-01 -1.038153518e+02 -1.038153518e+02
10594 0 +3.573221561e-01 -1.038826778e+02 -1.038826778e+02
10615 0 +2.532222139e-01 -1.039867778e+02 -1.039867778e+02
10636 0 +2.086641208e-01 -1.040313359e+02 -1.040313359e+02
10657 0 +1.872862548e-01 -1.040527137e+02 -1.040527137e+02
10678 0 +1.772626568e-01 -1.040627373e+02 -1.040627373e+02
10762 0 +1.111655407e-01 -1.041288345e+02 -1.041288345e+02
10888 0 +9.901212445e-02 -1.041409879e+02 -1.041409879e+02
10930 0 +8.524407685e-02 -1.041547559e+02 -1.041547559e+02
10951 0 +7.100612061e-02 -1.041689939e+02 -1.041689939e+02
10972 0 +5.848866918e-02 -1.041815113e+02 -1.041815113e+02
11014 0 +5.380703358e-02 -1.041861930e+02 -1.041861930e+02
11035 0 +4.310780912e-02 -1.041968922e+02 -1.041968922e+02
11056 0 +3.062736075e-02 -1.042093726e+02 -1.042093726e+02
11077 0 +2.151096858e-02 -1.042184890e+02 -1.042184890e+02
11098 0 +1.853397359e-02 -1.042214660e+02 -1.042214660e+02
11119 0 +1.544774683e-02 -1.042245523e+02 -1.042245523e+02
11140 0 +1.135405940e-02 -1.042286459e+02 -1.042286459e+02
11161 0 +8.044577395e-03 -1.042319554e+02 -1.042319554e+02
11182 0 +5.409464647e-03 -1.042345905e+02 -1.042345905e+02
11203 0 +4.028447326e-03 -1.042359716e+02 -1.042359716e+02
11224 0 +2.633083865e-03 -1.042373669e+02 -1.042373669e+02
11245 0 +1.960523872e-03 -1.042380395e+02 -1.042380395e+02
11266 0 +8.997810239e-04 -1.042391002e+02 -1.042391002e+02
11287 0 +6.513338032e-04 -1.042393487e+02 -1.042393487e+02
11308 0 +3.113268863e-04 -1.042396887e+02 -1.042396887e+02
11329 0 +1.917577473e-04 -1.042398082e+02 -1.042398082e+02
11350 0 +1.239470129e-04 -1.042398761e+02 -1.042398761e+02
11371 0 +3.891207098e-05 -1.042399611e+02 -1.042399611e+02
11392 0 +1.556276081e-05 -1.042399844e+02 -1.042399844e+02
11413 0 +7.852333752e-06 -1.042399921e+02 -1.042399921e+02
11434 0 +4.371815081e-06 -1.042399956e+02 -1.042399956e+02
11455 0 +2.370086591e-06 -1.042399976e+02 -1.042399976e+02
11476 0 +9.443079989e-07 -1.042399991e+02 -1.042399991e+02
11497 0 +3.679097063e-07 -1.042399996e+02 -1.042399996e+02
11518 0 +1.812329060e-07 -1.042399998e+02 -1.042399998e+02
11539 0 +9.971687120e-08 -1.042399999e+02 -1.042399999e+02
11560 0 +6.366639127e-08 -1.042399999e+02 -1.042399999e+02
11581 0 +5.544055171e-08 -1.042399999e+02 -1.042399999e+02
11602 0 +4.009481813e-08 -1.042400000e+02 -1.042400000e+02
11618 0 +3.978890106e-08 -1.042400000e+02 -1.042400000e+02
11644 0 +3.490950462e-08 -1.042400000e+02 -1.042400000e+02
11665 0 +2.553591116e-08 -1.042400000e+02 -1.042400000e+02
11686 0 +1.284327311e-08 -1.042400000e+02 -1.042400000e+02
11707 0 +7.448946349e-09 -1.042400000e+02 -1.042400000e+02
200004 0 +7.997869034e-11 -1.042400000e+02 -1.042400000e+02
% f evaluations | g evaluations | best noise-free fitness - Fopt (-6.785000000000e+01) + sum g_i+ | measured fitness | best measured fitness or single-digit g-values | x1 | x2...
1 0 +2.152599362e+07 +2.152592577e+07 +2.152592577e+07
4 0 +1.430252508e+07 +1.430245723e+07 +1.430245723e+07
5 0 +1.062900915e+07 +1.062894130e+07 +1.062894130e+07
6 0 +8.425253022e+06 +8.425185172e+06 +8.425185172e+06
17 0 +7.917680647e+06 +7.917612797e+06 +7.917612797e+06
23 0 +7.125643144e+06 +7.125575294e+06 +7.125575294e+06
27 0 +5.476269635e+06 +5.476201785e+06 +5.476201785e+06
28 0 +3.684610120e+06 +3.684542270e+06 +3.684542270e+06
39 0 +2.008671648e+06 +2.008603798e+06 +2.008603798e+06
56 0 +1.589851969e+06 +1.589784119e+06 +1.589784119e+06
62 0 +1.273452687e+06 +1.273384837e+06 +1.273384837e+06
64 0 +1.178671049e+06 +1.178603199e+06 +1.178603199e+06
65 0 +9.096286720e+05 +9.095608220e+05 +9.095608220e+05
89 0 +8.121005042e+05 +8.120326542e+05 +8.120326542e+05
142 0 +4.208232647e+05 +4.207554147e+05 +4.207554147e+05
184 0 +3.829372867e+05 +3.828694367e+05 +3.828694367e+05
205 0 +3.228740930e+05 +3.228062430e+05 +3.228062430e+05
226 0 +2.055481901e+05 +2.054803401e+05 +2.054803401e+05
268 0 +1.829245124e+05 +1.828566624e+05 +1.828566624e+05
289 0 +1.662684980e+05 +1.662006480e+05 +1.662006480e+05
352 0 +1.447746659e+05 +1.447068159e+05 +1.447068159e+05
394 0 +1.297416749e+05 +1.296738249e+05 +1.296738249e+05
478 0 +1.227042301e+05 +1.226363801e+05 +1.226363801e+05
562 0 +1.054882745e+05 +1.054204245e+05 +1.054204245e+05
583 0 +9.586835874e+04 +9.580050874e+04 +9.580050874e+04
1123 0 +6.364228479e+04 +6.357443479e+04 +6.357443479e+04
1705 0 +6.138803420e+04 +6.132018420e+04 +6.132018420e+04
1726 0 +5.313682234e+04 +5.306897234e+04 +5.306897234e+04
2329 0 +4.194698858e+04 +4.187913858e+04 +4.187913858e+04
2350 0 +2.502461547e+04 +2.495676547e+04 +2.495676547e+04
2974 0 +2.165814949e+04 +2.159029949e+04 +2.159029949e+04
3016 0 +1.919348397e+04 +1.912563397e+04 +1.912563397e+04
3535 0 +1.733984803e+04 +1.727199803e+04 +1.727199803e+04
3556 0 +1.575298147e+04 +1.568513147e+04 +1.568513147e+04
3577 0 +1.400797366e+04 +1.394012366e+04 +1.394012366e+04
3598 0 +1.107458797e+04 +1.100673797e+04 +1.100673797e+04
3619 0 +8.073729861e+03 +8.005879861e+03 +8.005879861e+03
5161 0 +7.289470311e+03 +7.221620311e+03 +7.221620311e+03
5182 0 +6.354642942e+03 +6.286792942e+03 +6.286792942e+03
5203 0 +4.985061256e+03 +4.917211256e+03 +4.917211256e+03
5245 0 +4.141813798e+03 +4.073963798e+03 +4.073963798e+03
5287 0 +3.926336974e+03 +3.858486974e+03 +3.858486974e+03
5329 0 +2.938345311e+03 +2.870495311e+03 +2.870495311e+03
5350 0 +2.244516941e+03 +2.176666941e+03 +2.176666941e+03
5371 0 +1.836406351e+03 +1.768556351e+03 +1.768556351e+03
8722 0 +1.518028699e+03 +1.450178699e+03 +1.450178699e+03
8764 0 +1.172528992e+03 +1.104678992e+03 +1.104678992e+03
8785 0 +6.219495222e+02 +5.540995222e+02 +5.540995222e+02
8806 0 +4.192499555e+02 +3.513999555e+02 +3.513999555e+02
8827 0 +1.855522689e+02 +1.177022689e+02 +1.177022689e+02
8869 0 +1.167149893e+02 +4.886498926e+01 +4.886498926e+01
8911 0 +9.589356738e+01 +2.804356738e+01 +2.804356738e+01
8932 0 +7.358374788e+01 +5.733747877e+00 +5.733747877e+00
8953 0 +5.642730506e+01 -1.142269494e+01 -1.142269494e+01
8974 0 +3.366682284e+01 -3.418317716e+01 -3.418317716e+01
8995 0 +1.776145751e+01 -5.008854249e+01 -5.008854249e+01
9016 0 +1.143712961e+01 -5.641287039e+01 -5.641287039e+01
9037 0 +1.047966574e+01 -5.737033426e+01 -5.737033426e+01
9058 0 +8.780093452e+00 -5.906990655e+01 -5.906990655e+01
9079 0 +6.912063291e+00 -6.093793671e+01 -6.093793671e+01
9100 0 +4.729264424e+00 -6.312073558e+01 -6.312073558e+01
9121 0 +3.186310439e+00 -6.466368956e+01 -6.466368956e+01
9142 0 +2.201744081e+00 -6.564825592e+01 -6.564825592e+01
9163 0 +1.904831898e+00 -6.594516810e+01 -6.594516810e+01
9184 0 +1.314208738e+00 -6.653579126e+01 -6.653579126e+01
9205 0 +8.135993128e-01 -6.703640069e+01 -6.703640069e+01
9226 0 +4.933454479e-01 -6.735665455e+01 -6.735665455e+01
9247 0 +3.113753409e-01 -6.753862466e+01 -6.753862466e+01
9268 0 +1.984503361e-01 -6.765154966e+01 -6.765154966e+01
9289 0 +1.526582774e-01 -6.769734172e+01 -6.769734172e+01
9310 0 +1.002028208e-01 -6.774979718e+01 -6.774979718e+01
9331 0 +6.913845065e-02 -6.778086155e+01 -6.778086155e+01
9352 0 +2.394232866e-02 -6.782605767e+01 -6.782605767e+01
9373 0 +1.989197580e-02 -6.783010802e+01 -6.783010802e+01
9394 0 +1.284431647e-02 -6.783715568e+01 -6.783715568e+01
9415 0 +5.074623574e-03 -6.784492538e+01 -6.784492538e+01
9436 0 +2.265122662e-03 -6.784773488e+01 -6.784773488e+01
9457 0 +1.138682033e-03 -6.784886132e+01 -6.784886132e+01
9478 0 +4.444206735e-04 -6.784955558e+01 -6.784955558e+01
9520 0 +2.232387348e-04 -6.784977676e+01 -6.784977676e+01
9541 0 +1.446738517e-04 -6.784985533e+01 -6.784985533e+01
9583 0 +7.924304550e-05 -6.784992076e+01 -6.784992076e+01
9604 0 +3.748928474e-05 -6.784996251e+01 -6.784996251e+01
9625 0 +2.319318091e-05 -6.784997681e+01 -6.784997681e+01
9646 0 +1.812587253e-05 -6.784998187e+01 -6.784998187e+01
9667 0 +1.564666798e-05 -6.784998435e+01 -6.784998435e+01
9688 0 +9.549382710e-06 -6.784999045e+01 -6.784999045e+01
9730 0 +8.840106318e-06 -6.784999116e+01 -6.784999116e+01
9772 0 +6.649876013e-06 -6.784999335e+01 -6.784999335e+01
9793 0 +5.733805679e-06 -6.784999427e+01 -6.784999427e+01
9814 0 +5.005579112e-06 -6.784999499e+01 -6.784999499e+01
9856 0 +4.458059877e-06 -6.784999554e+01 -6.784999554e+01
9940 0 +3.613178862e-06 -6.784999639e+01 -6.784999639e+01
9982 0 +2.693193679e-06 -6.784999731e+01 -6.784999731e+01
10108 0 +2.507547990e-06 -6.784999749e+01 -6.784999749e+01
10171 0 +1.921114503e-06 -6.784999808e+01 -6.784999808e+01
10192 0 +1.452030332e-06 -6.784999855e+01 -6.784999855e+01
10213 0 +1.238209478e-06 -6.784999876e+01 -6.784999876e+01
10234 0 +7.104953283e-07 -6.784999929e+01 -6.784999929e+01
10276 0 +4.988820308e-07 -6.784999950e+01 -6.784999950e+01
10297 0 +3.685133692e-07 -6.784999963e+01 -6.784999963e+01
10318 0 +2.375774386e-07 -6.784999976e+01 -6.784999976e+01
10339 0 +1.742407534e-07 -6.784999983e+01 -6.784999983e+01
10360 0 +1.508233396e-07 -6.784999985e+01 -6.784999985e+01
10381 0 +1.070485212e-07 -6.784999989e+01 -6.784999989e+01
10402 0 +8.102091442e-08 -6.784999992e+01 -6.784999992e+01
10423 0 +4.898805628e-08 -6.784999995e+01 -6.784999995e+01
10444 0 +2.982079650e-08 -6.784999997e+01 -6.784999997e+01
10465 0 +2.179433523e-08 -6.784999998e+01 -6.784999998e+01
10486 0 +1.445216924e-08 -6.784999999e+01 -6.784999999e+01
10506 0 +1.382261416e-08 -6.784999999e+01 -6.784999999e+01
10507 0 +1.123910920e-08 -6.784999999e+01 -6.784999999e+01
10519 0 +1.119433080e-08 -6.784999999e+01 -6.784999999e+01
10528 0 +8.889912806e-09 -6.784999999e+01 -6.784999999e+01
200019 0 +7.148059922e-11 -6.785000000e+01 -6.785000000e+01
% f evaluations | g evaluations | best noise-free fitness - Fopt (-3.639800000000e+02) + sum g_i+ | measured fitness | best measured fitness or single-digit g-values | x1 | x2...
1 0 +1.601045629e+07 +1.601009231e+07 +1.601009231e+07
4 0 +1.109069519e+07 +1.109033121e+07 +1.109033121e+07
5 0 +7.306955496e+06 +7.306591516e+06 +7.306591516e+06
15 0 +7.093426250e+06 +7.093062270e+06 +7.093062270e+06
17 0 +5.360922931e+06 +5.360558951e+06 +5.360558951e+06
27 0 +4.492675405e+06 +4.492311425e+06 +4.492311425e+06
28 0 +3.986271269e+06 +3.985907289e+06 +3.985907289e+06
46 0 +3.718542800e+06 +3.718178820e+06 +3.718178820e+06
48 0 +3.386095673e+06 +3.385731693e+06 +3.385731693e+06
56 0 +3.267939209e+06 +3.267575229e+06 +3.267575229e+06
60 0 +1.570247615e+06 +1.569883635e+06 +1.569883635e+06
75 0 +8.308316101e+05 +8.304676301e+05 +8.304676301e+05
106 0 +4.016173512e+05 +4.012533712e+05 +4.012533712e+05
163 0 +3.848346161e+05 +3.844706361e+05 +3.844706361e+05
184 0 +3.419559364e+05 +3.415919564e+05 +3.415919564e+05
205 0 +3.042913607e+05 +3.039273807e+05 +3.039273807e+05
226 0 +2.340145321e+05 +2.336505521e+05 +2.336505521e+05
247 0 +1.721378670e+05 +1.717738870e+05 +1.717738870e+05
310 0 +1.519554207e+05 +1.515914407e+05 +1.515914407e+05
331 0 +1.408387068e+05 +1.404747268e+05 +1.404747268e+05
457 0 +1.220358217e+05 +1.216718417e+05 +1.216718417e+05
703 0 +1.064363932e+05 +1.060724132e+05 +1.060724132e+05
724 0 +7.470596620e+04 +7.434198620e+04 +7.434198620e+04
745 0 +6.417973838e+04 +6.381575838e+04 +6.381575838e+04
766 0 +5.723630156e+04 +5.687232156e+04 +5.687232156e+04
787 0 +4.522643161e+04 +4.486245161e+04 +4.486245161e+04
850 0 +4.359861667e+04 +4.323463667e+04 +4.323463667e+04
913 0 +3.870718105e+04 +3.834320105e+04 +3.834320105e+04
1039 0 +3.524119903e+04 +3.487721903e+04 +3.487721903e+04
1060 0 +2.919873516e+04 +2.883475516e+04 +2.883475516e+04
1081 0 +2.582099829e+04 +2.545701829e+04 +2.545701829e+04
1768 0 +2.298922233e+04 +2.262524233e+04 +2.262524233e+04
1789 0 +2.230675925e+04 +2.194277925e+04 +2.194277925e+04
1810 0 +1.913335783e+04 +1.876937783e+04 +1.876937783e+04
1831 0 +1.189913381e+04 +1.153515381e+04 +1.153515381e+04
1852 0 +1.083864250e+04 +1.047466250e+04 +1.047466250e+04
1873 0 +8.965625801e+03 +8.601645801e+03 +8.601645801e+03
3247 0 +8.057789011e+03 +7.693809011e+03 +7.693809011e+03
3268 0 +5.043289499e+03 +4.679309499e+03 +4.679309499e+03
6949 0 +3.490529715e+03 +3.126549715e+03 +3.126549715e+03
6970 0 +2.093250329e+03 +1.729270329e+03 +1.729270329e+03
7012 0 +1.495675429e+03 +1.131695429e+03 +1.131695429e+03
9073 0 +9.360128456e+02 +5.720328456e+02 +5.720328456e+02
9676 0 +8.912100681e+02 +5.272300681e+02 +5.272300681e+02
9697 0 +5.701283306e+02 +2.061483306e+02 +2.061483306e+02
9718 0 +3.985247669e+02 +3.454476691e+01 +3.454476691e+01
9739 0 +3.200745604e+02 -4.390543962e+01 -4.390543962e+01
9781 0 +2.778898477e+02 -8.609015231e+01 -8.609015231e+01
9823 0 +2.365330224e+02 -1.274469776e+02 -1.274469776e+02
9844 0 +2.156057257e+02 -1.483742743e+02 -1.483742743e+02
9865 0 +1.836341016e+02 -1.803458984e+02 -1.803458984e+02
9886 0 +1.755492612e+02 -1.884307388e+02 -1.884307388e+02
9928 0 +1.515885347e+02 -2.123914653e+02 -2.123914653e+02
9949 0 +1.386346601e+02 -2.253453399e+02 -2.253453399e+02
9970 0 +1.248989181e+02 -2.390810819e+02 -2.390810819e+02
9991 0 +9.856384129e+01 -2.654161587e+02 -2.654161587e+02
10012 0 +7.884716416e+01 -2.851328358e+02 -2.851328358e+02
10033 0 +6.161675708e+01 -3.023632429e+02 -3.023632429e+02
10054 0 +4.600607607e+01 -3.179739239e+02 -3.179739239e+02
10075 0 +3.607242619e+01 -3.279075738e+02 -3.279075738e+02
10096 0 +1.519322912e+01 -3.487867709e+02 -3.487867709e+02
10117 0 +4.181015507e+00 -3.597989845e+02 -3.597989845e+02
10138 0 +2.180192969e+00 -3.617998070e+02 -3.617998070e+02
10159 0 +1.683129473e+00 -3.622968705e+02 -3.622968705e+02
10180 0 +8.633075303e-01 -3.631166925e+02 -3.631166925e+02
10201 0 +6.709519270e-01 -3.633090481e+02 -3.633090481e+02
10222 0 +5.853184473e-01 -3.633946816e+02 -3.633946816e+02
10243 0 +4.587969664e-01 -3.635212030e+02 -3.635212030e+02
10264 0 +4.050055021e-01 -3.635749945e+02 -3.635749945e+02
10285 0 +3.896021345e-01 -3.635903979e+02 -3.635903979e+02
10558 0 +3.396704679e-01 -3.636403295e+02 -3.636403295e+02
10579 0 +1.815227068e-01 -3.637984773e+02 -3.637984773e+02
10663 0 +1.756318886e-01 -3.638043681e+02 -3.638043681e+02
10705 0 +1.517668944e-01 -3.638282331e+02 -3.638282331e+02
10726 0 +1.339214316e-01 -3.638460786e+02 -3.638460786e+02
10747 0 +1.089519449e-01 -3.638710481e+02 -3.638710481e+02
10768 0 +9.984072084e-02 -3.638801593e+02 -3.638801593e+02
10810 0 +6.298986109e-02 -3.639170101e+02 -3.639170101e+02
10852 0 +4.074158718e-02 -3.639392584e+02 -3.639392584e+02
10873 0 +3.042488763e-02 -3.639495751e+02 -3.639495751e+02
10894 0 +1.587894171e-02 -3.639641211e+02 -3.639641211e+02
10936 0 +1.195367668e-02 -3.639680463e+02 -3.639680463e+02
10957 0 +6.441728695e-03 -3.639735583e+02 -3.639735583e+02
10978 0 +2.750819762e-03 -3.639772492e+02 -3.639772492e+02
10999 0 +9.080274525e-04 -3.639790920e+02 -3.639790920e+02
11020 0 +3.799455108e-04 -3.639796201e+02 -3.639796201e+02
11041 0 +2.029004533e-04 -3.639797971e+02 -3.639797971e+02
11062 0 +1.139306411e-04 -3.639798861e+02 -3.639798861e+02
11083 0 +7.583435257e-05 -3.639799242e+02 -3.639799242e+02
11104 0 +5.993357939e-05 -3.639799401e+02 -3.639799401e+02
11125 0 +3.531007133e-05 -3.639799647e+02 -3.639799647e+02
11209 0 +2.460400270e-05 -3.639799754e+02 -3.639799754e+02
11230 0 +1.206671624e-05 -3.639799879e+02 -3.639799879e+02
11251 0 +9.448744322e-06 -3.639799906e+02 -3.639799906e+02
11272 0 +7.373426797e-06 -3.639799926e+02 -3.639799926e+02
11293 0 +5.415157602e-06 -3.639799946e+02 -3.639799946e+02
11314 0 +3.087872415e-06 -3.639799969e+02 -3.639799969e+02
11335 0 +1.804902183e-06 -3.639799982e+02 -3.639799982e+02
11356 0 +1.250290893e-06 -3.639799987e+02 -3.639799987e+02
11377 0 +7.866010492e-07 -3.639799992e+02 -3.639799992e+02
11398 0 +4.299104148e-07 -3.639799996e+02 -3.639799996e+02
11419 0 +2.966795023e-07 -3.639799997e+02 -3.639799997e+02
11440 0 +1.951345325e-07 -3.639799998e+02 -3.639799998e+02
11461 0 +1.024188236e-07 -3.639799999e+02 -3.639799999e+02
11482 0 +5.834948524e-08 -3.639799999e+02 -3.639799999e+02
11503 0 +1.637283731e-08 -3.639800000e+02 -3.639800000e+02
11523 0 +1.504213287e-08 -3.639800000e+02 -3.639800000e+02
11524 0 +7.810740499e-09 -3.639800000e+02 -3.639800000e+02
200020 0 +5.917399903e-11 -3.639800000e+02 -3.639800000e+02
% f evaluations | g evaluations | best noise-free fitness - Fopt (-1.865000000000e+01) + sum g_i+ | measured fitness | best measured fitness or single-digit g-values | x1 | x2...
1 0 +2.800702240e+06 +2.800683590e+06 +2.800683590e+06
11 0 +2.208823903e+06 +2.208805253e+06 +2.208805253e+06
17 0 +1.183094334e+06 +1.183075684e+06 +1.183075684e+06
28 0 +1.002697424e+06 +1.002678774e+06 +1.002678774e+06
51 0 +8.257695160e+05 +8.257508660e+05 +8.257508660e+05
76 0 +6.749664694e+05 +6.749478194e+05 +6.749478194e+05
99 0 +5.505971426e+05 +5.505784926e+05 +5.505784926e+05
121 0 +4.793838765e+05 +4.793652265e+05 +4.793652265e+05
142 0 +2.825423686e+05 +2.825237186e+05 +2.825237186e+05
184 0 +2.619847912e+05 +2.619661412e+05 +2.619661412e+05
205 0 +2.073637498e+05 +2.073450998e+05 +2.073450998e+05
226 0 +1.957367361e+05 +1.957180861e+05 +1.957180861e+05
247 0 +1.512976604e+05 +1.512790104e+05 +1.512790104e+05
289 0 +1.225298754e+05 +1.225112254e+05 +1.225112254e+05
310 0 +8.894713987e+04 +8.892848987e+04 +8.892848987e+04
541 0 +7.787779910e+04 +7.785914910e+04 +7.785914910e+04
625 0 +6.884498371e+04 +6.882633371e+04 +6.882633371e+04
646 0 +6.293364574e+04 +6.291499574e+04 +6.291499574e+04
934 0 +5.401131617e+04 +5.399266617e+04 +5.399266617e+04
976 0 +4.556243255e+04 +4.554378255e+04 +4.554378255e+04
1018 0 +4.234604771e+04 +4.232739771e+04 +4.232739771e+04
1102 0 +3.808878648e+04 +3.807013648e+04 +3.807013648e+04
1123 0 +3.467973010e+04 +3.466108010e+04 +3.466108010e+04
1270 0 +3.155882760e+04 +3.154017760e+04 +3.154017760e+04
1333 0 +2.707020696e+04 +2.705155696e+04 +2.705155696e+04
1354 0 +2.246257847e+04 +2.244392847e+04 +2.244392847e+04
1375 0 +1.711711186e+04 +1.709846186e+04 +1.709846186e+04
1396 0 +1.183264808e+04 +1.181399808e+04 +1.181399808e+04
2083 0 +9.659709348e+03 +9.641059348e+03 +9.641059348e+03
2560 0 +7.392692162e+03 +7.374042162e+03 +7.374042162e+03
2623 0 +6.799752756e+03 +6.781102756e+03 +6.781102756e+03
2644 0 +6.256782284e+03 +6.238132284e+03 +6.238132284e+03
2686 0 +4.964488947e+03 +4.945838947e+03 +4.945838947e+03
2707 0 +4.318709178e+03 +4.300059178e+03 +4.300059178e+03
2728 0 +3.654291927e+03 +3.635641927e+03 +3.635641927e+03
4600 0 +3.319697365e+03 +3.301047365e+03 +3.301047365e+03
4621 0 +2.574125508e+03 +2.555475508e+03 +2.555475508e+03
4642 0 +1.564726575e+03 +1.546076575e+03 +1.546076575e+03
4663 0 +1.124104785e+03 +1.105454785e+03 +1.105454785e+03
4684 0 +7.411570731e+02 +7.225070731e+02 +7.225070731e+02
5560 0 +4.586438716e+02 +4.399938716e+02 +4.399938716e+02
5581 0 +3.883793273e+02 +3.697293273e+02 +3.697293273e+02
5602 0 +3.018071270e+02 +2.831571270e+02 +2.831571270e+02
5623 0 +1.827819978e+02 +1.641319978e+02 +1.641319978e+02
5644 0 +1.042847123e+02 +8.563471232e+01 +8.563471232e+01
5665 0 +5.735815683e+01 +3.870815683e+01 +3.870815683e+01
5686 0 +4.396707986e+01 +2.531707986e+01 +2.531707986e+01
5707 0 +3.223580157e+01 +1.358580157e+01 +1.358580157e+01
5728 0 +2.845705832e+01 +9.807058324e+00 +9.807058324e+00
5749 0 +2.005676397e+01 +1.406763971e+00 +1.406763971e+00
5791 0 +1.952185996e+01 +8.718599594e-01 +8.718599594e-01
5833 0 +1.456017097e+01 -4.089829034e+00 -4.089829034e+00
5854 0 +7.797325083e+00 -1.085267492e+01 -1.085267492e+01
5875 0 +6.176090556e+00 -1.247390944e+01 -1.247390944e+01
5938 0 +5.412515798e+00 -1.323748420e+01 -1.323748420e+01
6001 0 +4.899316585e+00 -1.375068342e+01 -1.375068342e+01
6022 0 +3.574935678e+00 -1.507506432e+01 -1.507506432e+01
6064 0 +3.442845779e+00 -1.520715422e+01 -1.520715422e+01
6148 0 +3.153520205e+00 -1.549647980e+01 -1.549647980e+01
6169 0 +2.728045427e+00 -1.592195457e+01 -1.592195457e+01
6190 0 +2.122616917e+00 -1.652738308e+01 -1.652738308e+01
6211 0 +1.717920286e+00 -1.693207971e+01 -1.693207971e+01
6232 0 +1.569892446e+00 -1.708010755e+01 -1.708010755e+01
6274 0 +1.368603825e+00 -1.728139618e+01 -1.728139618e+01
6316 0 +1.244454975e+00 -1.740554503e+01 -1.740554503e+01
6337 0 +1.050402990e+00 -1.759959701e+01 -1.759959701e+01
6379 0 +9.507566645e-01 -1.769924334e+01 -1.769924334e+01
6421 0 +8.854016053e-01 -1.776459839e+01 -1.776459839e+01
6442 0 +7.747321349e-01 -1.787526787e+01 -1.787526787e+01
6463 0 +6.517731624e-01 -1.799822684e+01 -1.799822684e+01
6484 0 +5.115773609e-01 -1.813842264e+01 -1.813842264e+01
6505 0 +4.245266530e-01 -1.822547335e+01 -1.822547335e+01
6526 0 +2.926736386e-01 -1.835732636e+01 -1.835732636e+01
6547 0 +2.422502010e-01 -1.840774980e+01 -1.840774980e+01
6568 0 +1.613830284e-01 -1.848861697e+01 -1.848861697e+01
6589 0 +1.239187554e-01 -1.852608124e+01 -1.852608124e+01
6610 0 +9.104267219e-02 -1.855895733e+01 -1.855895733e+01
6631 0 +6.103944682e-02 -1.858896055e+01 -1.858896055e+01
6652 0 +3.770882183e-02 -1.861229118e+01 -1.861229118e+01
6694 0 +2.918879809e-02 -1.862081120e+01 -1.862081120e+01
6715 0 +2.075708967e-02 -1.862924291e+01 -1.862924291e+01
6736 0 +1.492001091e-02 -1.863507999e+01 -1.863507999e+01
6757 0 +1.078025672e-02 -1.863921974e+01 -1.863921974e+01
6778 0 +5.342208923e-03 -1.864465779e+01 -1.864465779e+01
6799 0 +2.090768308e-03 -1.864790923e+01 -1.864790923e+01
6820 0 +9.579136759e-04 -1.864904209e+01 -1.864904209e+01
6841 0 +4.162453363e-04 -1.864958375e+01 -1.864958375e+01
6883 0 +3.129175477e-04 -1.864968708e+01 -1.864968708e+01
6904 0 +1.775046818e-04 -1.864982250e+01 -1.864982250e+01
6925 0 +7.366641498e-05 -1.864992633e+01 -1.864992633e+01
6946 0 +4.676825022e-05 -1.864995323e+01 -1.864995323e+01
6967 0 +2.710759810e-05 -1.864997289e+01 -1.864997289e+01
6988 0 +1.647794861e-05 -1.864998352e+01 -1.864998352e+01
7009 0 +7.548869753e-06 -1.864999245e+01 -1.864999245e+01
7030 0 +4.243255106e-06 -1.864999576e+01 -1.864999576e+01
7051 0 +1.773171977e-06 -1.864999823e+01 -1.864999823e+01
7093 0 +1.232248927e-06 -1.864999877e+01 -1.864999877e+01
7114 0 +7.786691718e-07 -1.864999922e+01 -1.864999922e+01
7135 0 +6.404031971e-07 -1.864999936e+01 -1.864999936e+01
7156 0 +6.054521684e-07 -1.864999939e+01 -1.864999939e+01
7198 0 +5.211777285e-07 -1.864999948e+01 -1.864999948e+01
7219 0 +4.034061618e-07 -1.864999960e+01 -1.864999960e+01
7240 0 +3.965137196e-07 -1.864999960e+01 -1.864999960e+01
7282 0 +3.405467979e-07 -1.864999966e+01 -1.864999966e+01
7303 0 +2.799270469e-07 -1.864999972e+01 -1.864999972e+01
7324 0 +2.199545648e-07 -1.864999978e+01 -1.864999978e+01
7345 0 +1.916407406e-07 -1.864999981e+01 -1.864999981e+01
7366 0 +1.589456780e-07 -1.864999984e+01 -1.864999984e+01
7387 0 +1.420141054e-07 -1.864999986e+01 -1.864999986e+01
7408 0 +1.039945694e-07 -1.864999990e+01 -1.864999990e+01
7450 0 +8.182811584e-08 -1.864999992e+01 -1.864999992e+01
7470 0 +7.838464455e-08 -1.864999992e+01 -1.864999992e+01
7471 0 +4.903055384e-08 -1.864999995e+01 -1.864999995e+01
7492 0 +3.084820221e-08 -1.864999997e+01 -1.864999997e+01
7513 0 +2.153678835e-08 -1.864999998e+01 -1.864999998e+01
7534 0 +1.429392782e-08 -1.864999999e+01 -1.864999999e+01
7550 0 +1.408074013e-08 -1.864999999e+01 -1.864999999e+01
7555 0 +9.395058953e-09 -1.864999999e+01 -1.864999999e+01
200003 0 +7.263523116e-11 -1.865000000e+01 -1.865000000e+01
% f evaluations | g evaluations | best noise-free fitness - Fopt (1.749200000000e+02) + sum g_i+ | measured fitness | best measured fitness or single-digit g-values | x1 | x2...
1 0 +1.645978055e+07 +1.645995547e+07 +1.645995547e+07
2 0 +8.917696219e+06 +8.917871139e+06 +8.917871139e+06
7 0 +3.796117758e+06 +3.796292678e+06 +3.796292678e+06
28 0 +2.122195759e+06 +2.122370679e+06 +2.122370679e+06
35 0 +1.565217512e+06 +1.565392432e+06 +1.565392432e+06
51 0 +1.353982693e+06 +1.354157613e+06 +1.354157613e+06
56 0 +1.201720119e+06 +1.201895039e+06 +1.201895039e+06
67 0 +6.925351199e+05 +6.927100399e+05 +6.927100399e+05
93 0 +4.115209143e+05 +4.116958343e+05 +4.116958343e+05
142 0 +2.586323279e+05 +2.588072479e+05 +2.588072479e+05
184 0 +1.905774778e+05 +1.907523978e+05 +1.907523978e+05
205 0 +1.440070187e+05 +1.441819387e+05 +1.441819387e+05
226 0 +9.351432217e+04 +9.368924217e+04 +9.368924217e+04
268 0 +7.116387992e+04 +7.133879992e+04 +7.133879992e+04
289 0 +4.866638341e+04 +4.884130341e+04 +4.884130341e+04
352 0 +4.029323946e+04 +4.046815946e+04 +4.046815946e+04
373 0 +3.521171631e+04 +3.538663631e+04 +3.538663631e+04
415 0 +3.154211868e+04 +3.171703868e+04 +3.171703868e+04
457 0 +2.577830274e+04 +2.595322274e+04 +2.595322274e+04
1474 0 +2.443276322e+04 +2.460768322e+04 +2.460768322e+04
1579 0 +2.165555444e+04 +2.183047444e+04 +2.183047444e+04
1684 0 +1.835920066e+04 +1.853412066e+04 +1.853412066e+04
1705 0 +1.710870397e+04 +1.728362397e+04 +1.728362397e+04
1726 0 +1.478960700e+04 +1.496452700e+04 +1.496452700e+04
1747 0 +1.148028522e+04 +1.165520522e+04 +1.165520522e+04
1768 0 +1.118441270e+04 +1.135933270e+04 +1.135933270e+04
4285 0 +6.735898355e+03 +6.910818355e+03 +6.910818355e+03
4327 0 +4.647442994e+03 +4.822362994e+03 +4.822362994e+03
4348 0 +2.470942506e+03 +2.645862506e+03 +2.645862506e+03
4390 0 +1.950439182e+03 +2.125359182e+03 +2.125359182e+03
4432 0 +1.722990759e+03 +1.897910759e+03 +1.897910759e+03
4453 0 +1.571260257e+03 +1.746180257e+03 +1.746180257e+03
4495 0 +1.133725998e+03 +1.308645998e+03 +1.308645998e+03
4537 0 +9.583087650e+02 +1.133228765e+03 +1.133228765e+03
9769 0 +8.720533923e+02 +1.046973392e+03 +1.046973392e+03
9790 0 +6.898783928e+02 +8.647983928e+02 +8.647983928e+02
9832 0 +5.364385292e+02 +7.113585292e+02 +7.113585292e+02
9853 0 +4.800666844e+02 +6.549866844e+02 +6.549866844e+02
9874 0 +4.350259852e+02 +6.099459852e+02 +6.099459852e+02
9916 0 +3.778152606e+02 +5.527352606e+02 +5.527352606e+02
9958 0 +3.461015994e+02 +5.210215994e+02 +5.210215994e+02
10000 0 +2.749753858e+02 +4.498953858e+02 +4.498953858e+02
11395 0 +2.182504234e+02 +3.931704234e+02 +3.931704234e+02
11416 0 +1.377968397e+02 +3.127168397e+02 +3.127168397e+02
11437 0 +5.942864516e+01 +2.343486452e+02 +2.343486452e+02
11458 0 +4.502703344e+01 +2.199470334e+02 +2.199470334e+02
11479 0 +2.888028699e+01 +2.038002870e+02 +2.038002870e+02
11500 0 +2.264246625e+01 +1.975624662e+02 +1.975624662e+02
11521 0 +1.360700614e+01 +1.885270061e+02 +1.885270061e+02
11542 0 +7.222616860e+00 +1.821426169e+02 +1.821426169e+02
11563 0 +3.390862348e+00 +1.783108623e+02 +1.783108623e+02
11584 0 +2.486453445e+00 +1.774064534e+02 +1.774064534e+02
11605 0 +1.216846374e+00 +1.761368464e+02 +1.761368464e+02
11626 0 +7.064556071e-01 +1.756264556e+02 +1.756264556e+02
11647 0 +4.823951956e-01 +1.754023952e+02 +1.754023952e+02
11668 0 +4.250130013e-01 +1.753450130e+02 +1.753450130e+02
11689 0 +3.427017701e-01 +1.752627018e+02 +1.752627018e+02
11731 0 +2.121179213e-01 +1.751321179e+02 +1.751321179e+02
11752 0 +1.137115782e-01 +1.750337116e+02 +1.750337116e+02
11773 0 +6.691183295e-02 +1.749869118e+02 +1.749869118e+02
11794 0 +2.315287783e-02 +1.749431529e+02 +1.749431529e+02
11836 0 +1.653278989e-02 +1.749365328e+02 +1.749365328e+02
11857 0 +1.026209265e-02 +1.749302621e+02 +1.749302621e+02
11878 0 +6.836819817e-03 +1.749268368e+02 +1.749268368e+02
11899 0 +5.995187025e-03 +1.749259952e+02 +1.749259952e+02
11920 0 +4.936409720e-03 +1.749249364e+02 +1.749249364e+02
11941 0 +2.919877894e-03 +1.749229199e+02 +1.749229199e+02
11983 0 +2.570829967e-03 +1.749225708e+02 +1.749225708e+02
12004 0 +1.700674092e-03 +1.749217007e+02 +1.749217007e+02
12025 0 +9.189132257e-04 +1.749209189e+02 +1.749209189e+02
12046 0 +4.478331241e-04 +1.749204478e+02 +1.749204478e+02
12067 0 +1.860758160e-04 +1.749201861e+02 +1.749201861e+02
12088 0 +1.081318889e-04 +1.749201081e+02 +1.749201081e+02
12109 0 +6.817313405e-05 +1.749200682e+02 +1.749200682e+02
12151 0 +6.070588228e-05 +1.749200607e+02 +1.749200607e+02
12172 0 +4.737230225e-05 +1.749200474e+02 +1.749200474e+02
12193 0 +2.460083454e-05 +1.749200246e+02 +1.749200246e+02
12214 0 +9.464826661e-06 +1.749200095e+02 +1.749200095e+02
12235 0 +7.533108771e-06 +1.749200075e+02 +1.749200075e+02
12256 0 +4.827680698e-06 +1.749200048e+02 +1.749200048e+02
12277 0 +1.643633709e-06 +1.749200016e+02 +1.749200016e+02
12298 0 +7.458846483e-07 +1.749200007e+02 +1.749200007e+02
12319 0 +4.593885876e-07 +1.749200005e+02 +1.749200005e+02
12340 0 +2.409173305e-07 +1.749200002e+02 +1.749200002e+02
12361 0 +1.456714358e-07 +1.749200001e+02 +1.749200001e+02
12382 0 +6.617082704e-08 +1.749200001e+02 +1.749200001e+02
12402 0 +6.263678642e-08 +1.749200001e+02 +1.749200001e+02
12403 0 +3.943452498e-08 +1.749200000e+02 +1.749200000e+02
12424 0 +3.038226737e-08 +1.749200000e+02 +1.749200000e+02
12445 0 +2.543811206e-08 +1.749200000e+02 +1.749200000e+02
12465 0 +2.417402811e-08 +1.749200000e+02 +1.749200000e+02
12466 0 +2.026914103e-08 +1.749200000e+02 +1.749200000e+02
12487 0 +1.941998562e-08 +1.749200000e+02 +1.749200000e+02
12529 0 +1.154757001e-08 +1.749200000e+02 +1.749200000e+02
12571 0 +9.816972124e-09 +1.749200000e+02 +1.749200000e+02
200012 0 +5.226752364e-11 +1.749200000e+02 +1.749200000e+02
% f evaluations | g evaluations | best noise-free fitness - Fopt (-5.659600000000e+02) + sum g_i+ | measured fitness | best measured fitness or single-digit g-values | x1 | x2...
1 0 +1.072655395e+07 +1.072598799e+07 +1.072598799e+07
4 0 +7.805052728e+06 +7.804486768e+06 +7.804486768e+06
5 0 +3.276155255e+06 +3.275589295e+06 +3.275589295e+06
14 0 +1.477819731e+06 +1.477253771e+06 +1.477253771e+06
49 0 +9.032589625e+05 +9.026930025e+05 +9.026930025e+05
58 0 +5.919037038e+05 +5.913377438e+05 +5.913377438e+05
121 0 +5.528336392e+05 +5.522676792e+05 +5.522676792e+05
142 0 +4.145970890e+05 +4.140311290e+05 +4.140311290e+05
163 0 +3.536399874e+05 +3.530740274e+05 +3.530740274e+05
226 0 +2.892347769e+05 +2.886688169e+05 +2.886688169e+05
268 0 +2.731317378e+05 +2.725657778e+05 +2.725657778e+05
394 0 +2.467602392e+05 +2.461942792e+05 +2.461942792e+05
478 0 +2.223554129e+05 +2.217894529e+05 +2.217894529e+05
569 0 +1.749897191e+05 +1.744237591e+05 +1.744237591e+05
640 0 +1.192526290e+05 +1.186866690e+05 +1.186866690e+05
682 0 +8.370236836e+04 +8.313640836e+04 +8.313640836e+04
703 0 +5.431551136e+04 +5.374955136e+04 +5.374955136e+04
745 0 +4.442259985e+04 +4.385663985e+04 +4.385663985e+04
766 0 +3.156136514e+04 +3.099540514e+04 +3.099540514e+04
787 0 +2.385741616e+04 +2.329145616e+04 +2.329145616e+04
829 0 +2.234117770e+04 +2.177521770e+04 +2.177521770e+04
913 0 +1.658088982e+04 +1.601492982e+04 +1.601492982e+04
976 0 +1.493044689e+04 +1.436448689e+04 +1.436448689e+04
997 0 +1.393801237e+04 +1.337205237e+04 +1.337205237e+04
1537 0 +1.226887219e+04 +1.170291219e+04 +1.170291219e+04
1951 0 +1.118773398e+04 +1.062177398e+04 +1.062177398e+04
2014 0 +9.205365233e+03 +8.639405233e+03 +8.639405233e+03
2056 0 +8.825470610e+03 +8.259510610e+03 +8.259510610e+03
2098 0 +7.383985321e+03 +6.818025321e+03 +6.818025321e+03
2119 0 +6.848462459e+03 +6.282502459e+03 +6.282502459e+03
2701 0 +5.880299135e+03 +5.314339135e+03 +5.314339135e+03
3346 0 +4.831289776e+03 +4.265329776e+03 +4.265329776e+03
3367 0 +3.884627423e+03 +3.318667423e+03 +3.318667423e+03
3388 0 +3.302365719e+03 +2.736405719e+03 +2.736405719e+03
3430 0 +3.083327648e+03 +2.517367648e+03 +2.517367648e+03
3493 0 +2.493501149e+03 +1.927541149e+03 +1.927541149e+03
3535 0 +2.171594612e+03 +1.605634612e+03 +1.605634612e+03
5554 0 +1.924182649e+03 +1.358222649e+03 +1.358222649e+03
5596 0 +1.347800577e+03 +7.818405765e+02 +7.818405765e+02
5617 0 +9.618485061e+02 +3.958885061e+02 +3.958885061e+02
5659 0 +7.964358822e+02 +2.304758822e+02 +2.304758822e+02
5680 0 +6.409365362e+02 +7.497653625e+01 +7.497653625e+01
5701 0 +4.383659935e+02 -1.275940065e+02 -1.275940065e+02
5722 0 +1.860976502e+02 -3.798623498e+02 -3.798623498e+02
5743 0 +9.175143404e+01 -4.742085660e+02 -4.742085660e+02
5764 0 +4.717332827e+01 -5.187866717e+02 -5.187866717e+02
5785 0 +1.821894654e+01 -5.477410535e+02 -5.477410535e+02
5827 0 +1.026102961e+01 -5.556989704e+02 -5.556989704e+02
5848 0 +4.724900708e+00 -5.612350993e+02 -5.612350993e+02
5869 0 +1.196876026e+00 -5.647631240e+02 -5.647631240e+02
5911 0 +3.579610548e-01 -5.656020389e+02 -5.656020389e+02
5932 0 +6.783156089e-02 -5.658921684e+02 -5.658921684e+02
5953 0 +1.487785516e-02 -5.659451221e+02 -5.659451221e+02
5974 0 +4.601927875e-03 -5.659553981e+02 -5.659553981e+02
5995 0 +1.405257555e-03 -5.659585947e+02 -5.659585947e+02
6016 0 +8.449758875e-04 -5.659591550e+02 -5.659591550e+02
6037 0 +3.065130520e-04 -5.659596935e+02 -5.659596935e+02
6058 0 +7.495950865e-05 -5.659599250e+02 -5.659599250e+02
6079 0 +3.336198677e-05 -5.659599666e+02 -5.659599666e+02
6100 0 +1.025908057e-05 -5.659599897e+02 -5.659599897e+02
6142 0 +1.628486302e-06 -5.659599984e+02 -5.659599984e+02
6163 0 +7.095873116e-07 -5.659599993e+02 -5.659599993e+02
6183 0 +7.041937806e-07 -5.659599993e+02 -5.659599993e+02
6184 0 +2.993288035e-07 -5.659599997e+02 -5.659599997e+02
6205 0 +1.433784291e-07 -5.659599999e+02 -5.659599999e+02
6226 0 +7.288338111e-08 -5.659599999e+02 -5.659599999e+02
6247 0 +3.438549356e-08 -5.659600000e+02 -5.659600000e+02
6289 0 +1.991566023e-08 -5.659600000e+02 -5.659600000e+02
6310 0 +1.283854090e-08 -5.659600000e+02 -5.659600000e+02
6331 0 +4.914795682e-09 -5.659600000e+02 -5.659600000e+02
200031 0 +6.400568964e-11 -5.659600000e+02 -5.659600000e+02
% f evaluations | g evaluations | best noise-free fitness - Fopt (7.095000000000e+01) + sum g_i+ | measured fitness | best measured fitness or single-digit g-values | x1 | x2...
1 0 +8.267727203e+06 +8.267798153e+06 +8.267798153e+06
5 0 +5.002964186e+06 +5.003035136e+06 +5.003035136e+06
8 0 +4.218685898e+06 +4.218756848e+06 +4.218756848e+06
14 0 +3.104535694e+06 +3.104606644e+06 +3.104606644e+06
20 0 +2.953657617e+06 +2.953728567e+06 +2.953728567e+06
39 0 +2.433018719e+06 +2.433089669e+06 +2.433089669e+06
50 0 +2.190338400e+06 +2.190409350e+06 +2.190409350e+06
51 0 +1.553312260e+06 +1.553383210e+06 +1.553383210e+06
69 0 +7.108774770e+05 +7.109484270e+05 +7.109484270e+05
111 0 +5.634907082e+05 +5.635616582e+05 +5.635616582e+05
142 0 +5.023210323e+05 +5.023919823e+05 +5.023919823e+05
184 0 +4.179518115e+05 +4.180227615e+05 +4.180227615e+05
205 0 +3.402467887e+05 +3.403177387e+05 +3.403177387e+05
226 0 +2.263035241e+05 +2.263744741e+05 +2.263744741e+05
247 0 +2.016045723e+05 +2.016755223e+05 +2.016755223e+05
310 0 +1.974670745e+05 +1.975380245e+05 +1.975380245e+05
787 0 +1.406299407e+05 +1.407008907e+05 +1.407008907e+05
871 0 +1.215557953e+05 +1.216267453e+05 +1.216267453e+05
934 0 +1.064390026e+05 +1.065099526e+05 +1.065099526e+05
1039 0 +9.929551304e+04 +9.936646304e+04 +9.936646304e+04
1165 0 +8.908551631e+04 +8.915646631e+04 +8.915646631e+04
1228 0 +7.089986067e+04 +7.097081067e+04 +7.097081067e+04
1270 0 +6.689973376e+04 +6.697068376e+04 +6.697068376e+04
1291 0 +6.244572609e+04 +6.251667609e+04 +6.251667609e+04
1432 0 +4.922598708e+04 +4.929693708e+04 +4.929693708e+04
1474 0 +3.935287967e+04 +3.942382967e+04 +3.942382967e+04
1579 0 +3.389671148e+04 +3.396766148e+04 +3.396766148e+04
1600 0 +2.685451722e+04 +2.692546722e+04 +2.692546722e+04
1642 0 +2.284564061e+04 +2.291659061e+04 +2.291659061e+04
1663 0 +1.779054838e+04 +1.786149838e+04 +1.786149838e+04
1705 0 +1.719633626e+04 +1.726728626e+04 +1.726728626e+04
1747 0 +1.437058723e+04 +1.444153723e+04 +1.444153723e+04
1789 0 +1.258678428e+04 +1.265773428e+04 +1.265773428e+04
1831 0 +1.121533758e+04 +1.128628758e+04 +1.128628758e+04
1936 0 +9.932078611e+03 +1.000302861e+04 +1.000302861e+04
1999 0 +7.320999156e+03 +7.391949156e+03 +7.391949156e+03
3184 0 +6.921455274e+03 +6.992405274e+03 +6.992405274e+03
3247 0 +5.621999793e+03 +5.692949793e+03 +5.692949793e+03
3268 0 +4.948687784e+03 +5.019637784e+03 +5.019637784e+03
5161 0 +4.008063664e+03 +4.079013664e+03 +4.079013664e+03
5182 0 +3.003708677e+03 +3.074658677e+03 +3.074658677e+03
5848 0 +2.653481183e+03 +2.724431183e+03 +2.724431183e+03
5890 0 +1.823089354e+03 +1.894039354e+03 +1.894039354e+03
5911 0 +1.114848042e+03 +1.185798042e+03 +1.185798042e+03
5953 0 +9.741272417e+02 +1.045077242e+03 +1.045077242e+03
9676 0 +6.580153982e+02 +7.289653982e+02 +7.289653982e+02
10426 0 +5.540579625e+02 +6.250079625e+02 +6.250079625e+02
11548 0 +3.023452950e+02 +3.732952950e+02 +3.732952950e+02
11569 0 +1.646790062e+02 +2.356290062e+02 +2.356290062e+02
11611 0 +8.398128852e+01 +1.549312885e+02 +1.549312885e+02
11632 0 +2.673350010e+01 +9.768350010e+01 +9.768350010e+01
11653 0 +8.215901958e+00 +7.916590196e+01 +7.916590196e+01
11674 0 +3.452820747e+00 +7.440282075e+01 +7.440282075e+01
11695 0 +9.269071529e-01 +7.187690715e+01 +7.187690715e+01
11716 0 +6.693503010e-01 +7.161935030e+01 +7.161935030e+01
11737 0 +5.488519510e-01 +7.149885195e+01 +7.149885195e+01
11758 0 +3.207597575e-01 +7.127075976e+01 +7.127075976e+01
11779 0 +1.693791003e-01 +7.111937910e+01 +7.111937910e+01
11800 0 +9.711017926e-02 +7.104711018e+01 +7.104711018e+01
11842 0 +7.626264006e-02 +7.102626264e+01 +7.102626264e+01
11863 0 +6.091159518e-02 +7.101091160e+01 +7.101091160e+01
11884 0 +4.776153806e-02 +7.099776154e+01 +7.099776154e+01
11905 0 +3.536128472e-02 +7.098536128e+01 +7.098536128e+01
11947 0 +2.988871843e-02 +7.097988872e+01 +7.097988872e+01
11968 0 +2.476575822e-02 +7.097476576e+01 +7.097476576e+01
11989 0 +2.202538189e-02 +7.097202538e+01 +7.097202538e+01
12010 0 +1.529619603e-02 +7.096529620e+01 +7.096529620e+01
12052 0 +1.208096306e-02 +7.096208096e+01 +7.096208096e+01
12073 0 +8.416334497e-03 +7.095841633e+01 +7.095841633e+01
12094 0 +4.332554740e-03 +7.095433255e+01 +7.095433255e+01
12115 0 +3.349626711e-03 +7.095334963e+01 +7.095334963e+01
12136 0 +2.035424946e-03 +7.095203542e+01 +7.095203542e+01
12157 0 +7.129101646e-04 +7.095071291e+01 +7.095071291e+01
12178 0 +4.256493647e-04 +7.095042565e+01 +7.095042565e+01
12199 0 +2.571579270e-04 +7.095025716e+01 +7.095025716e+01
12220 0 +1.980781927e-04 +7.095019808e+01 +7.095019808e+01
12241 0 +1.218160927e-04 +7.095012182e+01 +7.095012182e+01
12262 0 +7.736447965e-05 +7.095007736e+01 +7.095007736e+01
12283 0 +5.535467169e-05 +7.095005535e+01 +7.095005535e+01
12304 0 +4.252536525e-05 +7.095004253e+01 +7.095004253e+01
12325 0 +3.700646030e-05 +7.095003701e+01 +7.095003701e+01
12346 0 +3.500325084e-05 +7.095003500e+01 +7.095003500e+01
12367 0 +2.829034743e-05 +7.095002829e+01 +7.095002829e+01
12409 0 +1.978053628e-05 +7.095001978e+01 +7.095001978e+01
12430 0 +1.601730831e-05 +7.095001602e+01 +7.095001602e+01
12451 0 +1.004339839e-05 +7.095001004e+01 +7.095001004e+01
12472 0 +4.748644159e-06 +7.095000475e+01 +7.095000475e+01
12493 0 +2.149301196e-06 +7.095000215e+01 +7.095000215e+01
12514 0 +7.883903095e-07 +7.095000079e+01 +7.095000079e+01
12535 0 +3.884398154e-07 +7.095000039e+01 +7.095000039e+01
12556 0 +3.053999365e-07 +7.095000031e+01 +7.095000031e+01
12577 0 +2.023228660e-07 +7.095000020e+01 +7.095000020e+01
12598 0 +1.055210674e-07 +7.095000011e+01 +7.095000011e+01
12619 0 +6.754348192e-08 +7.095000007e+01 +7.095000007e+01
12640 0 +5.251244772e-08 +7.095000005e+01 +7.095000005e+01
12661 0 +2.698790524e-08 +7.095000003e+01 +7.095000003e+01
12682 0 +1.286441886e-08 +7.095000001e+01 +7.095000001e+01
12699 0 +1.255818916e-08 +7.095000001e+01 +7.095000001e+01
12703 0 +4.101053719e-09 +7.095000000e+01 +7.095000000e+01
200010 0 +6.420464160e-11 +7.095000000e+01 +7.095000000e+01
% f evaluations | g evaluations | best noise-free fitness - Fopt (4.728000000000e+01) + sum g_i+ | measured fitness | best measured fitness or single-digit g-values | x1 | x2...
1 0 +7.476906940e+06 +7.476954220e+06 +7.476954220e+06
4 0 +4.011020105e+06 +4.011067385e+06 +4.011067385e+06
6 0 +1.888833760e+06 +1.888881040e+06 +1.888881040e+06
27 0 +1.666247556e+06 +1.666294836e+06 +1.666294836e+06
44 0 +1.449809101e+06 +1.449856381e+06 +1.449856381e+06
52 0 +1.358063442e+06 +1.358110722e+06 +1.358110722e+06
54 0 +1.055116729e+06 +1.055164009e+06 +1.055164009e+06
62 0 +5.638560071e+05 +5.639032871e+05 +5.639032871e+05
70 0 +4.967350398e+05 +4.967823198e+05 +4.967823198e+05
75 0 +3.447268093e+05 +3.447740893e+05 +3.447740893e+05
81 0 +2.182420886e+05 +2.182893686e+05 +2.182893686e+05
121 0 +1.760479590e+05 +1.760952390e+05 +1.760952390e+05
142 0 +1.125116740e+05 +1.125589540e+05 +1.125589540e+05
163 0 +9.238349484e+04 +9.243077484e+04 +9.243077484e+04
184 0 +7.721078309e+04 +7.725806309e+04 +7.725806309e+04
268 0 +6.883559565e+04 +6.888287565e+04 +6.888287565e+04
289 0 +6.275796543e+04 +6.280524543e+04 +6.280524543e+04
310 0 +4.754427247e+04 +4.759155247e+04 +4.759155247e+04
352 0 +4.187857264e+04 +4.192585264e+04 +4.192585264e+04
394 0 +3.911921752e+04 +3.916649752e+04 +3.916649752e+04
457 0 +3.547729237e+04 +3.552457237e+04 +3.552457237e+04
625 0 +3.103021538e+04 +3.107749538e+04 +3.107749538e+04
2224 0 +2.322998779e+04 +2.327726779e+04 +2.327726779e+04
2245 0 +1.198280639e+04 +1.203008639e+04 +1.203008639e+04
2287 0 +1.097145907e+04 +1.101873907e+04 +1.101873907e+04
2308 0 +9.051746853e+03 +9.099026853e+03 +9.099026853e+03
2350 0 +8.195526325e+03 +8.242806325e+03 +8.242806325e+03
2371 0 +7.793079917e+03 +7.840359917e+03 +7.840359917e+03
2413 0 +7.060106777e+03 +7.107386777e+03 +7.107386777e+03
2434 0 +6.034279053e+03 +6.081559053e+03 +6.081559053e+03
2455 0 +3.832947210e+03 +3.880227210e+03 +3.880227210e+03
2476 0 +2.101014680e+03 +2.148294680e+03 +2.148294680e+03
7636 0 +1.671222004e+03 +1.718502004e+03 +1.718502004e+03
7678 0 +1.562220657e+03 +1.609500657e+03 +1.609500657e+03
11227 0 +1.357246400e+03 +1.404526400e+03 +1.404526400e+03
11248 0 +1.038023075e+03 +1.085303075e+03 +1.085303075e+03
11269 0 +6.755056619e+02 +7.227856619e+02 +7.227856619e+02
11332 0 +5.902918973e+02 +6.375718973e+02 +6.375718973e+02
11353 0 +4.419144931e+02 +4.891944931e+02 +4.891944931e+02
11374 0 +3.588233341e+02 +4.061033341e+02 +4.061033341e+02
11395 0 +3.302235989e+02 +3.775035989e+02 +3.775035989e+02
11416 0 +2.848603061e+02 +3.321403061e+02 +3.321403061e+02
11437 0 +2.323076553e+02 +2.795876553e+02 +2.795876553e+02
11458 0 +2.102697123e+02 +2.575497123e+02 +2.575497123e+02
11479 0 +1.891356452e+02 +2.364156452e+02 +2.364156452e+02
11500 0 +1.760409681e+02 +2.233209681e+02 +2.233209681e+02
11584 0 +1.571285583e+02 +2.044085583e+02 +2.044085583e+02
11605 0 +1.010247191e+02 +1.483047191e+02 +1.483047191e+02
11668 0 +9.931980352e+01 +1.465998035e+02 +1.465998035e+02
11710 0 +8.428844618e+01 +1.315684462e+02 +1.315684462e+02
11731 0 +6.640796607e+01 +1.136879661e+02 +1.136879661e+02
11752 0 +5.579540712e+01 +1.030754071e+02 +1.030754071e+02
11773 0 +3.307786345e+01 +8.035786345e+01 +8.035786345e+01
11815 0 +2.460952660e+01 +7.188952660e+01 +7.188952660e+01
11857 0 +1.981596816e+01 +6.709596816e+01 +6.709596816e+01
11878 0 +1.404011109e+01 +6.132011109e+01 +6.132011109e+01
11899 0 +7.524333016e+00 +5.480433302e+01 +5.480433302e+01
11920 0 +5.612550859e+00 +5.289255086e+01 +5.289255086e+01
11941 0 +3.249877875e+00 +5.052987787e+01 +5.052987787e+01
11962 0 +1.703256296e+00 +4.898325630e+01 +4.898325630e+01
11983 0 +7.985317839e-01 +4.807853178e+01 +4.807853178e+01
12004 0 +3.688138516e-01 +4.764881385e+01 +4.764881385e+01
12025 0 +1.852669332e-01 +4.746526693e+01 +4.746526693e+01
12046 0 +6.619346753e-02 +4.734619347e+01 +4.734619347e+01
12067 0 +2.817315181e-02 +4.730817315e+01 +4.730817315e+01
12088 0 +1.603552904e-02 +4.729603553e+01 +4.729603553e+01
12109 0 +9.391756346e-03 +4.728939176e+01 +4.728939176e+01
12130 0 +3.844108796e-03 +4.728384411e+01 +4.728384411e+01
12151 0 +1.700117571e-03 +4.728170012e+01 +4.728170012e+01
12172 0 +7.496834182e-04 +4.728074968e+01 +4.728074968e+01
12193 0 +2.289539367e-04 +4.728022895e+01 +4.728022895e+01
12214 0 +1.586919470e-04 +4.728015869e+01 +4.728015869e+01
12235 0 +4.112442179e-05 +4.728004112e+01 +4.728004112e+01
12256 0 +2.040873417e-05 +4.728002041e+01 +4.728002041e+01
12277 0 +1.302981460e-05 +4.728001303e+01 +4.728001303e+01
12298 0 +1.137131508e-05 +4.728001137e+01 +4.728001137e+01
12319 0 +9.207758382e-06 +4.728000921e+01 +4.728000921e+01
12340 0 +7.440167849e-06 +4.728000744e+01 +4.728000744e+01
12361 0 +5.234943032e-06 +4.728000523e+01 +4.728000523e+01
12382 0 +3.480358721e-06 +4.728000348e+01 +4.728000348e+01
12403 0 +2.807054599e-06 +4.728000281e+01 +4.728000281e+01
12424 0 +1.271792378e-06 +4.728000127e+01 +4.728000127e+01
12445 0 +1.143749628e-06 +4.728000114e+01 +4.728000114e+01
12466 0 +4.461044796e-07 +4.728000045e+01 +4.728000045e+01
12487 0 +2.285938052e-07 +4.728000023e+01 +4.728000023e+01
12508 0 +1.417758995e-07 +4.728000014e+01 +4.728000014e+01
12525 0 +1.412371944e-07 +4.728000014e+01 +4.728000014e+01
12529 0 +4.524192576e-08 +4.728000005e+01 +4.728000005e+01
12547 0 +4.431753808e-08 +4.728000004e+01 +4.728000004e+01
12550 0 +2.312366831e-08 +4.728000002e+01 +4.728000002e+01
12568 0 +2.203329785e-08 +4.728000002e+01 +4.728000002e+01
12571 0 +1.084085000e-08 +4.728000001e+01 +4.728000001e+01
12592 0 +3.027764706e-09 +4.728000000e+01 +4.728000000e+01
200008 0 +6.461675639e-11 +4.728000000e+01 +4.728000000e+01
% f evaluations | g evaluations | best noise-free fitness - Fopt (-5.688800000000e+02) + sum g_i+ | measured fitness | best measured fitness or single-digit g-values | x1 | x2...
1 0 +1.341855822e+07 +1.341798934e+07 +1.341798934e+07
4 0 +9.722653226e+06 +9.722084346e+06 +9.722084346e+06
7 0 +3.766619440e+06 +3.766050560e+06 +3.766050560e+06
25 0 +1.907350969e+06 +1.906782089e+06 +1.906782089e+06
35 0 +1.094334886e+06 +1.093766006e+06 +1.093766006e+06
70 0 +8.968890180e+05 +8.963201380e+05 +8.963201380e+05
87 0 +7.793929263e+05 +7.788240463e+05 +7.788240463e+05
103 0 +6.839482445e+05 +6.833793645e+05 +6.833793645e+05
121 0 +4.306287838e+05 +4.300599038e+05 +4.300599038e+05
142 0 +2.528656542e+05 +2.522967742e+05 +2.522967742e+05
184 0 +2.077995258e+05 +2.072306458e+05 +2.072306458e+05
205 0 +1.981695212e+05 +1.976006412e+05 +1.976006412e+05
352 0 +1.708143793e+05 +1.702454993e+05 +1.702454993e+05
682 0 +8.430715322e+04 +8.373827322e+04 +8.373827322e+04
724 0 +4.690977587e+04 +4.634089587e+04 +4.634089587e+04
766 0 +3.629131690e+04 +3.572243690e+04 +3.572243690e+04
808 0 +3.226913426e+04 +3.170025426e+04 +3.170025426e+04
829 0 +2.732208608e+04 +2.675320608e+04 +2.675320608e+04
850 0 +2.385343854e+04 +2.328455854e+04 +2.328455854e+04
871 0 +2.042843273e+04 +1.985955273e+04 +1.985955273e+04
892 0 +1.710060862e+04 +1.653172862e+04 +1.653172862e+04
934 0 +1.508520918e+04 +1.451632918e+04 +1.451632918e+04
955 0 +1.407880768e+04 +1.350992768e+04 +1.350992768e+04
997 0 +1.178616042e+04 +1.121728042e+04 +1.121728042e+04
1018 0 +1.098848347e+04 +1.041960347e+04 +1.041960347e+04
2035 0 +9.015989291e+03 +8.447109291e+03 +8.447109291e+03
2077 0 +8.177491016e+03 +7.608611016e+03 +7.608611016e+03
2098 0 +7.142700010e+03 +6.573820010e+03 +6.573820010e+03
2119 0 +6.583272264e+03 +6.014392264e+03 +6.014392264e+03
2140 0 +5.853790759e+03 +5.284910759e+03 +5.284910759e+03
2161 0 +4.751988177e+03 +4.183108177e+03 +4.183108177e+03
2203 0 +4.320750022e+03 +3.751870022e+03 +3.751870022e+03
2224 0 +3.621344618e+03 +3.052464618e+03 +3.052464618e+03
2245 0 +3.009560391e+03 +2.440680391e+03 +2.440680391e+03
2266 0 +2.188921051e+03 +1.620041051e+03 +1.620041051e+03
2287 0 +1.935732477e+03 +1.366852477e+03 +1.366852477e+03
2308 0 +1.561541181e+03 +9.926611809e+02 +9.926611809e+02
2329 0 +1.247119596e+03 +6.782395955e+02 +6.782395955e+02
2350 0 +1.085026440e+03 +5.161464402e+02 +5.161464402e+02
2371 0 +8.857099321e+02 +3.168299321e+02 +3.168299321e+02
2413 0 +7.413385399e+02 +1.724585399e+02 +1.724585399e+02
2434 0 +6.907715193e+02 +1.218915193e+02 +1.218915193e+02
2476 0 +5.326106837e+02 -3.626931632e+01 -3.626931632e+01
2518 0 +4.138362440e+02 -1.550437560e+02 -1.550437560e+02
2581 0 +3.923353083e+02 -1.765446917e+02 -1.765446917e+02
2623 0 +3.470661176e+02 -2.218138824e+02 -2.218138824e+02
2644 0 +3.125003906e+02 -2.563796094e+02 -2.563796094e+02
2665 0 +2.632496105e+02 -3.056303895e+02 -3.056303895e+02
2686 0 +2.373504090e+02 -3.315295910e+02 -3.315295910e+02
2707 0 +2.040108694e+02 -3.648691306e+02 -3.648691306e+02
2728 0 +1.861616049e+02 -3.827183951e+02 -3.827183951e+02
2749 0 +1.759048404e+02 -3.929751596e+02 -3.929751596e+02
2854 0 +8.489698779e+01 -4.839830122e+02 -4.839830122e+02
2959 0 +7.711206077e+01 -4.917679392e+02 -4.917679392e+02
2980 0 +7.052967118e+01 -4.983503288e+02 -4.983503288e+02
3001 0 +5.662634588e+01 -5.122536541e+02 -5.122536541e+02
3043 0 +4.725320165e+01 -5.216267984e+02 -5.216267984e+02
3064 0 +3.199227103e+01 -5.368877290e+02 -5.368877290e+02
3085 0 +2.701510125e+01 -5.418648988e+02 -5.418648988e+02
3106 0 +8.640061454e+00 -5.602399385e+02 -5.602399385e+02
3127 0 +5.594145789e+00 -5.632858542e+02 -5.632858542e+02
3148 0 +4.322795276e+00 -5.645572047e+02 -5.645572047e+02
3169 0 +3.299135734e+00 -5.655808643e+02 -5.655808643e+02
3190 0 +1.814544060e+00 -5.670654559e+02 -5.670654559e+02
3211 0 +1.406367371e+00 -5.674736326e+02 -5.674736326e+02
3232 0 +8.692441644e-01 -5.680107558e+02 -5.680107558e+02
3253 0 +2.981138987e-01 -5.685818861e+02 -5.685818861e+02
3274 0 +1.258309281e-01 -5.687541691e+02 -5.687541691e+02
3295 0 +6.366174722e-02 -5.688163383e+02 -5.688163383e+02
3316 0 +4.793342758e-02 -5.688320666e+02 -5.688320666e+02
3337 0 +2.746307275e-02 -5.688525369e+02 -5.688525369e+02
3358 0 +1.976216457e-02 -5.688602378e+02 -5.688602378e+02
3379 0 +1.572052964e-02 -5.688642795e+02 -5.688642795e+02
3400 0 +1.024486306e-02 -5.688697551e+02 -5.688697551e+02
3421 0 +3.831348483e-03 -5.688761687e+02 -5.688761687e+02
3442 0 +2.155018858e-03 -5.688778450e+02 -5.688778450e+02
3463 0 +8.998560995e-04 -5.688791001e+02 -5.688791001e+02
3484 0 +4.372077095e-04 -5.688795628e+02 -5.688795628e+02
3505 0 +1.901999347e-04 -5.688798098e+02 -5.688798098e+02
3526 0 +8.798778708e-05 -5.688799120e+02 -5.688799120e+02
3568 0 +5.536651679e-05 -5.688799446e+02 -5.688799446e+02
3589 0 +3.260540780e-05 -5.688799674e+02 -5.688799674e+02
3631 0 +2.666696628e-05 -5.688799733e+02 -5.688799733e+02
3652 0 +2.002003862e-05 -5.688799800e+02 -5.688799800e+02
3673 0 +8.942505247e-06 -5.688799911e+02 -5.688799911e+02
3694 0 +6.204962233e-06 -5.688799938e+02 -5.688799938e+02
3715 0 +4.313962904e-06 -5.688799957e+02 -5.688799957e+02
3736 0 +2.618913300e-06 -5.688799974e+02 -5.688799974e+02
3757 0 +1.097971676e-06 -5.688799989e+02 -5.688799989e+02
3778 0 +3.936537496e-07 -5.688799996e+02 -5.688799996e+02
3799 0 +1.838291155e-07 -5.688799998e+02 -5.688799998e+02
3820 0 +8.955419162e-08 -5.688799999e+02 -5.688799999e+02
3836 0 +8.873155366e-08 -5.688799999e+02 -5.688799999e+02
3841 0 +5.329468422e-08 -5.688799999e+02 -5.688799999e+02
3862 0 +2.472461347e-08 -5.688800000e+02 -5.688800000e+02
3883 0 +1.331113708e-08 -5.688800000e+02 -5.688800000e+02
3902 0 +1.239413905e-08 -5.688800000e+02 -5.688800000e+02
3904 0 +6.695813681e-09 -5.688800000e+02 -5.688800000e+02
200004 0 +7.173639460e-11 -5.688800000e+02 -5.688800000e+02
% f evaluations | g evaluations | best noise-free fitness - Fopt (2.069000000000e+01) + sum g_i+ | measured fitness | best measured fitness or single-digit g-values | x1 | x2...
1 0 +9.932977620e+06 +9.932998310e+06 +9.932998310e+06
2 0 +6.450432942e+06 +6.450453632e+06 +6.450453632e+06
7 0 +3.053080602e+06 +3.053101292e+06 +3.053101292e+06
14 0 +2.585550448e+06 +2.585571138e+06 +2.585571138e+06
29 0 +2.392558591e+06 +2.392579281e+06 +2.392579281e+06
52 0 +1.690784412e+06 +1.690805102e+06 +1.690805102e+06
60 0 +1.406181184e+06 +1.406201874e+06 +1.406201874e+06
68 0 +1.307226130e+06 +1.307246820e+06 +1.307246820e+06
75 0 +7.430348147e+05 +7.430555047e+05 +7.430555047e+05
89 0 +6.135371852e+05 +6.135578752e+05 +6.135578752e+05
106 0 +5.644320878e+05 +5.644527778e+05 +5.644527778e+05
163 0 +4.659448387e+05 +4.659655287e+05 +4.659655287e+05
184 0 +2.353390332e+05 +2.353597232e+05 +2.353597232e+05
226 0 +1.368462985e+05 +1.368669885e+05 +1.368669885e+05
310 0 +1.244926226e+05 +1.245133126e+05 +1.245133126e+05
352 0 +1.073652640e+05 +1.073859540e+05 +1.073859540e+05
499 0 +9.916899631e+04 +9.918968631e+04 +9.918968631e+04
667 0 +8.709132766e+04 +8.711201766e+04 +8.711201766e+04
1957 0 +7.872200983e+04 +7.874269983e+04 +7.874269983e+04
1978 0 +6.688764906e+04 +6.690833906e+04 +6.690833906e+04
2266 0 +5.988728817e+04 +5.990797817e+04 +5.990797817e+04
2287 0 +5.166959614e+04 +5.169028614e+04 +5.169028614e+04
2308 0 +4.382667166e+04 +4.384736166e+04 +4.384736166e+04
2329 0 +2.535003739e+04 +2.537072739e+04 +2.537072739e+04
2392 0 +2.366880530e+04 +2.368949530e+04 +2.368949530e+04
2413 0 +2.047575890e+04 +2.049644890e+04 +2.049644890e+04
2434 0 +1.643936062e+04 +1.646005062e+04 +1.646005062e+04
2539 0 +1.528606991e+04 +1.530675991e+04 +1.530675991e+04
2644 0 +1.402014948e+04 +1.404083948e+04 +1.404083948e+04
4060 0 +1.111030212e+04 +1.113099212e+04 +1.113099212e+04
4474 0 +9.588023683e+03 +9.608713683e+03 +9.608713683e+03
4558 0 +8.822116503e+03 +8.842806503e+03 +8.842806503e+03
4600 0 +7.677767519e+03 +7.698457519e+03 +7.698457519e+03
4621 0 +6.713139193e+03 +6.733829193e+03 +6.733829193e+03
4642 0 +5.194358291e+03 +5.215048291e+03 +5.215048291e+03
4663 0 +3.923157641e+03 +3.943847641e+03 +3.943847641e+03
4684 0 +2.698784009e+03 +2.719474009e+03 +2.719474009e+03
4705 0 +1.642007479e+03 +1.662697479e+03 +1.662697479e+03
6682 0 +1.490711906e+03 +1.511401906e+03 +1.511401906e+03
6724 0 +1.016332693e+03 +1.037022693e+03 +1.037022693e+03
6745 0 +5.387051624e+02 +5.593951624e+02 +5.593951624e+02
6808 0 +4.651030332e+02 +4.857930332e+02 +4.857930332e+02
6829 0 +3.516473454e+02 +3.723373454e+02 +3.723373454e+02
6850 0 +1.973258392e+02 +2.180158392e+02 +2.180158392e+02
6871 0 +1.649252720e+02 +1.856152720e+02 +1.856152720e+02
6892 0 +1.151826097e+02 +1.358726097e+02 +1.358726097e+02
6913 0 +5.276235854e+01 +7.345235854e+01 +7.345235854e+01
6934 0 +3.217333403e+01 +5.286333403e+01 +5.286333403e+01
6955 0 +1.539561605e+01 +3.608561605e+01 +3.608561605e+01
6976 0 +7.007117149e+00 +2.769711715e+01 +2.769711715e+01
6997 0 +3.652839893e+00 +2.434283989e+01 +2.434283989e+01
7039 0 +2.669023546e+00 +2.335902355e+01 +2.335902355e+01
7060 0 +2.303888567e+00 +2.299388857e+01 +2.299388857e+01
7081 0 +1.747098362e+00 +2.243709836e+01 +2.243709836e+01
7102 0 +1.185991026e+00 +2.187599103e+01 +2.187599103e+01
7123 0 +9.400227756e-01 +2.163002278e+01 +2.163002278e+01
7144 0 +7.824759695e-01 +2.147247597e+01 +2.147247597e+01
7165 0 +6.574610490e-01 +2.134746105e+01 +2.134746105e+01
7186 0 +6.088525162e-01 +2.129885252e+01 +2.129885252e+01
7228 0 +5.570661959e-01 +2.124706620e+01 +2.124706620e+01
7249 0 +4.561854334e-01 +2.114618543e+01 +2.114618543e+01
7270 0 +4.274686645e-01 +2.111746866e+01 +2.111746866e+01
7312 0 +3.937269542e-01 +2.108372695e+01 +2.108372695e+01
7417 0 +3.517978561e-01 +2.104179786e+01 +2.104179786e+01
7438 0 +2.886246348e-01 +2.097862463e+01 +2.097862463e+01
7459 0 +2.258152209e-01 +2.091581522e+01 +2.091581522e+01
7480 0 +1.735450818e-01 +2.086354508e+01 +2.086354508e+01
7501 0 +1.391298405e-01 +2.082912984e+01 +2.082912984e+01
7522 0 +8.518807373e-02 +2.077518807e+01 +2.077518807e+01
7543 0 +6.399002612e-02 +2.075399003e+01 +2.075399003e+01
7564 0 +4.227992464e-02 +2.073227992e+01 +2.073227992e+01
7585 0 +2.586877589e-02 +2.071586878e+01 +2.071586878e+01
7606 0 +1.500318075e-02 +2.070500318e+01 +2.070500318e+01
7627 0 +6.641978043e-03 +2.069664198e+01 +2.069664198e+01
7648 0 +2.403061404e-03 +2.069240306e+01 +2.069240306e+01
7669 0 +6.509582640e-04 +2.069065096e+01 +2.069065096e+01
7690 0 +3.426138729e-04 +2.069034261e+01 +2.069034261e+01
7711 0 +1.360055659e-04 +2.069013601e+01 +2.069013601e+01
7732 0 +4.205102785e-05 +2.069004205e+01 +2.069004205e+01
7795 0 +3.871651361e-05 +2.069003872e+01 +2.069003872e+01
7816 0 +3.028118304e-05 +2.069003028e+01 +2.069003028e+01
7837 0 +1.473659301e-05 +2.069001474e+01 +2.069001474e+01
7858 0 +7.763277807e-06 +2.069000776e+01 +2.069000776e+01
7879 0 +5.224923704e-06 +2.069000522e+01 +2.069000522e+01
7900 0 +2.473201057e-06 +2.069000247e+01 +2.069000247e+01
7921 0 +7.398538528e-07 +2.069000074e+01 +2.069000074e+01
7942 0 +4.120545043e-07 +2.069000041e+01 +2.069000041e+01
7963 0 +1.700592023e-07 +2.069000017e+01 +2.069000017e+01
7984 0 +6.071813985e-08 +2.069000006e+01 +2.069000006e+01
8026 0 +2.925828113e-08 +2.069000003e+01 +2.069000003e+01
8047 0 +1.676095351e-08 +2.069000002e+01 +2.069000002e+01
8068 0 +6.210726156e-09 +2.069000001e+01 +2.069000001e+01
200113 0 +8.358469472e-11 +2.069000000e+01 +2.069000000e+01
% f evaluations | g evaluations | best noise-free fitness - Fopt (5.616700000000e+02) + sum g_i+ | measured fitness | best measured fitness or single-digit g-values | x1 | x2...
1 0 +1.613661602e+07 +1.613717769e+07 +1.613717769e+07
2 0 +5.301242784e+06 +5.301804454e+06 +5.301804454e+06
23 0 +4.443496926e+06 +4.444058596e+06 +4.444058596e+06
26 0 +3.254845862e+06 +3.255407532e+06 +3.255407532e+06
34 0 +2.953397301e+06 +2.953958971e+06 +2.953958971e+06
37 0 +1.552139594e+06 +1.552701264e+06 +1.552701264e+06
49 0 +1.289506356e+06 +1.290068026e+06 +1.290068026e+06
62 0 +8.415975238e+05 +8.421591938e+05 +8.421591938e+05
87 0 +5.105583564e+05 +5.111200264e+05 +5.111200264e+05
142 0 +3.063612678e+05 +3.069229378e+05 +3.069229378e+05
163 0 +1.740038428e+05 +1.745655128e+05 +1.745655128e+05
205 0 +1.394913195e+05 +1.400529895e+05 +1.400529895e+05
268 0 +1.198338580e+05 +1.203955280e+05 +1.203955280e+05
289 0 +9.652768607e+04 +9.708935607e+04 +9.708935607e+04
310 0 +7.306602990e+04 +7.362769990e+04 +7.362769990e+04
352 0 +5.702267154e+04 +5.758434154e+04 +5.758434154e+04
373 0 +4.971859950e+04 +5.028026950e+04 +5.028026950e+04
415 0 +4.157690628e+04 +4.213857628e+04 +4.213857628e+04
478 0 +3.842845603e+04 +3.899012603e+04 +3.899012603e+04
520 0 +3.506792895e+04 +3.562959895e+04 +3.562959895e+04
541 0 +3.112310761e+04 +3.168477761e+04 +3.168477761e+04
562 0 +2.582814588e+04 +2.638981588e+04 +2.638981588e+04
1831 0 +2.156053774e+04 +2.212220774e+04 +2.212220774e+04
1852 0 +1.586232047e+04 +1.642399047e+04 +1.642399047e+04
4033 0 +1.458100048e+04 +1.514267048e+04 +1.514267048e+04
4075 0 +1.401682337e+04 +1.457849337e+04 +1.457849337e+04
4117 0 +1.000625750e+04 +1.056792750e+04 +1.056792750e+04
4159 0 +8.214630304e+03 +8.776300304e+03 +8.776300304e+03
4222 0 +7.612435369e+03 +8.174105369e+03 +8.174105369e+03
4243 0 +6.411479247e+03 +6.973149247e+03 +6.973149247e+03
4264 0 +5.057414048e+03 +5.619084048e+03 +5.619084048e+03
4285 0 +3.656311211e+03 +4.217981211e+03 +4.217981211e+03
4327 0 +3.246525458e+03 +3.808195458e+03 +3.808195458e+03
4348 0 +2.676390434e+03 +3.238060434e+03 +3.238060434e+03
4369 0 +2.487898552e+03 +3.049568552e+03 +3.049568552e+03
4390 0 +2.123568297e+03 +2.685238297e+03 +2.685238297e+03
4411 0 +1.924686297e+03 +2.486356297e+03 +2.486356297e+03
4432 0 +1.273557634e+03 +1.835227634e+03 +1.835227634e+03
4453 0 +9.769938876e+02 +1.538663888e+03 +1.538663888e+03
4474 0 +6.579391290e+02 +1.219609129e+03 +1.219609129e+03
4495 0 +6.164132763e+02 +1.178083276e+03 +1.178083276e+03
4516 0 +5.450759887e+02 +1.106745989e+03 +1.106745989e+03
4537 0 +4.590710013e+02 +1.020741001e+03 +1.020741001e+03
4558 0 +2.677558599e+02 +8.294258599e+02 +8.294258599e+02
4600 0 +2.397479031e+02 +8.014179031e+02 +8.014179031e+02
4621 0 +1.922386472e+02 +7.539086472e+02 +7.539086472e+02
4642 0 +1.420254576e+02 +7.036954576e+02 +7.036954576e+02
4663 0 +8.598661741e+01 +6.476566174e+02 +6.476566174e+02
4684 0 +4.759106766e+01 +6.092610677e+02 +6.092610677e+02
4705 0 +3.759283378e+01 +5.992628338e+02 +5.992628338e+02
4726 0 +2.749081852e+01 +5.891608185e+02 +5.891608185e+02
4747 0 +2.211882105e+01 +5.837888210e+02 +5.837888210e+02
4789 0 +1.548380016e+01 +5.771538002e+02 +5.771538002e+02
4810 0 +1.301640724e+01 +5.746864072e+02 +5.746864072e+02
4831 0 +9.373270021e+00 +5.710432700e+02 +5.710432700e+02
4852 0 +5.613281448e+00 +5.672832814e+02 +5.672832814e+02
4873 0 +3.937637538e+00 +5.656076375e+02 +5.656076375e+02
4894 0 +3.116619328e+00 +5.647866193e+02 +5.647866193e+02
4915 0 +2.438563341e+00 +5.641085633e+02 +5.641085633e+02
4936 0 +1.534104176e+00 +5.632041042e+02 +5.632041042e+02
4957 0 +9.544879023e-01 +5.626244879e+02 +5.626244879e+02
4978 0 +8.559092846e-01 +5.625259093e+02 +5.625259093e+02
4999 0 +7.489255679e-01 +5.624189256e+02 +5.624189256e+02
5020 0 +4.456291781e-01 +5.621156292e+02 +5.621156292e+02
5062 0 +3.455028457e-01 +5.620155028e+02 +5.620155028e+02
5083 0 +2.506031729e-01 +5.619206032e+02 +5.619206032e+02
5104 0 +2.166790653e-01 +5.618866791e+02 +5.618866791e+02
5125 0 +1.615580289e-01 +5.618315580e+02 +5.618315580e+02
5146 0 +1.092659804e-01 +5.617792660e+02 +5.617792660e+02
5167 0 +7.954099162e-02 +5.617495410e+02 +5.617495410e+02
5188 0 +7.094511408e-02 +5.617409451e+02 +5.617409451e+02
5209 0 +6.504703080e-02 +5.617350470e+02 +5.617350470e+02
5230 0 +6.008175927e-02 +5.617300818e+02 +5.617300818e+02
5251 0 +5.434143994e-02 +5.617243414e+02 +5.617243414e+02
5272 0 +4.901289503e-02 +5.617190129e+02 +5.617190129e+02
5314 0 +3.821384644e-02 +5.617082138e+02 +5.617082138e+02
5335 0 +2.838685314e-02 +5.616983869e+02 +5.616983869e+02
5356 0 +2.501726624e-02 +5.616950173e+02 +5.616950173e+02
5377 0 +2.069514726e-02 +5.616906951e+02 +5.616906951e+02
5398 0 +1.619905217e-02 +5.616861991e+02 +5.616861991e+02
5419 0 +1.235559870e-02 +5.616823556e+02 +5.616823556e+02
5440 0 +1.027072958e-02 +5.616802707e+02 +5.616802707e+02
5461 0 +7.487675643e-03 +5.616774877e+02 +5.616774877e+02
5482 0 +5.825978998e-03 +5.616758260e+02 +5.616758260e+02
5503 0 +4.301859476e-03 +5.616743019e+02 +5.616743019e+02
5524 0 +2.296977600e-03 +5.616722970e+02 +5.616722970e+02
5545 0 +1.693032347e-03 +5.616716930e+02 +5.616716930e+02
5566 0 +1.428287863e-03 +5.616714283e+02 +5.616714283e+02
5587 0 +5.819709810e-04 +5.616705820e+02 +5.616705820e+02
5629 0 +4.809772383e-04 +5.616704810e+02 +5.616704810e+02
5671 0 +3.869523075e-04 +5.616703870e+02 +5.616703870e+02
5692 0 +2.939731605e-04 +5.616702940e+02 +5.616702940e+02
5713 0 +1.607827425e-04 +5.616701608e+02 +5.616701608e+02
5734 0 +7.462431040e-05 +5.616700746e+02 +5.616700746e+02
5755 0 +2.646366556e-05 +5.616700265e+02 +5.616700265e+02
5776 0 +1.079231708e-05 +5.616700108e+02 +5.616700108e+02
5797 0 +5.113399880e-06 +5.616700051e+02 +5.616700051e+02
5818 0 +9.845485920e-07 +5.616700010e+02 +5.616700010e+02
5839 0 +4.066791917e-07 +5.616700004e+02 +5.616700004e+02
5860 0 +2.370707080e-07 +5.616700002e+02 +5.616700002e+02
5881 0 +1.333911541e-07 +5.616700001e+02 +5.616700001e+02
5902 0 +5.009349024e-08 +5.616700001e+02 +5.616700001e+02
5923 0 +1.937348770e-08 +5.616700000e+02 +5.616700000e+02
5944 0 +1.043213160e-08 +5.616700000e+02 +5.616700000e+02
5965 0 +3.841250873e-09 +5.616700000e+02 +5.616700000e+02
200050 0 +7.662492862e-11 +5.616700000e+02 +5.616700000e+02
