% f evaluations | g evaluations | best noise-free fitness - Fopt (1.238300000000e+02) + sum g_i+ | measured fitness | best measured fitness or single-digit g-values | x1 | x2...
1 0 +1.635005733e+03 +1.758835733e+03 +1.758835733e+03
3 0 +1.404206321e+03 +1.528036321e+03 +1.528036321e+03
6 0 +9.899270677e+02 +1.113757068e+03 +1.113757068e+03
18 0 +1.642593069e+02 +2.880893069e+02 +2.880893069e+02
63 0 +1.134984155e+02 +2.373284155e+02 +2.373284155e+02
112 0 +3.471181696e+01 +1.585418170e+02 +1.585418170e+02
134 0 +1.650563963e+01 +1.403356396e+02 +1.403356396e+02
156 0 +1.246427119e+01 +1.362942712e+02 +1.362942712e+02
178 0 +1.057901728e+01 +1.344090173e+02 +1.344090173e+02
222 0 +9.857531343e+00 +1.336875313e+02 +1.336875313e+02
442 0 +8.854669383e+00 +1.326846694e+02 +1.326846694e+02
497 0 +7.892886700e+00 +1.317228867e+02 +1.317228867e+02
552 0 +6.952840574e+00 +1.307828406e+02 +1.307828406e+02
596 0 +6.059282967e+00 +1.298892830e+02 +1.298892830e+02
618 0 +5.288044448e+00 +1.291180444e+02 +1.291180444e+02
640 0 +4.889185497e+00 +1.287191855e+02 +1.287191855e+02
662 0 +4.463853159e+00 +1.282938532e+02 +1.282938532e+02
1875 0 +3.980428949e+00 +1.278104289e+02 +1.278104289e+02
1908 0 +3.281604046e+00 +1.271116040e+02 +1.271116040e+02
1919 0 +3.038170368e+00 +1.268681704e+02 +1.268681704e+02
1930 0 +2.732645329e+00 +1.265626453e+02 +1.265626453e+02
1941 0 +2.370357676e+00 +1.262003577e+02 +1.262003577e+02
1952 0 +2.049342827e+00 +1.258793428e+02 +1.258793428e+02
1974 0 +1.840283748e+00 +1.256702837e+02 +1.256702837e+02
1985 0 +1.555369404e+00 +1.253853694e+02 +1.253853694e+02
1996 0 +1.310585088e+00 +1.251405851e+02 +1.251405851e+02
2018 0 +1.203435834e+00 +1.250334358e+02 +1.250334358e+02
2029 0 +1.025342226e+00 +1.248553422e+02 +1.248553422e+02
2040 0 +7.649133286e-01 +1.245949133e+02 +1.245949133e+02
2062 0 +6.363086113e-01 +1.244663086e+02 +1.244663086e+02
2073 0 +4.562556881e-01 +1.242862557e+02 +1.242862557e+02
2084 0 +4.428881062e-01 +1.242728881e+02 +1.242728881e+02
2095 0 +3.708834345e-01 +1.242008834e+02 +1.242008834e+02
2106 0 +2.561352387e-01 +1.240861352e+02 +1.240861352e+02
2128 0 +1.926461648e-01 +1.240226462e+02 +1.240226462e+02
2139 0 +1.215346625e-01 +1.239515347e+02 +1.239515347e+02
2150 0 +6.853670277e-02 +1.238985367e+02 +1.238985367e+02
2161 0 +3.203891129e-02 +1.238620389e+02 +1.238620389e+02
2183 0 +2.307562915e-02 +1.238530756e+02 +1.238530756e+02
2194 0 +1.262907426e-02 +1.238426291e+02 +1.238426291e+02
2205 0 +6.265144448e-03 +1.238362651e+02 +1.238362651e+02
2216 0 +1.853606547e-03 +1.238318536e+02 +1.238318536e+02
2238 0 +5.156214956e-04 +1.238305156e+02 +1.238305156e+02
2249 0 +1.309496725e-04 +1.238301309e+02 +1.238301309e+02
2260 0 +7.362232012e-06 +1.238300074e+02 +1.238300074e+02
2271 0 +5.456966079e-07 +1.238300005e+02 +1.238300005e+02
2282 0 +3.379179248e-08 +1.238300000e+02 +1.238300000e+02
2293 0 +1.221920343e-09 +1.238300000e+02 +1.238300000e+02
61636 0 +8.668621376e-13 +1.238300000e+02 +1.238300000e+02
64382 0 +0.000000000e+00 +1.238300000e+02 +1.238300000e+02
100072 0 +0.000000000e+00 +1.238300000e+02 +1.238300000e+02
% f evaluations | g evaluations | best noise-free fitness - Fopt (4.751000000000e+01) + sum g_i+ | measured fitness | best measured fitness or single-digit g-values | x1 | x2...
1 0 +6.001768565e+03 +6.049278565e+03 +6.049278565e+03
3 0 +2.929675765e+03 +2.977185765e+03 +2.977185765e+03
6 0 +1.900092957e+03 +1.947602957e+03 +1.947602957e+03
8 0 +6.775477452e+02 +7.250577452e+02 +7.250577452e+02
18 0 +3.298089980e+02 +3.773189980e+02 +3.773189980e+02
54 0 +1.489978000e+02 +1.965078000e+02 +1.965078000e+02
83 0 +8.052813861e+01 +1.280381386e+02 +1.280381386e+02
101 0 +4.900760889e+01 +9.651760889e+01 +9.651760889e+01
112 0 +4.304059861e+01 +9.055059861e+01 +9.055059861e+01
123 0 +3.558709881e+01 +8.309709881e+01 +8.309709881e+01
145 0 +3.443378173e+01 +8.194378173e+01 +8.194378173e+01
167 0 +2.975489371e+01 +7.726489371e+01 +7.726489371e+01
178 0 +2.426757430e+01 +7.177757430e+01 +7.177757430e+01
189 0 +1.577974596e+01 +6.328974596e+01 +6.328974596e+01
211 0 +1.095554168e+01 +5.846554168e+01 +5.846554168e+01
233 0 +9.241128782e+00 +5.675112878e+01 +5.675112878e+01
266 0 +8.754852363e+00 +5.626485236e+01 +5.626485236e+01
277 0 +7.740475338e+00 +5.525047534e+01 +5.525047534e+01
321 0 +6.788085336e+00 +5.429808534e+01 +5.429808534e+01
343 0 +6.159224517e+00 +5.366922452e+01 +5.366922452e+01
376 0 +5.484685479e+00 +5.299468548e+01 +5.299468548e+01
420 0 +4.773460806e+00 +5.228346081e+01 +5.228346081e+01
431 0 +4.364598249e+00 +5.187459825e+01 +5.187459825e+01
442 0 +3.877248705e+00 +5.138724871e+01 +5.138724871e+01
475 0 +3.331915091e+00 +5.084191509e+01 +5.084191509e+01
486 0 +3.044704165e+00 +5.055470416e+01 +5.055470416e+01
497 0 +2.682284444e+00 +5.019228444e+01 +5.019228444e+01
508 0 +2.369380252e+00 +4.987938025e+01 +4.987938025e+01
519 0 +2.109719328e+00 +4.961971933e+01 +4.961971933e+01
530 0 +1.806356043e+00 +4.931635604e+01 +4.931635604e+01
552 0 +1.659839695e+00 +4.916983969e+01 +4.916983969e+01
563 0 +1.443904067e+00 +4.895390407e+01 +4.895390407e+01
574 0 +1.142162363e+00 +4.865216236e+01 +4.865216236e+01
585 0 +8.965486188e-01 +4.840654862e+01 +4.840654862e+01
596 0 +6.657276681e-01 +4.817572767e+01 +4.817572767e+01
607 0 +4.563214505e-01 +4.796632145e+01 +4.796632145e+01
618 0 +4.047212500e-01 +4.791472125e+01 +4.791472125e+01
629 0 +3.221424805e-01 +4.783214248e+01 +4.783214248e+01
640 0 +2.365437715e-01 +4.774654377e+01 +4.774654377e+01
651 0 +2.015802626e-01 +4.771158026e+01 +4.771158026e+01
662 0 +1.441245897e-01 +4.765412459e+01 +4.765412459e+01
673 0 +7.915912298e-02 +4.758915912e+01 +4.758915912e+01
706 0 +5.251120488e-02 +4.756251120e+01 +4.756251120e+01
717 0 +1.590213288e-02 +4.752590213e+01 +4.752590213e+01
728 0 +1.509633969e-02 +4.752509634e+01 +4.752509634e+01
739 0 +9.696889359e-03 +4.751969689e+01 +4.751969689e+01
750 0 +7.915988089e-03 +4.751791599e+01 +4.751791599e+01
761 0 +5.928566941e-03 +4.751592857e+01 +4.751592857e+01
772 0 +2.876840850e-03 +4.751287684e+01 +4.751287684e+01
783 0 +4.508016669e-04 +4.751045080e+01 +4.751045080e+01
794 0 +6.486061120e-05 +4.751006486e+01 +4.751006486e+01
805 0 +6.088618349e-06 +4.751000609e+01 +4.751000609e+01
816 0 +5.171944935e-07 +4.751000052e+01 +4.751000052e+01
827 0 +8.418709285e-09 +4.751000001e+01 +4.751000001e+01
59531 0 +9.876544027e-13 +4.751000000e+01 +4.751000000e+01
62872 0 +0.000000000e+00 +4.751000000e+01 +4.751000000e+01
100454 0 +0.000000000e+00 +4.751000000e+01 +4.751000000e+01
% f evaluations | g evaluations | best noise-free fitness - Fopt (5.534000000000e+01) + sum g_i+ | measured fitness | best measured fitness or single-digit g-values | x1 | x2...
1 0 +4.059396759e+03 +4.114736759e+03 +4.114736759e+03
3 0 +1.128986510e+03 +1.184326510e+03 +1.184326510e+03
8 0 +6.117191074e+02 +6.670591074e+02 +6.670591074e+02
17 0 +3.178745918e+02 +3.732145918e+02 +3.732145918e+02
38 0 +3.082024488e+02 +3.635424488e+02 +3.635424488e+02
60 0 +2.458414378e+02 +3.011814378e+02 +3.011814378e+02
90 0 +1.442138064e+02 +1.995538064e+02 +1.995538064e+02
101 0 +1.303264598e+02 +1.856664598e+02 +1.856664598e+02
112 0 +5.385855186e+01 +1.091985519e+02 +1.091985519e+02
134 0 +3.392734978e+01 +8.926734978e+01 +8.926734978e+01
156 0 +2.301353097e+01 +7.835353097e+01 +7.835353097e+01
178 0 +2.034598970e+01 +7.568598970e+01 +7.568598970e+01
200 0 +1.978033487e+01 +7.512033487e+01 +7.512033487e+01
222 0 +1.675565680e+01 +7.209565680e+01 +7.209565680e+01
244 0 +1.521228903e+01 +7.055228903e+01 +7.055228903e+01
266 0 +1.240151736e+01 +6.774151736e+01 +6.774151736e+01
277 0 +1.063646315e+01 +6.597646315e+01 +6.597646315e+01
288 0 +8.272005400e+00 +6.361200540e+01 +6.361200540e+01
299 0 +7.773253654e+00 +6.311325365e+01 +6.311325365e+01
343 0 +7.006407020e+00 +6.234640702e+01 +6.234640702e+01
365 0 +6.067297271e+00 +6.140729727e+01 +6.140729727e+01
398 0 +5.611373639e+00 +6.095137364e+01 +6.095137364e+01
420 0 +4.979356799e+00 +6.031935680e+01 +6.031935680e+01
442 0 +4.466510773e+00 +5.980651077e+01 +5.980651077e+01
464 0 +3.747077593e+00 +5.908707759e+01 +5.908707759e+01
486 0 +3.414158810e+00 +5.875415881e+01 +5.875415881e+01
497 0 +3.082843841e+00 +5.842284384e+01 +5.842284384e+01
530 0 +2.662522070e+00 +5.800252207e+01 +5.800252207e+01
541 0 +2.422186266e+00 +5.776218627e+01 +5.776218627e+01
552 0 +2.075384823e+00 +5.741538482e+01 +5.741538482e+01
563 0 +1.730344071e+00 +5.707034407e+01 +5.707034407e+01
585 0 +1.472245848e+00 +5.681224585e+01 +5.681224585e+01
596 0 +1.201622765e+00 +5.654162277e+01 +5.654162277e+01
607 0 +9.364876952e-01 +5.627648770e+01 +5.627648770e+01
618 0 +8.594628964e-01 +5.619946290e+01 +5.619946290e+01
629 0 +7.412148401e-01 +5.608121484e+01 +5.608121484e+01
640 0 +5.727040288e-01 +5.591270403e+01 +5.591270403e+01
651 0 +4.251951411e-01 +5.576519514e+01 +5.576519514e+01
662 0 +2.851815431e-01 +5.562518154e+01 +5.562518154e+01
684 0 +2.274757140e-01 +5.556747571e+01 +5.556747571e+01
695 0 +1.510051666e-01 +5.549100517e+01 +5.549100517e+01
706 0 +1.017239840e-01 +5.544172398e+01 +5.544172398e+01
717 0 +5.493153697e-02 +5.539493154e+01 +5.539493154e+01
739 0 +4.296074297e-02 +5.538296074e+01 +5.538296074e+01
750 0 +2.503751854e-02 +5.536503752e+01 +5.536503752e+01
761 0 +1.080247746e-02 +5.535080248e+01 +5.535080248e+01
772 0 +4.206400352e-03 +5.534420640e+01 +5.534420640e+01
783 0 +8.407874450e-04 +5.534084079e+01 +5.534084079e+01
805 0 +3.169161598e-04 +5.534031692e+01 +5.534031692e+01
816 0 +1.383705015e-04 +5.534013837e+01 +5.534013837e+01
827 0 +7.544286376e-06 +5.534000754e+01 +5.534000754e+01
838 0 +7.665419801e-07 +5.534000077e+01 +5.534000077e+01
849 0 +2.792373976e-08 +5.534000003e+01 +5.534000003e+01
860 0 +6.543601216e-10 +5.534000000e+01 +5.534000000e+01
58224 0 +4.334310688e-13 +5.534000000e+01 +5.534000000e+01
63294 0 +0.000000000e+00 +5.534000000e+01 +5.534000000e+01
100396 0 +0.000000000e+00 +5.534000000e+01 +5.534000000e+01
% f evaluations | g evaluations | best noise-free fitness - Fopt (-9.033000000000e+01) + sum g_i+ | measured fitness | best measured fitness or single-digit g-values | x1 | x2...
1 0 +4.430305690e+03 +4.339975690e+03 +4.339975690e+03
2 0 +3.357814931e+03 +3.267484931e+03 +3.267484931e+03
3 0 +2.903545755e+02 +2.000245755e+02 +2.000245755e+02
48 0 +1.955820470e+02 +1.052520470e+02 +1.052520470e+02
98 0 +9.043470104e+01 +1.047010431e-01 +1.047010431e-01
101 0 +8.116000296e+01 -9.169997042e+00 -9.169997042e+00
123 0 +5.648940897e+01 -3.384059103e+01 -3.384059103e+01
134 0 +5.032775253e+01 -4.000224747e+01 -4.000224747e+01
145 0 +3.865424124e+01 -5.167575876e+01 -5.167575876e+01
156 0 +2.101644637e+01 -6.931355363e+01 -6.931355363e+01
178 0 +1.951513550e+01 -7.081486450e+01 -7.081486450e+01
189 0 +1.754602808e+01 -7.278397192e+01 -7.278397192e+01
200 0 +1.465199446e+01 -7.567800554e+01 -7.567800554e+01
233 0 +1.396286233e+01 -7.636713767e+01 -7.636713767e+01
277 0 +1.225037838e+01 -7.807962162e+01 -7.807962162e+01
288 0 +1.110153447e+01 -7.922846553e+01 -7.922846553e+01
299 0 +9.260852381e+00 -8.106914762e+01 -8.106914762e+01
310 0 +8.307663164e+00 -8.202233684e+01 -8.202233684e+01
343 0 +7.914632845e+00 -8.241536715e+01 -8.241536715e+01
398 0 +7.039071137e+00 -8.329092886e+01 -8.329092886e+01
442 0 +5.977677183e+00 -8.435232282e+01 -8.435232282e+01
453 0 +5.539117470e+00 -8.479088253e+01 -8.479088253e+01
508 0 +4.882872200e+00 -8.544712780e+01 -8.544712780e+01
530 0 +4.382479922e+00 -8.594752008e+01 -8.594752008e+01
541 0 +3.935078395e+00 -8.639492161e+01 -8.639492161e+01
574 0 +3.516231660e+00 -8.681376834e+01 -8.681376834e+01
596 0 +2.833534247e+00 -8.749646575e+01 -8.749646575e+01
607 0 +2.536199481e+00 -8.779380052e+01 -8.779380052e+01
618 0 +2.201383444e+00 -8.812861656e+01 -8.812861656e+01
629 0 +1.745200932e+00 -8.858479907e+01 -8.858479907e+01
662 0 +1.472739351e+00 -8.885726065e+01 -8.885726065e+01
673 0 +1.241975363e+00 -8.908802464e+01 -8.908802464e+01
684 0 +9.895972124e-01 -8.934040279e+01 -8.934040279e+01
706 0 +8.156314648e-01 -8.951436854e+01 -8.951436854e+01
717 0 +6.110286266e-01 -8.971897137e+01 -8.971897137e+01
728 0 +4.768988851e-01 -8.985310111e+01 -8.985310111e+01
739 0 +3.546000010e-01 -8.997540000e+01 -8.997540000e+01
761 0 +2.965181948e-01 -9.003348181e+01 -9.003348181e+01
772 0 +2.044693524e-01 -9.012553065e+01 -9.012553065e+01
783 0 +1.243635268e-01 -9.020563647e+01 -9.020563647e+01
794 0 +7.923126167e-02 -9.025076874e+01 -9.025076874e+01
805 0 +5.290894494e-02 -9.027709106e+01 -9.027709106e+01
816 0 +4.397343692e-02 -9.028602656e+01 -9.028602656e+01
838 0 +2.864736397e-02 -9.030135264e+01 -9.030135264e+01
849 0 +1.993691599e-02 -9.031006308e+01 -9.031006308e+01
860 0 +1.220985412e-02 -9.031779015e+01 -9.031779015e+01
871 0 +6.179937190e-03 -9.032382006e+01 -9.032382006e+01
893 0 +2.870663008e-03 -9.032712934e+01 -9.032712934e+01
904 0 +7.913790836e-04 -9.032920862e+01 -9.032920862e+01
915 0 +1.918873432e-04 -9.032980811e+01 -9.032980811e+01
926 0 +3.982378580e-05 -9.032996018e+01 -9.032996018e+01
937 0 +1.172111686e-05 -9.032998828e+01 -9.032998828e+01
948 0 +1.275150481e-06 -9.032999872e+01 -9.032999872e+01
959 0 +1.283595736e-07 -9.032999987e+01 -9.032999987e+01
970 0 +6.402146369e-09 -9.032999999e+01 -9.032999999e+01
42187 0 +8.952838471e-13 -9.033000000e+01 -9.033000000e+01
49334 0 +0.000000000e+00 -9.033000000e+01 -9.033000000e+01
100077 0 +0.000000000e+00 -9.033000000e+01 -9.033000000e+01
% f evaluations | g evaluations | best noise-free fitness - Fopt (6.561000000000e+01) + sum g_i+ | measured fitness | best measured fitness or single-digit g-values | x1 | x2...
1 0 +1.731733522e+03 +1.797343522e+03 +1.797343522e+03
3 0 +5.384702434e+02 +6.040802434e+02 +6.040802434e+02
17 0 +3.676642608e+02 +4.332742608e+02 +4.332742608e+02
33 0 +2.755462127e+02 +3.411562127e+02 +3.411562127e+02
47 0 +1.719914228e+02 +2.376014228e+02 +2.376014228e+02
83 0 +1.393141651e+02 +2.049241651e+02 +2.049241651e+02
93 0 +1.220194071e+02 +1.876294071e+02 +1.876294071e+02
98 0 +1.031233035e+02 +1.687333035e+02 +1.687333035e+02
101 0 +7.562869544e+01 +1.412386954e+02 +1.412386954e+02
123 0 +4.092901735e+01 +1.065390173e+02 +1.065390173e+02
134 0 +2.849557830e+01 +9.410557830e+01 +9.410557830e+01
156 0 +2.581630263e+01 +9.142630263e+01 +9.142630263e+01
178 0 +2.477409830e+01 +9.038409830e+01 +9.038409830e+01
200 0 +1.995338221e+01 +8.556338221e+01 +8.556338221e+01
211 0 +1.623530386e+01 +8.184530386e+01 +8.184530386e+01
244 0 +1.532488892e+01 +8.093488892e+01 +8.093488892e+01
266 0 +1.374907256e+01 +7.935907256e+01 +7.935907256e+01
288 0 +1.133383552e+01 +7.694383552e+01 +7.694383552e+01
299 0 +9.649798538e+00 +7.525979854e+01 +7.525979854e+01
420 0 +8.816323675e+00 +7.442632368e+01 +7.442632368e+01
464 0 +7.792705303e+00 +7.340270530e+01 +7.340270530e+01
519 0 +6.927022939e+00 +7.253702294e+01 +7.253702294e+01
552 0 +6.256076362e+00 +7.186607636e+01 +7.186607636e+01
596 0 +5.591274058e+00 +7.120127406e+01 +7.120127406e+01
629 0 +5.009031057e+00 +7.061903106e+01 +7.061903106e+01
695 0 +4.375658487e+00 +6.998565849e+01 +6.998565849e+01
1897 0 +3.862834726e+00 +6.947283473e+01 +6.947283473e+01
1908 0 +3.485662920e+00 +6.909566292e+01 +6.909566292e+01
1919 0 +3.075761646e+00 +6.868576165e+01 +6.868576165e+01
1952 0 +2.530197554e+00 +6.814019755e+01 +6.814019755e+01
1963 0 +2.250245150e+00 +6.786024515e+01 +6.786024515e+01
1974 0 +1.992340388e+00 +6.760234039e+01 +6.760234039e+01
1985 0 +1.738408048e+00 +6.734840805e+01 +6.734840805e+01
1996 0 +1.394565312e+00 +6.700456531e+01 +6.700456531e+01
2007 0 +1.108016497e+00 +6.671801650e+01 +6.671801650e+01
2029 0 +9.571543906e-01 +6.656715439e+01 +6.656715439e+01
2040 0 +7.376147822e-01 +6.634761478e+01 +6.634761478e+01
2051 0 +5.368539082e-01 +6.614685391e+01 +6.614685391e+01
2062 0 +4.868525231e-01 +6.609685252e+01 +6.609685252e+01
2073 0 +3.929153054e-01 +6.600291531e+01 +6.600291531e+01
2084 0 +2.374102080e-01 +6.584741021e+01 +6.584741021e+01
2106 0 +1.992255264e-01 +6.580922553e+01 +6.580922553e+01
2128 0 +1.603487405e-01 +6.577034874e+01 +6.577034874e+01
2139 0 +1.281254517e-01 +6.573812545e+01 +6.573812545e+01
2150 0 +7.861688584e-02 +6.568861689e+01 +6.568861689e+01
2172 0 +5.445491152e-02 +6.566445491e+01 +6.566445491e+01
2183 0 +2.375361758e-02 +6.563375362e+01 +6.563375362e+01
2194 0 +1.384393609e-02 +6.562384394e+01 +6.562384394e+01
2205 0 +4.992866812e-03 +6.561499287e+01 +6.561499287e+01
2216 0 +1.784153192e-03 +6.561178415e+01 +6.561178415e+01
2227 0 +4.530794303e-04 +6.561045308e+01 +6.561045308e+01
2238 0 +8.336202477e-05 +6.561008336e+01 +6.561008336e+01
2249 0 +7.955340152e-06 +6.561000796e+01 +6.561000796e+01
2260 0 +2.134373318e-07 +6.561000021e+01 +6.561000021e+01
2271 0 +1.749549483e-08 +6.561000002e+01 +6.561000002e+01
2282 0 +2.023270440e-09 +6.561000000e+01 +6.561000000e+01
57625 0 +8.384404282e-13 +6.561000000e+01 +6.561000000e+01
59769 0 +0.000000000e+00 +6.561000000e+01 +6.561000000e+01
100002 0 +0.000000000e+00 +6.561000000e+01 +6.561000000e+01
% f evaluations | g evaluations | best noise-free fitness - Fopt (9.348200000000e+02) + sum g_i+ | measured fitness | best measured fitness or single-digit g-values | x1 | x2...
1 0 +3.602849297e+03 +4.537669297e+03 +4.537669297e+03
2 0 +3.458000238e+03 +4.392820238e+03 +4.392820238e+03
3 0 +7.517703695e+02 +1.686590370e+03 +1.686590370e+03
18 0 +6.318733937e+02 +1.566693394e+03 +1.566693394e+03
31 0 +2.470071883e+02 +1.181827188e+03 +1.181827188e+03
43 0 +1.920297086e+02 +1.126849709e+03 +1.126849709e+03
88 0 +1.759818026e+02 +1.110801803e+03 +1.110801803e+03
98 0 +1.021509373e+02 +1.036970937e+03 +1.036970937e+03
123 0 +8.570614303e+01 +1.020526143e+03 +1.020526143e+03
134 0 +6.231839930e+01 +9.971383993e+02 +9.971383993e+02
156 0 +5.347363717e+01 +9.882936372e+02 +9.882936372e+02
167 0 +3.646860539e+01 +9.712886054e+02 +9.712886054e+02
189 0 +2.459007388e+01 +9.594100739e+02 +9.594100739e+02
222 0 +2.218035257e+01 +9.570003526e+02 +9.570003526e+02
244 0 +1.886983408e+01 +9.536898341e+02 +9.536898341e+02
266 0 +1.738499990e+01 +9.522049999e+02 +9.522049999e+02
277 0 +1.422497930e+01 +9.490449793e+02 +9.490449793e+02
288 0 +1.001605674e+01 +9.448360567e+02 +9.448360567e+02
299 0 +9.741687486e+00 +9.445616875e+02 +9.445616875e+02
640 0 +8.792441822e+00 +9.436124418e+02 +9.436124418e+02
684 0 +7.833949214e+00 +9.426539492e+02 +9.426539492e+02
739 0 +7.018613900e+00 +9.418386139e+02 +9.418386139e+02
783 0 +6.202860910e+00 +9.410228609e+02 +9.410228609e+02
805 0 +5.464592195e+00 +9.402845922e+02 +9.402845922e+02
838 0 +4.981025406e+00 +9.398010254e+02 +9.398010254e+02
882 0 +4.417300683e+00 +9.392373007e+02 +9.392373007e+02
1698 0 +3.714890996e+00 +9.385348910e+02 +9.385348910e+02
1720 0 +3.542669362e+00 +9.383626694e+02 +9.383626694e+02
1742 0 +2.818659679e+00 +9.376386597e+02 +9.376386597e+02
1753 0 +2.632510893e+00 +9.374525109e+02 +9.374525109e+02
1775 0 +2.284725579e+00 +9.371047256e+02 +9.371047256e+02
1786 0 +2.236864970e+00 +9.370568650e+02 +9.370568650e+02
1808 0 +1.899441703e+00 +9.367194417e+02 +9.367194417e+02
1819 0 +1.577833949e+00 +9.363978339e+02 +9.363978339e+02
1830 0 +1.279643624e+00 +9.360996436e+02 +9.360996436e+02
1852 0 +1.152900261e+00 +9.359729003e+02 +9.359729003e+02
1863 0 +9.632110005e-01 +9.357832110e+02 +9.357832110e+02
1874 0 +7.289498437e-01 +9.355489498e+02 +9.355489498e+02
1885 0 +5.302694560e-01 +9.353502695e+02 +9.353502695e+02
1896 0 +4.376530353e-01 +9.352576530e+02 +9.352576530e+02
1907 0 +2.886495746e-01 +9.351086496e+02 +9.351086496e+02
1929 0 +2.033141956e-01 +9.350233142e+02 +9.350233142e+02
1940 0 +1.764377147e-01 +9.349964377e+02 +9.349964377e+02
1951 0 +1.389077274e-01 +9.349589077e+02 +9.349589077e+02
1962 0 +1.072911436e-01 +9.349272911e+02 +9.349272911e+02
1973 0 +8.276354804e-02 +9.349027635e+02 +9.349027635e+02
1984 0 +5.121719806e-02 +9.348712172e+02 +9.348712172e+02
1995 0 +3.005101206e-02 +9.348500510e+02 +9.348500510e+02
2006 0 +1.785872983e-02 +9.348378587e+02 +9.348378587e+02
2017 0 +6.011236862e-03 +9.348260112e+02 +9.348260112e+02
2028 0 +2.489486893e-03 +9.348224895e+02 +9.348224895e+02
2039 0 +8.224072868e-04 +9.348208224e+02 +9.348208224e+02
2050 0 +2.548747523e-04 +9.348202549e+02 +9.348202549e+02
2061 0 +3.857989770e-05 +9.348200386e+02 +9.348200386e+02
2072 0 +1.184874691e-06 +9.348200012e+02 +9.348200012e+02
2083 0 +8.765198345e-08 +9.348200001e+02 +9.348200001e+02
2094 0 +8.806864571e-09 +9.348200000e+02 +9.348200000e+02
3313 0 +9.094947018e-13 +9.348200000e+02 +9.348200000e+02
47996 0 +0.000000000e+00 +9.348200000e+02 +9.348200000e+02
100011 0 +0.000000000e+00 +9.348200000e+02 +9.348200000e+02
% f evaluations | g evaluations | best noise-free fitness - Fopt (-6.371000000000e+01) + sum g_i+ | measured fitness | best measured fitness or single-digit g-values | x1 | x2...
1 0 +1.713989755e+03 +1.650279755e+03 +1.650279755e+03
3 0 +8.545333293e+02 +7.908233293e+02 +7.908233293e+02
40 0 +4.815107246e+02 +4.178007246e+02 +4.178007246e+02
47 0 +4.045962450e+02 +3.408862450e+02 +3.408862450e+02
52 0 +2.196776232e+02 +1.559676232e+02 +1.559676232e+02
79 0 +1.586404216e+02 +9.493042157e+01 +9.493042157e+01
85 0 +1.374488078e+02 +7.373880778e+01 +7.373880778e+01
98 0 +1.055692424e+02 +4.185924237e+01 +4.185924237e+01
101 0 +8.590690793e+01 +2.219690793e+01 +2.219690793e+01
112 0 +3.886152320e+01 -2.484847680e+01 -2.484847680e+01
134 0 +1.617708368e+01 -4.753291632e+01 -4.753291632e+01
156 0 +1.024922897e+01 -5.346077103e+01 -5.346077103e+01
211 0 +9.919220483e+00 -5.379077952e+01 -5.379077952e+01
530 0 +8.902496857e+00 -5.480750314e+01 -5.480750314e+01
596 0 +7.938733606e+00 -5.577126639e+01 -5.577126639e+01
629 0 +6.986518602e+00 -5.672348140e+01 -5.672348140e+01
673 0 +6.267467762e+00 -5.744253224e+01 -5.744253224e+01
695 0 +5.597134799e+00 -5.811286520e+01 -5.811286520e+01
728 0 +4.982059298e+00 -5.872794070e+01 -5.872794070e+01
750 0 +4.195756190e+00 -5.951424381e+01 -5.951424381e+01
761 0 +3.843903925e+00 -5.986609607e+01 -5.986609607e+01
794 0 +3.457229038e+00 -6.025277096e+01 -6.025277096e+01
805 0 +3.094369095e+00 -6.061563090e+01 -6.061563090e+01
827 0 +2.581637793e+00 -6.112836221e+01 -6.112836221e+01
838 0 +2.143140113e+00 -6.156685989e+01 -6.156685989e+01
849 0 +1.840724420e+00 -6.186927558e+01 -6.186927558e+01
860 0 +1.719688351e+00 -6.199031165e+01 -6.199031165e+01
871 0 +1.537119474e+00 -6.217288053e+01 -6.217288053e+01
882 0 +1.255460301e+00 -6.245453970e+01 -6.245453970e+01
915 0 +9.562706263e-01 -6.275372937e+01 -6.275372937e+01
926 0 +8.263629266e-01 -6.288363707e+01 -6.288363707e+01
937 0 +6.493277249e-01 -6.306067228e+01 -6.306067228e+01
948 0 +4.887718967e-01 -6.322122810e+01 -6.322122810e+01
959 0 +3.640666361e-01 -6.334593336e+01 -6.334593336e+01
970 0 +2.352789858e-01 -6.347472101e+01 -6.347472101e+01
981 0 +1.735031340e-01 -6.353649687e+01 -6.353649687e+01
992 0 +1.038921387e-01 -6.360610786e+01 -6.360610786e+01
1003 0 +8.226560307e-02 -6.362773440e+01 -6.362773440e+01
1014 0 +7.139427698e-02 -6.363860572e+01 -6.363860572e+01
1025 0 +3.770399591e-02 -6.367229600e+01 -6.367229600e+01
1036 0 +3.438300907e-02 -6.367561699e+01 -6.367561699e+01
1047 0 +2.478497498e-02 -6.368521503e+01 -6.368521503e+01
1058 0 +1.136113832e-02 -6.369863886e+01 -6.369863886e+01
1069 0 +8.530640985e-03 -6.370146936e+01 -6.370146936e+01
1080 0 +5.151266831e-03 -6.370484873e+01 -6.370484873e+01
1091 0 +1.891098436e-03 -6.370810890e+01 -6.370810890e+01
1102 0 +7.140272726e-04 -6.370928597e+01 -6.370928597e+01
1113 0 +8.017003466e-05 -6.370991983e+01 -6.370991983e+01
1124 0 +1.015041005e-05 -6.370998985e+01 -6.370998985e+01
1135 0 +2.111985523e-06 -6.370999789e+01 -6.370999789e+01
1146 0 +4.956970230e-07 -6.370999950e+01 -6.370999950e+01
1157 0 +2.504494745e-08 -6.370999997e+01 -6.370999997e+01
1168 0 +4.180122914e-10 -6.371000000e+01 -6.371000000e+01
52463 0 +2.771116669e-13 -6.371000000e+01 -6.371000000e+01
57478 0 +0.000000000e+00 -6.371000000e+01 -6.371000000e+01
100464 0 +0.000000000e+00 -6.371000000e+01 -6.371000000e+01
% f evaluations | g evaluations | best noise-free fitness - Fopt (1.000000000000e+03) + sum g_i+ | measured fitness | best measured fitness or single-digit g-values | x1 | x2...
1 0 +4.177537373e+03 +5.177537373e+03 +5.177537373e+03
3 0 +1.505826465e+03 +2.505826465e+03 +2.505826465e+03
8 0 +1.263330258e+03 +2.263330258e+03 +2.263330258e+03
15 0 +1.216386442e+03 +2.216386442e+03 +2.216386442e+03
18 0 +7.276110879e+02 +1.727611088e+03 +1.727611088e+03
24 0 +5.293257632e+02 +1.529325763e+03 +1.529325763e+03
31 0 +4.268782878e+02 +1.426878288e+03 +1.426878288e+03
35 0 +3.857475119e+02 +1.385747512e+03 +1.385747512e+03
38 0 +3.445858210e+02 +1.344585821e+03 +1.344585821e+03
62 0 +1.688913959e+02 +1.168891396e+03 +1.168891396e+03
76 0 +1.209382047e+02 +1.120938205e+03 +1.120938205e+03
101 0 +5.182111262e+01 +1.051821113e+03 +1.051821113e+03
123 0 +2.574169566e+01 +1.025741696e+03 +1.025741696e+03
145 0 +1.053298860e+01 +1.010532989e+03 +1.010532989e+03
167 0 +9.066584905e+00 +1.009066585e+03 +1.009066585e+03
233 0 +8.789660876e+00 +1.008789661e+03 +1.008789661e+03
387 0 +7.905014812e+00 +1.007905015e+03 +1.007905015e+03
442 0 +6.883866184e+00 +1.006883866e+03 +1.006883866e+03
475 0 +6.302435616e+00 +1.006302436e+03 +1.006302436e+03
508 0 +5.505581543e+00 +1.005505582e+03 +1.005505582e+03
530 0 +4.879464218e+00 +1.004879464e+03 +1.004879464e+03
552 0 +4.156065794e+00 +1.004156066e+03 +1.004156066e+03
585 0 +3.834741483e+00 +1.003834741e+03 +1.003834741e+03
596 0 +3.507640866e+00 +1.003507641e+03 +1.003507641e+03
607 0 +3.004228131e+00 +1.003004228e+03 +1.003004228e+03
629 0 +2.748214155e+00 +1.002748214e+03 +1.002748214e+03
651 0 +2.449287174e+00 +1.002449287e+03 +1.002449287e+03
662 0 +2.140583125e+00 +1.002140583e+03 +1.002140583e+03
673 0 +1.933238852e+00 +1.001933239e+03 +1.001933239e+03
684 0 +1.663513143e+00 +1.001663513e+03 +1.001663513e+03
695 0 +1.366718100e+00 +1.001366718e+03 +1.001366718e+03
706 0 +1.215275684e+00 +1.001215276e+03 +1.001215276e+03
728 0 +9.278772337e-01 +1.000927877e+03 +1.000927877e+03
739 0 +7.584104856e-01 +1.000758410e+03 +1.000758410e+03
750 0 +5.277156319e-01 +1.000527716e+03 +1.000527716e+03
772 0 +4.446207039e-01 +1.000444621e+03 +1.000444621e+03
783 0 +3.254370633e-01 +1.000325437e+03 +1.000325437e+03
794 0 +2.129371349e-01 +1.000212937e+03 +1.000212937e+03
805 0 +1.632628736e-01 +1.000163263e+03 +1.000163263e+03
816 0 +8.081136743e-02 +1.000080811e+03 +1.000080811e+03
838 0 +5.626824077e-02 +1.000056268e+03 +1.000056268e+03
849 0 +4.466634452e-02 +1.000044666e+03 +1.000044666e+03
860 0 +3.511230111e-02 +1.000035112e+03 +1.000035112e+03
871 0 +2.599398508e-02 +1.000025994e+03 +1.000025994e+03
882 0 +1.443748606e-02 +1.000014437e+03 +1.000014437e+03
893 0 +6.485303361e-03 +1.000006485e+03 +1.000006485e+03
904 0 +3.444658867e-03 +1.000003445e+03 +1.000003445e+03
915 0 +1.898653261e-04 +1.000000190e+03 +1.000000190e+03
926 0 +3.959690810e-05 +1.000000040e+03 +1.000000040e+03
937 0 +4.989050126e-06 +1.000000005e+03 +1.000000005e+03
948 0 +2.045405836e-07 +1.000000000e+03 +1.000000000e+03
959 0 +3.851664587e-08 +1.000000000e+03 +1.000000000e+03
970 0 +1.243847692e-09 +1.000000000e+03 +1.000000000e+03
100004 0 +8.299139154e-11 +1.000000000e+03 +1.000000000e+03
% f evaluations | g evaluations | best noise-free fitness - Fopt (3.197000000000e+01) + sum g_i+ | measured fitness | best measured fitness or single-digit g-values | x1 | x2...
1 0 +2.480906004e+03 +2.512876004e+03 +2.512876004e+03
3 0 +1.062687174e+03 +1.094657174e+03 +1.094657174e+03
16 0 +9.137539002e+02 +9.457239002e+02 +9.457239002e+02
31 0 +7.901482222e+02 +8.221182222e+02 +8.221182222e+02
35 0 +6.974218660e+02 +7.293918660e+02 +7.293918660e+02
38 0 +5.239818749e+02 +5.559518749e+02 +5.559518749e+02
43 0 +4.617763845e+02 +4.937463845e+02 +4.937463845e+02
44 0 +3.307753574e+02 +3.627453574e+02 +3.627453574e+02
55 0 +2.479960350e+02 +2.799660350e+02 +2.799660350e+02
83 0 +2.104384404e+02 +2.424084404e+02 +2.424084404e+02
84 0 +1.261247947e+02 +1.580947947e+02 +1.580947947e+02
85 0 +1.211685187e+02 +1.531385187e+02 +1.531385187e+02
92 0 +1.046920072e+02 +1.366620072e+02 +1.366620072e+02
101 0 +6.999063271e+01 +1.019606327e+02 +1.019606327e+02
123 0 +3.175796634e+01 +6.372796634e+01 +6.372796634e+01
145 0 +1.234487044e+01 +4.431487044e+01 +4.431487044e+01
167 0 +6.973099631e+00 +3.894309963e+01 +3.894309963e+01
233 0 +6.173343136e+00 +3.814334314e+01 +3.814334314e+01
321 0 +5.536670689e+00 +3.750667069e+01 +3.750667069e+01
343 0 +4.996226348e+00 +3.696622635e+01 +3.696622635e+01
365 0 +4.368271035e+00 +3.633827103e+01 +3.633827103e+01
398 0 +3.762715796e+00 +3.573271580e+01 +3.573271580e+01
409 0 +3.479786830e+00 +3.544978683e+01 +3.544978683e+01
420 0 +3.157948190e+00 +3.512794819e+01 +3.512794819e+01
431 0 +2.718336496e+00 +3.468833650e+01 +3.468833650e+01
453 0 +2.475913797e+00 +3.444591380e+01 +3.444591380e+01
464 0 +2.172061806e+00 +3.414206181e+01 +3.414206181e+01
475 0 +1.818543618e+00 +3.378854362e+01 +3.378854362e+01
486 0 +1.573761450e+00 +3.354376145e+01 +3.354376145e+01
497 0 +1.267465974e+00 +3.323746597e+01 +3.323746597e+01
508 0 +1.178994489e+00 +3.314899449e+01 +3.314899449e+01
519 0 +1.028187926e+00 +3.299818793e+01 +3.299818793e+01
530 0 +8.433891493e-01 +3.281338915e+01 +3.281338915e+01
541 0 +7.824175895e-01 +3.275241759e+01 +3.275241759e+01
552 0 +6.754151953e-01 +3.264541520e+01 +3.264541520e+01
563 0 +5.164257030e-01 +3.248642570e+01 +3.248642570e+01
574 0 +4.220685500e-01 +3.239206855e+01 +3.239206855e+01
585 0 +3.689510112e-01 +3.233895101e+01 +3.233895101e+01
596 0 +2.887202440e-01 +3.225872024e+01 +3.225872024e+01
607 0 +1.986829415e-01 +3.216868294e+01 +3.216868294e+01
618 0 +1.211045541e-01 +3.209110455e+01 +3.209110455e+01
629 0 +7.964431093e-02 +3.204964431e+01 +3.204964431e+01
640 0 +7.073415740e-02 +3.204073416e+01 +3.204073416e+01
651 0 +5.495008665e-02 +3.202495009e+01 +3.202495009e+01
662 0 +2.916587713e-02 +3.199916588e+01 +3.199916588e+01
684 0 +1.805356010e-02 +3.198805356e+01 +3.198805356e+01
695 0 +1.402203211e-02 +3.198402203e+01 +3.198402203e+01
706 0 +8.988675995e-03 +3.197898868e+01 +3.197898868e+01
717 0 +2.227486290e-03 +3.197222749e+01 +3.197222749e+01
728 0 +8.631534148e-04 +3.197086315e+01 +3.197086315e+01
739 0 +2.504076328e-04 +3.197025041e+01 +3.197025041e+01
750 0 +4.845690292e-06 +3.197000485e+01 +3.197000485e+01
761 0 +1.323887773e-06 +3.197000132e+01 +3.197000132e+01
772 0 +1.548131223e-08 +3.197000002e+01 +3.197000002e+01
783 0 +2.139174171e-09 +3.197000000e+01 +3.197000000e+01
52531 0 +9.521272659e-13 +3.197000000e+01 +3.197000000e+01
62348 0 +0.000000000e+00 +3.197000000e+01 +3.197000000e+01
100073 0 +0.000000000e+00 +3.197000000e+01 +3.197000000e+01
% f evaluations | g evaluations | best noise-free fitness - Fopt (5.819000000000e+01) + sum g_i+ | measured fitness | best measured fitness or single-digit g-values | x1 | x2...
1 0 +1.135768793e+03 +1.193958793e+03 +1.193958793e+03
8 0 +1.126822845e+03 +1.185012845e+03 +1.185012845e+03
11 0 +8.270113424e+02 +8.852013424e+02 +8.852013424e+02
18 0 +6.842942885e+02 +7.424842885e+02 +7.424842885e+02
35 0 +2.395608205e+02 +2.977508205e+02 +2.977508205e+02
48 0 +2.019893077e+02 +2.601793077e+02 +2.601793077e+02
74 0 +6.041053443e+01 +1.186005344e+02 +1.186005344e+02
112 0 +5.319903070e+01 +1.113890307e+02 +1.113890307e+02
134 0 +3.959020454e+01 +9.778020454e+01 +9.778020454e+01
156 0 +3.153683496e+01 +8.972683496e+01 +8.972683496e+01
200 0 +2.804634198e+01 +8.623634198e+01 +8.623634198e+01
222 0 +2.306683250e+01 +8.125683250e+01 +8.125683250e+01
233 0 +2.103091008e+01 +7.922091008e+01 +7.922091008e+01
255 0 +1.865666432e+01 +7.684666432e+01 +7.684666432e+01
266 0 +1.586794164e+01 +7.405794164e+01 +7.405794164e+01
277 0 +1.154758340e+01 +6.973758340e+01 +6.973758340e+01
299 0 +9.993420431e+00 +6.818342043e+01 +6.818342043e+01
321 0 +8.724268427e+00 +6.691426843e+01 +6.691426843e+01
420 0 +7.793278826e+00 +6.598327883e+01 +6.598327883e+01
453 0 +6.966164298e+00 +6.515616430e+01 +6.515616430e+01
497 0 +6.272005550e+00 +6.446200555e+01 +6.446200555e+01
530 0 +5.487564674e+00 +6.367756467e+01 +6.367756467e+01
552 0 +4.763086634e+00 +6.295308663e+01 +6.295308663e+01
563 0 +4.265404119e+00 +6.245540412e+01 +6.245540412e+01
596 0 +3.903843775e+00 +6.209384377e+01 +6.209384377e+01
607 0 +3.547071458e+00 +6.173707146e+01 +6.173707146e+01
618 0 +3.144466043e+00 +6.133446604e+01 +6.133446604e+01
640 0 +2.653460891e+00 +6.084346089e+01 +6.084346089e+01
651 0 +2.305440011e+00 +6.049544001e+01 +6.049544001e+01
673 0 +2.094136818e+00 +6.028413682e+01 +6.028413682e+01
684 0 +1.862242952e+00 +6.005224295e+01 +6.005224295e+01
695 0 +1.552046225e+00 +5.974204623e+01 +5.974204623e+01
706 0 +1.269220923e+00 +5.945922092e+01 +5.945922092e+01
717 0 +1.014102865e+00 +5.920410286e+01 +5.920410286e+01
728 0 +9.462054921e-01 +5.913620549e+01 +5.913620549e+01
739 0 +8.290350270e-01 +5.901903503e+01 +5.901903503e+01
750 0 +6.446788226e-01 +5.883467882e+01 +5.883467882e+01
761 0 +4.292733717e-01 +5.861927337e+01 +5.861927337e+01
772 0 +2.635938673e-01 +5.845359387e+01 +5.845359387e+01
794 0 +2.171809837e-01 +5.840718098e+01 +5.840718098e+01
805 0 +1.642340408e-01 +5.835423404e+01 +5.835423404e+01
816 0 +1.182097938e-01 +5.830820979e+01 +5.830820979e+01
827 0 +7.127852631e-02 +5.826127853e+01 +5.826127853e+01
849 0 +3.792662370e-02 +5.822792662e+01 +5.822792662e+01
860 0 +2.618079448e-02 +5.821618079e+01 +5.821618079e+01
871 0 +1.519780832e-02 +5.820519781e+01 +5.820519781e+01
882 0 +5.978772514e-03 +5.819597877e+01 +5.819597877e+01
893 0 +1.964764205e-03 +5.819196476e+01 +5.819196476e+01
904 0 +4.814120789e-04 +5.819048141e+01 +5.819048141e+01
915 0 +1.013443528e-04 +5.819010134e+01 +5.819010134e+01
926 0 +1.577385235e-05 +5.819001577e+01 +5.819001577e+01
937 0 +2.295533790e-07 +5.819000023e+01 +5.819000023e+01
948 0 +4.123866404e-08 +5.819000004e+01 +5.819000004e+01
959 0 +1.104027092e-09 +5.819000000e+01 +5.819000000e+01
100009 0 +3.240074875e-12 +5.819000000e+01 +5.819000000e+01
% f evaluations | g evaluations | best noise-free fitness - Fopt (-4.840000000000e+00) + sum g_i+ | measured fitness | best measured fitness or single-digit g-values | x1 | x2...
1 0 +1.113657183e+03 +1.108817183e+03 +1.108817183e+03
3 0 +6.972545761e+02 +6.924145761e+02 +6.924145761e+02
8 0 +5.702867244e+02 +5.654467244e+02 +5.654467244e+02
24 0 +4.126169048e+02 +4.077769048e+02 +4.077769048e+02
28 0 +3.203907814e+02 +3.155507814e+02 +3.155507814e+02
31 0 +7.021337861e+01 +6.537337861e+01 +6.537337861e+01
134 0 +6.293625867e+01 +5.809625867e+01 +5.809625867e+01
145 0 +4.258889601e+01 +3.774889601e+01 +3.774889601e+01
178 0 +3.903686391e+01 +3.419686391e+01 +3.419686391e+01
189 0 +3.451606752e+01 +2.967606752e+01 +2.967606752e+01
200 0 +2.334728951e+01 +1.850728951e+01 +1.850728951e+01
222 0 +1.596173271e+01 +1.112173271e+01 +1.112173271e+01
244 0 +1.426825866e+01 +9.428258660e+00 +9.428258660e+00
266 0 +1.397923831e+01 +9.139238308e+00 +9.139238308e+00
288 0 +1.253528097e+01 +7.695280970e+00 +7.695280970e+00
310 0 +1.096514868e+01 +6.125148681e+00 +6.125148681e+00
321 0 +9.779015414e+00 +4.939015414e+00 +4.939015414e+00
541 0 +8.812609227e+00 +3.972609227e+00 +3.972609227e+00
585 0 +7.910390447e+00 +3.070390447e+00 +3.070390447e+00
629 0 +6.986485019e+00 +2.146485019e+00 +2.146485019e+00
673 0 +6.131428643e+00 +1.291428643e+00 +1.291428643e+00
706 0 +5.318777802e+00 +4.787778019e-01 +4.787778019e-01
717 0 +4.957037421e+00 +1.170374211e-01 +1.170374211e-01
739 0 +4.265867999e+00 -5.741320011e-01 -5.741320011e-01
750 0 +3.868067872e+00 -9.719321282e-01 -9.719321282e-01
783 0 +3.428014046e+00 -1.411985954e+00 -1.411985954e+00
794 0 +3.111875543e+00 -1.728124457e+00 -1.728124457e+00
805 0 +2.751616655e+00 -2.088383345e+00 -2.088383345e+00
816 0 +2.285382468e+00 -2.554617532e+00 -2.554617532e+00
838 0 +2.046620538e+00 -2.793379462e+00 -2.793379462e+00
860 0 +1.899837905e+00 -2.940162095e+00 -2.940162095e+00
871 0 +1.656611876e+00 -3.183388124e+00 -3.183388124e+00
882 0 +1.311549404e+00 -3.528450596e+00 -3.528450596e+00
893 0 +1.099107661e+00 -3.740892339e+00 -3.740892339e+00
904 0 +8.828211736e-01 -3.957178826e+00 -3.957178826e+00
937 0 +6.947836172e-01 -4.145216383e+00 -4.145216383e+00
948 0 +5.371110144e-01 -4.302888986e+00 -4.302888986e+00
959 0 +3.960979701e-01 -4.443902030e+00 -4.443902030e+00
970 0 +3.406433928e-01 -4.499356607e+00 -4.499356607e+00
981 0 +2.584155479e-01 -4.581584452e+00 -4.581584452e+00
992 0 +1.625067002e-01 -4.677493300e+00 -4.677493300e+00
1003 0 +9.834435552e-02 -4.741655644e+00 -4.741655644e+00
1025 0 +7.480427297e-02 -4.765195727e+00 -4.765195727e+00
1036 0 +4.742399943e-02 -4.792576001e+00 -4.792576001e+00
1047 0 +2.540832406e-02 -4.814591676e+00 -4.814591676e+00
1058 0 +1.418935344e-02 -4.825810647e+00 -4.825810647e+00
1069 0 +6.296533294e-03 -4.833703467e+00 -4.833703467e+00
1080 0 +2.573642900e-03 -4.837426357e+00 -4.837426357e+00
1091 0 +1.005904255e-03 -4.838994096e+00 -4.838994096e+00
1102 0 +1.009067463e-04 -4.839899093e+00 -4.839899093e+00
1113 0 +3.024559412e-05 -4.839969754e+00 -4.839969754e+00
1124 0 +2.460542361e-06 -4.839997539e+00 -4.839997539e+00
1135 0 +1.522846285e-07 -4.839999848e+00 -4.839999848e+00
1146 0 +3.504384338e-09 -4.839999996e+00 -4.839999996e+00
62279 0 +7.451816941e-13 -4.840000000e+00 -4.840000000e+00
68320 0 +0.000000000e+00 -4.840000000e+00 -4.840000000e+00
100138 0 +0.000000000e+00 -4.840000000e+00 -4.840000000e+00
% f evaluations | g evaluations | best noise-free fitness - Fopt (-6.337000000000e+01) + sum g_i+ | measured fitness | best measured fitness or single-digit g-values | x1 | x2...
1 0 +7.460218840e+03 +7.396848840e+03 +7.396848840e+03
2 0 +7.276274199e+03 +7.212904199e+03 +7.212904199e+03
3 0 +2.070264724e+03 +2.006894724e+03 +2.006894724e+03
8 0 +1.790588602e+03 +1.727218602e+03 +1.727218602e+03
11 0 +1.618038459e+03 +1.554668459e+03 +1.554668459e+03
15 0 +1.149538661e+03 +1.086168661e+03 +1.086168661e+03
18 0 +5.944361629e+02 +5.310661629e+02 +5.310661629e+02
23 0 +3.145458245e+02 +2.511758245e+02 +2.511758245e+02
41 0 +2.793104626e+02 +2.159404626e+02 +2.159404626e+02
43 0 +1.608980510e+02 +9.752805104e+01 +9.752805104e+01
83 0 +1.152361747e+02 +5.186617474e+01 +5.186617474e+01
101 0 +8.336088621e+01 +1.999088621e+01 +1.999088621e+01
123 0 +5.385094156e+01 -9.519058443e+00 -9.519058443e+00
145 0 +4.123609931e+01 -2.213390069e+01 -2.213390069e+01
156 0 +2.732584610e+01 -3.604415390e+01 -3.604415390e+01
178 0 +2.119472685e+01 -4.217527315e+01 -4.217527315e+01
211 0 +1.867612937e+01 -4.469387063e+01 -4.469387063e+01
222 0 +1.575061688e+01 -4.761938312e+01 -4.761938312e+01
233 0 +1.323037266e+01 -5.013962734e+01 -5.013962734e+01
244 0 +1.157573090e+01 -5.179426910e+01 -5.179426910e+01
255 0 +9.340595883e+00 -5.402940412e+01 -5.402940412e+01
266 0 +8.637346060e+00 -5.473265394e+01 -5.473265394e+01
310 0 +7.638194464e+00 -5.573180554e+01 -5.573180554e+01
332 0 +7.042984729e+00 -5.632701527e+01 -5.632701527e+01
376 0 +6.086794618e+00 -5.728320538e+01 -5.728320538e+01
398 0 +5.281924322e+00 -5.808807568e+01 -5.808807568e+01
420 0 +4.719924688e+00 -5.865007531e+01 -5.865007531e+01
431 0 +4.406658536e+00 -5.896334146e+01 -5.896334146e+01
464 0 +3.796659442e+00 -5.957334056e+01 -5.957334056e+01
497 0 +3.412713613e+00 -5.995728639e+01 -5.995728639e+01
519 0 +2.890529139e+00 -6.047947086e+01 -6.047947086e+01
530 0 +2.417020692e+00 -6.095297931e+01 -6.095297931e+01
563 0 +2.060583998e+00 -6.130941600e+01 -6.130941600e+01
574 0 +1.755355814e+00 -6.161464419e+01 -6.161464419e+01
585 0 +1.367051152e+00 -6.200294885e+01 -6.200294885e+01
596 0 +1.116159235e+00 -6.225384077e+01 -6.225384077e+01
607 0 +8.990128080e-01 -6.247098719e+01 -6.247098719e+01
629 0 +8.138950784e-01 -6.255610492e+01 -6.255610492e+01
640 0 +6.892447512e-01 -6.268075525e+01 -6.268075525e+01
651 0 +5.204001720e-01 -6.284959983e+01 -6.284959983e+01
662 0 +3.936852116e-01 -6.297631479e+01 -6.297631479e+01
673 0 +2.599814834e-01 -6.311001852e+01 -6.311001852e+01
684 0 +1.964728460e-01 -6.317352715e+01 -6.317352715e+01
695 0 +1.270491455e-01 -6.324295085e+01 -6.324295085e+01
706 0 +1.143430657e-01 -6.325565693e+01 -6.325565693e+01
717 0 +9.001598547e-02 -6.327998401e+01 -6.327998401e+01
728 0 +4.794729138e-02 -6.332205271e+01 -6.332205271e+01
750 0 +2.704285947e-02 -6.334295714e+01 -6.334295714e+01
761 0 +2.174373710e-02 -6.334825626e+01 -6.334825626e+01
772 0 +1.849273232e-02 -6.335150727e+01 -6.335150727e+01
783 0 +1.385740492e-02 -6.335614260e+01 -6.335614260e+01
794 0 +7.040179470e-03 -6.336295982e+01 -6.336295982e+01
805 0 +1.601002951e-03 -6.336839900e+01 -6.336839900e+01
816 0 +1.967505449e-04 -6.336980325e+01 -6.336980325e+01
827 0 +8.127431368e-05 -6.336991873e+01 -6.336991873e+01
838 0 +2.478476507e-05 -6.336997522e+01 -6.336997522e+01
849 0 +2.079799231e-07 -6.336999979e+01 -6.336999979e+01
860 0 +1.843670816e-08 -6.336999998e+01 -6.336999998e+01
871 0 +1.748574618e-10 -6.337000000e+01 -6.337000000e+01
40737 0 +9.876544027e-13 -6.337000000e+01 -6.337000000e+01
52047 0 +0.000000000e+00 -6.337000000e+01 -6.337000000e+01
100213 0 +0.000000000e+00 -6.337000000e+01 -6.337000000e+01
% f evaluations | g evaluations | best noise-free fitness - Fopt (2.750000000000e+00) + sum g_i+ | measured fitness | best measured fitness or single-digit g-values | x1 | x2...
1 0 +1.240450672e+03 +1.243200672e+03 +1.243200672e+03
4 0 +1.110374146e+03 +1.113124146e+03 +1.113124146e+03
6 0 +7.623725904e+02 +7.651225904e+02 +7.651225904e+02
8 0 +6.618832370e+02 +6.646332370e+02 +6.646332370e+02
16 0 +2.537388149e+02 +2.564888149e+02 +2.564888149e+02
46 0 +2.454377412e+02 +2.481877412e+02 +2.481877412e+02
74 0 +1.191659457e+02 +1.219159457e+02 +1.219159457e+02
98 0 +9.657957888e+01 +9.932957888e+01 +9.932957888e+01
101 0 +8.274298808e+01 +8.549298808e+01 +8.549298808e+01
112 0 +3.753886260e+01 +4.028886260e+01 +4.028886260e+01
134 0 +2.848093341e+01 +3.123093341e+01 +3.123093341e+01
145 0 +2.307413779e+01 +2.582413779e+01 +2.582413779e+01
178 0 +2.198933699e+01 +2.473933699e+01 +2.473933699e+01
200 0 +1.897763654e+01 +2.172763654e+01 +2.172763654e+01
211 0 +1.629175889e+01 +1.904175889e+01 +1.904175889e+01
222 0 +1.285999219e+01 +1.560999219e+01 +1.560999219e+01
233 0 +7.944336698e+00 +1.069433670e+01 +1.069433670e+01
255 0 +7.567395168e+00 +1.031739517e+01 +1.031739517e+01
266 0 +6.858209552e+00 +9.608209552e+00 +9.608209552e+00
277 0 +5.658460390e+00 +8.408460390e+00 +8.408460390e+00
288 0 +4.779040110e+00 +7.529040110e+00 +7.529040110e+00
332 0 +4.399801955e+00 +7.149801955e+00 +7.149801955e+00
365 0 +3.972001031e+00 +6.722001031e+00 +6.722001031e+00
387 0 +3.420792288e+00 +6.170792288e+00 +6.170792288e+00
398 0 +3.060334960e+00 +5.810334960e+00 +5.810334960e+00
420 0 +2.647904652e+00 +5.397904652e+00 +5.397904652e+00
431 0 +2.344337236e+00 +5.094337236e+00 +5.094337236e+00
442 0 +1.897027516e+00 +4.647027516e+00 +4.647027516e+00
453 0 +1.425739159e+00 +4.175739159e+00 +4.175739159e+00
475 0 +1.250956640e+00 +4.000956640e+00 +4.000956640e+00
486 0 +1.034823559e+00 +3.784823559e+00 +3.784823559e+00
497 0 +8.334073306e-01 +3.583407331e+00 +3.583407331e+00
508 0 +6.073705231e-01 +3.357370523e+00 +3.357370523e+00
530 0 +5.347670612e-01 +3.284767061e+00 +3.284767061e+00
541 0 +4.217747734e-01 +3.171774773e+00 +3.171774773e+00
552 0 +2.803715482e-01 +3.030371548e+00 +3.030371548e+00
574 0 +2.367660157e-01 +2.986766016e+00 +2.986766016e+00
585 0 +1.758845935e-01 +2.925884593e+00 +2.925884593e+00
596 0 +1.147313456e-01 +2.864731346e+00 +2.864731346e+00
607 0 +7.399742806e-02 +2.823997428e+00 +2.823997428e+00
618 0 +3.915419758e-02 +2.789154198e+00 +2.789154198e+00
629 0 +3.148649394e-02 +2.781486494e+00 +2.781486494e+00
640 0 +2.053844706e-02 +2.770538447e+00 +2.770538447e+00
651 0 +9.846899600e-03 +2.759846900e+00 +2.759846900e+00
662 0 +4.003173484e-03 +2.754003173e+00 +2.754003173e+00
673 0 +1.555754139e-03 +2.751555754e+00 +2.751555754e+00
684 0 +3.598574730e-04 +2.750359857e+00 +2.750359857e+00
695 0 +8.598027943e-05 +2.750085980e+00 +2.750085980e+00
706 0 +7.104591513e-06 +2.750007105e+00 +2.750007105e+00
717 0 +1.229976849e-07 +2.750000123e+00 +2.750000123e+00
728 0 +1.955765949e-08 +2.750000020e+00 +2.750000020e+00
739 0 +7.371183663e-10 +2.750000001e+00 +2.750000001e+00
59602 0 +5.746514375e-13 +2.750000000e+00 +2.750000000e+00
69239 0 +0.000000000e+00 +2.750000000e+00 +2.750000000e+00
100219 0 +0.000000000e+00 +2.750000000e+00 +2.750000000e+00
% f evaluations | g evaluations | best noise-free fitness - Fopt (-4.681000000000e+01) + sum g_i+ | measured fitness | best measured fitness or single-digit g-values | x1 | x2...
1 0 +3.348820373e+03 +3.302010373e+03 +3.302010373e+03
3 0 +4.961506546e+02 +4.493406546e+02 +4.493406546e+02
16 0 +3.330304705e+02 +2.862204705e+02 +2.862204705e+02
40 0 +7.417097675e+01 +2.736097675e+01 +2.736097675e+01
112 0 +5.627890289e+01 +9.468902895e+00 +9.468902895e+00
123 0 +3.935564855e+01 -7.454351453e+00 -7.454351453e+00
156 0 +3.513904019e+01 -1.167095981e+01 -1.167095981e+01
189 0 +3.080397034e+01 -1.600602966e+01 -1.600602966e+01
200 0 +2.724640403e+01 -1.956359597e+01 -1.956359597e+01
211 0 +2.359955320e+01 -2.321044680e+01 -2.321044680e+01
222 0 +1.995913573e+01 -2.685086427e+01 -2.685086427e+01
233 0 +1.583443818e+01 -3.097556182e+01 -3.097556182e+01
244 0 +1.019805872e+01 -3.661194128e+01 -3.661194128e+01
255 0 +6.413573831e+00 -4.039642617e+01 -4.039642617e+01
266 0 +5.899341952e+00 -4.091065805e+01 -4.091065805e+01
277 0 +5.619130253e+00 -4.119086975e+01 -4.119086975e+01
321 0 +4.998011015e+00 -4.181198899e+01 -4.181198899e+01
354 0 +4.211012435e+00 -4.259898757e+01 -4.259898757e+01
365 0 +3.930399069e+00 -4.287960093e+01 -4.287960093e+01
376 0 +3.491328511e+00 -4.331867149e+01 -4.331867149e+01
387 0 +3.128994633e+00 -4.368100537e+01 -4.368100537e+01
409 0 +2.623629903e+00 -4.418637010e+01 -4.418637010e+01
420 0 +2.321254757e+00 -4.448874524e+01 -4.448874524e+01
431 0 +1.997167394e+00 -4.481283261e+01 -4.481283261e+01
453 0 +1.904638002e+00 -4.490536200e+01 -4.490536200e+01
464 0 +1.740877253e+00 -4.506912275e+01 -4.506912275e+01
475 0 +1.468656979e+00 -4.534134302e+01 -4.534134302e+01
486 0 +1.130436783e+00 -4.567956322e+01 -4.567956322e+01
497 0 +1.076063826e+00 -4.573393617e+01 -4.573393617e+01
508 0 +9.727040431e-01 -4.583729596e+01 -4.583729596e+01
519 0 +7.867029336e-01 -4.602329707e+01 -4.602329707e+01
530 0 +5.332547302e-01 -4.627674527e+01 -4.627674527e+01
552 0 +4.845573432e-01 -4.632544266e+01 -4.632544266e+01
563 0 +4.169514849e-01 -4.639304852e+01 -4.639304852e+01
574 0 +3.409651730e-01 -4.646903483e+01 -4.646903483e+01
585 0 +2.348421916e-01 -4.657515781e+01 -4.657515781e+01
596 0 +1.721650661e-01 -4.663783493e+01 -4.663783493e+01
618 0 +1.326284902e-01 -4.667737151e+01 -4.667737151e+01
629 0 +9.694261403e-02 -4.671305739e+01 -4.671305739e+01
640 0 +6.925339157e-02 -4.674074661e+01 -4.674074661e+01
651 0 +4.639766946e-02 -4.676360233e+01 -4.676360233e+01
662 0 +2.278435755e-02 -4.678721564e+01 -4.678721564e+01
673 0 +2.161207314e-02 -4.678838793e+01 -4.678838793e+01
684 0 +1.523101663e-02 -4.679476898e+01 -4.679476898e+01
695 0 +5.535571426e-03 -4.680446443e+01 -4.680446443e+01
706 0 +2.448973731e-03 -4.680755103e+01 -4.680755103e+01
717 0 +4.250081869e-04 -4.680957499e+01 -4.680957499e+01
728 0 +6.351525946e-05 -4.680993648e+01 -4.680993648e+01
739 0 +5.771772315e-06 -4.680999423e+01 -4.680999423e+01
750 0 +1.689681142e-07 -4.680999983e+01 -4.680999983e+01
761 0 +1.935379146e-08 -4.680999998e+01 -4.680999998e+01
772 0 +5.529514624e-10 -4.681000000e+01 -4.681000000e+01
31158 0 +8.100187188e-13 -4.681000000e+01 -4.681000000e+01
46776 0 +0.000000000e+00 -4.681000000e+01 -4.681000000e+01
100213 0 +0.000000000e+00 -4.681000000e+01 -4.681000000e+01
% f evaluations | g evaluations | best noise-free fitness - Fopt (6.134000000000e+01) + sum g_i+ | measured fitness | best measured fitness or single-digit g-values | x1 | x2...
1 0 +4.867441480e+03 +4.928781480e+03 +4.928781480e+03
3 0 +1.998974816e+03 +2.060314816e+03 +2.060314816e+03
16 0 +6.773758634e+02 +7.387158634e+02 +7.387158634e+02
31 0 +1.430635098e+02 +2.044035098e+02 +2.044035098e+02
74 0 +9.091879496e+01 +1.522587950e+02 +1.522587950e+02
98 0 +7.763056686e+01 +1.389705669e+02 +1.389705669e+02
101 0 +4.755517241e+01 +1.088951724e+02 +1.088951724e+02
112 0 +3.387823781e+01 +9.521823781e+01 +9.521823781e+01
134 0 +3.051072508e+01 +9.185072508e+01 +9.185072508e+01
178 0 +2.714259574e+01 +8.848259574e+01 +8.848259574e+01
189 0 +2.148375651e+01 +8.282375651e+01 +8.282375651e+01
200 0 +1.376314047e+01 +7.510314047e+01 +7.510314047e+01
233 0 +1.096303076e+01 +7.230303076e+01 +7.230303076e+01
244 0 +9.306956238e+00 +7.064695624e+01 +7.064695624e+01
332 0 +8.826323313e+00 +7.016632331e+01 +7.016632331e+01
398 0 +7.933557758e+00 +6.927355776e+01 +6.927355776e+01
453 0 +6.827363425e+00 +6.816736343e+01 +6.816736343e+01
508 0 +6.086055073e+00 +6.742605507e+01 +6.742605507e+01
530 0 +5.360104664e+00 +6.670010466e+01 +6.670010466e+01
541 0 +4.960669509e+00 +6.630066951e+01 +6.630066951e+01
563 0 +4.367698433e+00 +6.570769843e+01 +6.570769843e+01
607 0 +3.662226858e+00 +6.500222686e+01 +6.500222686e+01
618 0 +3.393308933e+00 +6.473330893e+01 +6.473330893e+01
629 0 +3.022738107e+00 +6.436273811e+01 +6.436273811e+01
640 0 +2.730112849e+00 +6.407011285e+01 +6.407011285e+01
651 0 +2.434756689e+00 +6.377475669e+01 +6.377475669e+01
662 0 +2.188733427e+00 +6.352873343e+01 +6.352873343e+01
695 0 +1.763879493e+00 +6.310387949e+01 +6.310387949e+01
706 0 +1.402827551e+00 +6.274282755e+01 +6.274282755e+01
717 0 +1.128740728e+00 +6.246874073e+01 +6.246874073e+01
728 0 +9.124705235e-01 +6.225247052e+01 +6.225247052e+01
739 0 +8.886519249e-01 +6.222865192e+01 +6.222865192e+01
750 0 +7.846885091e-01 +6.212468851e+01 +6.212468851e+01
761 0 +6.337502620e-01 +6.197375026e+01 +6.197375026e+01
772 0 +5.202762285e-01 +6.186027623e+01 +6.186027623e+01
783 0 +3.656892878e-01 +6.170568929e+01 +6.170568929e+01
794 0 +3.279665597e-01 +6.166796656e+01 +6.166796656e+01
805 0 +2.831764070e-01 +6.162317641e+01 +6.162317641e+01
816 0 +1.840399612e-01 +6.152403996e+01 +6.152403996e+01
827 0 +1.179666435e-01 +6.145796664e+01 +6.145796664e+01
838 0 +5.662272485e-02 +6.139662272e+01 +6.139662272e+01
860 0 +4.506689169e-02 +6.138506689e+01 +6.138506689e+01
871 0 +2.847782016e-02 +6.136847782e+01 +6.136847782e+01
882 0 +1.515306874e-02 +6.135515307e+01 +6.135515307e+01
893 0 +6.744019251e-03 +6.134674402e+01 +6.134674402e+01
904 0 +3.890769066e-03 +6.134389077e+01 +6.134389077e+01
915 0 +6.469594599e-04 +6.134064696e+01 +6.134064696e+01
926 0 +1.201147020e-04 +6.134012011e+01 +6.134012011e+01
937 0 +4.878243530e-06 +6.134000488e+01 +6.134000488e+01
948 0 +3.735616545e-07 +6.134000037e+01 +6.134000037e+01
959 0 +1.427827812e-08 +6.134000001e+01 +6.134000001e+01
970 0 +3.653468639e-10 +6.134000000e+01 +6.134000000e+01
3153 0 +9.663381206e-13 +6.134000000e+01 +6.134000000e+01
55297 0 +0.000000000e+00 +6.134000000e+01 +6.134000000e+01
100148 0 +0.000000000e+00 +6.134000000e+01 +6.134000000e+01
