% f evaluations | g evaluations | best noise-free fitness - Fopt (7.948000000000e+01) + sum g_i+ | measured fitness | best measured fitness or single-digit g-values | x1 | x2...
1 0 +1.346983661e+02 +2.141783661e+02 +2.141783661e+02
2 0 +1.147584453e+02 +1.942384453e+02 +1.942384453e+02
5 0 +1.033309631e+02 +1.828109631e+02 +1.828109631e+02
6 0 +8.055737830e+01 +1.600373783e+02 +1.600373783e+02
18 0 +7.423384766e+01 +1.537138477e+02 +1.537138477e+02
23 0 +6.139617306e+01 +1.408761731e+02 +1.408761731e+02
27 0 +4.445151083e+01 +1.239315108e+02 +1.239315108e+02
39 0 +2.662712371e+01 +1.061071237e+02 +1.061071237e+02
49 0 +2.087675787e+01 +1.003567579e+02 +1.003567579e+02
52 0 +1.942044544e+01 +9.890044544e+01 +9.890044544e+01
75 0 +1.644176357e+01 +9.592176357e+01 +9.592176357e+01
108 0 +1.495243715e+01 +9.443243715e+01 +9.443243715e+01
121 0 +1.374331494e+01 +9.322331494e+01 +9.322331494e+01
184 0 +1.180924941e+01 +9.128924941e+01 +9.128924941e+01
190 0 +9.782567306e+00 +8.926256731e+01 +8.926256731e+01
194 0 +7.499390511e+00 +8.697939051e+01 +8.697939051e+01
197 0 +5.404372401e+00 +8.488437240e+01 +8.488437240e+01
227 0 +3.378995647e+00 +8.285899565e+01 +8.285899565e+01
327 0 +3.077618161e+00 +8.255761816e+01 +8.255761816e+01
360 0 +1.574909041e+00 +8.105490904e+01 +8.105490904e+01
401 0 +9.103604178e-01 +8.039036042e+01 +8.039036042e+01
477 0 +7.535672072e-01 +8.023356721e+01 +8.023356721e+01
483 0 +6.367619242e-01 +8.011676192e+01 +8.011676192e+01
509 0 +5.084942068e-01 +7.998849421e+01 +7.998849421e+01
532 0 +4.381655305e-01 +7.991816553e+01 +7.991816553e+01
556 0 +3.941567259e-01 +7.987415673e+01 +7.987415673e+01
601 0 +3.136037360e-01 +7.979360374e+01 +7.979360374e+01
611 0 +2.714243512e-01 +7.975142435e+01 +7.975142435e+01
653 0 +2.082782268e-01 +7.968827823e+01 +7.968827823e+01
663 0 +1.497769192e-01 +7.962977692e+01 +7.962977692e+01
681 0 +1.408546577e-01 +7.962085466e+01 +7.962085466e+01
740 0 +5.750437475e-02 +7.953750437e+01 +7.953750437e+01
782 0 +4.952563317e-02 +7.952952563e+01 +7.952952563e+01
807 0 +4.418083351e-02 +7.952418083e+01 +7.952418083e+01
842 0 +3.262424305e-02 +7.951262424e+01 +7.951262424e+01
848 0 +2.503202277e-02 +7.950503202e+01 +7.950503202e+01
893 0 +2.205486821e-02 +7.950205487e+01 +7.950205487e+01
901 0 +1.406839865e-02 +7.949406840e+01 +7.949406840e+01
941 0 +9.115411743e-03 +7.948911541e+01 +7.948911541e+01
949 0 +8.528326535e-03 +7.948852833e+01 +7.948852833e+01
961 0 +4.953189828e-03 +7.948495319e+01 +7.948495319e+01
982 0 +1.568392497e-03 +7.948156839e+01 +7.948156839e+01
1003 0 +1.057377946e-04 +7.948010574e+01 +7.948010574e+01
1024 0 +3.824397301e-05 +7.948003824e+01 +7.948003824e+01
1045 0 +3.750632430e-06 +7.948000375e+01 +7.948000375e+01
1066 0 +1.116988557e-06 +7.948000112e+01 +7.948000112e+01
1087 0 +8.028867171e-08 +7.948000008e+01 +7.948000008e+01
1108 0 +2.181830894e-08 +7.948000002e+01 +7.948000002e+01
1129 0 +3.533415338e-09 +7.948000000e+01 +7.948000000e+01
1255 0 +4.547473509e-13 +7.948000000e+01 +7.948000000e+01
200315 0 +1.421085472e-14 +7.948000000e+01 +7.948000000e+01
% f evaluations | g evaluations | best noise-free fitness - Fopt (3.944800000000e+02) + sum g_i+ | measured fitness | best measured fitness or single-digit g-values | x1 | x2...
1 0 +1.839654383e+02 +5.784454383e+02 +5.784454383e+02
3 0 +1.763012458e+02 +5.707812458e+02 +5.707812458e+02
8 0 +1.132164553e+02 +5.076964553e+02 +5.076964553e+02
15 0 +1.040720451e+02 +4.985520451e+02 +4.985520451e+02
23 0 +9.958347962e+01 +4.940634796e+02 +4.940634796e+02
33 0 +7.709062074e+01 +4.715706207e+02 +4.715706207e+02
38 0 +6.984311126e+01 +4.643231113e+02 +4.643231113e+02
44 0 +6.072847255e+01 +4.552084725e+02 +4.552084725e+02
51 0 +5.455514198e+01 +4.490351420e+02 +4.490351420e+02
62 0 +4.264268588e+01 +4.371226859e+02 +4.371226859e+02
76 0 +3.821808300e+01 +4.326980830e+02 +4.326980830e+02
108 0 +3.122683323e+01 +4.257068332e+02 +4.257068332e+02
109 0 +2.175725089e+01 +4.162372509e+02 +4.162372509e+02
121 0 +1.439843183e+01 +4.088784318e+02 +4.088784318e+02
141 0 +1.053080945e+01 +4.050108094e+02 +4.050108094e+02
218 0 +6.215334885e+00 +4.006953349e+02 +4.006953349e+02
298 0 +5.330415769e+00 +3.998104158e+02 +3.998104158e+02
352 0 +4.166780801e+00 +3.986467808e+02 +3.986467808e+02
385 0 +3.846608602e+00 +3.983266086e+02 +3.983266086e+02
406 0 +3.014818749e+00 +3.974948187e+02 +3.974948187e+02
440 0 +2.046058588e+00 +3.965260586e+02 +3.965260586e+02
461 0 +1.625027206e+00 +3.961050272e+02 +3.961050272e+02
469 0 +1.434164651e+00 +3.959141647e+02 +3.959141647e+02
486 0 +1.211132955e+00 +3.956911330e+02 +3.956911330e+02
505 0 +1.117980768e+00 +3.955979808e+02 +3.955979808e+02
532 0 +8.154021868e-01 +3.952954022e+02 +3.952954022e+02
554 0 +7.942054507e-01 +3.952742055e+02 +3.952742055e+02
557 0 +6.254166388e-01 +3.951054166e+02 +3.951054166e+02
573 0 +4.485893874e-01 +3.949285894e+02 +3.949285894e+02
592 0 +4.363007277e-01 +3.949163007e+02 +3.949163007e+02
673 0 +3.680148299e-01 +3.948480148e+02 +3.948480148e+02
691 0 +3.476637176e-01 +3.948276637e+02 +3.948276637e+02
702 0 +2.934720110e-01 +3.947734720e+02 +3.947734720e+02
717 0 +2.379734738e-01 +3.947179735e+02 +3.947179735e+02
740 0 +2.132827262e-01 +3.946932827e+02 +3.946932827e+02
763 0 +1.737944994e-01 +3.946537945e+02 +3.946537945e+02
779 0 +1.179415001e-01 +3.945979415e+02 +3.945979415e+02
801 0 +1.033425348e-01 +3.945833425e+02 +3.945833425e+02
806 0 +9.624767074e-02 +3.945762477e+02 +3.945762477e+02
808 0 +8.119091759e-02 +3.945611909e+02 +3.945611909e+02
825 0 +5.745654346e-02 +3.945374565e+02 +3.945374565e+02
836 0 +4.606244606e-02 +3.945260624e+02 +3.945260624e+02
916 0 +4.158934836e-02 +3.945215893e+02 +3.945215893e+02
946 0 +3.536775498e-02 +3.945153678e+02 +3.945153678e+02
961 0 +3.156509677e-02 +3.945115651e+02 +3.945115651e+02
982 0 +7.705268441e-03 +3.944877053e+02 +3.944877053e+02
1003 0 +1.306558636e-03 +3.944813066e+02 +3.944813066e+02
1024 0 +3.070727950e-04 +3.944803071e+02 +3.944803071e+02
1045 0 +5.824853997e-05 +3.944800582e+02 +3.944800582e+02
1066 0 +1.500409775e-05 +3.944800150e+02 +3.944800150e+02
1087 0 +1.582166817e-06 +3.944800016e+02 +3.944800016e+02
1108 0 +2.752087767e-07 +3.944800003e+02 +3.944800003e+02
1129 0 +6.077243597e-08 +3.944800001e+02 +3.944800001e+02
1150 0 +1.138425887e-08 +3.944800000e+02 +3.944800000e+02
1171 0 +2.407375632e-09 +3.944800000e+02 +3.944800000e+02
5008 0 +8.526512829e-13 +3.944800000e+02 +3.944800000e+02
200002 0 +5.684341886e-14 +3.944800000e+02 +3.944800000e+02
% f evaluations | g evaluations | best noise-free fitness - Fopt (-2.471100000000e+02) + sum g_i+ | measured fitness | best measured fitness or single-digit g-values | x1 | x2...
1 0 +1.516832335e+02 -9.542676648e+01 -9.542676648e+01
2 0 +1.173564037e+02 -1.297535963e+02 -1.297535963e+02
4 0 +1.028820987e+02 -1.442279013e+02 -1.442279013e+02
5 0 +9.706851481e+01 -1.500414852e+02 -1.500414852e+02
13 0 +6.604722549e+01 -1.810627745e+02 -1.810627745e+02
29 0 +6.294523497e+01 -1.841647650e+02 -1.841647650e+02
43 0 +5.527254503e+01 -1.918374550e+02 -1.918374550e+02
57 0 +3.742208022e+01 -2.096879198e+02 -2.096879198e+02
67 0 +3.449515754e+01 -2.126148425e+02 -2.126148425e+02
79 0 +2.115531736e+01 -2.259546826e+02 -2.259546826e+02
108 0 +1.809010657e+01 -2.290198934e+02 -2.290198934e+02
141 0 +1.702733333e+01 -2.300826667e+02 -2.300826667e+02
146 0 +1.169105222e+01 -2.354189478e+02 -2.354189478e+02
227 0 +1.105660559e+01 -2.360533944e+02 -2.360533944e+02
275 0 +6.694500061e+00 -2.404154999e+02 -2.404154999e+02
298 0 +2.950866014e+00 -2.441591340e+02 -2.441591340e+02
402 0 +2.380891229e+00 -2.447291088e+02 -2.447291088e+02
407 0 +1.431379762e+00 -2.456786202e+02 -2.456786202e+02
443 0 +1.107627531e+00 -2.460023725e+02 -2.460023725e+02
473 0 +9.582559961e-01 -2.461517440e+02 -2.461517440e+02
486 0 +8.787652006e-01 -2.462312348e+02 -2.462312348e+02
492 0 +5.758899873e-01 -2.465341100e+02 -2.465341100e+02
551 0 +4.470131418e-01 -2.466629869e+02 -2.466629869e+02
554 0 +4.194435205e-01 -2.466905565e+02 -2.466905565e+02
599 0 +3.153519480e-01 -2.467946481e+02 -2.467946481e+02
653 0 +2.127550609e-01 -2.468972449e+02 -2.468972449e+02
729 0 +1.780396362e-01 -2.469319604e+02 -2.469319604e+02
730 0 +1.224505969e-01 -2.469875494e+02 -2.469875494e+02
758 0 +1.045384852e-01 -2.470054615e+02 -2.470054615e+02
774 0 +9.800644587e-02 -2.470119936e+02 -2.470119936e+02
782 0 +6.093206165e-02 -2.470490679e+02 -2.470490679e+02
840 0 +4.578114243e-02 -2.470642189e+02 -2.470642189e+02
857 0 +4.249624923e-02 -2.470675038e+02 -2.470675038e+02
870 0 +3.925376944e-02 -2.470707462e+02 -2.470707462e+02
889 0 +3.256857868e-02 -2.470774314e+02 -2.470774314e+02
908 0 +3.151590581e-02 -2.470784841e+02 -2.470784841e+02
919 0 +2.599402441e-02 -2.470840060e+02 -2.470840060e+02
922 0 +2.289704720e-02 -2.470871030e+02 -2.470871030e+02
942 0 +2.218393914e-02 -2.470878161e+02 -2.470878161e+02
945 0 +1.435078180e-02 -2.470956492e+02 -2.470956492e+02
949 0 +8.916374109e-03 -2.471010836e+02 -2.471010836e+02
961 0 +5.842649421e-03 -2.471041574e+02 -2.471041574e+02
982 0 +1.310735201e-03 -2.471086893e+02 -2.471086893e+02
1003 0 +1.328169473e-04 -2.471098672e+02 -2.471098672e+02
1024 0 +4.160207183e-05 -2.471099584e+02 -2.471099584e+02
1045 0 +8.087384998e-06 -2.471099919e+02 -2.471099919e+02
1066 0 +3.150559166e-06 -2.471099968e+02 -2.471099968e+02
1087 0 +3.600552247e-07 -2.471099996e+02 -2.471099996e+02
1108 0 +8.931206708e-08 -2.471099999e+02 -2.471099999e+02
1129 0 +1.818358442e-08 -2.471100000e+02 -2.471100000e+02
1150 0 +4.117197250e-09 -2.471100000e+02 -2.471100000e+02
2510 0 +9.947598301e-13 -2.471100000e+02 -2.471100000e+02
5082 0 +0.000000000e+00 -2.471100000e+02 -2.471100000e+02
200004 0 +0.000000000e+00 -2.471100000e+02 -2.471100000e+02
% f evaluations | g evaluations | best noise-free fitness - Fopt (-1.520400000000e+02) + sum g_i+ | measured fitness | best measured fitness or single-digit g-values | x1 | x2...
1 0 +1.317372188e+02 -2.030278119e+01 -2.030278119e+01
6 0 +1.043776168e+02 -4.766238316e+01 -4.766238316e+01
8 0 +9.076943563e+01 -6.127056437e+01 -6.127056437e+01
28 0 +8.686651161e+01 -6.517348839e+01 -6.517348839e+01
40 0 +6.372891132e+01 -8.831108868e+01 -8.831108868e+01
42 0 +5.839889578e+01 -9.364110422e+01 -9.364110422e+01
61 0 +4.726852700e+01 -1.047714730e+02 -1.047714730e+02
74 0 +3.721076407e+01 -1.148292359e+02 -1.148292359e+02
93 0 +3.444076927e+01 -1.175992307e+02 -1.175992307e+02
95 0 +2.708648162e+01 -1.249535184e+02 -1.249535184e+02
129 0 +1.726203932e+01 -1.347779607e+02 -1.347779607e+02
153 0 +1.412826702e+01 -1.379117330e+02 -1.379117330e+02
182 0 +1.111511416e+01 -1.409248858e+02 -1.409248858e+02
198 0 +8.494611861e+00 -1.435453881e+02 -1.435453881e+02
265 0 +5.936563769e+00 -1.461034362e+02 -1.461034362e+02
295 0 +5.077838096e+00 -1.469621619e+02 -1.469621619e+02
296 0 +4.890227396e+00 -1.471497726e+02 -1.471497726e+02
357 0 +3.957272620e+00 -1.480827274e+02 -1.480827274e+02
362 0 +2.331686825e+00 -1.497083132e+02 -1.497083132e+02
443 0 +1.901714456e+00 -1.501382855e+02 -1.501382855e+02
455 0 +1.747648957e+00 -1.502923510e+02 -1.502923510e+02
465 0 +7.304172751e-01 -1.513095827e+02 -1.513095827e+02
533 0 +6.125334463e-01 -1.514274666e+02 -1.514274666e+02
592 0 +5.558973102e-01 -1.514841027e+02 -1.514841027e+02
649 0 +2.798719094e-01 -1.517601281e+02 -1.517601281e+02
691 0 +2.089615658e-01 -1.518310384e+02 -1.518310384e+02
694 0 +1.455472051e-01 -1.518944528e+02 -1.518944528e+02
786 0 +1.061115760e-01 -1.519338884e+02 -1.519338884e+02
801 0 +8.700233350e-02 -1.519529977e+02 -1.519529977e+02
810 0 +7.937065567e-02 -1.519606293e+02 -1.519606293e+02
841 0 +5.912524759e-02 -1.519808748e+02 -1.519808748e+02
850 0 +3.994290816e-02 -1.520000571e+02 -1.520000571e+02
915 0 +3.313416591e-02 -1.520068658e+02 -1.520068658e+02
945 0 +2.278293176e-02 -1.520172171e+02 -1.520172171e+02
950 0 +2.200930771e-02 -1.520179907e+02 -1.520179907e+02
959 0 +1.847462148e-02 -1.520215254e+02 -1.520215254e+02
961 0 +1.133839230e-02 -1.520286616e+02 -1.520286616e+02
982 0 +3.520143816e-03 -1.520364799e+02 -1.520364799e+02
1003 0 +1.843924749e-04 -1.520398156e+02 -1.520398156e+02
1024 0 +6.585089156e-05 -1.520399341e+02 -1.520399341e+02
1045 0 +9.164836285e-06 -1.520399908e+02 -1.520399908e+02
1066 0 +3.337609172e-06 -1.520399967e+02 -1.520399967e+02
1087 0 +3.496701595e-07 -1.520399997e+02 -1.520399997e+02
1108 0 +8.824338238e-08 -1.520399999e+02 -1.520399999e+02
1129 0 +1.289583906e-08 -1.520400000e+02 -1.520400000e+02
1150 0 +3.397417458e-09 -1.520400000e+02 -1.520400000e+02
1297 0 +7.105427358e-13 -1.520400000e+02 -1.520400000e+02
200003 0 +2.842170943e-14 -1.520400000e+02 -1.520400000e+02
% f evaluations | g evaluations | best noise-free fitness - Fopt (-2.525000000000e+01) + sum g_i+ | measured fitness | best measured fitness or single-digit g-values | x1 | x2...
1 0 +7.036549252e+01 +4.511549252e+01 +4.511549252e+01
6 0 +6.892727156e+01 +4.367727156e+01 +4.367727156e+01
12 0 +6.275737569e+01 +3.750737569e+01 +3.750737569e+01
25 0 +5.275853380e+01 +2.750853380e+01 +2.750853380e+01
26 0 +4.286481872e+01 +1.761481872e+01 +1.761481872e+01
30 0 +3.392229792e+01 +8.672297917e+00 +8.672297917e+00
82 0 +2.969125872e+01 +4.441258719e+00 +4.441258719e+00
92 0 +2.796642367e+01 +2.716423669e+00 +2.716423669e+00
108 0 +2.178325972e+01 -3.466740280e+00 -3.466740280e+00
124 0 +1.815045639e+01 -7.099543608e+00 -7.099543608e+00
126 0 +1.620346473e+01 -9.046535270e+00 -9.046535270e+00
163 0 +1.485954070e+01 -1.039045930e+01 -1.039045930e+01
188 0 +1.371412853e+01 -1.153587147e+01 -1.153587147e+01
227 0 +9.539752241e+00 -1.571024776e+01 -1.571024776e+01
278 0 +8.531026598e+00 -1.671897340e+01 -1.671897340e+01
280 0 +5.471065953e+00 -1.977893405e+01 -1.977893405e+01
298 0 +4.594808659e+00 -2.065519134e+01 -2.065519134e+01
302 0 +4.441697952e+00 -2.080830205e+01 -2.080830205e+01
342 0 +3.295257916e+00 -2.195474208e+01 -2.195474208e+01
350 0 +1.970045458e+00 -2.327995454e+01 -2.327995454e+01
361 0 +1.663824213e+00 -2.358617579e+01 -2.358617579e+01
506 0 +1.260397838e+00 -2.398960216e+01 -2.398960216e+01
559 0 +1.231724898e+00 -2.401827510e+01 -2.401827510e+01
570 0 +8.667954468e-01 -2.438320455e+01 -2.438320455e+01
575 0 +7.844220198e-01 -2.446557798e+01 -2.446557798e+01
577 0 +6.932153428e-01 -2.455678466e+01 -2.455678466e+01
598 0 +5.432560113e-01 -2.470674399e+01 -2.470674399e+01
599 0 +2.840276829e-01 -2.496597232e+01 -2.496597232e+01
678 0 +2.714583371e-01 -2.497854166e+01 -2.497854166e+01
679 0 +2.304979184e-01 -2.501950208e+01 -2.501950208e+01
737 0 +1.816465840e-01 -2.506835342e+01 -2.506835342e+01
739 0 +1.630918244e-01 -2.508690818e+01 -2.508690818e+01
773 0 +1.369264869e-01 -2.511307351e+01 -2.511307351e+01
774 0 +1.121958023e-01 -2.513780420e+01 -2.513780420e+01
786 0 +7.580924907e-02 -2.517419075e+01 -2.517419075e+01
847 0 +6.437630765e-02 -2.518562369e+01 -2.518562369e+01
869 0 +6.097397548e-02 -2.518902602e+01 -2.518902602e+01
877 0 +5.189681467e-02 -2.519810319e+01 -2.519810319e+01
889 0 +4.674740272e-02 -2.520325260e+01 -2.520325260e+01
896 0 +3.287357309e-02 -2.521712643e+01 -2.521712643e+01
922 0 +2.660894797e-02 -2.522339105e+01 -2.522339105e+01
961 0 +1.943200869e-02 -2.523056799e+01 -2.523056799e+01
982 0 +6.539166543e-03 -2.524346083e+01 -2.524346083e+01
1003 0 +5.509728149e-04 -2.524944903e+01 -2.524944903e+01
1024 0 +1.827228196e-04 -2.524981728e+01 -2.524981728e+01
1045 0 +1.752103957e-05 -2.524998248e+01 -2.524998248e+01
1066 0 +4.857192124e-06 -2.524999514e+01 -2.524999514e+01
1087 0 +2.573070361e-07 -2.524999974e+01 -2.524999974e+01
1108 0 +5.841878092e-08 -2.524999994e+01 -2.524999994e+01
1129 0 +9.597862061e-09 -2.524999999e+01 -2.524999999e+01
1255 0 +9.947598301e-13 -2.525000000e+01 -2.525000000e+01
200010 0 +3.552713679e-15 -2.525000000e+01 -2.525000000e+01
% f evaluations | g evaluations | best noise-free fitness - Fopt (1.830100000000e+02) + sum g_i+ | measured fitness | best measured fitness or single-digit g-values | x1 | x2...
1 0 +1.740229571e+02 +3.570329571e+02 +3.570329571e+02
2 0 +1.145013068e+02 +2.975113068e+02 +2.975113068e+02
16 0 +1.116111011e+02 +2.946211011e+02 +2.946211011e+02
29 0 +9.165032266e+01 +2.746603227e+02 +2.746603227e+02
42 0 +8.750424822e+01 +2.705142482e+02 +2.705142482e+02
49 0 +6.910261582e+01 +2.521126158e+02 +2.521126158e+02
78 0 +6.297064140e+01 +2.459806414e+02 +2.459806414e+02
80 0 +5.615771576e+01 +2.391677158e+02 +2.391677158e+02
89 0 +4.929799524e+01 +2.323079952e+02 +2.323079952e+02
100 0 +3.923431879e+01 +2.222443188e+02 +2.222443188e+02
113 0 +3.120833970e+01 +2.142183397e+02 +2.142183397e+02
125 0 +2.562842947e+01 +2.086384295e+02 +2.086384295e+02
128 0 +2.124412844e+01 +2.042541284e+02 +2.042541284e+02
163 0 +1.671299498e+01 +1.997229950e+02 +1.997229950e+02
265 0 +1.473902274e+01 +1.977490227e+02 +1.977490227e+02
266 0 +1.236120985e+01 +1.953712098e+02 +1.953712098e+02
303 0 +9.817867793e+00 +1.928278678e+02 +1.928278678e+02
327 0 +3.808213431e+00 +1.868182134e+02 +1.868182134e+02
396 0 +2.942502210e+00 +1.859525022e+02 +1.859525022e+02
451 0 +2.456701924e+00 +1.854667019e+02 +1.854667019e+02
501 0 +2.081422698e+00 +1.850914227e+02 +1.850914227e+02
530 0 +1.900976256e+00 +1.849109763e+02 +1.849109763e+02
533 0 +1.680348187e+00 +1.846903482e+02 +1.846903482e+02
562 0 +1.042178841e+00 +1.840521788e+02 +1.840521788e+02
598 0 +9.049037850e-01 +1.839149038e+02 +1.839149038e+02
601 0 +8.557858098e-01 +1.838657858e+02 +1.838657858e+02
626 0 +7.470779573e-01 +1.837570780e+02 +1.837570780e+02
639 0 +6.673318422e-01 +1.836773318e+02 +1.836773318e+02
641 0 +5.632816532e-01 +1.835732817e+02 +1.835732817e+02
681 0 +5.213399487e-01 +1.835313399e+02 +1.835313399e+02
691 0 +4.308285847e-01 +1.834408286e+02 +1.834408286e+02
696 0 +2.973204480e-01 +1.833073204e+02 +1.833073204e+02
734 0 +2.083931635e-01 +1.832183932e+02 +1.832183932e+02
806 0 +1.956160516e-01 +1.832056161e+02 +1.832056161e+02
814 0 +1.760848701e-01 +1.831860849e+02 +1.831860849e+02
828 0 +1.502159517e-01 +1.831602160e+02 +1.831602160e+02
844 0 +1.190680675e-01 +1.831290681e+02 +1.831290681e+02
869 0 +8.175312943e-02 +1.830917531e+02 +1.830917531e+02
872 0 +7.708057823e-02 +1.830870806e+02 +1.830870806e+02
877 0 +5.731911681e-02 +1.830673191e+02 +1.830673191e+02
900 0 +4.830053127e-02 +1.830583005e+02 +1.830583005e+02
961 0 +2.483433140e-02 +1.830348343e+02 +1.830348343e+02
982 0 +6.625669931e-03 +1.830166257e+02 +1.830166257e+02
1003 0 +9.727078571e-04 +1.830109727e+02 +1.830109727e+02
1024 0 +3.041322104e-04 +1.830103041e+02 +1.830103041e+02
1045 0 +6.368548406e-05 +1.830100637e+02 +1.830100637e+02
1066 0 +1.791124970e-05 +1.830100179e+02 +1.830100179e+02
1087 0 +2.973116978e-06 +1.830100030e+02 +1.830100030e+02
1108 0 +7.348672284e-07 +1.830100007e+02 +1.830100007e+02
1129 0 +1.258574400e-07 +1.830100001e+02 +1.830100001e+02
1150 0 +2.204393468e-08 +1.830100000e+02 +1.830100000e+02
1171 0 +4.121773145e-09 +1.830100000e+02 +1.830100000e+02
1402 0 +9.947598301e-13 +1.830100000e+02 +1.830100000e+02
5472 0 +0.000000000e+00 +1.830100000e+02 +1.830100000e+02
200009 0 +0.000000000e+00 +1.830100000e+02 +1.830100000e+02
% f evaluations | g evaluations | best noise-free fitness - Fopt (1.835200000000e+02) + sum g_i+ | measured fitness | best measured fitness or single-digit g-values | x1 | x2...
1 0 +1.342399857e+02 +3.177599857e+02 +3.177599857e+02
7 0 +1.250332418e+02 +3.085532418e+02 +3.085532418e+02
13 0 +8.913680814e+01 +2.726568081e+02 +2.726568081e+02
34 0 +8.452269135e+01 +2.680426914e+02 +2.680426914e+02
44 0 +6.961760590e+01 +2.531376059e+02 +2.531376059e+02
75 0 +5.139381562e+01 +2.349138156e+02 +2.349138156e+02
105 0 +4.248235009e+01 +2.260023501e+02 +2.260023501e+02
109 0 +2.961781663e+01 +2.131378166e+02 +2.131378166e+02
124 0 +1.962892509e+01 +2.031489251e+02 +2.031489251e+02
147 0 +1.526206413e+01 +1.987820641e+02 +1.987820641e+02
194 0 +1.308971604e+01 +1.966097160e+02 +1.966097160e+02
198 0 +1.199474870e+01 +1.955147487e+02 +1.955147487e+02
199 0 +1.115518412e+01 +1.946751841e+02 +1.946751841e+02
306 0 +8.115721039e+00 +1.916357210e+02 +1.916357210e+02
317 0 +6.824004961e+00 +1.903440050e+02 +1.903440050e+02
350 0 +5.360849223e+00 +1.888808492e+02 +1.888808492e+02
380 0 +4.925823884e+00 +1.884458239e+02 +1.884458239e+02
402 0 +4.001516588e+00 +1.875215166e+02 +1.875215166e+02
407 0 +3.656556453e+00 +1.871765565e+02 +1.871765565e+02
436 0 +3.329641616e+00 +1.868496416e+02 +1.868496416e+02
443 0 +2.795198014e+00 +1.863151980e+02 +1.863151980e+02
468 0 +2.292974918e+00 +1.858129749e+02 +1.858129749e+02
486 0 +1.961019276e+00 +1.854810193e+02 +1.854810193e+02
505 0 +1.194154576e+00 +1.847141546e+02 +1.847141546e+02
596 0 +1.023922141e+00 +1.845439221e+02 +1.845439221e+02
604 0 +7.788132793e-01 +1.842988133e+02 +1.842988133e+02
632 0 +6.077468571e-01 +1.841277469e+02 +1.841277469e+02
643 0 +5.156003457e-01 +1.840356003e+02 +1.840356003e+02
661 0 +3.668706839e-01 +1.838868707e+02 +1.838868707e+02
673 0 +2.329754231e-01 +1.837529754e+02 +1.837529754e+02
724 0 +1.826046960e-01 +1.837026047e+02 +1.837026047e+02
739 0 +1.487750654e-01 +1.836687751e+02 +1.836687751e+02
779 0 +1.276797231e-01 +1.836476797e+02 +1.836476797e+02
786 0 +8.064421303e-02 +1.836006442e+02 +1.836006442e+02
888 0 +6.832871341e-02 +1.835883287e+02 +1.835883287e+02
889 0 +6.126591347e-02 +1.835812659e+02 +1.835812659e+02
899 0 +3.438854733e-02 +1.835543885e+02 +1.835543885e+02
949 0 +2.035260251e-02 +1.835403526e+02 +1.835403526e+02
961 0 +1.604970640e-02 +1.835360497e+02 +1.835360497e+02
982 0 +5.065394588e-03 +1.835250654e+02 +1.835250654e+02
1003 0 +1.496372969e-04 +1.835201496e+02 +1.835201496e+02
1024 0 +4.542889434e-05 +1.835200454e+02 +1.835200454e+02
1045 0 +4.974539564e-06 +1.835200050e+02 +1.835200050e+02
1066 0 +1.741308211e-06 +1.835200017e+02 +1.835200017e+02
1087 0 +9.196418205e-08 +1.835200001e+02 +1.835200001e+02
1108 0 +2.814829259e-08 +1.835200000e+02 +1.835200000e+02
1129 0 +2.925133913e-09 +1.835200000e+02 +1.835200000e+02
1339 0 +8.810729923e-13 +1.835200000e+02 +1.835200000e+02
200002 0 +2.842170943e-14 +1.835200000e+02 +1.835200000e+02
% f evaluations | g evaluations | best noise-free fitness - Fopt (-5.938400000000e+02) + sum g_i+ | measured fitness | best measured fitness or single-digit g-values | x1 | x2...
1 0 +9.298257104e+01 -5.008574290e+02 -5.008574290e+02
6 0 +8.928629180e+01 -5.045537082e+02 -5.045537082e+02
14 0 +7.153517978e+01 -5.223048202e+02 -5.223048202e+02
33 0 +5.648494100e+01 -5.373550590e+02 -5.373550590e+02
40 0 +4.129859518e+01 -5.525414048e+02 -5.525414048e+02
58 0 +3.301596673e+01 -5.608240333e+02 -5.608240333e+02
71 0 +2.522619854e+01 -5.686138015e+02 -5.686138015e+02
92 0 +2.103653979e+01 -5.728034602e+02 -5.728034602e+02
108 0 +1.853880243e+01 -5.753011976e+02 -5.753011976e+02
192 0 +1.597178156e+01 -5.778682184e+02 -5.778682184e+02
223 0 +1.235085459e+01 -5.814891454e+02 -5.814891454e+02
241 0 +9.628149097e+00 -5.842118509e+02 -5.842118509e+02
277 0 +7.789234036e+00 -5.860507660e+02 -5.860507660e+02
302 0 +6.025489465e+00 -5.878145105e+02 -5.878145105e+02
303 0 +5.517612059e+00 -5.883223879e+02 -5.883223879e+02
309 0 +2.797802735e+00 -5.910421973e+02 -5.910421973e+02
417 0 +2.320466969e+00 -5.915195330e+02 -5.915195330e+02
426 0 +1.804037492e+00 -5.920359625e+02 -5.920359625e+02
478 0 +1.232800512e+00 -5.926071995e+02 -5.926071995e+02
494 0 +8.634665420e-01 -5.929765335e+02 -5.929765335e+02
542 0 +6.956932584e-01 -5.931443067e+02 -5.931443067e+02
630 0 +6.020596570e-01 -5.932379403e+02 -5.932379403e+02
647 0 +5.581190346e-01 -5.932818810e+02 -5.932818810e+02
663 0 +4.123631850e-01 -5.934276368e+02 -5.934276368e+02
673 0 +3.850739082e-01 -5.934549261e+02 -5.934549261e+02
694 0 +2.317327257e-01 -5.936082673e+02 -5.936082673e+02
754 0 +2.139332579e-01 -5.936260667e+02 -5.936260667e+02
767 0 +1.571072829e-01 -5.936828927e+02 -5.936828927e+02
786 0 +1.270431131e-01 -5.937129569e+02 -5.937129569e+02
797 0 +8.696153261e-02 -5.937530385e+02 -5.937530385e+02
817 0 +7.065275195e-02 -5.937693472e+02 -5.937693472e+02
858 0 +6.022160016e-02 -5.937797784e+02 -5.937797784e+02
870 0 +5.550966229e-02 -5.937844903e+02 -5.937844903e+02
901 0 +4.607893580e-02 -5.937939211e+02 -5.937939211e+02
912 0 +3.501216421e-02 -5.938049878e+02 -5.938049878e+02
941 0 +2.819639147e-02 -5.938118036e+02 -5.938118036e+02
949 0 +2.006789682e-02 -5.938199321e+02 -5.938199321e+02
961 0 +1.369730510e-02 -5.938263027e+02 -5.938263027e+02
982 0 +4.303754762e-03 -5.938356962e+02 -5.938356962e+02
1003 0 +3.420501653e-04 -5.938396579e+02 -5.938396579e+02
1024 0 +1.069730879e-04 -5.938398930e+02 -5.938398930e+02
1045 0 +1.619458737e-05 -5.938399838e+02 -5.938399838e+02
1066 0 +5.148388141e-06 -5.938399949e+02 -5.938399949e+02
1087 0 +7.321591511e-07 -5.938399993e+02 -5.938399993e+02
1108 0 +2.299582320e-07 -5.938399998e+02 -5.938399998e+02
1129 0 +3.549951089e-08 -5.938400000e+02 -5.938400000e+02
1150 0 +7.425114745e-09 -5.938400000e+02 -5.938400000e+02
4726 0 +9.094947018e-13 -5.938400000e+02 -5.938400000e+02
200002 0 +1.136868377e-13 -5.938400000e+02 -5.938400000e+02
% f evaluations | g evaluations | best noise-free fitness - Fopt (-1.000000000000e+03) + sum g_i+ | measured fitness | best measured fitness or single-digit g-values | x1 | x2...
1 0 +1.870465412e+02 -8.129534588e+02 -8.129534588e+02
2 0 +1.192391284e+02 -8.807608716e+02 -8.807608716e+02
3 0 +8.914668897e+01 -9.108533110e+02 -9.108533110e+02
14 0 +8.837523927e+01 -9.116247607e+02 -9.116247607e+02
26 0 +6.859179027e+01 -9.314082097e+02 -9.314082097e+02
42 0 +6.123227958e+01 -9.387677204e+02 -9.387677204e+02
54 0 +5.601710525e+01 -9.439828948e+02 -9.439828948e+02
62 0 +4.370202712e+01 -9.562979729e+02 -9.562979729e+02
74 0 +3.615297157e+01 -9.638470284e+02 -9.638470284e+02
105 0 +2.791744932e+01 -9.720825507e+02 -9.720825507e+02
109 0 +2.283934198e+01 -9.771606580e+02 -9.771606580e+02
123 0 +1.881241617e+01 -9.811875838e+02 -9.811875838e+02
140 0 +1.530784335e+01 -9.846921567e+02 -9.846921567e+02
192 0 +6.779667478e+00 -9.932203325e+02 -9.932203325e+02
271 0 +6.125689597e+00 -9.938743104e+02 -9.938743104e+02
286 0 +5.070892063e+00 -9.949291079e+02 -9.949291079e+02
298 0 +4.594741983e+00 -9.954052580e+02 -9.954052580e+02
310 0 +4.452278679e+00 -9.955477213e+02 -9.955477213e+02
391 0 +3.908842037e+00 -9.960911580e+02 -9.960911580e+02
407 0 +3.513280327e+00 -9.964867197e+02 -9.964867197e+02
414 0 +3.025611330e+00 -9.969743887e+02 -9.969743887e+02
437 0 +2.673247043e+00 -9.973267530e+02 -9.973267530e+02
443 0 +2.197096711e+00 -9.978029033e+02 -9.978029033e+02
478 0 +1.975253605e+00 -9.980247464e+02 -9.980247464e+02
481 0 +1.277866332e+00 -9.987221337e+02 -9.987221337e+02
509 0 +1.212822027e+00 -9.987871780e+02 -9.987871780e+02
596 0 +6.798641648e-01 -9.993201358e+02 -9.993201358e+02
615 0 +4.720073329e-01 -9.995279927e+02 -9.995279927e+02
626 0 +4.362060796e-01 -9.995637939e+02 -9.995637939e+02
670 0 +3.891288653e-01 -9.996108711e+02 -9.996108711e+02
673 0 +3.023932374e-01 -9.996976068e+02 -9.996976068e+02
714 0 +2.491104442e-01 -9.997508896e+02 -9.997508896e+02
724 0 +1.500425465e-01 -9.998499575e+02 -9.998499575e+02
782 0 +1.322580851e-01 -9.998677419e+02 -9.998677419e+02
786 0 +1.192592602e-01 -9.998807407e+02 -9.998807407e+02
820 0 +1.038542394e-01 -9.998961458e+02 -9.998961458e+02
825 0 +9.362784402e-02 -9.999063722e+02 -9.999063722e+02
840 0 +6.045114717e-02 -9.999395489e+02 -9.999395489e+02
844 0 +4.465626290e-02 -9.999553437e+02 -9.999553437e+02
873 0 +3.956163627e-02 -9.999604384e+02 -9.999604384e+02
899 0 +3.501206673e-02 -9.999649879e+02 -9.999649879e+02
945 0 +2.873213752e-02 -9.999712679e+02 -9.999712679e+02
949 0 +2.813160433e-02 -9.999718684e+02 -9.999718684e+02
961 0 +1.997989170e-02 -9.999800201e+02 -9.999800201e+02
982 0 +6.027134615e-03 -9.999939729e+02 -9.999939729e+02
1003 0 +5.057008843e-04 -9.999994943e+02 -9.999994943e+02
1024 0 +1.382755565e-04 -9.999998617e+02 -9.999998617e+02
1045 0 +1.900195036e-05 -9.999999810e+02 -9.999999810e+02
1066 0 +6.319636896e-06 -9.999999937e+02 -9.999999937e+02
1087 0 +9.509906249e-07 -9.999999990e+02 -9.999999990e+02
1108 0 +2.937904355e-07 -9.999999997e+02 -9.999999997e+02
1129 0 +4.667697340e-08 -1.000000000e+03 -1.000000000e+03
1150 0 +1.153568974e-08 -1.000000000e+03 -1.000000000e+03
1171 0 +2.332171789e-09 -1.000000000e+03 -1.000000000e+03
4796 0 +9.094947018e-13 -1.000000000e+03 -1.000000000e+03
5400 0 +0.000000000e+00 -1.000000000e+03 -1.000000000e+03
200002 0 +0.000000000e+00 -1.000000000e+03 -1.000000000e+03
% f evaluations | g evaluations | best noise-free fitness - Fopt (-2.531000000000e+01) + sum g_i+ | measured fitness | best measured fitness or single-digit g-values | x1 | x2...
1 0 +1.302160656e+02 +1.049060656e+02 +1.049060656e+02
2 0 +1.240043422e+02 +9.869434224e+01 +9.869434224e+01
3 0 +1.095644491e+02 +8.425444908e+01 +8.425444908e+01
16 0 +9.812562083e+01 +7.281562083e+01 +7.281562083e+01
27 0 +8.593384850e+01 +6.062384850e+01 +6.062384850e+01
39 0 +7.770996502e+01 +5.239996502e+01 +5.239996502e+01
58 0 +6.006385433e+01 +3.475385433e+01 +3.475385433e+01
84 0 +5.614504557e+01 +3.083504557e+01 +3.083504557e+01
91 0 +4.599994010e+01 +2.068994010e+01 +2.068994010e+01
93 0 +3.569424382e+01 +1.038424382e+01 +1.038424382e+01
108 0 +3.443598359e+01 +9.125983589e+00 +9.125983589e+00
146 0 +2.790797263e+01 +2.597972630e+00 +2.597972630e+00
152 0 +2.467812782e+01 -6.318721754e-01 -6.318721754e-01
192 0 +1.961545412e+01 -5.694545885e+00 -5.694545885e+00
226 0 +1.232562759e+01 -1.298437241e+01 -1.298437241e+01
237 0 +1.053375187e+01 -1.477624813e+01 -1.477624813e+01
266 0 +8.340884078e+00 -1.696911592e+01 -1.696911592e+01
317 0 +6.562812200e+00 -1.874718780e+01 -1.874718780e+01
327 0 +5.556895086e+00 -1.975310491e+01 -1.975310491e+01
352 0 +3.420436959e+00 -2.188956304e+01 -2.188956304e+01
405 0 +2.347722632e+00 -2.296227737e+01 -2.296227737e+01
451 0 +1.792132248e+00 -2.351786775e+01 -2.351786775e+01
465 0 +1.606983270e+00 -2.370301673e+01 -2.370301673e+01
506 0 +1.320966016e+00 -2.398903398e+01 -2.398903398e+01
531 0 +1.019352965e+00 -2.429064703e+01 -2.429064703e+01
542 0 +7.296736591e-01 -2.458032634e+01 -2.458032634e+01
562 0 +6.813792893e-01 -2.462862071e+01 -2.462862071e+01
607 0 +5.626056260e-01 -2.474739437e+01 -2.474739437e+01
632 0 +4.795532393e-01 -2.483044676e+01 -2.483044676e+01
643 0 +4.230366537e-01 -2.488696335e+01 -2.488696335e+01
653 0 +3.812865430e-01 -2.492871346e+01 -2.492871346e+01
661 0 +3.401782743e-01 -2.496982173e+01 -2.496982173e+01
707 0 +2.773609682e-01 -2.503263903e+01 -2.503263903e+01
717 0 +2.214869085e-01 -2.508851309e+01 -2.508851309e+01
782 0 +1.602604152e-01 -2.514973958e+01 -2.514973958e+01
806 0 +1.343280623e-01 -2.517567194e+01 -2.517567194e+01
840 0 +1.011418644e-01 -2.520885814e+01 -2.520885814e+01
850 0 +8.637642246e-02 -2.522362358e+01 -2.522362358e+01
891 0 +6.496139820e-02 -2.524503860e+01 -2.524503860e+01
912 0 +5.738170366e-02 -2.525261830e+01 -2.525261830e+01
941 0 +4.728731525e-02 -2.526271268e+01 -2.526271268e+01
961 0 +3.187284505e-02 -2.527812715e+01 -2.527812715e+01
982 0 +9.918712948e-03 -2.530008129e+01 -2.530008129e+01
1003 0 +4.778610345e-04 -2.530952214e+01 -2.530952214e+01
1024 0 +1.524377793e-04 -2.530984756e+01 -2.530984756e+01
1045 0 +2.020886633e-05 -2.530997979e+01 -2.530997979e+01
1066 0 +8.623696232e-06 -2.530999138e+01 -2.530999138e+01
1087 0 +6.226589768e-07 -2.530999938e+01 -2.530999938e+01
1108 0 +1.775898077e-07 -2.530999982e+01 -2.530999982e+01
1129 0 +3.339538779e-08 -2.530999997e+01 -2.530999997e+01
1150 0 +8.862080847e-09 -2.530999999e+01 -2.530999999e+01
1276 0 +2.984279490e-13 -2.531000000e+01 -2.531000000e+01
200000 0 +3.552713679e-15 -2.531000000e+01 -2.531000000e+01
% f evaluations | g evaluations | best noise-free fitness - Fopt (2.228000000000e+01) + sum g_i+ | measured fitness | best measured fitness or single-digit g-values | x1 | x2...
1 0 +9.003431618e+01 +1.123143162e+02 +1.123143162e+02
11 0 +8.589176357e+01 +1.081717636e+02 +1.081717636e+02
14 0 +7.851802491e+01 +1.007980249e+02 +1.007980249e+02
25 0 +5.799649836e+01 +8.027649836e+01 +8.027649836e+01
38 0 +5.398452143e+01 +7.626452143e+01 +7.626452143e+01
47 0 +4.711990063e+01 +6.939990063e+01 +6.939990063e+01
54 0 +4.285558854e+01 +6.513558854e+01 +6.513558854e+01
62 0 +3.443528605e+01 +5.671528605e+01 +5.671528605e+01
88 0 +2.983249667e+01 +5.211249667e+01 +5.211249667e+01
92 0 +1.988527480e+01 +4.216527480e+01 +4.216527480e+01
126 0 +1.330021864e+01 +3.558021864e+01 +3.558021864e+01
198 0 +1.033346421e+01 +3.261346421e+01 +3.261346421e+01
258 0 +9.567705271e+00 +3.184770527e+01 +3.184770527e+01
265 0 +8.507449711e+00 +3.078744971e+01 +3.078744971e+01
286 0 +5.681554039e+00 +2.796155404e+01 +2.796155404e+01
361 0 +3.295032250e+00 +2.557503225e+01 +2.557503225e+01
387 0 +3.028059107e+00 +2.530805911e+01 +2.530805911e+01
391 0 +2.457791569e+00 +2.473779157e+01 +2.473779157e+01
459 0 +2.229253633e+00 +2.450925363e+01 +2.450925363e+01
480 0 +1.780673306e+00 +2.406067331e+01 +2.406067331e+01
494 0 +1.761895367e+00 +2.404189537e+01 +2.404189537e+01
505 0 +1.524502554e+00 +2.380450255e+01 +2.380450255e+01
522 0 +9.890638502e-01 +2.326906385e+01 +2.326906385e+01
554 0 +7.047768468e-01 +2.298477685e+01 +2.298477685e+01
598 0 +5.611809580e-01 +2.284118096e+01 +2.284118096e+01
618 0 +3.996869753e-01 +2.267968698e+01 +2.267968698e+01
643 0 +3.156128184e-01 +2.259561282e+01 +2.259561282e+01
722 0 +2.793748974e-01 +2.255937490e+01 +2.255937490e+01
729 0 +2.198769653e-01 +2.249987697e+01 +2.249987697e+01
767 0 +1.985780736e-01 +2.247857807e+01 +2.247857807e+01
769 0 +1.175426489e-01 +2.239754265e+01 +2.239754265e+01
782 0 +7.226011580e-02 +2.235226012e+01 +2.235226012e+01
873 0 +5.754304146e-02 +2.233754304e+01 +2.233754304e+01
900 0 +5.574729625e-02 +2.233574730e+01 +2.233574730e+01
915 0 +4.419290707e-02 +2.232419291e+01 +2.232419291e+01
946 0 +3.467481201e-02 +2.231467481e+01 +2.231467481e+01
947 0 +2.946608008e-02 +2.230946608e+01 +2.230946608e+01
949 0 +2.600843504e-02 +2.230600844e+01 +2.230600844e+01
961 0 +1.763834549e-02 +2.229763835e+01 +2.229763835e+01
982 0 +5.417106521e-03 +2.228541711e+01 +2.228541711e+01
1003 0 +2.940288227e-04 +2.228029403e+01 +2.228029403e+01
1024 0 +8.700938118e-05 +2.228008701e+01 +2.228008701e+01
1045 0 +7.619849338e-06 +2.228000762e+01 +2.228000762e+01
1066 0 +2.662165951e-06 +2.228000266e+01 +2.228000266e+01
1087 0 +2.137122941e-07 +2.228000021e+01 +2.228000021e+01
1108 0 +5.211801124e-08 +2.228000005e+01 +2.228000005e+01
1129 0 +6.511985617e-09 +2.228000001e+01 +2.228000001e+01
1255 0 +2.593480986e-13 +2.228000000e+01 +2.228000000e+01
200004 0 +3.552713679e-15 +2.228000000e+01 +2.228000000e+01
% f evaluations | g evaluations | best noise-free fitness - Fopt (3.561400000000e+02) + sum g_i+ | measured fitness | best measured fitness or single-digit g-values | x1 | x2...
1 0 +1.040772639e+02 +4.602172639e+02 +4.602172639e+02
8 0 +9.757348485e+01 +4.537134848e+02 +4.537134848e+02
16 0 +7.956524797e+01 +4.357052480e+02 +4.357052480e+02
19 0 +7.564915152e+01 +4.317891515e+02 +4.317891515e+02
28 0 +4.389787663e+01 +4.000378766e+02 +4.000378766e+02
62 0 +2.952071133e+01 +3.856607113e+02 +3.856607113e+02
74 0 +2.735976250e+01 +3.834997625e+02 +3.834997625e+02
92 0 +1.645654686e+01 +3.725965469e+02 +3.725965469e+02
139 0 +1.208067281e+01 +3.682206728e+02 +3.682206728e+02
327 0 +8.257457103e+00 +3.643974571e+02 +3.643974571e+02
345 0 +7.197604600e+00 +3.633376046e+02 +3.633376046e+02
363 0 +5.583365483e+00 +3.617233655e+02 +3.617233655e+02
463 0 +2.208092865e+00 +3.583480929e+02 +3.583480929e+02
505 0 +1.669172077e+00 +3.578091721e+02 +3.578091721e+02
563 0 +1.550049271e+00 +3.576900493e+02 +3.576900493e+02
582 0 +1.368644237e+00 +3.575086442e+02 +3.575086442e+02
598 0 +1.099796465e+00 +3.572397965e+02 +3.572397965e+02
606 0 +7.988775273e-01 +3.569388775e+02 +3.569388775e+02
630 0 +7.694016909e-01 +3.569094017e+02 +3.569094017e+02
632 0 +6.463315148e-01 +3.567863315e+02 +3.567863315e+02
655 0 +4.885415459e-01 +3.566285415e+02 +3.566285415e+02
709 0 +3.105200172e-01 +3.564505200e+02 +3.564505200e+02
745 0 +2.287331351e-01 +3.563687331e+02 +3.563687331e+02
782 0 +1.816733720e-01 +3.563216734e+02 +3.563216734e+02
792 0 +1.755616100e-01 +3.563155616e+02 +3.563155616e+02
821 0 +1.560421634e-01 +3.562960422e+02 +3.562960422e+02
846 0 +1.398012028e-01 +3.562798012e+02 +3.562798012e+02
873 0 +1.195074432e-01 +3.562595074e+02 +3.562595074e+02
916 0 +8.387645483e-02 +3.562238765e+02 +3.562238765e+02
937 0 +4.198221150e-02 +3.561819822e+02 +3.561819822e+02
961 0 +2.590591833e-02 +3.561659059e+02 +3.561659059e+02
982 0 +6.384267951e-03 +3.561463843e+02 +3.561463843e+02
1003 0 +7.260693445e-04 +3.561407261e+02 +3.561407261e+02
1024 0 +2.351468065e-04 +3.561402351e+02 +3.561402351e+02
1045 0 +2.791177030e-05 +3.561400279e+02 +3.561400279e+02
1066 0 +8.051758812e-06 +3.561400081e+02 +3.561400081e+02
1087 0 +1.356802954e-06 +3.561400014e+02 +3.561400014e+02
1108 0 +3.634010000e-07 +3.561400004e+02 +3.561400004e+02
1129 0 +6.323585922e-08 +3.561400001e+02 +3.561400001e+02
1150 0 +1.387888915e-08 +3.561400000e+02 +3.561400000e+02
1171 0 +1.818705186e-09 +3.561400000e+02 +3.561400000e+02
5739 0 +9.663381206e-13 +3.561400000e+02 +3.561400000e+02
200005 0 +5.684341886e-14 +3.561400000e+02 +3.561400000e+02
% f evaluations | g evaluations | best noise-free fitness - Fopt (-4.757000000000e+02) + sum g_i+ | measured fitness | best measured fitness or single-digit g-values | x1 | x2...
1 0 +1.028882572e+02 -3.728117428e+02 -3.728117428e+02
2 0 +9.794958628e+01 -3.777504137e+02 -3.777504137e+02
13 0 +7.652444931e+01 -3.991755507e+02 -3.991755507e+02
27 0 +5.820061737e+01 -4.174993826e+02 -4.174993826e+02
44 0 +4.304574632e+01 -4.326542537e+02 -4.326542537e+02
51 0 +3.965641453e+01 -4.360435855e+02 -4.360435855e+02
72 0 +3.019602427e+01 -4.455039757e+02 -4.455039757e+02
77 0 +2.600670614e+01 -4.496932939e+02 -4.496932939e+02
79 0 +2.488863111e+01 -4.508113689e+02 -4.508113689e+02
93 0 +1.844301181e+01 -4.572569882e+02 -4.572569882e+02
105 0 +1.204438281e+01 -4.636556172e+02 -4.636556172e+02
203 0 +9.000004289e+00 -4.666999957e+02 -4.666999957e+02
262 0 +7.881047799e+00 -4.678189522e+02 -4.678189522e+02
265 0 +6.916059654e+00 -4.687839403e+02 -4.687839403e+02
295 0 +6.183806600e+00 -4.695161934e+02 -4.695161934e+02
298 0 +5.341623248e+00 -4.703583768e+02 -4.703583768e+02
306 0 +4.306704139e+00 -4.713932959e+02 -4.713932959e+02
327 0 +3.596108050e+00 -4.721038919e+02 -4.721038919e+02
335 0 +3.526879241e+00 -4.721731208e+02 -4.721731208e+02
351 0 +3.056085162e+00 -4.726439148e+02 -4.726439148e+02
359 0 +2.152125646e+00 -4.735478744e+02 -4.735478744e+02
411 0 +1.867154148e+00 -4.738328459e+02 -4.738328459e+02
432 0 +1.401808014e+00 -4.742981920e+02 -4.742981920e+02
482 0 +8.938148927e-01 -4.748061851e+02 -4.748061851e+02
506 0 +8.750395153e-01 -4.748249605e+02 -4.748249605e+02
525 0 +6.117485977e-01 -4.750882514e+02 -4.750882514e+02
592 0 +5.083818378e-01 -4.751916182e+02 -4.751916182e+02
604 0 +4.387449965e-01 -4.752612550e+02 -4.752612550e+02
638 0 +3.511655577e-01 -4.753488344e+02 -4.753488344e+02
640 0 +2.689591156e-01 -4.754310409e+02 -4.754310409e+02
679 0 +2.470413708e-01 -4.754529586e+02 -4.754529586e+02
722 0 +2.077988768e-01 -4.754922011e+02 -4.754922011e+02
724 0 +1.968716398e-01 -4.755031284e+02 -4.755031284e+02
755 0 +1.538444167e-01 -4.755461556e+02 -4.755461556e+02
758 0 +8.227554584e-02 -4.756177245e+02 -4.756177245e+02
786 0 +4.018976555e-02 -4.756598102e+02 -4.756598102e+02
889 0 +2.931801269e-02 -4.756706820e+02 -4.756706820e+02
941 0 +2.461768549e-02 -4.756753823e+02 -4.756753823e+02
948 0 +2.060333313e-02 -4.756793967e+02 -4.756793967e+02
958 0 +1.831072178e-02 -4.756816893e+02 -4.756816893e+02
961 0 +1.358139137e-02 -4.756864186e+02 -4.756864186e+02
982 0 +4.460023635e-03 -4.756955400e+02 -4.756955400e+02
1003 0 +4.371003816e-04 -4.756995629e+02 -4.756995629e+02
1024 0 +1.219139459e-04 -4.756998781e+02 -4.756998781e+02
1045 0 +1.477179774e-05 -4.756999852e+02 -4.756999852e+02
1066 0 +5.347539286e-06 -4.756999947e+02 -4.756999947e+02
1087 0 +7.109006219e-07 -4.756999993e+02 -4.756999993e+02
1108 0 +1.909065759e-07 -4.756999998e+02 -4.756999998e+02
1129 0 +3.773379831e-08 -4.757000000e+02 -4.757000000e+02
1150 0 +1.103353497e-08 -4.757000000e+02 -4.757000000e+02
1171 0 +2.192393822e-09 -4.757000000e+02 -4.757000000e+02
4853 0 +9.663381206e-13 -4.757000000e+02 -4.757000000e+02
200010 0 +5.684341886e-14 -4.757000000e+02 -4.757000000e+02
% f evaluations | g evaluations | best noise-free fitness - Fopt (-1.000000000000e+03) + sum g_i+ | measured fitness | best measured fitness or single-digit g-values | x1 | x2...
1 0 +1.611140046e+02 -8.388859954e+02 -8.388859954e+02
2 0 +1.270409104e+02 -8.729590896e+02 -8.729590896e+02
13 0 +1.194745088e+02 -8.805254912e+02 -8.805254912e+02
29 0 +1.095382851e+02 -8.904617149e+02 -8.904617149e+02
37 0 +9.986798479e+01 -9.001320152e+02 -9.001320152e+02
44 0 +8.445365413e+01 -9.155463459e+02 -9.155463459e+02
52 0 +6.767954801e+01 -9.323204520e+02 -9.323204520e+02
83 0 +6.174675485e+01 -9.382532451e+02 -9.382532451e+02
93 0 +4.922379750e+01 -9.507762025e+02 -9.507762025e+02
108 0 +4.390071501e+01 -9.560992850e+02 -9.560992850e+02
109 0 +3.666140409e+01 -9.633385959e+02 -9.633385959e+02
112 0 +3.385451605e+01 -9.661454840e+02 -9.661454840e+02
121 0 +2.888798798e+01 -9.711120120e+02 -9.711120120e+02
124 0 +2.585908885e+01 -9.741409112e+02 -9.741409112e+02
141 0 +2.348000460e+01 -9.765199954e+02 -9.765199954e+02
143 0 +2.034306749e+01 -9.796569325e+02 -9.796569325e+02
186 0 +1.507253477e+01 -9.849274652e+02 -9.849274652e+02
198 0 +9.189482623e+00 -9.908105174e+02 -9.908105174e+02
266 0 +8.359946746e+00 -9.916400533e+02 -9.916400533e+02
280 0 +7.390478325e+00 -9.926095217e+02 -9.926095217e+02
286 0 +6.205198047e+00 -9.937948020e+02 -9.937948020e+02
299 0 +5.498592972e+00 -9.945014070e+02 -9.945014070e+02
302 0 +4.995281317e+00 -9.950047187e+02 -9.950047187e+02
317 0 +4.261928629e+00 -9.957380714e+02 -9.957380714e+02
339 0 +3.650046891e+00 -9.963499531e+02 -9.963499531e+02
396 0 +2.971072529e+00 -9.970289275e+02 -9.970289275e+02
420 0 +2.215009075e+00 -9.977849909e+02 -9.977849909e+02
424 0 +1.914018081e+00 -9.980859819e+02 -9.980859819e+02
473 0 +1.766917473e+00 -9.982330825e+02 -9.982330825e+02
482 0 +1.574221420e+00 -9.984257786e+02 -9.984257786e+02
494 0 +1.235518427e+00 -9.987644816e+02 -9.987644816e+02
500 0 +1.049914489e+00 -9.989500855e+02 -9.989500855e+02
512 0 +7.298979408e-01 -9.992701021e+02 -9.992701021e+02
547 0 +6.499003376e-01 -9.993500997e+02 -9.993500997e+02
566 0 +5.660647239e-01 -9.994339353e+02 -9.994339353e+02
592 0 +5.144601764e-01 -9.994855398e+02 -9.994855398e+02
632 0 +4.988354806e-01 -9.995011645e+02 -9.995011645e+02
641 0 +3.627392723e-01 -9.996372607e+02 -9.996372607e+02
673 0 +2.792229094e-01 -9.997207771e+02 -9.997207771e+02
685 0 +2.479302385e-01 -9.997520698e+02 -9.997520698e+02
687 0 +2.091680808e-01 -9.997908319e+02 -9.997908319e+02
748 0 +1.461322719e-01 -9.998538677e+02 -9.998538677e+02
758 0 +1.144459427e-01 -9.998855541e+02 -9.998855541e+02
763 0 +8.323343859e-02 -9.999167666e+02 -9.999167666e+02
857 0 +7.642964092e-02 -9.999235704e+02 -9.999235704e+02
876 0 +4.878074539e-02 -9.999512193e+02 -9.999512193e+02
889 0 +3.387148730e-02 -9.999661285e+02 -9.999661285e+02
915 0 +2.608357121e-02 -9.999739164e+02 -9.999739164e+02
949 0 +2.355152299e-02 -9.999764485e+02 -9.999764485e+02
956 0 +2.191460360e-02 -9.999780854e+02 -9.999780854e+02
961 0 +7.105557877e-03 -9.999928944e+02 -9.999928944e+02
982 0 +2.441492653e-03 -9.999975585e+02 -9.999975585e+02
1003 0 +9.750268612e-05 -9.999999025e+02 -9.999999025e+02
1024 0 +2.713001334e-05 -9.999999729e+02 -9.999999729e+02
1045 0 +2.900842105e-06 -9.999999971e+02 -9.999999971e+02
1066 0 +9.456709904e-07 -9.999999991e+02 -9.999999991e+02
1087 0 +1.073346994e-07 -9.999999999e+02 -9.999999999e+02
1108 0 +3.568402462e-08 -1.000000000e+03 -1.000000000e+03
1129 0 +6.059167390e-09 -1.000000000e+03 -1.000000000e+03
4870 0 +9.094947018e-13 -1.000000000e+03 -1.000000000e+03
200000 0 +1.136868377e-13 -1.000000000e+03 -1.000000000e+03
% f evaluations | g evaluations | best noise-free fitness - Fopt (-4.158000000000e+01) + sum g_i+ | measured fitness | best measured fitness or single-digit g-values | x1 | x2...
1 0 +1.317736340e+02 +9.019363396e+01 +9.019363396e+01
2 0 +9.436871961e+01 +5.278871961e+01 +5.278871961e+01
4 0 +8.346180744e+01 +4.188180744e+01 +4.188180744e+01
13 0 +5.687280176e+01 +1.529280176e+01 +1.529280176e+01
21 0 +4.972907403e+01 +8.149074027e+00 +8.149074027e+00
49 0 +3.985943005e+01 -1.720569950e+00 -1.720569950e+00
54 0 +3.832241232e+01 -3.257587680e+00 -3.257587680e+00
63 0 +3.308379542e+01 -8.496204584e+00 -8.496204584e+00
71 0 +2.203577398e+01 -1.954422602e+01 -1.954422602e+01
139 0 +1.352552268e+01 -2.805447732e+01 -2.805447732e+01
141 0 +1.135556326e+01 -3.022443674e+01 -3.022443674e+01
182 0 +1.071172091e+01 -3.086827909e+01 -3.086827909e+01
189 0 +9.765383567e+00 -3.181461643e+01 -3.181461643e+01
198 0 +8.802235178e+00 -3.277776482e+01 -3.277776482e+01
221 0 +6.451856617e+00 -3.512814338e+01 -3.512814338e+01
265 0 +3.379814260e+00 -3.820018574e+01 -3.820018574e+01
352 0 +3.053890996e+00 -3.852610900e+01 -3.852610900e+01
353 0 +2.203568379e+00 -3.937643162e+01 -3.937643162e+01
361 0 +1.671184810e+00 -3.990881519e+01 -3.990881519e+01
401 0 +1.575272711e+00 -4.000472729e+01 -4.000472729e+01
407 0 +1.343922643e+00 -4.023607736e+01 -4.023607736e+01
440 0 +1.182514228e+00 -4.039748577e+01 -4.039748577e+01
469 0 +1.090319644e+00 -4.048968036e+01 -4.048968036e+01
486 0 +7.105883063e-01 -4.086941169e+01 -4.086941169e+01
504 0 +4.893825394e-01 -4.109061746e+01 -4.109061746e+01
621 0 +4.366413322e-01 -4.114335867e+01 -4.114335867e+01
640 0 +3.277199692e-01 -4.125228003e+01 -4.125228003e+01
649 0 +3.085210708e-01 -4.127147893e+01 -4.127147893e+01
703 0 +2.767873897e-01 -4.130321261e+01 -4.130321261e+01
704 0 +2.214091828e-01 -4.135859082e+01 -4.135859082e+01
714 0 +1.592329129e-01 -4.142076709e+01 -4.142076709e+01
724 0 +1.534161927e-01 -4.142658381e+01 -4.142658381e+01
748 0 +1.076454832e-01 -4.147235452e+01 -4.147235452e+01
767 0 +8.518723724e-02 -4.149481276e+01 -4.149481276e+01
787 0 +7.780154767e-02 -4.150219845e+01 -4.150219845e+01
840 0 +5.159868714e-02 -4.152840131e+01 -4.152840131e+01
877 0 +4.678795255e-02 -4.153321205e+01 -4.153321205e+01
901 0 +3.954572817e-02 -4.154045427e+01 -4.154045427e+01
922 0 +2.251455614e-02 -4.155748544e+01 -4.155748544e+01
982 0 +9.831257439e-03 -4.157016874e+01 -4.157016874e+01
1003 0 +8.640674656e-04 -4.157913593e+01 -4.157913593e+01
1024 0 +3.214803040e-04 -4.157967852e+01 -4.157967852e+01
1045 0 +4.296196627e-05 -4.157995704e+01 -4.157995704e+01
1066 0 +1.322938743e-05 -4.157998677e+01 -4.157998677e+01
1087 0 +1.406585703e-06 -4.157999859e+01 -4.157999859e+01
1108 0 +3.667673170e-07 -4.157999963e+01 -4.157999963e+01
1129 0 +6.165566191e-08 -4.157999994e+01 -4.157999994e+01
1150 0 +1.567876495e-08 -4.157999998e+01 -4.157999998e+01
1171 0 +2.701369795e-09 -4.158000000e+01 -4.158000000e+01
1276 0 +5.542233339e-13 -4.158000000e+01 -4.158000000e+01
200609 0 +7.105427358e-15 -4.158000000e+01 -4.158000000e+01
