% f evaluations | g evaluations | best noise-free fitness - Fopt (1.238300000000e+02) + sum g_i+ | measured fitness | best measured fitness or single-digit g-values | x1 | x2...
1 0 +1.390825449e+04 +1.403208449e+04 +1.403208449e+04
2 0 +2.819520562e+03 +2.943350562e+03 +2.943350562e+03
9 0 +1.530769631e+03 +1.654599631e+03 +1.654599631e+03
49 0 +1.147745436e+03 +1.271575436e+03 +1.271575436e+03
121 0 +7.495585032e+02 +8.733885032e+02 +8.733885032e+02
142 0 +3.157975222e+02 +4.396275222e+02 +4.396275222e+02
184 0 +2.745048472e+02 +3.983348472e+02 +3.983348472e+02
205 0 +2.417471917e+02 +3.655771917e+02 +3.655771917e+02
226 0 +2.120645424e+02 +3.358945424e+02 +3.358945424e+02
289 0 +1.952426520e+02 +3.190726520e+02 +3.190726520e+02
310 0 +1.758310677e+02 +2.996610677e+02 +2.996610677e+02
331 0 +1.522392726e+02 +2.760692726e+02 +2.760692726e+02
352 0 +1.397270865e+02 +2.635570865e+02 +2.635570865e+02
394 0 +1.163120646e+02 +2.401420646e+02 +2.401420646e+02
415 0 +1.029311519e+02 +2.267611519e+02 +2.267611519e+02
457 0 +9.574614174e+01 +2.195761417e+02 +2.195761417e+02
478 0 +8.284129369e+01 +2.066712937e+02 +2.066712937e+02
499 0 +5.888123028e+01 +1.827112303e+02 +1.827112303e+02
541 0 +5.390284198e+01 +1.777328420e+02 +1.777328420e+02
562 0 +4.975826498e+01 +1.735882650e+02 +1.735882650e+02
583 0 +4.418845182e+01 +1.680184518e+02 +1.680184518e+02
625 0 +3.562940271e+01 +1.594594027e+02 +1.594594027e+02
646 0 +3.333203136e+01 +1.571620314e+02 +1.571620314e+02
667 0 +2.978374314e+01 +1.536137431e+02 +1.536137431e+02
688 0 +2.494949271e+01 +1.487794927e+02 +1.487794927e+02
709 0 +2.147889240e+01 +1.453088924e+02 +1.453088924e+02
730 0 +1.897713363e+01 +1.428071336e+02 +1.428071336e+02
751 0 +1.727748517e+01 +1.411074852e+02 +1.411074852e+02
835 0 +1.575494525e+01 +1.395849452e+02 +1.395849452e+02
982 0 +1.403173159e+01 +1.378617316e+02 +1.378617316e+02
1171 0 +1.255665314e+01 +1.363866531e+02 +1.363866531e+02
1339 0 +1.096669753e+01 +1.347966975e+02 +1.347966975e+02
1423 0 +9.992291165e+00 +1.338222912e+02 +1.338222912e+02
1486 0 +8.882983928e+00 +1.327129839e+02 +1.327129839e+02
1612 0 +7.692012688e+00 +1.315220127e+02 +1.315220127e+02
1675 0 +6.825212961e+00 +1.306552130e+02 +1.306552130e+02
1717 0 +6.195158878e+00 +1.300251589e+02 +1.300251589e+02
1801 0 +5.576469320e+00 +1.294064693e+02 +1.294064693e+02
1885 0 +4.798021664e+00 +1.286280217e+02 +1.286280217e+02
1906 0 +4.465701751e+00 +1.282957018e+02 +1.282957018e+02
1969 0 +3.800315010e+00 +1.276303150e+02 +1.276303150e+02
1990 0 +3.508351966e+00 +1.273383520e+02 +1.273383520e+02
2011 0 +3.111719308e+00 +1.269417193e+02 +1.269417193e+02
2032 0 +2.671659647e+00 +1.265016596e+02 +1.265016596e+02
2074 0 +2.468601090e+00 +1.262986011e+02 +1.262986011e+02
2095 0 +2.155894404e+00 +1.259858944e+02 +1.259858944e+02
2116 0 +1.892846625e+00 +1.257228466e+02 +1.257228466e+02
2137 0 +1.722917068e+00 +1.255529171e+02 +1.255529171e+02
2158 0 +1.565329470e+00 +1.253953295e+02 +1.253953295e+02
2179 0 +1.338193914e+00 +1.251681939e+02 +1.251681939e+02
2200 0 +1.051267785e+00 +1.248812678e+02 +1.248812678e+02
2221 0 +8.362246358e-01 +1.246662246e+02 +1.246662246e+02
2242 0 +5.826635808e-01 +1.244126636e+02 +1.244126636e+02
2284 0 +4.963483353e-01 +1.243263483e+02 +1.243263483e+02
2305 0 +3.821786041e-01 +1.242121786e+02 +1.242121786e+02
2326 0 +2.790119313e-01 +1.241090119e+02 +1.241090119e+02
2347 0 +1.933756758e-01 +1.240233757e+02 +1.240233757e+02
2368 0 +1.701744526e-01 +1.240001745e+02 +1.240001745e+02
2389 0 +1.371687908e-01 +1.239671688e+02 +1.239671688e+02
2410 0 +1.077554685e-01 +1.239377555e+02 +1.239377555e+02
2431 0 +7.687217353e-02 +1.239068722e+02 +1.239068722e+02
2452 0 +6.137037580e-02 +1.238913704e+02 +1.238913704e+02
2473 0 +4.029048425e-02 +1.238702905e+02 +1.238702905e+02
2494 0 +2.327051050e-02 +1.238532705e+02 +1.238532705e+02
2515 0 +9.713639311e-03 +1.238397136e+02 +1.238397136e+02
2536 0 +4.293085490e-03 +1.238342931e+02 +1.238342931e+02
2557 0 +1.807602804e-03 +1.238318076e+02 +1.238318076e+02
2578 0 +3.513113363e-04 +1.238303513e+02 +1.238303513e+02
2599 0 +6.904954091e-05 +1.238300690e+02 +1.238300690e+02
2620 0 +5.219712108e-06 +1.238300052e+02 +1.238300052e+02
2641 0 +6.584454297e-07 +1.238300007e+02 +1.238300007e+02
2662 0 +4.887907323e-08 +1.238300000e+02 +1.238300000e+02
2683 0 +1.633129898e-08 +1.238300000e+02 +1.238300000e+02
2704 0 +7.486562481e-10 +1.238300000e+02 +1.238300000e+02
201107 0 +2.404476618e-11 +1.238300000e+02 +1.238300000e+02
% f evaluations | g evaluations | best noise-free fitness - Fopt (4.751000000000e+01) + sum g_i+ | measured fitness | best measured fitness or single-digit g-values | x1 | x2...
1 0 +1.702953815e+04 +1.707704815e+04 +1.707704815e+04
2 0 +5.756245154e+03 +5.803755154e+03 +5.803755154e+03
9 0 +2.404763783e+03 +2.452273783e+03 +2.452273783e+03
18 0 +1.989170411e+03 +2.036680411e+03 +2.036680411e+03
50 0 +1.707912485e+03 +1.755422485e+03 +1.755422485e+03
90 0 +1.284927647e+03 +1.332437647e+03 +1.332437647e+03
95 0 +1.248989093e+03 +1.296499093e+03 +1.296499093e+03
98 0 +7.449016357e+02 +7.924116357e+02 +7.924116357e+02
121 0 +3.588812280e+02 +4.063912280e+02 +4.063912280e+02
142 0 +1.640820388e+02 +2.115920388e+02 +2.115920388e+02
184 0 +8.503017180e+01 +1.325401718e+02 +1.325401718e+02
226 0 +4.054956400e+01 +8.805956400e+01 +8.805956400e+01
268 0 +2.829545035e+01 +7.580545035e+01 +7.580545035e+01
310 0 +2.722627692e+01 +7.473627692e+01 +7.473627692e+01
352 0 +2.271285940e+01 +7.022285940e+01 +7.022285940e+01
394 0 +2.171108803e+01 +6.922108803e+01 +6.922108803e+01
520 0 +1.991338840e+01 +6.742338840e+01 +6.742338840e+01
604 0 +1.767031604e+01 +6.518031604e+01 +6.518031604e+01
1087 0 +1.555414124e+01 +6.306414124e+01 +6.306414124e+01
1213 0 +1.412080458e+01 +6.163080458e+01 +6.163080458e+01
1360 0 +1.240309320e+01 +5.991309320e+01 +5.991309320e+01
1465 0 +1.107175567e+01 +5.858175567e+01 +5.858175567e+01
1570 0 +9.901445222e+00 +5.741144522e+01 +5.741144522e+01
1696 0 +8.554639897e+00 +5.606463990e+01 +5.606463990e+01
1738 0 +7.738551188e+00 +5.524855119e+01 +5.524855119e+01
1822 0 +6.871864322e+00 +5.438186432e+01 +5.438186432e+01
1885 0 +6.254695242e+00 +5.376469524e+01 +5.376469524e+01
1969 0 +5.460141064e+00 +5.297014106e+01 +5.297014106e+01
2032 0 +4.736355792e+00 +5.224635579e+01 +5.224635579e+01
2053 0 +4.367444077e+00 +5.187744408e+01 +5.187744408e+01
2095 0 +3.818079760e+00 +5.132807976e+01 +5.132807976e+01
2116 0 +3.487184096e+00 +5.099718410e+01 +5.099718410e+01
2137 0 +3.071852066e+00 +5.058185207e+01 +5.058185207e+01
2158 0 +2.745953416e+00 +5.025595342e+01 +5.025595342e+01
2200 0 +2.307055240e+00 +4.981705524e+01 +4.981705524e+01
2221 0 +1.997551965e+00 +4.950755196e+01 +4.950755196e+01
2242 0 +1.869670526e+00 +4.937967053e+01 +4.937967053e+01
2284 0 +1.530196089e+00 +4.904019609e+01 +4.904019609e+01
2305 0 +1.184513733e+00 +4.869451373e+01 +4.869451373e+01
2347 0 +1.012065398e+00 +4.852206540e+01 +4.852206540e+01
2368 0 +8.790388362e-01 +4.838903884e+01 +4.838903884e+01
2389 0 +6.968736769e-01 +4.820687368e+01 +4.820687368e+01
2410 0 +5.301211537e-01 +4.804012115e+01 +4.804012115e+01
2431 0 +3.353479244e-01 +4.784534792e+01 +4.784534792e+01
2452 0 +2.817045246e-01 +4.779170452e+01 +4.779170452e+01
2473 0 +2.013040949e-01 +4.771130409e+01 +4.771130409e+01
2494 0 +1.149637650e-01 +4.762496377e+01 +4.762496377e+01
2515 0 +5.999736330e-02 +4.756999736e+01 +4.756999736e+01
2536 0 +3.927579932e-02 +4.754927580e+01 +4.754927580e+01
2557 0 +2.795660482e-02 +4.753795660e+01 +4.753795660e+01
2578 0 +1.352941371e-02 +4.752352941e+01 +4.752352941e+01
2599 0 +6.556454642e-03 +4.751655645e+01 +4.751655645e+01
2620 0 +2.400036719e-03 +4.751240004e+01 +4.751240004e+01
2641 0 +3.018238554e-04 +4.751030182e+01 +4.751030182e+01
2662 0 +5.946264267e-05 +4.751005946e+01 +4.751005946e+01
2683 0 +3.616236763e-05 +4.751003616e+01 +4.751003616e+01
2704 0 +6.426150684e-06 +4.751000643e+01 +4.751000643e+01
2725 0 +1.228140619e-06 +4.751000123e+01 +4.751000123e+01
2746 0 +2.350172679e-08 +4.751000002e+01 +4.751000002e+01
2767 0 +4.835364109e-09 +4.751000000e+01 +4.751000000e+01
200010 0 +1.691802254e-11 +4.751000000e+01 +4.751000000e+01
% f evaluations | g evaluations | best noise-free fitness - Fopt (5.534000000000e+01) + sum g_i+ | measured fitness | best measured fitness or single-digit g-values | x1 | x2...
1 0 +9.943109871e+03 +9.998449871e+03 +9.998449871e+03
2 0 +2.796848073e+03 +2.852188073e+03 +2.852188073e+03
9 0 +1.669337599e+03 +1.724677599e+03 +1.724677599e+03
49 0 +1.446338230e+03 +1.501678230e+03 +1.501678230e+03
79 0 +1.229653580e+03 +1.284993580e+03 +1.284993580e+03
92 0 +7.730636736e+02 +8.284036736e+02 +8.284036736e+02
111 0 +5.773746362e+02 +6.327146362e+02 +6.327146362e+02
121 0 +2.754519686e+02 +3.307919686e+02 +3.307919686e+02
142 0 +8.672709832e+01 +1.420670983e+02 +1.420670983e+02
184 0 +4.084762766e+01 +9.618762766e+01 +9.618762766e+01
226 0 +2.555034433e+01 +8.089034433e+01 +8.089034433e+01
268 0 +2.272247856e+01 +7.806247856e+01 +7.806247856e+01
331 0 +2.210839924e+01 +7.744839924e+01 +7.744839924e+01
436 0 +1.986005480e+01 +7.520005480e+01 +7.520005480e+01
898 0 +1.775349031e+01 +7.309349031e+01 +7.309349031e+01
1150 0 +1.584786005e+01 +7.118786005e+01 +7.118786005e+01
1297 0 +1.400008577e+01 +6.934008577e+01 +6.934008577e+01
1444 0 +1.221610277e+01 +6.755610277e+01 +6.755610277e+01
1549 0 +1.113530337e+01 +6.647530337e+01 +6.647530337e+01
1654 0 +9.763203379e+00 +6.510320338e+01 +6.510320338e+01
1738 0 +8.897815520e+00 +6.423781552e+01 +6.423781552e+01
1843 0 +7.656448457e+00 +6.299644846e+01 +6.299644846e+01
1906 0 +6.730522517e+00 +6.207052252e+01 +6.207052252e+01
1927 0 +6.256591311e+00 +6.159659131e+01 +6.159659131e+01
2011 0 +5.327041706e+00 +6.066704171e+01 +6.066704171e+01
2032 0 +5.006671588e+00 +6.034667159e+01 +6.034667159e+01
2095 0 +4.205085094e+00 +5.954508509e+01 +5.954508509e+01
2116 0 +3.925031277e+00 +5.926503128e+01 +5.926503128e+01
2158 0 +3.361134210e+00 +5.870113421e+01 +5.870113421e+01
2179 0 +3.059462189e+00 +5.839946219e+01 +5.839946219e+01
2200 0 +2.709766232e+00 +5.804976623e+01 +5.804976623e+01
2221 0 +2.369549599e+00 +5.770954960e+01 +5.770954960e+01
2242 0 +2.122201440e+00 +5.746220144e+01 +5.746220144e+01
2263 0 +1.902913489e+00 +5.724291349e+01 +5.724291349e+01
2284 0 +1.585485964e+00 +5.692548596e+01 +5.692548596e+01
2305 0 +1.318488369e+00 +5.665848837e+01 +5.665848837e+01
2326 0 +1.076162811e+00 +5.641616281e+01 +5.641616281e+01
2347 0 +8.161376446e-01 +5.615613764e+01 +5.615613764e+01
2368 0 +7.478575497e-01 +5.608785755e+01 +5.608785755e+01
2389 0 +6.908947295e-01 +5.603089473e+01 +5.603089473e+01
2410 0 +5.317986136e-01 +5.587179861e+01 +5.587179861e+01
2431 0 +4.859428307e-01 +5.582594283e+01 +5.582594283e+01
2452 0 +4.277303242e-01 +5.576773032e+01 +5.576773032e+01
2473 0 +3.131618980e-01 +5.565316190e+01 +5.565316190e+01
2494 0 +2.549038848e-01 +5.559490388e+01 +5.559490388e+01
2515 0 +1.672185328e-01 +5.550721853e+01 +5.550721853e+01
2536 0 +1.384958490e-01 +5.547849585e+01 +5.547849585e+01
2557 0 +9.696046778e-02 +5.543696047e+01 +5.543696047e+01
2578 0 +5.490418332e-02 +5.539490418e+01 +5.539490418e+01
2599 0 +2.688544308e-02 +5.536688544e+01 +5.536688544e+01
2641 0 +1.632047939e-02 +5.535632048e+01 +5.535632048e+01
2662 0 +7.561499344e-03 +5.534756150e+01 +5.534756150e+01
2683 0 +2.009438116e-03 +5.534200944e+01 +5.534200944e+01
2704 0 +6.459443675e-04 +5.534064594e+01 +5.534064594e+01
2746 0 +1.793707970e-04 +5.534017937e+01 +5.534017937e+01
2767 0 +4.024705674e-05 +5.534004025e+01 +5.534004025e+01
2788 0 +7.351714153e-06 +5.534000735e+01 +5.534000735e+01
2809 0 +2.153876721e-06 +5.534000215e+01 +5.534000215e+01
2830 0 +9.767085629e-08 +5.534000010e+01 +5.534000010e+01
2851 0 +1.316605136e-08 +5.534000001e+01 +5.534000001e+01
2872 0 +5.803997283e-10 +5.534000000e+01 +5.534000000e+01
201091 0 +8.682832231e-12 +5.534000000e+01 +5.534000000e+01
% f evaluations | g evaluations | best noise-free fitness - Fopt (-9.033000000000e+01) + sum g_i+ | measured fitness | best measured fitness or single-digit g-values | x1 | x2...
1 0 +1.167033023e+04 +1.158000023e+04 +1.158000023e+04
2 0 +3.782303991e+03 +3.691973991e+03 +3.691973991e+03
9 0 +1.949598466e+03 +1.859268466e+03 +1.859268466e+03
22 0 +1.442262322e+03 +1.351932322e+03 +1.351932322e+03
77 0 +1.280343369e+03 +1.190013369e+03 +1.190013369e+03
87 0 +4.307602399e+02 +3.404302399e+02 +3.404302399e+02
121 0 +2.814267082e+02 +1.910967082e+02 +1.910967082e+02
142 0 +2.384954226e+02 +1.481654226e+02 +1.481654226e+02
163 0 +1.567499132e+02 +6.641991322e+01 +6.641991322e+01
205 0 +1.235406059e+02 +3.321060587e+01 +3.321060587e+01
247 0 +1.090598923e+02 +1.872989228e+01 +1.872989228e+01
268 0 +9.445603426e+01 +4.126034256e+00 +4.126034256e+00
310 0 +8.679836747e+01 -3.531632535e+00 -3.531632535e+00
499 0 +7.876207902e+01 -1.156792098e+01 -1.156792098e+01
814 0 +7.062260545e+01 -1.970739455e+01 -1.970739455e+01
898 0 +6.136110882e+01 -2.896889118e+01 -2.896889118e+01
940 0 +4.808412257e+01 -4.224587743e+01 -4.224587743e+01
961 0 +3.544470905e+01 -5.488529095e+01 -5.488529095e+01
1003 0 +2.899286236e+01 -6.133713764e+01 -6.133713764e+01
1024 0 +2.180891591e+01 -6.852108409e+01 -6.852108409e+01
1045 0 +1.974583076e+01 -7.058416924e+01 -7.058416924e+01
1066 0 +1.709864581e+01 -7.323135419e+01 -7.323135419e+01
1087 0 +1.537158434e+01 -7.495841566e+01 -7.495841566e+01
1129 0 +1.412263381e+01 -7.620736619e+01 -7.620736619e+01
1276 0 +1.236933637e+01 -7.796066363e+01 -7.796066363e+01
1402 0 +1.084813267e+01 -7.948186733e+01 -7.948186733e+01
1507 0 +9.761194677e+00 -8.056880532e+01 -8.056880532e+01
1591 0 +8.858949943e+00 -8.147105006e+01 -8.147105006e+01
1675 0 +7.717231481e+00 -8.261276852e+01 -8.261276852e+01
1738 0 +6.999364894e+00 -8.333063511e+01 -8.333063511e+01
1822 0 +6.234828987e+00 -8.409517101e+01 -8.409517101e+01
1906 0 +5.612016599e+00 -8.471798340e+01 -8.471798340e+01
1948 0 +4.972710302e+00 -8.535728970e+01 -8.535728970e+01
2053 0 +4.333316177e+00 -8.599668382e+01 -8.599668382e+01
2095 0 +3.957820626e+00 -8.637217937e+01 -8.637217937e+01
2158 0 +3.385130683e+00 -8.694486932e+01 -8.694486932e+01
2179 0 +3.010197091e+00 -8.731980291e+01 -8.731980291e+01
2221 0 +2.744821291e+00 -8.758517871e+01 -8.758517871e+01
2242 0 +2.471302773e+00 -8.785869723e+01 -8.785869723e+01
2284 0 +2.171529010e+00 -8.815847099e+01 -8.815847099e+01
2305 0 +1.991513942e+00 -8.833848606e+01 -8.833848606e+01
2326 0 +1.709558148e+00 -8.862044185e+01 -8.862044185e+01
2347 0 +1.386627931e+00 -8.894337207e+01 -8.894337207e+01
2410 0 +1.073263783e+00 -8.925673622e+01 -8.925673622e+01
2431 0 +8.206802181e-01 -8.950931978e+01 -8.950931978e+01
2452 0 +6.271790750e-01 -8.970282092e+01 -8.970282092e+01
2494 0 +4.984211557e-01 -8.983157884e+01 -8.983157884e+01
2515 0 +4.002272581e-01 -8.992977274e+01 -8.992977274e+01
2536 0 +3.167624187e-01 -9.001323758e+01 -9.001323758e+01
2557 0 +2.432413639e-01 -9.008675864e+01 -9.008675864e+01
2578 0 +1.886564284e-01 -9.014134357e+01 -9.014134357e+01
2599 0 +1.301036358e-01 -9.019989636e+01 -9.019989636e+01
2620 0 +7.331876383e-02 -9.025668124e+01 -9.025668124e+01
2641 0 +3.968323513e-02 -9.029031676e+01 -9.029031676e+01
2662 0 +3.512439353e-02 -9.029487561e+01 -9.029487561e+01
2683 0 +2.642800063e-02 -9.030357200e+01 -9.030357200e+01
2704 0 +1.109568419e-02 -9.031890432e+01 -9.031890432e+01
2746 0 +3.415894713e-03 -9.032658411e+01 -9.032658411e+01
2767 0 +2.616926458e-03 -9.032738307e+01 -9.032738307e+01
2788 0 +1.644730400e-03 -9.032835527e+01 -9.032835527e+01
2809 0 +1.218008870e-03 -9.032878199e+01 -9.032878199e+01
2830 0 +5.809494249e-04 -9.032941905e+01 -9.032941905e+01
2851 0 +8.622083348e-05 -9.032991378e+01 -9.032991378e+01
2872 0 +1.197053082e-05 -9.032998803e+01 -9.032998803e+01
2893 0 +1.821529736e-06 -9.032999818e+01 -9.032999818e+01
2914 0 +6.556885523e-08 -9.032999993e+01 -9.032999993e+01
2935 0 +1.441422626e-08 -9.032999999e+01 -9.032999999e+01
2956 0 +1.433164698e-10 -9.033000000e+01 -9.033000000e+01
179678 0 +8.810729923e-13 -9.033000000e+01 -9.033000000e+01
200014 0 +8.242295735e-13 -9.033000000e+01 -9.033000000e+01
% f evaluations | g evaluations | best noise-free fitness - Fopt (6.561000000000e+01) + sum g_i+ | measured fitness | best measured fitness or single-digit g-values | x1 | x2...
1 0 +1.516080129e+04 +1.522641129e+04 +1.522641129e+04
2 0 +3.861367287e+03 +3.926977287e+03 +3.926977287e+03
9 0 +1.221874695e+03 +1.287484695e+03 +1.287484695e+03
98 0 +8.747060509e+02 +9.403160509e+02 +9.403160509e+02
111 0 +6.623226877e+02 +7.279326877e+02 +7.279326877e+02
117 0 +4.149645924e+02 +4.805745924e+02 +4.805745924e+02
121 0 +2.481018319e+02 +3.137118319e+02 +3.137118319e+02
142 0 +9.734347336e+01 +1.629534734e+02 +1.629534734e+02
184 0 +5.736106641e+01 +1.229710664e+02 +1.229710664e+02
205 0 +4.685016723e+01 +1.124601672e+02 +1.124601672e+02
226 0 +3.244184605e+01 +9.805184605e+01 +9.805184605e+01
268 0 +2.540909116e+01 +9.101909116e+01 +9.101909116e+01
310 0 +2.501051568e+01 +9.062051568e+01 +9.062051568e+01
415 0 +2.163285077e+01 +8.724285077e+01 +8.724285077e+01
457 0 +1.991717081e+01 +8.552717081e+01 +8.552717081e+01
604 0 +1.762107996e+01 +8.323107996e+01 +8.323107996e+01
1129 0 +1.554953928e+01 +8.115953928e+01 +8.115953928e+01
1276 0 +1.369267968e+01 +7.930267968e+01 +7.930267968e+01
1402 0 +1.246825244e+01 +7.807825244e+01 +7.807825244e+01
1528 0 +1.118008580e+01 +7.679008580e+01 +7.679008580e+01
1633 0 +9.766848781e+00 +7.537684878e+01 +7.537684878e+01
1717 0 +8.501147575e+00 +7.411114757e+01 +7.411114757e+01
1801 0 +7.815473098e+00 +7.342547310e+01 +7.342547310e+01
1843 0 +6.980267646e+00 +7.259026765e+01 +7.259026765e+01
1927 0 +6.218966176e+00 +7.182896618e+01 +7.182896618e+01
2011 0 +5.411287445e+00 +7.102128744e+01 +7.102128744e+01
2032 0 +5.010039677e+00 +7.062003968e+01 +7.062003968e+01
2074 0 +4.396639259e+00 +7.000663926e+01 +7.000663926e+01
2116 0 +3.613712685e+00 +6.922371268e+01 +6.922371268e+01
2158 0 +3.426621570e+00 +6.903662157e+01 +6.903662157e+01
2179 0 +3.121056735e+00 +6.873105673e+01 +6.873105673e+01
2200 0 +2.687964427e+00 +6.829796443e+01 +6.829796443e+01
2221 0 +2.325540974e+00 +6.793554097e+01 +6.793554097e+01
2263 0 +2.178413071e+00 +6.778841307e+01 +6.778841307e+01
2284 0 +1.960474796e+00 +6.757047480e+01 +6.757047480e+01
2305 0 +1.715534481e+00 +6.732553448e+01 +6.732553448e+01
2326 0 +1.417627248e+00 +6.702762725e+01 +6.702762725e+01
2347 0 +1.265378730e+00 +6.687537873e+01 +6.687537873e+01
2368 0 +1.022593861e+00 +6.663259386e+01 +6.663259386e+01
2389 0 +7.965122182e-01 +6.640651222e+01 +6.640651222e+01
2410 0 +7.011232164e-01 +6.631112322e+01 +6.631112322e+01
2431 0 +5.537109340e-01 +6.616371093e+01 +6.616371093e+01
2473 0 +4.671151111e-01 +6.607711511e+01 +6.607711511e+01
2494 0 +3.679537511e-01 +6.597795375e+01 +6.597795375e+01
2515 0 +2.675738618e-01 +6.587757386e+01 +6.587757386e+01
2536 0 +1.623604856e-01 +6.577236049e+01 +6.577236049e+01
2557 0 +1.143559566e-01 +6.572435596e+01 +6.572435596e+01
2599 0 +8.950659307e-02 +6.569950659e+01 +6.569950659e+01
2620 0 +5.853470090e-02 +6.566853470e+01 +6.566853470e+01
2641 0 +4.319375273e-02 +6.565319375e+01 +6.565319375e+01
2662 0 +2.340758112e-02 +6.563340758e+01 +6.563340758e+01
2683 0 +1.180576405e-02 +6.562180576e+01 +6.562180576e+01
2704 0 +6.292285828e-03 +6.561629229e+01 +6.561629229e+01
2725 0 +2.797763896e-03 +6.561279776e+01 +6.561279776e+01
2746 0 +2.668633285e-04 +6.561026686e+01 +6.561026686e+01
2767 0 +5.552772389e-05 +6.561005553e+01 +6.561005553e+01
2788 0 +8.034429456e-06 +6.561000803e+01 +6.561000803e+01
2809 0 +3.452513226e-07 +6.561000035e+01 +6.561000035e+01
2830 0 +4.958265265e-08 +6.561000005e+01 +6.561000005e+01
2851 0 +1.748873046e-09 +6.561000000e+01 +6.561000000e+01
200006 0 +3.467448551e-12 +6.561000000e+01 +6.561000000e+01
% f evaluations | g evaluations | best noise-free fitness - Fopt (9.348200000000e+02) + sum g_i+ | measured fitness | best measured fitness or single-digit g-values | x1 | x2...
1 0 +1.188753570e+04 +1.282235570e+04 +1.282235570e+04
2 0 +8.561790347e+03 +9.496610347e+03 +9.496610347e+03
6 0 +4.200821080e+03 +5.135641080e+03 +5.135641080e+03
8 0 +3.484452065e+03 +4.419272065e+03 +4.419272065e+03
9 0 +2.076725311e+03 +3.011545311e+03 +3.011545311e+03
62 0 +1.880159492e+03 +2.814979492e+03 +2.814979492e+03
77 0 +1.265610553e+03 +2.200430553e+03 +2.200430553e+03
92 0 +6.978436588e+02 +1.632663659e+03 +1.632663659e+03
121 0 +4.632769071e+02 +1.398096907e+03 +1.398096907e+03
142 0 +1.538018507e+02 +1.088621851e+03 +1.088621851e+03
184 0 +1.230951188e+02 +1.057915119e+03 +1.057915119e+03
226 0 +1.084846829e+02 +1.043304683e+03 +1.043304683e+03
247 0 +9.129214508e+01 +1.026112145e+03 +1.026112145e+03
268 0 +8.892959725e+01 +1.023749597e+03 +1.023749597e+03
310 0 +7.663519668e+01 +1.011455197e+03 +1.011455197e+03
352 0 +7.070224585e+01 +1.005522246e+03 +1.005522246e+03
415 0 +5.914529623e+01 +9.939652962e+02 +9.939652962e+02
457 0 +5.535666793e+01 +9.901766679e+02 +9.901766679e+02
499 0 +4.784904634e+01 +9.826690463e+02 +9.826690463e+02
520 0 +4.241783977e+01 +9.772378398e+02 +9.772378398e+02
583 0 +3.637677094e+01 +9.711967709e+02 +9.711967709e+02
604 0 +3.012623101e+01 +9.649462310e+02 +9.649462310e+02
646 0 +2.758301491e+01 +9.624030149e+02 +9.624030149e+02
667 0 +2.502224370e+01 +9.598422437e+02 +9.598422437e+02
730 0 +2.113589506e+01 +9.559558951e+02 +9.559558951e+02
793 0 +1.954281483e+01 +9.543628148e+02 +9.543628148e+02
856 0 +1.758378713e+01 +9.524037871e+02 +9.524037871e+02
898 0 +1.579832226e+01 +9.506183223e+02 +9.506183223e+02
1024 0 +1.398389329e+01 +9.488038933e+02 +9.488038933e+02
1129 0 +1.242052019e+01 +9.472405202e+02 +9.472405202e+02
1276 0 +1.115535893e+01 +9.459753589e+02 +9.459753589e+02
1381 0 +9.912522372e+00 +9.447325224e+02 +9.447325224e+02
1486 0 +8.910056148e+00 +9.437300561e+02 +9.437300561e+02
1549 0 +7.928058177e+00 +9.427480582e+02 +9.427480582e+02
1633 0 +6.907596741e+00 +9.417275967e+02 +9.417275967e+02
1717 0 +6.073011055e+00 +9.408930111e+02 +9.408930111e+02
1801 0 +5.424185050e+00 +9.402441851e+02 +9.402441851e+02
1843 0 +4.777158135e+00 +9.395971581e+02 +9.395971581e+02
1864 0 +4.441487096e+00 +9.392614871e+02 +9.392614871e+02
1906 0 +3.819403731e+00 +9.386394037e+02 +9.386394037e+02
1927 0 +3.458101780e+00 +9.382781018e+02 +9.382781018e+02
1990 0 +3.126612155e+00 +9.379466122e+02 +9.379466122e+02
2032 0 +2.609714704e+00 +9.374297147e+02 +9.374297147e+02
2053 0 +2.239396739e+00 +9.370593967e+02 +9.370593967e+02
2095 0 +2.065598817e+00 +9.368855988e+02 +9.368855988e+02
2116 0 +1.822398836e+00 +9.366423988e+02 +9.366423988e+02
2137 0 +1.493592450e+00 +9.363135924e+02 +9.363135924e+02
2158 0 +1.191427125e+00 +9.360114271e+02 +9.360114271e+02
2179 0 +1.009383755e+00 +9.358293838e+02 +9.358293838e+02
2200 0 +7.825836388e-01 +9.356025836e+02 +9.356025836e+02
2221 0 +6.183193340e-01 +9.354383193e+02 +9.354383193e+02
2242 0 +5.307550626e-01 +9.353507551e+02 +9.353507551e+02
2263 0 +4.221816242e-01 +9.352421816e+02 +9.352421816e+02
2284 0 +3.287044166e-01 +9.351487044e+02 +9.351487044e+02
2305 0 +2.593289025e-01 +9.350793289e+02 +9.350793289e+02
2326 0 +1.640752004e-01 +9.349840752e+02 +9.349840752e+02
2347 0 +9.870611783e-02 +9.349187061e+02 +9.349187061e+02
2368 0 +5.289401736e-02 +9.348728940e+02 +9.348728940e+02
2410 0 +3.936058376e-02 +9.348593606e+02 +9.348593606e+02
2431 0 +2.174944755e-02 +9.348417494e+02 +9.348417494e+02
2452 0 +1.090597425e-02 +9.348309060e+02 +9.348309060e+02
2473 0 +3.514796525e-03 +9.348235148e+02 +9.348235148e+02
2494 0 +2.229859285e-03 +9.348222299e+02 +9.348222299e+02
2515 0 +1.167075418e-03 +9.348211671e+02 +9.348211671e+02
2536 0 +2.630140492e-04 +9.348202630e+02 +9.348202630e+02
2557 0 +4.509102087e-05 +9.348200451e+02 +9.348200451e+02
2578 0 +4.103070751e-06 +9.348200041e+02 +9.348200041e+02
2599 0 +4.956310704e-07 +9.348200005e+02 +9.348200005e+02
2620 0 +3.907450719e-08 +9.348200000e+02 +9.348200000e+02
2641 0 +2.416982170e-08 +9.348200000e+02 +9.348200000e+02
2662 0 +3.556010597e-09 +9.348200000e+02 +9.348200000e+02
135369 0 +7.958078641e-13 +9.348200000e+02 +9.348200000e+02
200752 0 +3.410605132e-13 +9.348200000e+02 +9.348200000e+02
% f evaluations | g evaluations | best noise-free fitness - Fopt (-6.371000000000e+01) + sum g_i+ | measured fitness | best measured fitness or single-digit g-values | x1 | x2...
1 0 +1.031131376e+04 +1.024760376e+04 +1.024760376e+04
2 0 +4.520012919e+03 +4.456302919e+03 +4.456302919e+03
9 0 +6.556432037e+02 +5.919332037e+02 +5.919332037e+02
121 0 +2.086392952e+02 +1.449292952e+02 +1.449292952e+02
142 0 +9.033853374e+01 +2.662853374e+01 +2.662853374e+01
184 0 +4.796034746e+01 -1.574965254e+01 -1.574965254e+01
226 0 +3.264683717e+01 -3.106316283e+01 -3.106316283e+01
268 0 +2.548075732e+01 -3.822924268e+01 -3.822924268e+01
310 0 +2.304101172e+01 -4.066898828e+01 -4.066898828e+01
373 0 +2.204812027e+01 -4.166187973e+01 -4.166187973e+01
562 0 +1.975681976e+01 -4.395318024e+01 -4.395318024e+01
1087 0 +1.760984266e+01 -4.610015734e+01 -4.610015734e+01
1318 0 +1.575449313e+01 -4.795550687e+01 -4.795550687e+01
1507 0 +1.400504463e+01 -4.970495537e+01 -4.970495537e+01
1612 0 +1.244317501e+01 -5.126682499e+01 -5.126682499e+01
1696 0 +1.110276147e+01 -5.260723853e+01 -5.260723853e+01
1822 0 +9.937194394e+00 -5.377280561e+01 -5.377280561e+01
1927 0 +8.681508140e+00 -5.502849186e+01 -5.502849186e+01
2011 0 +7.817278126e+00 -5.589272187e+01 -5.589272187e+01
2074 0 +6.998420873e+00 -5.671157913e+01 -5.671157913e+01
2137 0 +6.287649523e+00 -5.742235048e+01 -5.742235048e+01
2221 0 +5.403342828e+00 -5.830665717e+01 -5.830665717e+01
2263 0 +4.988736841e+00 -5.872126316e+01 -5.872126316e+01
2326 0 +4.456336033e+00 -5.925366397e+01 -5.925366397e+01
8586 0 +3.751545321e+00 -5.995845468e+01 -5.995845468e+01
8607 0 +3.431315603e+00 -6.027868440e+01 -6.027868440e+01
8628 0 +2.997833323e+00 -6.071216668e+01 -6.071216668e+01
8649 0 +2.787030817e+00 -6.092296918e+01 -6.092296918e+01
8691 0 +2.404730980e+00 -6.130526902e+01 -6.130526902e+01
8712 0 +2.046631881e+00 -6.166336812e+01 -6.166336812e+01
8733 0 +1.702905390e+00 -6.200709461e+01 -6.200709461e+01
8775 0 +1.546600172e+00 -6.216339983e+01 -6.216339983e+01
8796 0 +1.310931463e+00 -6.239906854e+01 -6.239906854e+01
8817 0 +1.012443112e+00 -6.269755689e+01 -6.269755689e+01
8838 0 +8.396758351e-01 -6.287032416e+01 -6.287032416e+01
8859 0 +6.895443418e-01 -6.302045566e+01 -6.302045566e+01
8880 0 +5.416659518e-01 -6.316833405e+01 -6.316833405e+01
8901 0 +4.213031233e-01 -6.328869688e+01 -6.328869688e+01
8922 0 +3.375988876e-01 -6.337240111e+01 -6.337240111e+01
8943 0 +2.454829564e-01 -6.346451704e+01 -6.346451704e+01
8964 0 +1.876653542e-01 -6.352233465e+01 -6.352233465e+01
8985 0 +1.337683522e-01 -6.357623165e+01 -6.357623165e+01
9006 0 +9.751298467e-02 -6.361248702e+01 -6.361248702e+01
9027 0 +6.342673504e-02 -6.364657326e+01 -6.364657326e+01
9048 0 +4.157748450e-02 -6.366842252e+01 -6.366842252e+01
9069 0 +3.051718790e-02 -6.367948281e+01 -6.367948281e+01
9090 0 +1.600155682e-02 -6.369399844e+01 -6.369399844e+01
9111 0 +6.753919358e-03 -6.370324608e+01 -6.370324608e+01
9132 0 +1.854555610e-03 -6.370814544e+01 -6.370814544e+01
9153 0 +5.955755172e-04 -6.370940442e+01 -6.370940442e+01
9174 0 +4.409121914e-05 -6.370995591e+01 -6.370995591e+01
9195 0 +5.849278551e-06 -6.370999415e+01 -6.370999415e+01
9216 0 +2.958005574e-06 -6.370999704e+01 -6.370999704e+01
9237 0 +2.520693698e-08 -6.370999997e+01 -6.370999997e+01
9258 0 +4.726452119e-09 -6.371000000e+01 -6.371000000e+01
200018 0 +3.647215863e-11 -6.371000000e+01 -6.371000000e+01
% f evaluations | g evaluations | best noise-free fitness - Fopt (1.000000000000e+03) + sum g_i+ | measured fitness | best measured fitness or single-digit g-values | x1 | x2...
1 0 +1.449777276e+04 +1.549777276e+04 +1.549777276e+04
2 0 +2.153679017e+03 +3.153679017e+03 +3.153679017e+03
9 0 +1.264153895e+03 +2.264153895e+03 +2.264153895e+03
121 0 +8.025371220e+02 +1.802537122e+03 +1.802537122e+03
142 0 +2.351047170e+02 +1.235104717e+03 +1.235104717e+03
205 0 +1.901715103e+02 +1.190171510e+03 +1.190171510e+03
226 0 +1.479129902e+02 +1.147912990e+03 +1.147912990e+03
268 0 +1.238514344e+02 +1.123851434e+03 +1.123851434e+03
310 0 +1.108858960e+02 +1.110885896e+03 +1.110885896e+03
331 0 +9.728478513e+01 +1.097284785e+03 +1.097284785e+03
394 0 +8.236925230e+01 +1.082369252e+03 +1.082369252e+03
415 0 +7.471438576e+01 +1.074714386e+03 +1.074714386e+03
457 0 +7.022644872e+01 +1.070226449e+03 +1.070226449e+03
520 0 +5.952538850e+01 +1.059525389e+03 +1.059525389e+03
541 0 +5.495896215e+01 +1.054958962e+03 +1.054958962e+03
583 0 +4.251068922e+01 +1.042510689e+03 +1.042510689e+03
604 0 +3.376697056e+01 +1.033766971e+03 +1.033766971e+03
667 0 +2.924345913e+01 +1.029243459e+03 +1.029243459e+03
688 0 +2.451326542e+01 +1.024513265e+03 +1.024513265e+03
751 0 +2.170848993e+01 +1.021708490e+03 +1.021708490e+03
835 0 +1.798789872e+01 +1.017987899e+03 +1.017987899e+03
856 0 +1.613154051e+01 +1.016131541e+03 +1.016131541e+03
898 0 +1.540302039e+01 +1.015403020e+03 +1.015403020e+03
1024 0 +1.410912088e+01 +1.014109121e+03 +1.014109121e+03
1192 0 +1.239953660e+01 +1.012399537e+03 +1.012399537e+03
1276 0 +1.109048887e+01 +1.011090489e+03 +1.011090489e+03
1423 0 +9.863290266e+00 +1.009863290e+03 +1.009863290e+03
1528 0 +8.763404955e+00 +1.008763405e+03 +1.008763405e+03
1612 0 +7.723464590e+00 +1.007723465e+03 +1.007723465e+03
1696 0 +6.839779341e+00 +1.006839779e+03 +1.006839779e+03
1759 0 +6.285362240e+00 +1.006285362e+03 +1.006285362e+03
1885 0 +5.375144321e+00 +1.005375144e+03 +1.005375144e+03
1906 0 +5.002187551e+00 +1.005002188e+03 +1.005002188e+03
2011 0 +4.367223160e+00 +1.004367223e+03 +1.004367223e+03
5230 0 +3.789370382e+00 +1.003789370e+03 +1.003789370e+03
5251 0 +3.482005931e+00 +1.003482006e+03 +1.003482006e+03
5272 0 +3.159974186e+00 +1.003159974e+03 +1.003159974e+03
5293 0 +2.767531434e+00 +1.002767531e+03 +1.002767531e+03
5314 0 +2.464320810e+00 +1.002464321e+03 +1.002464321e+03
5356 0 +2.072745386e+00 +1.002072745e+03 +1.002072745e+03
5377 0 +1.738185805e+00 +1.001738186e+03 +1.001738186e+03
5440 0 +1.448762884e+00 +1.001448763e+03 +1.001448763e+03
5461 0 +1.205719459e+00 +1.001205719e+03 +1.001205719e+03
5482 0 +9.129062913e-01 +1.000912906e+03 +1.000912906e+03
5503 0 +7.180800012e-01 +1.000718080e+03 +1.000718080e+03
5524 0 +6.267697157e-01 +1.000626770e+03 +1.000626770e+03
5566 0 +4.504452833e-01 +1.000450445e+03 +1.000450445e+03
5587 0 +3.357748752e-01 +1.000335775e+03 +1.000335775e+03
5608 0 +2.074176548e-01 +1.000207418e+03 +1.000207418e+03
5629 0 +1.497984741e-01 +1.000149798e+03 +1.000149798e+03
5650 0 +1.000512249e-01 +1.000100051e+03 +1.000100051e+03
5692 0 +8.415100943e-02 +1.000084151e+03 +1.000084151e+03
5713 0 +5.867380348e-02 +1.000058674e+03 +1.000058674e+03
5734 0 +2.912142975e-02 +1.000029121e+03 +1.000029121e+03
5755 0 +1.647055444e-02 +1.000016471e+03 +1.000016471e+03
5776 0 +6.853000315e-03 +1.000006853e+03 +1.000006853e+03
5797 0 +3.061861753e-03 +1.000003062e+03 +1.000003062e+03
5818 0 +1.266243822e-03 +1.000001266e+03 +1.000001266e+03
5839 0 +3.867314080e-04 +1.000000387e+03 +1.000000387e+03
5860 0 +6.324313381e-05 +1.000000063e+03 +1.000000063e+03
5881 0 +1.208224342e-05 +1.000000012e+03 +1.000000012e+03
5902 0 +1.264196271e-06 +1.000000001e+03 +1.000000001e+03
5923 0 +6.995878721e-08 +1.000000000e+03 +1.000000000e+03
5944 0 +9.491259334e-09 +1.000000000e+03 +1.000000000e+03
117955 0 +9.094947018e-13 +1.000000000e+03 +1.000000000e+03
200016 0 +2.273736754e-13 +1.000000000e+03 +1.000000000e+03
% f evaluations | g evaluations | best noise-free fitness - Fopt (3.197000000000e+01) + sum g_i+ | measured fitness | best measured fitness or single-digit g-values | x1 | x2...
1 0 +2.566085749e+04 +2.569282749e+04 +2.569282749e+04
2 0 +7.793794136e+03 +7.825764136e+03 +7.825764136e+03
8 0 +3.063176071e+03 +3.095146071e+03 +3.095146071e+03
9 0 +1.611783448e+03 +1.643753448e+03 +1.643753448e+03
49 0 +1.475336400e+03 +1.507306400e+03 +1.507306400e+03
51 0 +8.063708100e+02 +8.383408100e+02 +8.383408100e+02
98 0 +7.269360041e+02 +7.589060041e+02 +7.589060041e+02
121 0 +3.297700571e+02 +3.617400571e+02 +3.617400571e+02
142 0 +1.867917942e+02 +2.187617942e+02 +2.187617942e+02
163 0 +1.553365642e+02 +1.873065642e+02 +1.873065642e+02
184 0 +1.253394148e+02 +1.573094148e+02 +1.573094148e+02
205 0 +1.029322670e+02 +1.349022670e+02 +1.349022670e+02
226 0 +9.641479301e+01 +1.283847930e+02 +1.283847930e+02
247 0 +8.850813378e+01 +1.204781338e+02 +1.204781338e+02
331 0 +7.144359873e+01 +1.034135987e+02 +1.034135987e+02
352 0 +5.837961444e+01 +9.034961444e+01 +9.034961444e+01
373 0 +4.745733188e+01 +7.942733188e+01 +7.942733188e+01
415 0 +4.439276878e+01 +7.636276878e+01 +7.636276878e+01
457 0 +3.561190515e+01 +6.758190515e+01 +6.758190515e+01
478 0 +3.015551689e+01 +6.212551689e+01 +6.212551689e+01
520 0 +2.764521322e+01 +5.961521322e+01 +5.961521322e+01
541 0 +2.420880244e+01 +5.617880244e+01 +5.617880244e+01
562 0 +2.192611035e+01 +5.389611035e+01 +5.389611035e+01
604 0 +1.844836124e+01 +5.041836124e+01 +5.041836124e+01
667 0 +1.686317830e+01 +4.883317830e+01 +4.883317830e+01
772 0 +1.570531561e+01 +4.767531561e+01 +4.767531561e+01
877 0 +1.411610180e+01 +4.608610180e+01 +4.608610180e+01
1045 0 +1.253911348e+01 +4.450911348e+01 +4.450911348e+01
1171 0 +1.113637732e+01 +4.310637732e+01 +4.310637732e+01
1297 0 +9.947056577e+00 +4.191705658e+01 +4.191705658e+01
1402 0 +8.691377647e+00 +4.066137765e+01 +4.066137765e+01
1507 0 +7.657973408e+00 +3.962797341e+01 +3.962797341e+01
1570 0 +7.048989271e+00 +3.901898927e+01 +3.901898927e+01
1633 0 +6.266419052e+00 +3.823641905e+01 +3.823641905e+01
1738 0 +5.521760975e+00 +3.749176098e+01 +3.749176098e+01
1780 0 +4.973839374e+00 +3.694383937e+01 +3.694383937e+01
1843 0 +4.156987514e+00 +3.612698751e+01 +3.612698751e+01
1864 0 +3.836415473e+00 +3.580641547e+01 +3.580641547e+01
1885 0 +3.515977717e+00 +3.548597772e+01 +3.548597772e+01
1906 0 +3.106685079e+00 +3.507668508e+01 +3.507668508e+01
1927 0 +2.817222180e+00 +3.478722218e+01 +3.478722218e+01
1948 0 +2.485527498e+00 +3.445552750e+01 +3.445552750e+01
1969 0 +2.159540312e+00 +3.412954031e+01 +3.412954031e+01
1990 0 +1.916685949e+00 +3.388668595e+01 +3.388668595e+01
2011 0 +1.562259616e+00 +3.353225962e+01 +3.353225962e+01
2032 0 +1.225290607e+00 +3.319529061e+01 +3.319529061e+01
2074 0 +1.114825343e+00 +3.308482534e+01 +3.308482534e+01
2095 0 +9.459003554e-01 +3.291590036e+01 +3.291590036e+01
2116 0 +7.357069576e-01 +3.270570696e+01 +3.270570696e+01
2137 0 +5.808550305e-01 +3.255085503e+01 +3.255085503e+01
2158 0 +5.546427039e-01 +3.252464270e+01 +3.252464270e+01
2179 0 +4.845659458e-01 +3.245456595e+01 +3.245456595e+01
2200 0 +3.591262350e-01 +3.232912623e+01 +3.232912623e+01
2221 0 +2.737072216e-01 +3.224370722e+01 +3.224370722e+01
2263 0 +2.196429467e-01 +3.218964295e+01 +3.218964295e+01
2284 0 +1.598075648e-01 +3.212980756e+01 +3.212980756e+01
2305 0 +1.226230453e-01 +3.209262305e+01 +3.209262305e+01
2326 0 +8.097213812e-02 +3.205097214e+01 +3.205097214e+01
2347 0 +5.188777264e-02 +3.202188777e+01 +3.202188777e+01
2368 0 +3.461723228e-02 +3.200461723e+01 +3.200461723e+01
2389 0 +1.950270161e-02 +3.198950270e+01 +3.198950270e+01
2410 0 +1.374454549e-02 +3.198374455e+01 +3.198374455e+01
2431 0 +1.030015756e-02 +3.198030016e+01 +3.198030016e+01
2452 0 +4.165718742e-03 +3.197416572e+01 +3.197416572e+01
2473 0 +2.065764045e-03 +3.197206576e+01 +3.197206576e+01
2494 0 +6.054448032e-04 +3.197060544e+01 +3.197060544e+01
2515 0 +5.425874147e-05 +3.197005426e+01 +3.197005426e+01
2536 0 +3.761227639e-06 +3.197000376e+01 +3.197000376e+01
2557 0 +1.367891858e-06 +3.197000137e+01 +3.197000137e+01
2578 0 +9.389385269e-09 +3.197000001e+01 +3.197000001e+01
200015 0 +4.671463216e-11 +3.197000000e+01 +3.197000000e+01
% f evaluations | g evaluations | best noise-free fitness - Fopt (5.819000000000e+01) + sum g_i+ | measured fitness | best measured fitness or single-digit g-values | x1 | x2...
1 0 +6.374724716e+03 +6.432914716e+03 +6.432914716e+03
2 0 +3.976619630e+03 +4.034809630e+03 +4.034809630e+03
9 0 +2.300404036e+03 +2.358594036e+03 +2.358594036e+03
55 0 +1.961360459e+03 +2.019550459e+03 +2.019550459e+03
62 0 +1.608964731e+03 +1.667154731e+03 +1.667154731e+03
89 0 +1.576040868e+03 +1.634230868e+03 +1.634230868e+03
102 0 +1.389725901e+03 +1.447915901e+03 +1.447915901e+03
110 0 +1.176368378e+03 +1.234558378e+03 +1.234558378e+03
119 0 +1.059652852e+03 +1.117842852e+03 +1.117842852e+03
121 0 +6.953609557e+02 +7.535509557e+02 +7.535509557e+02
142 0 +1.877590280e+02 +2.459490280e+02 +2.459490280e+02
184 0 +1.621510043e+02 +2.203410043e+02 +2.203410043e+02
205 0 +1.208061446e+02 +1.789961446e+02 +1.789961446e+02
226 0 +7.052870791e+01 +1.287187079e+02 +1.287187079e+02
268 0 +5.747920628e+01 +1.156692063e+02 +1.156692063e+02
310 0 +5.496816868e+01 +1.131581687e+02 +1.131581687e+02
373 0 +4.705798275e+01 +1.052479828e+02 +1.052479828e+02
415 0 +4.226937649e+01 +1.004593765e+02 +1.004593765e+02
478 0 +3.943641952e+01 +9.762641952e+01 +9.762641952e+01
520 0 +3.533485403e+01 +9.352485403e+01 +9.352485403e+01
541 0 +3.139914751e+01 +8.958914751e+01 +8.958914751e+01
625 0 +2.561890030e+01 +8.380890030e+01 +8.380890030e+01
667 0 +2.486908601e+01 +8.305908601e+01 +8.305908601e+01
751 0 +2.140719944e+01 +7.959719944e+01 +7.959719944e+01
793 0 +1.803502957e+01 +7.622502957e+01 +7.622502957e+01
835 0 +1.771315814e+01 +7.590315814e+01 +7.590315814e+01
982 0 +1.563595366e+01 +7.382595366e+01 +7.382595366e+01
1129 0 +1.391891437e+01 +7.210891437e+01 +7.210891437e+01
1255 0 +1.248141715e+01 +7.067141715e+01 +7.067141715e+01
1360 0 +1.116521913e+01 +6.935521913e+01 +6.935521913e+01
1465 0 +9.948038071e+00 +6.813803807e+01 +6.813803807e+01
1549 0 +8.842058421e+00 +6.703205842e+01 +6.703205842e+01
1654 0 +7.849702127e+00 +6.603970213e+01 +6.603970213e+01
1738 0 +6.846834364e+00 +6.503683436e+01 +6.503683436e+01
1843 0 +6.042967399e+00 +6.423296740e+01 +6.423296740e+01
1885 0 +5.466149859e+00 +6.365614986e+01 +6.365614986e+01
1948 0 +4.839434780e+00 +6.302943478e+01 +6.302943478e+01
1990 0 +4.178658104e+00 +6.236865810e+01 +6.236865810e+01
2011 0 +3.868508989e+00 +6.205850899e+01 +6.205850899e+01
2032 0 +3.427528038e+00 +6.161752804e+01 +6.161752804e+01
2074 0 +3.093288359e+00 +6.128328836e+01 +6.128328836e+01
2095 0 +2.809739898e+00 +6.099973990e+01 +6.099973990e+01
2116 0 +2.487284562e+00 +6.067728456e+01 +6.067728456e+01
2137 0 +2.194631989e+00 +6.038463199e+01 +6.038463199e+01
2158 0 +1.835638931e+00 +6.002563893e+01 +6.002563893e+01
2179 0 +1.655413403e+00 +5.984541340e+01 +5.984541340e+01
2200 0 +1.393723575e+00 +5.958372357e+01 +5.958372357e+01
2221 0 +1.251948754e+00 +5.944194875e+01 +5.944194875e+01
2242 0 +1.065926446e+00 +5.925592645e+01 +5.925592645e+01
2263 0 +9.271094693e-01 +5.911710947e+01 +5.911710947e+01
2284 0 +7.621943037e-01 +5.895219430e+01 +5.895219430e+01
2305 0 +6.186861452e-01 +5.880868615e+01 +5.880868615e+01
2326 0 +4.635063881e-01 +5.865350639e+01 +5.865350639e+01
2347 0 +3.957999906e-01 +5.858579999e+01 +5.858579999e+01
2368 0 +3.542037520e-01 +5.854420375e+01 +5.854420375e+01
2389 0 +2.337129234e-01 +5.842371292e+01 +5.842371292e+01
2410 0 +2.164099587e-01 +5.840640996e+01 +5.840640996e+01
2431 0 +1.908905248e-01 +5.838089052e+01 +5.838089052e+01
2452 0 +1.304614864e-01 +5.832046149e+01 +5.832046149e+01
2473 0 +9.874230031e-02 +5.828874230e+01 +5.828874230e+01
2494 0 +5.954859346e-02 +5.824954859e+01 +5.824954859e+01
2515 0 +3.360418185e-02 +5.822360418e+01 +5.822360418e+01
2536 0 +1.413724345e-02 +5.820413724e+01 +5.820413724e+01
2557 0 +6.006579692e-03 +5.819600658e+01 +5.819600658e+01
2578 0 +4.020293053e-03 +5.819402029e+01 +5.819402029e+01
2599 0 +1.031821162e-03 +5.819103182e+01 +5.819103182e+01
2620 0 +3.154933667e-04 +5.819031549e+01 +5.819031549e+01
2641 0 +2.539759107e-05 +5.819002540e+01 +5.819002540e+01
2662 0 +7.033880777e-06 +5.819000703e+01 +5.819000703e+01
2683 0 +1.409495219e-06 +5.819000141e+01 +5.819000141e+01
2704 0 +1.793519075e-07 +5.819000018e+01 +5.819000018e+01
2725 0 +1.419547857e-08 +5.819000001e+01 +5.819000001e+01
2746 0 +1.603325472e-09 +5.819000000e+01 +5.819000000e+01
200487 0 +3.847588914e-11 +5.819000000e+01 +5.819000000e+01
% f evaluations | g evaluations | best noise-free fitness - Fopt (-4.840000000000e+00) + sum g_i+ | measured fitness | best measured fitness or single-digit g-values | x1 | x2...
1 0 +1.054975988e+04 +1.054491988e+04 +1.054491988e+04
2 0 +2.391411272e+03 +2.386571272e+03 +2.386571272e+03
9 0 +1.339685045e+03 +1.334845045e+03 +1.334845045e+03
39 0 +1.176818444e+03 +1.171978444e+03 +1.171978444e+03
82 0 +1.083261933e+03 +1.078421933e+03 +1.078421933e+03
91 0 +8.421935280e+02 +8.373535280e+02 +8.373535280e+02
98 0 +6.040035564e+02 +5.991635564e+02 +5.991635564e+02
121 0 +4.118287397e+02 +4.069887397e+02 +4.069887397e+02
142 0 +2.562817315e+02 +2.514417315e+02 +2.514417315e+02
163 0 +1.660553150e+02 +1.612153150e+02 +1.612153150e+02
205 0 +1.303861238e+02 +1.255461238e+02 +1.255461238e+02
226 0 +1.240081484e+02 +1.191681484e+02 +1.191681484e+02
268 0 +9.310249730e+01 +8.826249730e+01 +8.826249730e+01
289 0 +6.041239949e+01 +5.557239949e+01 +5.557239949e+01
331 0 +5.349861199e+01 +4.865861199e+01 +4.865861199e+01
373 0 +4.598492906e+01 +4.114492906e+01 +4.114492906e+01
394 0 +3.842483093e+01 +3.358483093e+01 +3.358483093e+01
457 0 +3.475989029e+01 +2.991989029e+01 +2.991989029e+01
478 0 +3.067002131e+01 +2.583002131e+01 +2.583002131e+01
541 0 +2.806471867e+01 +2.322471867e+01 +2.322471867e+01
562 0 +2.286735982e+01 +1.802735982e+01 +1.802735982e+01
604 0 +2.198013173e+01 +1.714013173e+01 +1.714013173e+01
646 0 +1.950687248e+01 +1.466687248e+01 +1.466687248e+01
961 0 +1.745248150e+01 +1.261248150e+01 +1.261248150e+01
1108 0 +1.553598174e+01 +1.069598174e+01 +1.069598174e+01
1276 0 +1.391544679e+01 +9.075446791e+00 +9.075446791e+00
1444 0 +1.258687710e+01 +7.746877105e+00 +7.746877105e+00
1591 0 +1.097901629e+01 +6.139016288e+00 +6.139016288e+00
1675 0 +9.907589681e+00 +5.067589681e+00 +5.067589681e+00
1780 0 +8.893849267e+00 +4.053849267e+00 +4.053849267e+00
1864 0 +7.825132844e+00 +2.985132844e+00 +2.985132844e+00
1948 0 +6.921622687e+00 +2.081622687e+00 +2.081622687e+00
2011 0 +6.091105399e+00 +1.251105399e+00 +1.251105399e+00
2095 0 +5.282526119e+00 +4.425261194e-01 +4.425261194e-01
2116 0 +4.902909586e+00 +6.290958590e-02 +6.290958590e-02
2179 0 +4.384008537e+00 -4.559914626e-01 -4.559914626e-01
2242 0 +3.855095358e+00 -9.849046416e-01 -9.849046416e-01
2284 0 +3.144908592e+00 -1.695091408e+00 -1.695091408e+00
2326 0 +2.705471677e+00 -2.134528323e+00 -2.134528323e+00
2347 0 +2.499637015e+00 -2.340362985e+00 -2.340362985e+00
2368 0 +2.168721995e+00 -2.671278005e+00 -2.671278005e+00
2389 0 +1.901809437e+00 -2.938190563e+00 -2.938190563e+00
2410 0 +1.742862062e+00 -3.097137938e+00 -3.097137938e+00
2431 0 +1.491356231e+00 -3.348643769e+00 -3.348643769e+00
2452 0 +1.171331391e+00 -3.668668609e+00 -3.668668609e+00
2473 0 +1.012621772e+00 -3.827378228e+00 -3.827378228e+00
2494 0 +9.118534446e-01 -3.928146555e+00 -3.928146555e+00
2515 0 +7.509355147e-01 -4.089064485e+00 -4.089064485e+00
2536 0 +5.379044650e-01 -4.302095535e+00 -4.302095535e+00
2557 0 +3.783728459e-01 -4.461627154e+00 -4.461627154e+00
2578 0 +2.314784420e-01 -4.608521558e+00 -4.608521558e+00
2620 0 +1.891624814e-01 -4.650837519e+00 -4.650837519e+00
2641 0 +1.256657200e-01 -4.714334280e+00 -4.714334280e+00
2683 0 +9.330670775e-02 -4.746693292e+00 -4.746693292e+00
2704 0 +5.826837691e-02 -4.781731623e+00 -4.781731623e+00
2725 0 +4.072023962e-02 -4.799279760e+00 -4.799279760e+00
2746 0 +2.191479348e-02 -4.818085207e+00 -4.818085207e+00
2767 0 +1.470110709e-02 -4.825298893e+00 -4.825298893e+00
2788 0 +5.222658381e-03 -4.834777342e+00 -4.834777342e+00
2809 0 +2.149988585e-03 -4.837850011e+00 -4.837850011e+00
2830 0 +1.007551820e-03 -4.838992448e+00 -4.838992448e+00
2851 0 +3.694917380e-04 -4.839630508e+00 -4.839630508e+00
2872 0 +4.049443355e-05 -4.839959506e+00 -4.839959506e+00
2893 0 +5.655733994e-06 -4.839994344e+00 -4.839994344e+00
2914 0 +5.163728956e-07 -4.839999484e+00 -4.839999484e+00
2935 0 +3.642736246e-08 -4.839999964e+00 -4.839999964e+00
2956 0 +5.074751286e-09 -4.839999995e+00 -4.839999995e+00
200696 0 +9.837375359e-11 -4.840000000e+00 -4.840000000e+00
% f evaluations | g evaluations | best noise-free fitness - Fopt (-6.337000000000e+01) + sum g_i+ | measured fitness | best measured fitness or single-digit g-values | x1 | x2...
1 0 +1.040300366e+04 +1.033963366e+04 +1.033963366e+04
2 0 +3.801783057e+03 +3.738413057e+03 +3.738413057e+03
9 0 +1.613724980e+03 +1.550354980e+03 +1.550354980e+03
45 0 +1.090447215e+03 +1.027077215e+03 +1.027077215e+03
91 0 +8.626469639e+02 +7.992769639e+02 +7.992769639e+02
121 0 +3.973882349e+02 +3.340182349e+02 +3.340182349e+02
142 0 +1.357011092e+02 +7.233110915e+01 +7.233110915e+01
184 0 +1.063343772e+02 +4.296437720e+01 +4.296437720e+01
205 0 +7.599549593e+01 +1.262549593e+01 +1.262549593e+01
226 0 +6.706515798e+01 +3.695157982e+00 +3.695157982e+00
247 0 +5.637826364e+01 -6.991736363e+00 -6.991736363e+00
268 0 +4.787149405e+01 -1.549850595e+01 -1.549850595e+01
289 0 +4.238751167e+01 -2.098248833e+01 -2.098248833e+01
352 0 +3.945275224e+01 -2.391724776e+01 -2.391724776e+01
394 0 +3.519394104e+01 -2.817605896e+01 -2.817605896e+01
457 0 +3.037544457e+01 -3.299455543e+01 -3.299455543e+01
520 0 +2.762886238e+01 -3.574113762e+01 -3.574113762e+01
541 0 +2.483612058e+01 -3.853387942e+01 -3.853387942e+01
667 0 +2.199469705e+01 -4.137530295e+01 -4.137530295e+01
814 0 +1.993760517e+01 -4.343239483e+01 -4.343239483e+01
1171 0 +1.765502541e+01 -4.571497459e+01 -4.571497459e+01
1381 0 +1.555991226e+01 -4.781008774e+01 -4.781008774e+01
1549 0 +1.394576303e+01 -4.942423697e+01 -4.942423697e+01
1654 0 +1.241086424e+01 -5.095913576e+01 -5.095913576e+01
1780 0 +1.095239368e+01 -5.241760632e+01 -5.241760632e+01
1885 0 +9.700998033e+00 -5.366900197e+01 -5.366900197e+01
1969 0 +8.838803169e+00 -5.453119683e+01 -5.453119683e+01
2053 0 +7.800523581e+00 -5.556947642e+01 -5.556947642e+01
2137 0 +7.002899989e+00 -5.636710001e+01 -5.636710001e+01
2242 0 +6.115149108e+00 -5.725485089e+01 -5.725485089e+01
2305 0 +5.571088492e+00 -5.779891151e+01 -5.779891151e+01
2347 0 +4.992267559e+00 -5.837773244e+01 -5.837773244e+01
2452 0 +4.400520109e+00 -5.896947989e+01 -5.896947989e+01
8912 0 +3.811404359e+00 -5.955859564e+01 -5.955859564e+01
8933 0 +3.376082736e+00 -5.999391726e+01 -5.999391726e+01
8975 0 +3.103702704e+00 -6.026629730e+01 -6.026629730e+01
9017 0 +2.738327991e+00 -6.063167201e+01 -6.063167201e+01
9038 0 +2.449297813e+00 -6.092070219e+01 -6.092070219e+01
9080 0 +1.918800090e+00 -6.145119991e+01 -6.145119991e+01
9101 0 +1.507676023e+00 -6.186232398e+01 -6.186232398e+01
9143 0 +1.383134788e+00 -6.198686521e+01 -6.198686521e+01
9164 0 +1.182276217e+00 -6.218772378e+01 -6.218772378e+01
9185 0 +9.132268011e-01 -6.245677320e+01 -6.245677320e+01
9206 0 +7.922624131e-01 -6.257773759e+01 -6.257773759e+01
9227 0 +5.975257996e-01 -6.277247420e+01 -6.277247420e+01
9248 0 +4.187628463e-01 -6.295123715e+01 -6.295123715e+01
9290 0 +3.742559441e-01 -6.299574406e+01 -6.299574406e+01
9311 0 +3.127810132e-01 -6.305721899e+01 -6.305721899e+01
9332 0 +2.329639328e-01 -6.313703607e+01 -6.313703607e+01
9353 0 +1.596624056e-01 -6.321033759e+01 -6.321033759e+01
9374 0 +1.017897037e-01 -6.326821030e+01 -6.326821030e+01
9395 0 +7.239273847e-02 -6.329760726e+01 -6.329760726e+01
9416 0 +3.135488729e-02 -6.333864511e+01 -6.333864511e+01
9458 0 +2.090160798e-02 -6.334909839e+01 -6.334909839e+01
9479 0 +1.394852676e-02 -6.335605147e+01 -6.335605147e+01
9500 0 +7.980195324e-03 -6.336201980e+01 -6.336201980e+01
9521 0 +1.884677417e-03 -6.336811532e+01 -6.336811532e+01
9542 0 +5.949958404e-04 -6.336940500e+01 -6.336940500e+01
9563 0 +1.891613494e-04 -6.336981084e+01 -6.336981084e+01
9584 0 +1.175598694e-05 -6.336998824e+01 -6.336998824e+01
9605 0 +1.458955829e-06 -6.336999854e+01 -6.336999854e+01
9626 0 +6.634748928e-08 -6.336999993e+01 -6.336999993e+01
9647 0 +8.224120052e-09 -6.336999999e+01 -6.336999999e+01
201172 0 +1.412558959e-11 -6.337000000e+01 -6.337000000e+01
% f evaluations | g evaluations | best noise-free fitness - Fopt (2.750000000000e+00) + sum g_i+ | measured fitness | best measured fitness or single-digit g-values | x1 | x2...
1 0 +2.125650132e+04 +2.125925132e+04 +2.125925132e+04
2 0 +3.327988451e+03 +3.330738451e+03 +3.330738451e+03
8 0 +2.864945315e+03 +2.867695315e+03 +2.867695315e+03
9 0 +2.542427550e+03 +2.545177550e+03 +2.545177550e+03
17 0 +2.188351179e+03 +2.191101179e+03 +2.191101179e+03
82 0 +1.993312007e+03 +1.996062007e+03 +1.996062007e+03
83 0 +1.710641267e+03 +1.713391267e+03 +1.713391267e+03
93 0 +1.413981843e+03 +1.416731843e+03 +1.416731843e+03
97 0 +1.319008462e+03 +1.321758462e+03 +1.321758462e+03
98 0 +7.704970810e+02 +7.732470810e+02 +7.732470810e+02
121 0 +5.471993087e+02 +5.499493087e+02 +5.499493087e+02
142 0 +1.832635893e+02 +1.860135893e+02 +1.860135893e+02
184 0 +1.259488752e+02 +1.286988752e+02 +1.286988752e+02
226 0 +1.008357932e+02 +1.035857932e+02 +1.035857932e+02
247 0 +6.086056857e+01 +6.361056857e+01 +6.361056857e+01
289 0 +4.769545614e+01 +5.044545614e+01 +5.044545614e+01
331 0 +4.409043580e+01 +4.684043580e+01 +4.684043580e+01
394 0 +3.905779265e+01 +4.180779265e+01 +4.180779265e+01
415 0 +3.417414273e+01 +3.692414273e+01 +3.692414273e+01
478 0 +3.104251850e+01 +3.379251850e+01 +3.379251850e+01
520 0 +2.717544515e+01 +2.992544515e+01 +2.992544515e+01
541 0 +2.368449386e+01 +2.643449386e+01 +2.643449386e+01
562 0 +2.042832029e+01 +2.317832029e+01 +2.317832029e+01
604 0 +1.993818095e+01 +2.268818095e+01 +2.268818095e+01
667 0 +1.757426884e+01 +2.032426884e+01 +2.032426884e+01
1024 0 +1.578267473e+01 +1.853267473e+01 +1.853267473e+01
1150 0 +1.386861333e+01 +1.661861333e+01 +1.661861333e+01
1276 0 +1.240932853e+01 +1.515932853e+01 +1.515932853e+01
1402 0 +1.108290575e+01 +1.383290575e+01 +1.383290575e+01
1528 0 +9.825438336e+00 +1.257543834e+01 +1.257543834e+01
1612 0 +8.696399494e+00 +1.144639949e+01 +1.144639949e+01
1675 0 +7.919421105e+00 +1.066942111e+01 +1.066942111e+01
1759 0 +6.916271085e+00 +9.666271085e+00 +9.666271085e+00
1822 0 +6.231495796e+00 +8.981495796e+00 +8.981495796e+00
1906 0 +5.603171321e+00 +8.353171321e+00 +8.353171321e+00
1948 0 +4.949883046e+00 +7.699883046e+00 +7.699883046e+00
1990 0 +4.311408020e+00 +7.061408020e+00 +7.061408020e+00
2011 0 +3.945870280e+00 +6.695870280e+00 +6.695870280e+00
2074 0 +3.271660866e+00 +6.021660866e+00 +6.021660866e+00
2095 0 +2.917729958e+00 +5.667729958e+00 +5.667729958e+00
2158 0 +2.687547169e+00 +5.437547169e+00 +5.437547169e+00
2179 0 +2.412068692e+00 +5.162068692e+00 +5.162068692e+00
2200 0 +2.034012482e+00 +4.784012482e+00 +4.784012482e+00
2221 0 +1.914793045e+00 +4.664793045e+00 +4.664793045e+00
2242 0 +1.704859639e+00 +4.454859639e+00 +4.454859639e+00
2263 0 +1.376618995e+00 +4.126618995e+00 +4.126618995e+00
2305 0 +1.244460812e+00 +3.994460812e+00 +3.994460812e+00
2326 0 +1.046522915e+00 +3.796522915e+00 +3.796522915e+00
2347 0 +8.226144620e-01 +3.572614462e+00 +3.572614462e+00
2368 0 +5.786681581e-01 +3.328668158e+00 +3.328668158e+00
2389 0 +5.121282852e-01 +3.262128285e+00 +3.262128285e+00
2410 0 +4.645490394e-01 +3.214549039e+00 +3.214549039e+00
2431 0 +3.220100526e-01 +3.072010053e+00 +3.072010053e+00
2473 0 +2.381971642e-01 +2.988197164e+00 +2.988197164e+00
2494 0 +1.811526488e-01 +2.931152649e+00 +2.931152649e+00
2515 0 +1.229114166e-01 +2.872911417e+00 +2.872911417e+00
2536 0 +8.585122230e-02 +2.835851222e+00 +2.835851222e+00
2557 0 +5.381725917e-02 +2.803817259e+00 +2.803817259e+00
2578 0 +3.394466982e-02 +2.783944670e+00 +2.783944670e+00
2599 0 +1.995203612e-02 +2.769952036e+00 +2.769952036e+00
2620 0 +1.194642139e-02 +2.761946421e+00 +2.761946421e+00
2641 0 +3.950136747e-03 +2.753950137e+00 +2.753950137e+00
2662 0 +1.711083139e-03 +2.751711083e+00 +2.751711083e+00
2683 0 +5.277969137e-04 +2.750527797e+00 +2.750527797e+00
2704 0 +1.575076025e-04 +2.750157508e+00 +2.750157508e+00
2725 0 +2.327621610e-05 +2.750023276e+00 +2.750023276e+00
2746 0 +4.498025598e-06 +2.750004498e+00 +2.750004498e+00
2767 0 +1.492282808e-07 +2.750000149e+00 +2.750000149e+00
2788 0 +1.067312732e-07 +2.750000107e+00 +2.750000107e+00
2809 0 +3.801224713e-08 +2.750000038e+00 +2.750000038e+00
2830 0 +1.778799330e-10 +2.750000000e+00 +2.750000000e+00
200634 0 +2.715871972e-11 +2.750000000e+00 +2.750000000e+00
% f evaluations | g evaluations | best noise-free fitness - Fopt (-4.681000000000e+01) + sum g_i+ | measured fitness | best measured fitness or single-digit g-values | x1 | x2...
1 0 +2.089973313e+04 +2.085292313e+04 +2.085292313e+04
2 0 +3.176465402e+03 +3.129655402e+03 +3.129655402e+03
9 0 +9.366415245e+02 +8.898315245e+02 +8.898315245e+02
142 0 +5.422661249e+02 +4.954561249e+02 +4.954561249e+02
184 0 +4.837139905e+02 +4.369039905e+02 +4.369039905e+02
205 0 +4.012483506e+02 +3.544383506e+02 +3.544383506e+02
226 0 +2.509078992e+02 +2.040978992e+02 +2.040978992e+02
268 0 +1.847592589e+02 +1.379492589e+02 +1.379492589e+02
310 0 +1.688397572e+02 +1.220297572e+02 +1.220297572e+02
373 0 +1.551932690e+02 +1.083832690e+02 +1.083832690e+02
457 0 +1.363970469e+02 +8.958704694e+01 +8.958704694e+01
541 0 +1.232587986e+02 +7.644879856e+01 +7.644879856e+01
583 0 +1.073437845e+02 +6.053378445e+01 +6.053378445e+01
667 0 +9.459707406e+01 +4.778707406e+01 +4.778707406e+01
751 0 +8.659496590e+01 +3.978496590e+01 +3.978496590e+01
772 0 +7.935466282e+01 +3.254466282e+01 +3.254466282e+01
793 0 +7.040720890e+01 +2.359720890e+01 +2.359720890e+01
835 0 +5.875131732e+01 +1.194131732e+01 +1.194131732e+01
877 0 +5.344539694e+01 +6.635396941e+00 +6.635396941e+00
940 0 +4.474537981e+01 -2.064620193e+00 -2.064620193e+00
961 0 +3.668323457e+01 -1.012676543e+01 -1.012676543e+01
982 0 +2.683532025e+01 -1.997467975e+01 -1.997467975e+01
1003 0 +2.471482291e+01 -2.209517709e+01 -2.209517709e+01
1024 0 +2.115566803e+01 -2.565433197e+01 -2.565433197e+01
1045 0 +1.720677540e+01 -2.960322460e+01 -2.960322460e+01
1066 0 +1.542323894e+01 -3.138676106e+01 -3.138676106e+01
1108 0 +1.251958098e+01 -3.429041902e+01 -3.429041902e+01
1150 0 +1.046093826e+01 -3.634906174e+01 -3.634906174e+01
1192 0 +9.824037733e+00 -3.698596227e+01 -3.698596227e+01
1360 0 +8.911427350e+00 -3.789857265e+01 -3.789857265e+01
1465 0 +7.737405233e+00 -3.907259477e+01 -3.907259477e+01
1528 0 +6.925007266e+00 -3.988499273e+01 -3.988499273e+01
1591 0 +6.094551074e+00 -4.071544893e+01 -4.071544893e+01
1654 0 +5.552313535e+00 -4.125768647e+01 -4.125768647e+01
1738 0 +4.886202733e+00 -4.192379727e+01 -4.192379727e+01
1780 0 +4.338273502e+00 -4.247172650e+01 -4.247172650e+01
1801 0 +3.948514549e+00 -4.286148545e+01 -4.286148545e+01
1843 0 +3.240908198e+00 -4.356909180e+01 -4.356909180e+01
1885 0 +2.978916372e+00 -4.383108363e+01 -4.383108363e+01
1906 0 +2.656563579e+00 -4.415343642e+01 -4.415343642e+01
1927 0 +2.342033598e+00 -4.446796640e+01 -4.446796640e+01
1969 0 +2.170147089e+00 -4.463985291e+01 -4.463985291e+01
1990 0 +1.968650992e+00 -4.484134901e+01 -4.484134901e+01
2011 0 +1.688493129e+00 -4.512150687e+01 -4.512150687e+01
2032 0 +1.315716767e+00 -4.549428323e+01 -4.549428323e+01
2053 0 +1.158528177e+00 -4.565147182e+01 -4.565147182e+01
2074 0 +9.255421474e-01 -4.588445785e+01 -4.588445785e+01
2116 0 +8.122349332e-01 -4.599776507e+01 -4.599776507e+01
2137 0 +6.552196397e-01 -4.615478036e+01 -4.615478036e+01
2158 0 +5.415356402e-01 -4.626846436e+01 -4.626846436e+01
2179 0 +4.110363134e-01 -4.639896369e+01 -4.639896369e+01
2200 0 +2.889368943e-01 -4.652106311e+01 -4.652106311e+01
2221 0 +2.152938277e-01 -4.659470617e+01 -4.659470617e+01
2242 0 +1.757187515e-01 -4.663428125e+01 -4.663428125e+01
2263 0 +1.203426522e-01 -4.668965735e+01 -4.668965735e+01
2284 0 +7.327672661e-02 -4.673672327e+01 -4.673672327e+01
2305 0 +3.980327002e-02 -4.677019673e+01 -4.677019673e+01
2326 0 +2.088672299e-02 -4.678911328e+01 -4.678911328e+01
2368 0 +1.379911622e-02 -4.679620088e+01 -4.679620088e+01
2389 0 +5.400563369e-03 -4.680459944e+01 -4.680459944e+01
2410 0 +1.967086547e-03 -4.680803291e+01 -4.680803291e+01
2431 0 +4.514926785e-04 -4.680954851e+01 -4.680954851e+01
2452 0 +9.031479811e-05 -4.680990969e+01 -4.680990969e+01
2473 0 +1.575674159e-05 -4.680998424e+01 -4.680998424e+01
2494 0 +1.791297564e-07 -4.680999982e+01 -4.680999982e+01
2515 0 +6.533061736e-08 -4.680999993e+01 -4.680999993e+01
2536 0 +3.483151545e-10 -4.681000000e+01 -4.681000000e+01
200019 0 +1.080735501e-11 -4.681000000e+01 -4.681000000e+01
% f evaluations | g evaluations | best noise-free fitness - Fopt (6.134000000000e+01) + sum g_i+ | measured fitness | best measured fitness or single-digit g-values | x1 | x2...
1 0 +6.796784145e+03 +6.858124145e+03 +6.858124145e+03
2 0 +3.215219822e+03 +3.276559822e+03 +3.276559822e+03
9 0 +1.898886856e+03 +1.960226856e+03 +1.960226856e+03
24 0 +1.730907016e+03 +1.792247016e+03 +1.792247016e+03
91 0 +1.040345126e+03 +1.101685126e+03 +1.101685126e+03
116 0 +7.815950376e+02 +8.429350376e+02 +8.429350376e+02
121 0 +4.526170119e+02 +5.139570119e+02 +5.139570119e+02
142 0 +2.052172104e+02 +2.665572104e+02 +2.665572104e+02
184 0 +1.339651909e+02 +1.953051909e+02 +1.953051909e+02
205 0 +5.940474147e+01 +1.207447415e+02 +1.207447415e+02
247 0 +2.981034747e+01 +9.115034747e+01 +9.115034747e+01
289 0 +2.465338317e+01 +8.599338317e+01 +8.599338317e+01
373 0 +2.149910351e+01 +8.283910351e+01 +8.283910351e+01
457 0 +1.950308490e+01 +8.084308490e+01 +8.084308490e+01
625 0 +1.770899538e+01 +7.904899538e+01 +7.904899538e+01
1087 0 +1.582286329e+01 +7.716286329e+01 +7.716286329e+01
1276 0 +1.380689939e+01 +7.514689939e+01 +7.514689939e+01
1423 0 +1.248534615e+01 +7.382534615e+01 +7.382534615e+01
1549 0 +1.097411010e+01 +7.231411010e+01 +7.231411010e+01
1633 0 +9.708185338e+00 +7.104818534e+01 +7.104818534e+01
1696 0 +8.883467062e+00 +7.022346706e+01 +7.022346706e+01
1780 0 +7.829856500e+00 +6.916985650e+01 +6.916985650e+01
1843 0 +6.806063098e+00 +6.814606310e+01 +6.814606310e+01
1927 0 +5.906626457e+00 +6.724662646e+01 +6.724662646e+01
1969 0 +5.607407017e+00 +6.694740702e+01 +6.694740702e+01
2053 0 +4.918408982e+00 +6.625840898e+01 +6.625840898e+01
2095 0 +4.145588292e+00 +6.548558829e+01 +6.548558829e+01
2137 0 +3.894262751e+00 +6.523426275e+01 +6.523426275e+01
2179 0 +3.270970878e+00 +6.461097088e+01 +6.461097088e+01
2200 0 +3.034163818e+00 +6.437416382e+01 +6.437416382e+01
2221 0 +2.729517447e+00 +6.406951745e+01 +6.406951745e+01
2242 0 +2.477355626e+00 +6.381735563e+01 +6.381735563e+01
2284 0 +2.017259903e+00 +6.335725990e+01 +6.335725990e+01
2305 0 +1.757816514e+00 +6.309781651e+01 +6.309781651e+01
2326 0 +1.555338796e+00 +6.289533880e+01 +6.289533880e+01
2347 0 +1.254755861e+00 +6.259475586e+01 +6.259475586e+01
2368 0 +1.069877374e+00 +6.240987737e+01 +6.240987737e+01
2389 0 +8.590902261e-01 +6.219909023e+01 +6.219909023e+01
2431 0 +7.766757710e-01 +6.211667577e+01 +6.211667577e+01
2452 0 +6.400505651e-01 +6.198005057e+01 +6.198005057e+01
2473 0 +4.761301604e-01 +6.181613016e+01 +6.181613016e+01
2494 0 +3.077593090e-01 +6.164775931e+01 +6.164775931e+01
2536 0 +2.427392760e-01 +6.158273928e+01 +6.158273928e+01
2557 0 +1.750567118e-01 +6.151505671e+01 +6.151505671e+01
2578 0 +1.527141756e-01 +6.149271418e+01 +6.149271418e+01
2599 0 +1.172525405e-01 +6.145725254e+01 +6.145725254e+01
2620 0 +8.067687601e-02 +6.142067688e+01 +6.142067688e+01
2641 0 +5.374636649e-02 +6.139374637e+01 +6.139374637e+01
2662 0 +3.061474049e-02 +6.137061474e+01 +6.137061474e+01
2683 0 +9.736622785e-03 +6.134973662e+01 +6.134973662e+01
2704 0 +7.959272443e-03 +6.134795927e+01 +6.134795927e+01
2725 0 +4.820991653e-03 +6.134482099e+01 +6.134482099e+01
2746 0 +7.283767561e-04 +6.134072838e+01 +6.134072838e+01
2767 0 +2.425029556e-04 +6.134024250e+01 +6.134024250e+01
2788 0 +9.184934906e-05 +6.134009185e+01 +6.134009185e+01
2809 0 +8.013264598e-06 +6.134000801e+01 +6.134000801e+01
2830 0 +2.067761699e-06 +6.134000207e+01 +6.134000207e+01
2851 0 +7.469981966e-08 +6.134000007e+01 +6.134000007e+01
2872 0 +1.921031867e-08 +6.134000002e+01 +6.134000002e+01
2893 0 +6.055174140e-10 +6.134000000e+01 +6.134000000e+01
200020 0 +4.469313808e-12 +6.134000000e+01 +6.134000000e+01
