% f evaluations | g evaluations | best noise-free fitness - Fopt (-1.694000000000e+01) + sum g_i+ | measured fitness | best measured fitness or single-digit g-values | x1 | x2...
1 0 +3.180026734e+02 +3.010626734e+02 +3.010626734e+02
2 0 +4.332310179e+01 +2.638310179e+01 +2.638310179e+01
18 0 +3.885621970e+01 +2.191621970e+01 +2.191621970e+01
19 0 +1.791589612e+01 +9.758961157e-01 +9.758961157e-01
43 0 +1.453384915e+01 -2.406150850e+00 -2.406150850e+00
98 0 +1.349739154e+01 -3.442608459e+00 -3.442608459e+00
108 0 +9.525928639e+00 -7.414071361e+00 -7.414071361e+00
212 0 +7.939625496e+00 -9.000374504e+00 -9.000374504e+00
256 0 +6.526396076e+00 -1.041360392e+01 -1.041360392e+01
278 0 +6.100731801e+00 -1.083926820e+01 -1.083926820e+01
300 0 +5.611647895e+00 -1.132835211e+01 -1.132835211e+01
366 0 +4.918984242e+00 -1.202101576e+01 -1.202101576e+01
1069 0 +3.884314145e+00 -1.305568586e+01 -1.305568586e+01
1095 0 +2.766186924e+00 -1.417381308e+01 -1.417381308e+01
1173 0 +2.164510328e+00 -1.477548967e+01 -1.477548967e+01
1217 0 +1.688660097e+00 -1.525133990e+01 -1.525133990e+01
1250 0 +1.523741546e+00 -1.541625845e+01 -1.541625845e+01
1393 0 +1.411903841e+00 -1.552809616e+01 -1.552809616e+01
2007 0 +1.139226183e+00 -1.580077382e+01 -1.580077382e+01
2046 0 +9.813661381e-01 -1.595863386e+01 -1.595863386e+01
2112 0 +8.787639708e-01 -1.606123603e+01 -1.606123603e+01
2178 0 +7.666861531e-01 -1.617331385e+01 -1.617331385e+01
2211 0 +7.054232949e-01 -1.623457671e+01 -1.623457671e+01
2288 0 +6.289075517e-01 -1.631109245e+01 -1.631109245e+01
2299 0 +5.422770241e-01 -1.639772298e+01 -1.639772298e+01
2332 0 +4.913047731e-01 -1.644869523e+01 -1.644869523e+01
3392 0 +4.299356610e-01 -1.651006434e+01 -1.651006434e+01
3436 0 +3.865560834e-01 -1.655344392e+01 -1.655344392e+01
3458 0 +3.445384239e-01 -1.659546158e+01 -1.659546158e+01
4374 0 +2.454265822e-01 -1.669457342e+01 -1.669457342e+01
4495 0 +2.151930519e-01 -1.672480695e+01 -1.672480695e+01
4583 0 +1.959489418e-01 -1.674405106e+01 -1.674405106e+01
4671 0 +1.769051471e-01 -1.676309485e+01 -1.676309485e+01
5830 0 +1.573733779e-01 -1.678262662e+01 -1.678262662e+01
5929 0 +1.392115898e-01 -1.680078841e+01 -1.680078841e+01
5951 0 +1.257685527e-01 -1.681423145e+01 -1.681423145e+01
6912 0 +1.093827152e-01 -1.683061728e+01 -1.683061728e+01
7741 0 +9.922481146e-02 -1.684077519e+01 -1.684077519e+01
8465 0 +8.887795631e-02 -1.685112204e+01 -1.685112204e+01
9927 0 +7.942437231e-02 -1.686057563e+01 -1.686057563e+01
100202 0 +7.171792682e-02 -1.686828207e+01 -1.686828207e+01
% f evaluations | g evaluations | best noise-free fitness - Fopt (1.881000000000e+01) + sum g_i+ | measured fitness | best measured fitness or single-digit g-values | x1 | x2...
1 0 +3.899279452e+01 +5.780279452e+01 +5.780279452e+01
2 0 +3.727787698e+01 +5.608787698e+01 +5.608787698e+01
6 0 +3.028393044e+01 +4.909393044e+01 +4.909393044e+01
17 0 +2.491194067e+01 +4.372194067e+01 +4.372194067e+01
24 0 +2.070322483e+01 +3.951322483e+01 +3.951322483e+01
43 0 +1.352134042e+01 +3.233134042e+01 +3.233134042e+01
173 0 +1.219519798e+01 +3.100519798e+01 +3.100519798e+01
191 0 +9.696359967e+00 +2.850635997e+01 +2.850635997e+01
300 0 +8.632296125e+00 +2.744229613e+01 +2.744229613e+01
322 0 +7.452025072e+00 +2.626202507e+01 +2.626202507e+01
355 0 +6.846071619e+00 +2.565607162e+01 +2.565607162e+01
1110 0 +5.923871107e+00 +2.473387111e+01 +2.473387111e+01
1228 0 +5.296768638e+00 +2.410676864e+01 +2.410676864e+01
1239 0 +4.599136167e+00 +2.340913617e+01 +2.340913617e+01
1261 0 +4.397921474e+00 +2.320792147e+01 +2.320792147e+01
1294 0 +3.820375643e+00 +2.263037564e+01 +2.263037564e+01
1371 0 +3.404946667e+00 +2.221494667e+01 +2.221494667e+01
2371 0 +2.823476344e+00 +2.163347634e+01 +2.163347634e+01
2414 0 +1.975496972e+00 +2.078549697e+01 +2.078549697e+01
2683 0 +1.613532436e+00 +2.042353244e+01 +2.042353244e+01
2705 0 +1.554900548e+00 +2.036490055e+01 +2.036490055e+01
3379 0 +1.393905567e+00 +2.020390557e+01 +2.020390557e+01
3476 0 +1.249898236e+00 +2.005989824e+01 +2.005989824e+01
3483 0 +1.012762000e+00 +1.982276200e+01 +1.982276200e+01
3502 0 +6.887054633e-01 +1.949870546e+01 +1.949870546e+01
3522 0 +6.138639900e-01 +1.942386399e+01 +1.942386399e+01
3588 0 +5.119672860e-01 +1.932196729e+01 +1.932196729e+01
3610 0 +4.855973270e-01 +1.929559733e+01 +1.929559733e+01
4747 0 +4.392856901e-01 +1.924928569e+01 +1.924928569e+01
4769 0 +3.855288404e-01 +1.919552884e+01 +1.919552884e+01
5370 0 +3.017435478e-01 +1.911174355e+01 +1.911174355e+01
5489 0 +2.788052194e-01 +1.908880522e+01 +1.908880522e+01
5619 0 +2.404960255e-01 +1.905049603e+01 +1.905049603e+01
5729 0 +2.218941745e-01 +1.903189417e+01 +1.903189417e+01
5784 0 +1.950407976e-01 +1.900504080e+01 +1.900504080e+01
5806 0 +1.755725665e-01 +1.898557257e+01 +1.898557257e+01
6811 0 +1.545482992e-01 +1.896454830e+01 +1.896454830e+01
6822 0 +1.383011749e-01 +1.894830117e+01 +1.894830117e+01
6877 0 +1.253070962e-01 +1.893530710e+01 +1.893530710e+01
9194 0 +1.119839626e-01 +1.892198396e+01 +1.892198396e+01
9326 0 +9.979285087e-02 +1.890979285e+01 +1.890979285e+01
100157 0 +9.039983186e-02 +1.890039983e+01 +1.890039983e+01
% f evaluations | g evaluations | best noise-free fitness - Fopt (2.731500000000e+02) + sum g_i+ | measured fitness | best measured fitness or single-digit g-values | x1 | x2...
1 0 +2.095186669e+02 +4.826686669e+02 +4.826686669e+02
2 0 +6.012731626e+01 +3.332773163e+02 +3.332773163e+02
11 0 +4.159934426e+01 +3.147493443e+02 +3.147493443e+02
18 0 +3.708364529e+01 +3.102336453e+02 +3.102336453e+02
32 0 +3.085834106e+01 +3.040083411e+02 +3.040083411e+02
42 0 +2.425167955e+01 +2.974016795e+02 +2.974016795e+02
65 0 +1.744651700e+01 +2.905965170e+02 +2.905965170e+02
115 0 +1.358632611e+01 +2.867363261e+02 +2.867363261e+02
148 0 +1.027844220e+01 +2.834284422e+02 +2.834284422e+02
164 0 +9.790858682e+00 +2.829408587e+02 +2.829408587e+02
184 0 +8.127079878e+00 +2.812770799e+02 +2.812770799e+02
234 0 +7.684168118e+00 +2.808341681e+02 +2.808341681e+02
245 0 +6.984652491e+00 +2.801346525e+02 +2.801346525e+02
311 0 +6.237987961e+00 +2.793879880e+02 +2.793879880e+02
366 0 +5.594722857e+00 +2.787447229e+02 +2.787447229e+02
432 0 +4.860335391e+00 +2.780103354e+02 +2.780103354e+02
465 0 +4.420613125e+00 +2.775706131e+02 +2.775706131e+02
608 0 +3.971968095e+00 +2.771219681e+02 +2.771219681e+02
1398 0 +3.151368977e+00 +2.763013690e+02 +2.763013690e+02
1434 0 +2.375446243e+00 +2.755254462e+02 +2.755254462e+02
2361 0 +1.949518708e+00 +2.750995187e+02 +2.750995187e+02
2452 0 +1.699650435e+00 +2.748496504e+02 +2.748496504e+02
2484 0 +1.506536414e+00 +2.746565364e+02 +2.746565364e+02
2516 0 +1.220082929e+00 +2.743700829e+02 +2.743700829e+02
2521 0 +1.117268528e+00 +2.742672685e+02 +2.742672685e+02
2815 0 +9.885896398e-01 +2.741385896e+02 +2.741385896e+02
3468 0 +8.793165790e-01 +2.740293166e+02 +2.740293166e+02
3492 0 +7.727494858e-01 +2.739227495e+02 +2.739227495e+02
3497 0 +6.070461245e-01 +2.737570461e+02 +2.737570461e+02
3742 0 +5.492656416e-01 +2.736992656e+02 +2.736992656e+02
4413 0 +4.393396434e-01 +2.735893396e+02 +2.735893396e+02
4519 0 +3.864171935e-01 +2.735364172e+02 +2.735364172e+02
4637 0 +3.398305441e-01 +2.734898305e+02 +2.734898305e+02
4714 0 +3.094367239e-01 +2.734594367e+02 +2.734594367e+02
4769 0 +2.802349000e-01 +2.734302349e+02 +2.734302349e+02
4791 0 +2.482449908e-01 +2.733982450e+02 +2.733982450e+02
5596 0 +1.997552044e-01 +2.733497552e+02 +2.733497552e+02
5675 0 +1.992652542e-01 +2.733492653e+02 +2.733492653e+02
5708 0 +1.767111545e-01 +2.733267112e+02 +2.733267112e+02
5873 0 +1.516779461e-01 +2.733016779e+02 +2.733016779e+02
5884 0 +1.367704895e-01 +2.732867705e+02 +2.732867705e+02
5895 0 +1.177775110e-01 +2.732677775e+02 +2.732677775e+02
7615 0 +1.122001569e-01 +2.732622002e+02 +2.732622002e+02
10009 0 +9.794900045e-02 +2.732479490e+02 +2.732479490e+02
10031 0 +8.709469021e-02 +2.732370947e+02 +2.732370947e+02
14500 0 +7.838074984e-02 +2.732283807e+02 +2.732283807e+02
88713 0 +7.076351435e-02 +2.732207635e+02 +2.732207635e+02
100242 0 +6.959908123e-02 +2.732195991e+02 +2.732195991e+02
% f evaluations | g evaluations | best noise-free fitness - Fopt (3.718000000000e+01) + sum g_i+ | measured fitness | best measured fitness or single-digit g-values | x1 | x2...
1 0 +7.252955550e+01 +1.097095555e+02 +1.097095555e+02
5 0 +5.892453681e+01 +9.610453681e+01 +9.610453681e+01
11 0 +5.327545102e+01 +9.045545102e+01 +9.045545102e+01
29 0 +3.227269333e+01 +6.945269333e+01 +6.945269333e+01
69 0 +2.839297647e+01 +6.557297647e+01 +6.557297647e+01
77 0 +2.666961087e+01 +6.384961087e+01 +6.384961087e+01
90 0 +2.437203785e+01 +6.155203785e+01 +6.155203785e+01
131 0 +2.192852232e+01 +5.910852232e+01 +5.910852232e+01
149 0 +1.852705423e+01 +5.570705423e+01 +5.570705423e+01
184 0 +1.600537708e+01 +5.318537708e+01 +5.318537708e+01
186 0 +1.555954654e+01 +5.273954654e+01 +5.273954654e+01
191 0 +1.150598822e+01 +4.868598822e+01 +4.868598822e+01
234 0 +1.033250945e+01 +4.751250945e+01 +4.751250945e+01
256 0 +9.873600266e+00 +4.705360027e+01 +4.705360027e+01
278 0 +8.401208121e+00 +4.558120812e+01 +4.558120812e+01
311 0 +7.797832462e+00 +4.497783246e+01 +4.497783246e+01
1162 0 +7.060456536e+00 +4.424045654e+01 +4.424045654e+01
1228 0 +5.781498673e+00 +4.296149867e+01 +4.296149867e+01
1250 0 +5.382923327e+00 +4.256292333e+01 +4.256292333e+01
2497 0 +4.930311152e+00 +4.211031115e+01 +4.211031115e+01
2562 0 +4.166194291e+00 +4.134619429e+01 +4.134619429e+01
2650 0 +3.901431097e+00 +4.108143110e+01 +4.108143110e+01
2672 0 +3.150317809e+00 +4.033031781e+01 +4.033031781e+01
5524 0 +2.608413303e+00 +3.978841330e+01 +3.978841330e+01
5590 0 +2.481990996e+00 +3.966199100e+01 +3.966199100e+01
5777 0 +2.224357647e+00 +3.940435765e+01 +3.940435765e+01
7596 0 +1.963709980e+00 +3.914370998e+01 +3.914370998e+01
9453 0 +1.711174665e+00 +3.889117466e+01 +3.889117466e+01
9690 0 +1.582883554e+00 +3.876288355e+01 +3.876288355e+01
100203 0 +1.424929357e+00 +3.860492936e+01 +3.860492936e+01
% f evaluations | g evaluations | best noise-free fitness - Fopt (-1.479000000000e+02) + sum g_i+ | measured fitness | best measured fitness or single-digit g-values | x1 | x2...
1 0 +3.806177127e+01 -1.098382287e+02 -1.098382287e+02
3 0 +1.589254341e+01 -1.320074566e+02 -1.320074566e+02
14 0 +1.188147063e+01 -1.360185294e+02 -1.360185294e+02
75 0 +1.032888873e+01 -1.375711113e+02 -1.375711113e+02
99 0 +9.759896978e+00 -1.381401030e+02 -1.381401030e+02
166 0 +8.053419977e+00 -1.398465800e+02 -1.398465800e+02
212 0 +7.297949051e+00 -1.406020509e+02 -1.406020509e+02
234 0 +6.758699407e+00 -1.411413006e+02 -1.411413006e+02
256 0 +6.160455041e+00 -1.417395450e+02 -1.417395450e+02
289 0 +5.580475383e+00 -1.423195246e+02 -1.423195246e+02
344 0 +4.924254919e+00 -1.429757451e+02 -1.429757451e+02
377 0 +4.426306042e+00 -1.434736940e+02 -1.434736940e+02
645 0 +2.992001205e+00 -1.449079988e+02 -1.449079988e+02
717 0 +2.400711440e+00 -1.454992886e+02 -1.454992886e+02
736 0 +1.743823212e+00 -1.461561768e+02 -1.461561768e+02
831 0 +1.563740135e+00 -1.463362599e+02 -1.463362599e+02
919 0 +1.404866688e+00 -1.464951333e+02 -1.464951333e+02
963 0 +1.201566486e+00 -1.466984335e+02 -1.466984335e+02
2186 0 +1.082947080e+00 -1.468170529e+02 -1.468170529e+02
2263 0 +9.852489081e-01 -1.469147511e+02 -1.469147511e+02
2395 0 +8.748037836e-01 -1.470251962e+02 -1.470251962e+02
2450 0 +7.940994624e-01 -1.471059005e+02 -1.471059005e+02
2648 0 +7.029986365e-01 -1.471970014e+02 -1.471970014e+02
4885 0 +5.571782298e-01 -1.473428218e+02 -1.473428218e+02
4896 0 +4.554758915e-01 -1.474445241e+02 -1.474445241e+02
4918 0 +4.292654492e-01 -1.474707346e+02 -1.474707346e+02
5039 0 +3.919783369e-01 -1.475080217e+02 -1.475080217e+02
6809 0 +3.022936038e-01 -1.475977064e+02 -1.475977064e+02
6816 0 +2.102155870e-01 -1.476897844e+02 -1.476897844e+02
6836 0 +1.822062753e-01 -1.477177937e+02 -1.477177937e+02
6891 0 +1.581081315e-01 -1.477418919e+02 -1.477418919e+02
6968 0 +1.390050233e-01 -1.477609950e+02 -1.477609950e+02
6979 0 +1.228650444e-01 -1.477771350e+02 -1.477771350e+02
7023 0 +9.854593813e-02 -1.478014541e+02 -1.478014541e+02
7100 0 +8.596253621e-02 -1.478140375e+02 -1.478140375e+02
7144 0 +7.818490140e-02 -1.478218151e+02 -1.478218151e+02
7232 0 +7.069894572e-02 -1.478293011e+02 -1.478293011e+02
8201 0 +6.218440900e-02 -1.478378156e+02 -1.478378156e+02
8215 0 +4.521393813e-02 -1.478547861e+02 -1.478547861e+02
8292 0 +4.014763357e-02 -1.478598524e+02 -1.478598524e+02
8314 0 +3.800321261e-02 -1.478619968e+02 -1.478619968e+02
8369 0 +3.448154224e-02 -1.478655185e+02 -1.478655185e+02
8402 0 +3.149806501e-02 -1.478685019e+02 -1.478685019e+02
8446 0 +2.688295848e-02 -1.478731170e+02 -1.478731170e+02
8490 0 +2.440407912e-02 -1.478755959e+02 -1.478755959e+02
10985 0 +1.682112339e-02 -1.478831789e+02 -1.478831789e+02
11094 0 +1.546126019e-02 -1.478845387e+02 -1.478845387e+02
11127 0 +1.330431103e-02 -1.478866957e+02 -1.478866957e+02
11149 0 +1.248341287e-02 -1.478875166e+02 -1.478875166e+02
11237 0 +1.105953531e-02 -1.478889405e+02 -1.478889405e+02
11259 0 +9.003950243e-03 -1.478909960e+02 -1.478909960e+02
11281 0 +8.843425275e-03 -1.478911566e+02 -1.478911566e+02
12759 0 +7.749769681e-03 -1.478922502e+02 -1.478922502e+02
12792 0 +6.316265241e-03 -1.478936837e+02 -1.478936837e+02
12814 0 +6.248506020e-03 -1.478937515e+02 -1.478937515e+02
12957 0 +5.462437750e-03 -1.478945376e+02 -1.478945376e+02
13023 0 +5.000124963e-03 -1.478949999e+02 -1.478949999e+02
14006 0 +4.431258525e-03 -1.478955687e+02 -1.478955687e+02
14059 0 +3.542641559e-03 -1.478964574e+02 -1.478964574e+02
14160 0 +2.905775728e-03 -1.478970942e+02 -1.478970942e+02
14193 0 +2.632782708e-03 -1.478973672e+02 -1.478973672e+02
14303 0 +2.496439985e-03 -1.478975036e+02 -1.478975036e+02
15318 0 +2.188128778e-03 -1.478978119e+02 -1.478978119e+02
15594 0 +1.984059181e-03 -1.478980159e+02 -1.478980159e+02
16329 0 +1.619099609e-03 -1.478983809e+02 -1.478983809e+02
16445 0 +1.551516555e-03 -1.478984485e+02 -1.478984485e+02
16588 0 +1.336097265e-03 -1.478986639e+02 -1.478986639e+02
16753 0 +1.257996289e-03 -1.478987420e+02 -1.478987420e+02
100124 0 +1.202619300e-03 -1.478987974e+02 -1.478987974e+02
% f evaluations | g evaluations | best noise-free fitness - Fopt (4.817100000000e+02) + sum g_i+ | measured fitness | best measured fitness or single-digit g-values | x1 | x2...
1 0 +4.092685739e+01 +5.226368574e+02 +5.226368574e+02
2 0 +3.998803134e+01 +5.216980313e+02 +5.216980313e+02
13 0 +2.822539436e+01 +5.099353944e+02 +5.099353944e+02
19 0 +1.519322703e+01 +4.969032270e+02 +4.969032270e+02
32 0 +1.088475711e+01 +4.925947571e+02 +4.925947571e+02
156 0 +9.920845647e+00 +4.916308456e+02 +4.916308456e+02
181 0 +7.421636345e+00 +4.891316363e+02 +4.891316363e+02
195 0 +7.063439100e+00 +4.887734391e+02 +4.887734391e+02
201 0 +4.930576871e+00 +4.866405769e+02 +4.866405769e+02
245 0 +4.073120279e+00 +4.857831203e+02 +4.857831203e+02
278 0 +3.975452527e+00 +4.856854525e+02 +4.856854525e+02
300 0 +3.514759396e+00 +4.852247594e+02 +4.852247594e+02
377 0 +3.100592318e+00 +4.848105923e+02 +4.848105923e+02
465 0 +2.785192505e+00 +4.844951925e+02 +4.844951925e+02
726 0 +2.409083027e+00 +4.841190830e+02 +4.841190830e+02
858 0 +2.081379532e+00 +4.837913795e+02 +4.837913795e+02
875 0 +1.973899757e+00 +4.836838998e+02 +4.836838998e+02
908 0 +1.507802200e+00 +4.832178022e+02 +4.832178022e+02
963 0 +1.369384487e+00 +4.830793845e+02 +4.830793845e+02
974 0 +1.221820211e+00 +4.829318202e+02 +4.829318202e+02
1029 0 +1.097380497e+00 +4.828073805e+02 +4.828073805e+02
1073 0 +9.992132881e-01 +4.827092133e+02 +4.827092133e+02
1271 0 +8.878662988e-01 +4.825978663e+02 +4.825978663e+02
3462 0 +7.593496533e-01 +4.824693497e+02 +4.824693497e+02
3468 0 +7.019194529e-01 +4.824119195e+02 +4.824119195e+02
3484 0 +4.442248194e-01 +4.821542248e+02 +4.821542248e+02
3710 0 +3.813101009e-01 +4.820913101e+02 +4.820913101e+02
3743 0 +3.491098307e-01 +4.820591098e+02 +4.820591098e+02
3776 0 +3.034597164e-01 +4.820134597e+02 +4.820134597e+02
4543 0 +2.638356854e-01 +4.819738357e+02 +4.819738357e+02
4737 0 +2.405882445e-01 +4.819505882e+02 +4.819505882e+02
4748 0 +2.198879307e-01 +4.819298879e+02 +4.819298879e+02
4792 0 +1.943405584e-01 +4.819043406e+02 +4.819043406e+02
5885 0 +1.562294267e-01 +4.818662294e+02 +4.818662294e+02
6061 0 +1.395694797e-01 +4.818495695e+02 +4.818495695e+02
7979 0 +1.030683634e-01 +4.818130684e+02 +4.818130684e+02
8100 0 +9.946455127e-02 +4.818094646e+02 +4.818094646e+02
9018 0 +8.737651721e-02 +4.817973765e+02 +4.817973765e+02
9181 0 +7.828714853e-02 +4.817882871e+02 +4.817882871e+02
9313 0 +7.046977495e-02 +4.817804698e+02 +4.817804698e+02
9346 0 +6.166417586e-02 +4.817716642e+02 +4.817716642e+02
10416 0 +5.603041029e-02 +4.817660304e+02 +4.817660304e+02
10570 0 +4.879210319e-02 +4.817587921e+02 +4.817587921e+02
10625 0 +4.428045723e-02 +4.817542805e+02 +4.817542805e+02
100047 0 +4.049477731e-02 +4.817504948e+02 +4.817504948e+02
% f evaluations | g evaluations | best noise-free fitness - Fopt (-3.646000000000e+01) + sum g_i+ | measured fitness | best measured fitness or single-digit g-values | x1 | x2...
1 0 +8.952583000e+01 +5.306583000e+01 +5.306583000e+01
11 0 +8.545431359e+01 +4.899431359e+01 +4.899431359e+01
14 0 +7.012539599e+01 +3.366539599e+01 +3.366539599e+01
25 0 +3.619065602e+01 -2.693439810e-01 -2.693439810e-01
42 0 +1.530096040e+01 -2.115903960e+01 -2.115903960e+01
126 0 +1.375233926e+01 -2.270766074e+01 -2.270766074e+01
159 0 +1.166228105e+01 -2.479771895e+01 -2.479771895e+01
162 0 +1.085318726e+01 -2.560681274e+01 -2.560681274e+01
166 0 +8.627420249e+00 -2.783257975e+01 -2.783257975e+01
177 0 +6.723074371e+00 -2.973692563e+01 -2.973692563e+01
223 0 +5.991612476e+00 -3.046838752e+01 -3.046838752e+01
245 0 +5.405436040e+00 -3.105456396e+01 -3.105456396e+01
256 0 +4.288177002e+00 -3.217182300e+01 -3.217182300e+01
311 0 +3.974092849e+00 -3.248590715e+01 -3.248590715e+01
333 0 +3.546044590e+00 -3.291395541e+01 -3.291395541e+01
465 0 +3.147083315e+00 -3.331291669e+01 -3.331291669e+01
1691 0 +2.726128138e+00 -3.373387186e+01 -3.373387186e+01
1712 0 +2.408143832e+00 -3.405185617e+01 -3.405185617e+01
1767 0 +2.207324438e+00 -3.425267556e+01 -3.425267556e+01
1910 0 +1.879924574e+00 -3.458007543e+01 -3.458007543e+01
1943 0 +1.733031557e+00 -3.472696844e+01 -3.472696844e+01
1965 0 +1.508500849e+00 -3.495149915e+01 -3.495149915e+01
1998 0 +1.327931728e+00 -3.513206827e+01 -3.513206827e+01
2009 0 +1.258206071e+00 -3.520179393e+01 -3.520179393e+01
3855 0 +8.546454451e-01 -3.560535455e+01 -3.560535455e+01
4036 0 +7.776517880e-01 -3.568234821e+01 -3.568234821e+01
4080 0 +6.754963840e-01 -3.578450362e+01 -3.578450362e+01
4113 0 +6.299499345e-01 -3.583005007e+01 -3.583005007e+01
4671 0 +5.471657197e-01 -3.591283428e+01 -3.591283428e+01
4682 0 +4.461804735e-01 -3.601381953e+01 -3.601381953e+01
4732 0 +3.657714735e-01 -3.609422853e+01 -3.609422853e+01
4776 0 +3.265079238e-01 -3.613349208e+01 -3.613349208e+01
4787 0 +2.739138534e-01 -3.618608615e+01 -3.618608615e+01
4831 0 +2.495661509e-01 -3.621043385e+01 -3.621043385e+01
4908 0 +2.211252746e-01 -3.623887473e+01 -3.623887473e+01
4930 0 +1.848484300e-01 -3.627515157e+01 -3.627515157e+01
4963 0 +1.774938155e-01 -3.628250618e+01 -3.628250618e+01
6921 0 +1.557429093e-01 -3.630425709e+01 -3.630425709e+01
6930 0 +1.383995979e-01 -3.632160040e+01 -3.632160040e+01
6969 0 +1.127530032e-01 -3.634724700e+01 -3.634724700e+01
6970 0 +1.076901896e-01 -3.635230981e+01 -3.635230981e+01
7094 0 +7.713537634e-02 -3.638286462e+01 -3.638286462e+01
7105 0 +6.382503469e-02 -3.639617497e+01 -3.639617497e+01
7171 0 +6.308057497e-02 -3.639691943e+01 -3.639691943e+01
7270 0 +5.079717429e-02 -3.640920283e+01 -3.640920283e+01
7292 0 +4.501040263e-02 -3.641498960e+01 -3.641498960e+01
7314 0 +4.426677743e-02 -3.641573322e+01 -3.641573322e+01
7369 0 +3.914686096e-02 -3.642085314e+01 -3.642085314e+01
7413 0 +3.529059652e-02 -3.642470940e+01 -3.642470940e+01
8583 0 +2.986355562e-02 -3.643013644e+01 -3.643013644e+01
9830 0 +2.789597150e-02 -3.643210403e+01 -3.643210403e+01
10806 0 +2.355704854e-02 -3.643644295e+01 -3.643644295e+01
10934 0 +2.148040051e-02 -3.643851960e+01 -3.643851960e+01
11066 0 +1.994700153e-02 -3.644005300e+01 -3.644005300e+01
11785 0 +1.721116400e-02 -3.644278884e+01 -3.644278884e+01
11884 0 +1.578400047e-02 -3.644421600e+01 -3.644421600e+01
12082 0 +1.394584534e-02 -3.644605415e+01 -3.644605415e+01
100007 0 +1.356208672e-02 -3.644643791e+01 -3.644643791e+01
% f evaluations | g evaluations | best noise-free fitness - Fopt (3.920000000000e+01) + sum g_i+ | measured fitness | best measured fitness or single-digit g-values | x1 | x2...
1 0 +7.916718680e+01 +1.183671868e+02 +1.183671868e+02
2 0 +7.045723168e+01 +1.096572317e+02 +1.096572317e+02
4 0 +6.044342794e+01 +9.964342794e+01 +9.964342794e+01
13 0 +5.210265341e+01 +9.130265341e+01 +9.130265341e+01
14 0 +3.734815732e+01 +7.654815732e+01 +7.654815732e+01
33 0 +2.677582203e+01 +6.597582203e+01 +6.597582203e+01
84 0 +2.354141926e+01 +6.274141926e+01 +6.274141926e+01
107 0 +2.234065484e+01 +6.154065484e+01 +6.154065484e+01
113 0 +1.613685696e+01 +5.533685696e+01 +5.533685696e+01
186 0 +1.491285446e+01 +5.411285446e+01 +5.411285446e+01
234 0 +1.354175688e+01 +5.274175688e+01 +5.274175688e+01
245 0 +1.195731541e+01 +5.115731541e+01 +5.115731541e+01
300 0 +1.067058244e+01 +4.987058244e+01 +4.987058244e+01
377 0 +9.037268182e+00 +4.823726818e+01 +4.823726818e+01
399 0 +8.698650904e+00 +4.789865090e+01 +4.789865090e+01
454 0 +7.932230526e+00 +4.713223053e+01 +4.713223053e+01
542 0 +7.003874727e+00 +4.620387473e+01 +4.620387473e+01
1503 0 +6.286016059e+00 +4.548601606e+01 +4.548601606e+01
1558 0 +5.545711266e+00 +4.474571127e+01 +4.474571127e+01
1635 0 +4.997462681e+00 +4.419746268e+01 +4.419746268e+01
2256 0 +4.001409112e+00 +4.320140911e+01 +4.320140911e+01
2278 0 +3.977504225e+00 +4.317750422e+01 +4.317750422e+01
2292 0 +2.783879103e+00 +4.198387910e+01 +4.198387910e+01
2441 0 +2.421535011e+00 +4.162153501e+01 +4.162153501e+01
2551 0 +2.210877816e+00 +4.141087782e+01 +4.141087782e+01
2573 0 +1.966553065e+00 +4.116655307e+01 +4.116655307e+01
2749 0 +1.768432119e+00 +4.096843212e+01 +4.096843212e+01
4106 0 +1.574645868e+00 +4.077464587e+01 +4.077464587e+01
4249 0 +1.407908052e+00 +4.060790805e+01 +4.060790805e+01
4884 0 +1.230188667e+00 +4.043018867e+01 +4.043018867e+01
5165 0 +1.115947326e+00 +4.031594733e+01 +4.031594733e+01
5253 0 +9.764447925e-01 +4.017644479e+01 +4.017644479e+01
5737 0 +8.906232596e-01 +4.009062326e+01 +4.009062326e+01
100097 0 +7.947596056e-01 +3.999475961e+01 +3.999475961e+01
% f evaluations | g evaluations | best noise-free fitness - Fopt (-3.225000000000e+01) + sum g_i+ | measured fitness | best measured fitness or single-digit g-values | x1 | x2...
1 0 +6.360548794e+02 +6.038048794e+02 +6.038048794e+02
2 0 +1.606169175e+02 +1.283669175e+02 +1.283669175e+02
17 0 +1.570529365e+02 +1.248029365e+02 +1.248029365e+02
26 0 +1.214157532e+02 +8.916575324e+01 +8.916575324e+01
42 0 +7.739329890e+01 +4.514329890e+01 +4.514329890e+01
53 0 +7.056299514e+01 +3.831299514e+01 +3.831299514e+01
64 0 +4.967996120e+01 +1.742996120e+01 +1.742996120e+01
75 0 +3.980392202e+01 +7.553922017e+00 +7.553922017e+00
87 0 +3.067306050e+01 -1.576939495e+00 -1.576939495e+00
89 0 +2.804884414e+01 -4.201155861e+00 -4.201155861e+00
137 0 +1.826549487e+01 -1.398450513e+01 -1.398450513e+01
148 0 +1.649128256e+01 -1.575871744e+01 -1.575871744e+01
183 0 +1.455518528e+01 -1.769481472e+01 -1.769481472e+01
212 0 +1.096537650e+01 -2.128462350e+01 -2.128462350e+01
223 0 +8.178912727e+00 -2.407108727e+01 -2.407108727e+01
234 0 +7.272246671e+00 -2.497775333e+01 -2.497775333e+01
256 0 +6.689468851e+00 -2.556053115e+01 -2.556053115e+01
311 0 +6.189743540e+00 -2.606025646e+01 -2.606025646e+01
1055 0 +5.516711738e+00 -2.673328826e+01 -2.673328826e+01
1124 0 +3.493707230e+00 -2.875629277e+01 -2.875629277e+01
1316 0 +3.020137016e+00 -2.922986298e+01 -2.922986298e+01
1404 0 +2.776865839e+00 -2.947313416e+01 -2.947313416e+01
1437 0 +2.405828697e+00 -2.984417130e+01 -2.984417130e+01
1591 0 +2.238526078e+00 -3.001147392e+01 -3.001147392e+01
2277 0 +1.813652761e+00 -3.043634724e+01 -3.043634724e+01
2332 0 +1.614531434e+00 -3.063546857e+01 -3.063546857e+01
2343 0 +1.448753647e+00 -3.080124635e+01 -3.080124635e+01
2354 0 +1.404770238e+00 -3.084522976e+01 -3.084522976e+01
2409 0 +1.203354647e+00 -3.104664535e+01 -3.104664535e+01
2420 0 +1.075406535e+00 -3.117459347e+01 -3.117459347e+01
2431 0 +8.872360839e-01 -3.136276392e+01 -3.136276392e+01
2442 0 +7.367519134e-01 -3.151324809e+01 -3.151324809e+01
2486 0 +7.044393397e-01 -3.154556066e+01 -3.154556066e+01
3942 0 +5.596695058e-01 -3.169033049e+01 -3.169033049e+01
3964 0 +4.853931827e-01 -3.176460682e+01 -3.176460682e+01
3997 0 +4.180737649e-01 -3.183192624e+01 -3.183192624e+01
4085 0 +3.893560425e-01 -3.186064396e+01 -3.186064396e+01
4742 0 +3.110683463e-01 -3.193893165e+01 -3.193893165e+01
4848 0 +2.742499110e-01 -3.197575009e+01 -3.197575009e+01
4958 0 +2.389532525e-01 -3.201104675e+01 -3.201104675e+01
4980 0 +2.213655323e-01 -3.202863447e+01 -3.202863447e+01
6040 0 +1.972128553e-01 -3.205278714e+01 -3.205278714e+01
6106 0 +1.753754825e-01 -3.207462452e+01 -3.207462452e+01
6139 0 +1.510377223e-01 -3.209896228e+01 -3.209896228e+01
7440 0 +1.349220721e-01 -3.211507793e+01 -3.211507793e+01
7615 0 +1.177147649e-01 -3.213228524e+01 -3.213228524e+01
7714 0 +1.116518377e-01 -3.213834816e+01 -3.213834816e+01
8829 0 +9.444558867e-02 -3.215555441e+01 -3.215555441e+01
8877 0 +8.659216072e-02 -3.216340784e+01 -3.216340784e+01
9038 0 +7.822604362e-02 -3.217177396e+01 -3.217177396e+01
9148 0 +7.052503193e-02 -3.217947497e+01 -3.217947497e+01
11903 0 +6.284283250e-02 -3.218715717e+01 -3.218715717e+01
13156 0 +5.617495223e-02 -3.219382505e+01 -3.219382505e+01
100252 0 +5.280777748e-02 -3.219719222e+01 -3.219719222e+01
% f evaluations | g evaluations | best noise-free fitness - Fopt (3.681200000000e+02) + sum g_i+ | measured fitness | best measured fitness or single-digit g-values | x1 | x2...
1 0 +8.337127837e+01 +4.514912784e+02 +4.514912784e+02
3 0 +5.538689886e+01 +4.235068989e+02 +4.235068989e+02
12 0 +4.934011188e+01 +4.174601119e+02 +4.174601119e+02
22 0 +2.669261002e+01 +3.948126100e+02 +3.948126100e+02
64 0 +2.311985307e+01 +3.912398531e+02 +3.912398531e+02
77 0 +1.989607696e+01 +3.880160770e+02 +3.880160770e+02
95 0 +1.242156698e+01 +3.805415670e+02 +3.805415670e+02
129 0 +1.072963363e+01 +3.788496336e+02 +3.788496336e+02
133 0 +8.243221993e+00 +3.763632220e+02 +3.763632220e+02
344 0 +7.917781996e+00 +3.760377820e+02 +3.760377820e+02
399 0 +7.064962923e+00 +3.751849629e+02 +3.751849629e+02
1034 0 +4.763125754e+00 +3.728831258e+02 +3.728831258e+02
1075 0 +3.438024376e+00 +3.715580244e+02 +3.715580244e+02
1165 0 +2.682386168e+00 +3.708023862e+02 +3.708023862e+02
1180 0 +2.487740798e+00 +3.706077408e+02 +3.706077408e+02
1337 0 +1.971239906e+00 +3.700912399e+02 +3.700912399e+02
1436 0 +1.740701558e+00 +3.698607016e+02 +3.698607016e+02
2639 0 +1.469954188e+00 +3.695899542e+02 +3.695899542e+02
2661 0 +1.300653455e+00 +3.694206535e+02 +3.694206535e+02
2694 0 +1.228982192e+00 +3.693489822e+02 +3.693489822e+02
4308 0 +1.111350761e+00 +3.692313508e+02 +3.692313508e+02
4392 0 +9.802102013e-01 +3.691002102e+02 +3.691002102e+02
4425 0 +8.888779144e-01 +3.690088779e+02 +3.690088779e+02
4590 0 +7.821104550e-01 +3.689021105e+02 +3.689021105e+02
8153 0 +6.987480661e-01 +3.688187481e+02 +3.688187481e+02
8179 0 +6.251521029e-01 +3.687451521e+02 +3.687451521e+02
8312 0 +5.595617428e-01 +3.686795617e+02 +3.686795617e+02
9776 0 +4.681047656e-01 +3.685881048e+02 +3.685881048e+02
11212 0 +4.424488674e-01 +3.685624489e+02 +3.685624489e+02
14365 0 +3.974610950e-01 +3.685174611e+02 +3.685174611e+02
100005 0 +3.751633877e-01 +3.684951634e+02 +3.684951634e+02
% f evaluations | g evaluations | best noise-free fitness - Fopt (4.739000000000e+01) + sum g_i+ | measured fitness | best measured fitness or single-digit g-values | x1 | x2...
1 0 +6.634127931e+01 +1.137312793e+02 +1.137312793e+02
2 0 +3.422058805e+01 +8.161058805e+01 +8.161058805e+01
5 0 +2.947336370e+01 +7.686336370e+01 +7.686336370e+01
28 0 +2.586891393e+01 +7.325891393e+01 +7.325891393e+01
44 0 +2.451083138e+01 +7.190083138e+01 +7.190083138e+01
74 0 +1.799483458e+01 +6.538483458e+01 +6.538483458e+01
90 0 +1.717963216e+01 +6.456963216e+01 +6.456963216e+01
94 0 +1.584034654e+01 +6.323034654e+01 +6.323034654e+01
126 0 +7.981555374e+00 +5.537155537e+01 +5.537155537e+01
223 0 +5.864610204e+00 +5.325461020e+01 +5.325461020e+01
278 0 +5.579479303e+00 +5.296947930e+01 +5.296947930e+01
333 0 +4.875359255e+00 +5.226535925e+01 +5.226535925e+01
344 0 +4.345322283e+00 +5.173532228e+01 +5.173532228e+01
355 0 +3.888621131e+00 +5.127862113e+01 +5.127862113e+01
377 0 +3.495812178e+00 +5.088581218e+01 +5.088581218e+01
1801 0 +3.028614374e+00 +5.041861437e+01 +5.041861437e+01
2422 0 +2.382356273e+00 +4.977235627e+01 +4.977235627e+01
2491 0 +2.182055124e+00 +4.957205512e+01 +4.957205512e+01
2524 0 +1.838661406e+00 +4.922866141e+01 +4.922866141e+01
2596 0 +1.640952731e+00 +4.903095273e+01 +4.903095273e+01
2640 0 +1.575584896e+00 +4.896558490e+01 +4.896558490e+01
2673 0 +1.385899074e+00 +4.877589907e+01 +4.877589907e+01
2761 0 +1.252809503e+00 +4.864280950e+01 +4.864280950e+01
3673 0 +9.651079896e-01 +4.835510799e+01 +4.835510799e+01
3964 0 +8.881766532e-01 +4.827817665e+01 +4.827817665e+01
5233 0 +7.503572105e-01 +4.814035721e+01 +4.814035721e+01
5310 0 +7.045893221e-01 +4.809458932e+01 +4.809458932e+01
6337 0 +6.030117146e-01 +4.799301171e+01 +4.799301171e+01
6458 0 +5.604979483e-01 +4.795049795e+01 +4.795049795e+01
8326 0 +4.935998263e-01 +4.788359983e+01 +4.788359983e+01
8765 0 +4.435677657e-01 +4.783356777e+01 +4.783356777e+01
11006 0 +3.980309823e-01 +4.778803098e+01 +4.778803098e+01
100538 0 +3.976298981e-01 +4.778762990e+01 +4.778762990e+01
% f evaluations | g evaluations | best noise-free fitness - Fopt (-3.428900000000e+02) + sum g_i+ | measured fitness | best measured fitness or single-digit g-values | x1 | x2...
1 0 +8.543492936e+01 -2.574550706e+02 -2.574550706e+02
2 0 +8.136005656e+01 -2.615299434e+02 -2.615299434e+02
3 0 +7.180364896e+01 -2.710863510e+02 -2.710863510e+02
6 0 +6.307466977e+01 -2.798153302e+02 -2.798153302e+02
7 0 +4.623190610e+01 -2.966580939e+02 -2.966580939e+02
8 0 +4.199861991e+01 -3.008913801e+02 -3.008913801e+02
13 0 +3.328344076e+01 -3.096065592e+02 -3.096065592e+02
15 0 +2.870155090e+01 -3.141884491e+02 -3.141884491e+02
16 0 +2.777599402e+01 -3.151140060e+02 -3.151140060e+02
54 0 +2.431418834e+01 -3.185758117e+02 -3.185758117e+02
59 0 +2.153903978e+01 -3.213509602e+02 -3.213509602e+02
74 0 +1.773486964e+01 -3.251551304e+02 -3.251551304e+02
85 0 +1.295441692e+01 -3.299355831e+02 -3.299355831e+02
132 0 +1.133799455e+01 -3.315520055e+02 -3.315520055e+02
143 0 +7.888568208e+00 -3.350014318e+02 -3.350014318e+02
245 0 +6.207043374e+00 -3.366829566e+02 -3.366829566e+02
300 0 +5.553600288e+00 -3.373363997e+02 -3.373363997e+02
344 0 +4.911780211e+00 -3.379782198e+02 -3.379782198e+02
421 0 +4.464284077e+00 -3.384257159e+02 -3.384257159e+02
443 0 +3.885531112e+00 -3.390044689e+02 -3.390044689e+02
520 0 +3.547758555e+00 -3.393422414e+02 -3.393422414e+02
1872 0 +3.042126228e+00 -3.398478738e+02 -3.398478738e+02
1986 0 +2.783082388e+00 -3.401069176e+02 -3.401069176e+02
2019 0 +2.480112274e+00 -3.404098877e+02 -3.404098877e+02
2052 0 +2.160659085e+00 -3.407293409e+02 -3.407293409e+02
2151 0 +1.993877266e+00 -3.408961227e+02 -3.408961227e+02
3353 0 +1.770576674e+00 -3.411194233e+02 -3.411194233e+02
3496 0 +1.572688410e+00 -3.413173116e+02 -3.413173116e+02
4534 0 +1.223088731e+00 -3.416669113e+02 -3.416669113e+02
4671 0 +1.060507780e+00 -3.418294922e+02 -3.418294922e+02
4679 0 +8.725936016e-01 -3.420174064e+02 -3.420174064e+02
4743 0 +7.498353669e-01 -3.421401646e+02 -3.421401646e+02
4776 0 +6.988181179e-01 -3.421911819e+02 -3.421911819e+02
4798 0 +6.234587903e-01 -3.422665412e+02 -3.422665412e+02
4897 0 +5.580542465e-01 -3.423319458e+02 -3.423319458e+02
4941 0 +4.776662866e-01 -3.424123337e+02 -3.424123337e+02
9242 0 +4.312906524e-01 -3.424587093e+02 -3.424587093e+02
10356 0 +3.980861294e-01 -3.424919139e+02 -3.424919139e+02
11713 0 +3.547201312e-01 -3.425352799e+02 -3.425352799e+02
100297 0 +3.546688449e-01 -3.425353312e+02 -3.425353312e+02
% f evaluations | g evaluations | best noise-free fitness - Fopt (9.102000000000e+01) + sum g_i+ | measured fitness | best measured fitness or single-digit g-values | x1 | x2...
1 0 +8.432248165e+01 +1.753424817e+02 +1.753424817e+02
3 0 +2.601503871e+01 +1.170350387e+02 +1.170350387e+02
6 0 +1.918533776e+01 +1.102053378e+02 +1.102053378e+02
118 0 +1.361621402e+01 +1.046362140e+02 +1.046362140e+02
136 0 +1.057774823e+01 +1.015977482e+02 +1.015977482e+02
267 0 +9.586348956e+00 +1.006063490e+02 +1.006063490e+02
278 0 +8.089468950e+00 +9.910946895e+01 +9.910946895e+01
300 0 +7.767218542e+00 +9.878721854e+01 +9.878721854e+01
366 0 +6.970052177e+00 +9.799005218e+01 +9.799005218e+01
388 0 +6.294087246e+00 +9.731408725e+01 +9.731408725e+01
421 0 +5.312104175e+00 +9.633210417e+01 +9.633210417e+01
722 0 +3.545860098e+00 +9.456586010e+01 +9.456586010e+01
753 0 +2.350175611e+00 +9.337017561e+01 +9.337017561e+01
813 0 +1.797984857e+00 +9.281798486e+01 +9.281798486e+01
875 0 +1.582547765e+00 +9.260254777e+01 +9.260254777e+01
941 0 +1.408801679e+00 +9.242880168e+01 +9.242880168e+01
1697 0 +1.092442625e+00 +9.211244262e+01 +9.211244262e+01
1705 0 +9.684892034e-01 +9.198848920e+01 +9.198848920e+01
1792 0 +4.752203932e-01 +9.149522039e+01 +9.149522039e+01
1836 0 +4.424724769e-01 +9.146247248e+01 +9.146247248e+01
1913 0 +3.913661638e-01 +9.141136616e+01 +9.141136616e+01
1946 0 +3.451446318e-01 +9.136514463e+01 +9.136514463e+01
2001 0 +3.151988446e-01 +9.133519884e+01 +9.133519884e+01
2034 0 +2.689483026e-01 +9.128894830e+01 +9.128894830e+01
3160 0 +2.431164003e-01 +9.126311640e+01 +9.126311640e+01
3215 0 +2.193426107e-01 +9.123934261e+01 +9.123934261e+01
3259 0 +1.979795795e-01 +9.121797958e+01 +9.121797958e+01
3303 0 +1.724405909e-01 +9.119244059e+01 +9.119244059e+01
3347 0 +1.498651648e-01 +9.116986516e+01 +9.116986516e+01
3358 0 +1.403702113e-01 +9.116037021e+01 +9.116037021e+01
4609 0 +1.062902703e-01 +9.112629027e+01 +9.112629027e+01
4814 0 +9.928049846e-02 +9.111928050e+01 +9.111928050e+01
4847 0 +8.628304412e-02 +9.110628304e+01 +9.110628304e+01
4946 0 +7.319390662e-02 +9.109319391e+01 +9.109319391e+01
4968 0 +7.058978638e-02 +9.109058979e+01 +9.109058979e+01
5710 0 +6.287680816e-02 +9.108287681e+01 +9.108287681e+01
5720 0 +5.378141999e-02 +9.107378142e+01 +9.107378142e+01
5786 0 +4.289325091e-02 +9.106289325e+01 +9.106289325e+01
5896 0 +3.979469797e-02 +9.105979470e+01 +9.105979470e+01
5940 0 +3.495409288e-02 +9.105495409e+01 +9.105495409e+01
6006 0 +3.069842497e-02 +9.105069842e+01 +9.105069842e+01
6039 0 +2.816143880e-02 +9.104816144e+01 +9.104816144e+01
7165 0 +2.296045269e-02 +9.104296045e+01 +9.104296045e+01
7198 0 +2.224867862e-02 +9.104224868e+01 +9.104224868e+01
7308 0 +1.879227462e-02 +9.103879227e+01 +9.103879227e+01
7341 0 +1.752396010e-02 +9.103752396e+01 +9.103752396e+01
9822 0 +1.522245950e-02 +9.103522246e+01 +9.103522246e+01
9834 0 +1.383396782e-02 +9.103383397e+01 +9.103383397e+01
10043 0 +1.234713503e-02 +9.103234714e+01 +9.103234714e+01
10076 0 +1.115214837e-02 +9.103115215e+01 +9.103115215e+01
11400 0 +9.978397340e-03 +9.102997840e+01 +9.102997840e+01
12590 0 +8.862803070e-03 +9.102886280e+01 +9.102886280e+01
13969 0 +7.938076416e-03 +9.102793808e+01 +9.102793808e+01
100308 0 +7.281442401e-03 +9.102728144e+01 +9.102728144e+01
% f evaluations | g evaluations | best noise-free fitness - Fopt (7.324200000000e+02) + sum g_i+ | measured fitness | best measured fitness or single-digit g-values | x1 | x2...
1 0 +6.327132968e+01 +7.956913297e+02 +7.956913297e+02
3 0 +3.852662854e+01 +7.709466285e+02 +7.709466285e+02
18 0 +3.487426758e+01 +7.672942676e+02 +7.672942676e+02
30 0 +2.491393401e+01 +7.573339340e+02 +7.573339340e+02
90 0 +1.581153018e+01 +7.482315302e+02 +7.482315302e+02
161 0 +1.264489018e+01 +7.450648902e+02 +7.450648902e+02
223 0 +1.229947808e+01 +7.447194781e+02 +7.447194781e+02
300 0 +1.071597881e+01 +7.431359788e+02 +7.431359788e+02
333 0 +9.991882098e+00 +7.424118821e+02 +7.424118821e+02
355 0 +8.514476961e+00 +7.409344770e+02 +7.409344770e+02
443 0 +7.940184420e+00 +7.403601844e+02 +7.403601844e+02
2155 0 +6.464010650e+00 +7.388840107e+02 +7.388840107e+02
2232 0 +6.222180996e+00 +7.386421810e+02 +7.386421810e+02
2353 0 +5.568214041e+00 +7.379882140e+02 +7.379882140e+02
3776 0 +4.987157290e+00 +7.374071573e+02 +7.374071573e+02
7215 0 +4.458993040e+00 +7.368789930e+02 +7.368789930e+02
100328 0 +4.274192116e+00 +7.366941921e+02 +7.366941921e+02
% f evaluations | g evaluations | best noise-free fitness - Fopt (3.542000000000e+01) + sum g_i+ | measured fitness | best measured fitness or single-digit g-values | x1 | x2...
1 0 +9.457331446e+01 +1.299933145e+02 +1.299933145e+02
10 0 +8.873699712e+01 +1.241569971e+02 +1.241569971e+02
12 0 +7.888896213e+01 +1.143089621e+02 +1.143089621e+02
21 0 +5.435968652e+01 +8.977968652e+01 +8.977968652e+01
32 0 +4.512638990e+01 +8.054638990e+01 +8.054638990e+01
35 0 +4.028362213e+01 +7.570362213e+01 +7.570362213e+01
38 0 +3.976692668e+01 +7.518692668e+01 +7.518692668e+01
47 0 +2.917171564e+01 +6.459171564e+01 +6.459171564e+01
58 0 +2.685059729e+01 +6.227059729e+01 +6.227059729e+01
101 0 +2.211119658e+01 +5.753119658e+01 +5.753119658e+01
167 0 +1.741604852e+01 +5.283604852e+01 +5.283604852e+01
178 0 +1.534264868e+01 +5.076264868e+01 +5.076264868e+01
182 0 +1.198845544e+01 +4.740845544e+01 +4.740845544e+01
212 0 +9.700211941e+00 +4.512021194e+01 +4.512021194e+01
245 0 +8.056636677e+00 +4.347663668e+01 +4.347663668e+01
300 0 +7.849779944e+00 +4.326977994e+01 +4.326977994e+01
399 0 +6.942939013e+00 +4.236293901e+01 +4.236293901e+01
1278 0 +4.331057572e+00 +3.975105757e+01 +3.975105757e+01
1434 0 +3.289467934e+00 +3.870946793e+01 +3.870946793e+01
1437 0 +2.791884463e+00 +3.821188446e+01 +3.821188446e+01
1481 0 +2.387410193e+00 +3.780741019e+01 +3.780741019e+01
1503 0 +2.223878174e+00 +3.764387817e+01 +3.764387817e+01
1514 0 +1.879228371e+00 +3.729922837e+01 +3.729922837e+01
1569 0 +1.739290418e+00 +3.715929042e+01 +3.715929042e+01
1602 0 +1.576458411e+00 +3.699645841e+01 +3.699645841e+01
1646 0 +1.382830463e+00 +3.680283046e+01 +3.680283046e+01
1701 0 +1.249594928e+00 +3.666959493e+01 +3.666959493e+01
3541 0 +1.036674251e+00 +3.645667425e+01 +3.645667425e+01
3600 0 +9.127985621e-01 +3.633279856e+01 +3.633279856e+01
3622 0 +7.834945469e-01 +3.620349455e+01 +3.620349455e+01
3710 0 +6.970528557e-01 +3.611705286e+01 +3.611705286e+01
3798 0 +6.293498973e-01 +3.604934990e+01 +3.604934990e+01
3820 0 +5.295075627e-01 +3.594950756e+01 +3.594950756e+01
3853 0 +4.797953473e-01 +3.589979535e+01 +3.589979535e+01
3897 0 +4.165497263e-01 +3.583654973e+01 +3.583654973e+01
3919 0 +3.909955096e-01 +3.581099551e+01 +3.581099551e+01
4671 0 +3.156286113e-01 +3.573562861e+01 +3.573562861e+01
4902 0 +2.796643583e-01 +3.569966436e+01 +3.569966436e+01
4990 0 +2.375707908e-01 +3.565757079e+01 +3.565757079e+01
5754 0 +2.160096966e-01 +3.563600970e+01 +3.563600970e+01
5779 0 +1.908878430e-01 +3.561088784e+01 +3.561088784e+01
5984 0 +1.720188492e-01 +3.559201885e+01 +3.559201885e+01
6006 0 +1.578890060e-01 +3.557788901e+01 +3.557788901e+01
6072 0 +1.310607043e-01 +3.555106070e+01 +3.555106070e+01
6105 0 +1.237241617e-01 +3.554372416e+01 +3.554372416e+01
7165 0 +1.039648965e-01 +3.552396490e+01 +3.552396490e+01
7220 0 +9.854220379e-02 +3.551854220e+01 +3.551854220e+01
7264 0 +8.835852063e-02 +3.550835852e+01 +3.550835852e+01
10171 0 +7.884954885e-02 +3.549884955e+01 +3.549884955e+01
14737 0 +7.053427477e-02 +3.549053427e+01 +3.549053427e+01
100130 0 +6.860821024e-02 +3.548860821e+01 +3.548860821e+01
