% f evaluations | g evaluations | best noise-free fitness - Fopt (1.238300000000e+02) + sum g_i+ | measured fitness | best measured fitness or single-digit g-values | x1 | x2...
1 0 +1.390825449e+04 +1.403208449e+04 +1.403208449e+04
2 0 +2.819520562e+03 +2.943350562e+03 +2.943350562e+03
9 0 +1.530769631e+03 +1.654599631e+03 +1.654599631e+03
49 0 +1.147745436e+03 +1.271575436e+03 +1.271575436e+03
121 0 +8.270358590e+02 +9.508658590e+02 +9.508658590e+02
124 0 +4.873147651e+02 +6.111447651e+02 +6.111447651e+02
216 0 +4.457058449e+02 +5.695358449e+02 +5.695358449e+02
238 0 +3.480490260e+02 +4.718790260e+02 +4.718790260e+02
264 0 +2.683940540e+02 +3.922240540e+02 +3.922240540e+02
309 0 +1.830739501e+02 +3.069039501e+02 +3.069039501e+02
317 0 +1.608881735e+02 +2.847181735e+02 +2.847181735e+02
326 0 +1.452992111e+02 +2.691292111e+02 +2.691292111e+02
370 0 +1.181620924e+02 +2.419920924e+02 +2.419920924e+02
439 0 +1.024690702e+02 +2.262990702e+02 +2.262990702e+02
459 0 +8.597334447e+01 +2.098033445e+02 +2.098033445e+02
534 0 +7.565704249e+01 +1.994870425e+02 +1.994870425e+02
541 0 +7.015867978e+01 +1.939886798e+02 +1.939886798e+02
558 0 +5.544614305e+01 +1.792761431e+02 +1.792761431e+02
580 0 +4.864857389e+01 +1.724785739e+02 +1.724785739e+02
633 0 +4.410176198e+01 +1.679317620e+02 +1.679317620e+02
660 0 +3.583350003e+01 +1.596635000e+02 +1.596635000e+02
722 0 +3.308062459e+01 +1.569106246e+02 +1.569106246e+02
758 0 +3.030913385e+01 +1.541391339e+02 +1.541391339e+02
786 0 +2.569046122e+01 +1.495204612e+02 +1.495204612e+02
817 0 +2.415830684e+01 +1.479883068e+02 +1.479883068e+02
915 0 +2.235603725e+01 +1.461860373e+02 +1.461860373e+02
1003 0 +1.952573322e+01 +1.433557332e+02 +1.433557332e+02
1843 0 +1.750371037e+01 +1.413337104e+02 +1.413337104e+02
1990 0 +1.559171620e+01 +1.394217162e+02 +1.394217162e+02
2095 0 +1.408266205e+01 +1.379126621e+02 +1.379126621e+02
2200 0 +1.239693614e+01 +1.362269361e+02 +1.362269361e+02
2305 0 +1.117295177e+01 +1.350029518e+02 +1.350029518e+02
2431 0 +9.754546034e+00 +1.335845460e+02 +1.335845460e+02
2494 0 +8.899170681e+00 +1.327291707e+02 +1.327291707e+02
2620 0 +7.922496473e+00 +1.317524965e+02 +1.317524965e+02
2683 0 +7.069599180e+00 +1.308995992e+02 +1.308995992e+02
2725 0 +6.292009754e+00 +1.301220098e+02 +1.301220098e+02
2809 0 +5.433155490e+00 +1.292631555e+02 +1.292631555e+02
2872 0 +4.813697436e+00 +1.286436974e+02 +1.286436974e+02
2935 0 +4.389066451e+00 +1.282190665e+02 +1.282190665e+02
2977 0 +3.634032579e+00 +1.274640326e+02 +1.274640326e+02
2998 0 +3.491842421e+00 +1.273218424e+02 +1.273218424e+02
3040 0 +2.848794480e+00 +1.266787945e+02 +1.266787945e+02
3061 0 +2.519611626e+00 +1.263496116e+02 +1.263496116e+02
3103 0 +2.431225896e+00 +1.262612259e+02 +1.262612259e+02
3145 0 +2.005491035e+00 +1.258354910e+02 +1.258354910e+02
3166 0 +1.617721841e+00 +1.254477218e+02 +1.254477218e+02
3187 0 +1.370717894e+00 +1.252007179e+02 +1.252007179e+02
3208 0 +1.246129754e+00 +1.250761298e+02 +1.250761298e+02
3229 0 +1.043778487e+00 +1.248737785e+02 +1.248737785e+02
3250 0 +7.850749183e-01 +1.246150749e+02 +1.246150749e+02
3292 0 +6.862175749e-01 +1.245162176e+02 +1.245162176e+02
3313 0 +5.411196495e-01 +1.243711196e+02 +1.243711196e+02
3334 0 +4.155570723e-01 +1.242455571e+02 +1.242455571e+02
3355 0 +2.761930954e-01 +1.241061931e+02 +1.241061931e+02
3376 0 +1.919201850e-01 +1.240219202e+02 +1.240219202e+02
3397 0 +1.327538358e-01 +1.239627538e+02 +1.239627538e+02
3418 0 +9.218089493e-02 +1.239221809e+02 +1.239221809e+02
3439 0 +6.325221283e-02 +1.238932522e+02 +1.238932522e+02
3460 0 +3.753011298e-02 +1.238675301e+02 +1.238675301e+02
3481 0 +2.406190011e-02 +1.238540619e+02 +1.238540619e+02
3502 0 +1.456813252e-02 +1.238445681e+02 +1.238445681e+02
3523 0 +7.258075801e-03 +1.238372581e+02 +1.238372581e+02
3544 0 +2.374812250e-03 +1.238323748e+02 +1.238323748e+02
3565 0 +8.650034215e-04 +1.238308650e+02 +1.238308650e+02
3586 0 +1.999920228e-04 +1.238302000e+02 +1.238302000e+02
3607 0 +4.291554541e-05 +1.238300429e+02 +1.238300429e+02
3628 0 +4.378514674e-06 +1.238300044e+02 +1.238300044e+02
3649 0 +1.005883206e-06 +1.238300010e+02 +1.238300010e+02
3670 0 +1.494909156e-07 +1.238300001e+02 +1.238300001e+02
3691 0 +1.839784147e-08 +1.238300000e+02 +1.238300000e+02
3712 0 +1.966881769e-09 +1.238300000e+02 +1.238300000e+02
69126 0 +8.100187188e-13 +1.238300000e+02 +1.238300000e+02
200003 0 +1.421085472e-14 +1.238300000e+02 +1.238300000e+02
% f evaluations | g evaluations | best noise-free fitness - Fopt (4.751000000000e+01) + sum g_i+ | measured fitness | best measured fitness or single-digit g-values | x1 | x2...
1 0 +1.702953815e+04 +1.707704815e+04 +1.707704815e+04
2 0 +5.756245154e+03 +5.803755154e+03 +5.803755154e+03
9 0 +2.404763783e+03 +2.452273783e+03 +2.452273783e+03
18 0 +1.989170411e+03 +2.036680411e+03 +2.036680411e+03
50 0 +1.707912485e+03 +1.755422485e+03 +1.755422485e+03
90 0 +1.284927647e+03 +1.332437647e+03 +1.332437647e+03
95 0 +1.248989093e+03 +1.296499093e+03 +1.296499093e+03
98 0 +7.449016357e+02 +7.924116357e+02 +7.924116357e+02
124 0 +5.101412634e+02 +5.576512634e+02 +5.576512634e+02
132 0 +4.483652968e+02 +4.958752968e+02 +4.958752968e+02
141 0 +4.350328592e+02 +4.825428592e+02 +4.825428592e+02
199 0 +3.785811212e+02 +4.260911212e+02 +4.260911212e+02
201 0 +3.343057760e+02 +3.818157760e+02 +3.818157760e+02
211 0 +2.557905944e+02 +3.033005944e+02 +3.033005944e+02
259 0 +1.993720628e+02 +2.468820628e+02 +2.468820628e+02
291 0 +1.770858204e+02 +2.245958204e+02 +2.245958204e+02
295 0 +1.503716934e+02 +1.978816934e+02 +1.978816934e+02
317 0 +7.154360302e+01 +1.190536030e+02 +1.190536030e+02
407 0 +7.015993035e+01 +1.176699304e+02 +1.176699304e+02
431 0 +6.190336008e+01 +1.094133601e+02 +1.094133601e+02
440 0 +4.772643655e+01 +9.523643655e+01 +9.523643655e+01
463 0 +3.471507630e+01 +8.222507630e+01 +8.222507630e+01
554 0 +3.023427418e+01 +7.774427418e+01 +7.774427418e+01
570 0 +2.787420005e+01 +7.538420005e+01 +7.538420005e+01
640 0 +2.437490389e+01 +7.188490389e+01 +7.188490389e+01
694 0 +2.156500359e+01 +6.907500359e+01 +6.907500359e+01
782 0 +1.978739868e+01 +6.729739868e+01 +6.729739868e+01
1192 0 +1.775398792e+01 +6.526398792e+01 +6.526398792e+01
1528 0 +1.574440637e+01 +6.325440637e+01 +6.325440637e+01
1801 0 +1.391659742e+01 +6.142659742e+01 +6.142659742e+01
1906 0 +1.244328098e+01 +5.995328098e+01 +5.995328098e+01
2011 0 +1.116226078e+01 +5.867226078e+01 +5.867226078e+01
2137 0 +9.788661690e+00 +5.729866169e+01 +5.729866169e+01
2221 0 +8.908215546e+00 +5.641821555e+01 +5.641821555e+01
2284 0 +7.879594052e+00 +5.538959405e+01 +5.538959405e+01
2389 0 +6.772383411e+00 +5.428238341e+01 +5.428238341e+01
2452 0 +6.084331130e+00 +5.359433113e+01 +5.359433113e+01
2515 0 +5.400215584e+00 +5.291021558e+01 +5.291021558e+01
2536 0 +4.993583010e+00 +5.250358301e+01 +5.250358301e+01
2599 0 +4.341242618e+00 +5.185124262e+01 +5.185124262e+01
2641 0 +3.700264744e+00 +5.121026474e+01 +5.121026474e+01
2662 0 +3.334706071e+00 +5.084470607e+01 +5.084470607e+01
2683 0 +3.149866715e+00 +5.065986672e+01 +5.065986672e+01
2725 0 +2.719131385e+00 +5.022913139e+01 +5.022913139e+01
2746 0 +2.406064475e+00 +4.991606448e+01 +4.991606448e+01
2767 0 +2.068987207e+00 +4.957898721e+01 +4.957898721e+01
2809 0 +1.933888005e+00 +4.944388800e+01 +4.944388800e+01
2830 0 +1.710678624e+00 +4.922067862e+01 +4.922067862e+01
2851 0 +1.390518587e+00 +4.890051859e+01 +4.890051859e+01
2893 0 +1.189376229e+00 +4.869937623e+01 +4.869937623e+01
2914 0 +9.289811683e-01 +4.843898117e+01 +4.843898117e+01
2935 0 +7.744352349e-01 +4.828443523e+01 +4.828443523e+01
2956 0 +5.605644331e-01 +4.807056443e+01 +4.807056443e+01
2977 0 +3.712882398e-01 +4.788128824e+01 +4.788128824e+01
3019 0 +2.992090349e-01 +4.780920903e+01 +4.780920903e+01
3040 0 +2.177213829e-01 +4.772772138e+01 +4.772772138e+01
3061 0 +1.709135713e-01 +4.768091357e+01 +4.768091357e+01
3082 0 +1.110682600e-01 +4.762106826e+01 +4.762106826e+01
3103 0 +7.032043020e-02 +4.758032043e+01 +4.758032043e+01
3124 0 +4.883232794e-02 +4.755883233e+01 +4.755883233e+01
3145 0 +2.916537089e-02 +4.753916537e+01 +4.753916537e+01
3166 0 +1.434822200e-02 +4.752434822e+01 +4.752434822e+01
3187 0 +8.871249063e-03 +4.751887125e+01 +4.751887125e+01
3208 0 +2.835427124e-03 +4.751283543e+01 +4.751283543e+01
3229 0 +9.354276249e-04 +4.751093543e+01 +4.751093543e+01
3250 0 +2.074277163e-04 +4.751020743e+01 +4.751020743e+01
3271 0 +2.671232638e-05 +4.751002671e+01 +4.751002671e+01
3292 0 +3.706795304e-06 +4.751000371e+01 +4.751000371e+01
3313 0 +7.167935223e-08 +4.751000007e+01 +4.751000007e+01
3334 0 +1.216004364e-08 +4.751000001e+01 +4.751000001e+01
3355 0 +5.875477882e-10 +4.751000000e+01 +4.751000000e+01
58160 0 +9.379164112e-13 +4.751000000e+01 +4.751000000e+01
200954 0 +7.105427358e-15 +4.751000000e+01 +4.751000000e+01
% f evaluations | g evaluations | best noise-free fitness - Fopt (5.534000000000e+01) + sum g_i+ | measured fitness | best measured fitness or single-digit g-values | x1 | x2...
1 0 +9.943109871e+03 +9.998449871e+03 +9.998449871e+03
2 0 +2.796848073e+03 +2.852188073e+03 +2.852188073e+03
9 0 +1.669337599e+03 +1.724677599e+03 +1.724677599e+03
49 0 +1.446338230e+03 +1.501678230e+03 +1.501678230e+03
79 0 +1.229653580e+03 +1.284993580e+03 +1.284993580e+03
92 0 +7.730636736e+02 +8.284036736e+02 +8.284036736e+02
111 0 +5.773746362e+02 +6.327146362e+02 +6.327146362e+02
124 0 +3.633415764e+02 +4.186815764e+02 +4.186815764e+02
192 0 +3.006973800e+02 +3.560373800e+02 +3.560373800e+02
227 0 +2.434396787e+02 +2.987796787e+02 +2.987796787e+02
252 0 +1.887356316e+02 +2.440756316e+02 +2.440756316e+02
295 0 +1.439504961e+02 +1.992904961e+02 +1.992904961e+02
338 0 +1.177408778e+02 +1.730808778e+02 +1.730808778e+02
354 0 +1.086830672e+02 +1.640230672e+02 +1.640230672e+02
377 0 +9.103889420e+01 +1.463788942e+02 +1.463788942e+02
378 0 +7.219003270e+01 +1.275300327e+02 +1.275300327e+02
397 0 +6.795996112e+01 +1.232999611e+02 +1.232999611e+02
417 0 +5.711019847e+01 +1.124501985e+02 +1.124501985e+02
426 0 +4.923392648e+01 +1.045739265e+02 +1.045739265e+02
511 0 +4.461096142e+01 +9.995096142e+01 +9.995096142e+01
520 0 +3.776548551e+01 +9.310548551e+01 +9.310548551e+01
556 0 +3.436306425e+01 +8.970306425e+01 +8.970306425e+01
562 0 +3.061466334e+01 +8.595466334e+01 +8.595466334e+01
592 0 +2.778068561e+01 +8.312068561e+01 +8.312068561e+01
667 0 +2.425743541e+01 +7.959743541e+01 +7.959743541e+01
702 0 +2.128717439e+01 +7.662717439e+01 +7.662717439e+01
846 0 +1.992502231e+01 +7.526502231e+01 +7.526502231e+01
1360 0 +1.771704082e+01 +7.305704082e+01 +7.305704082e+01
1801 0 +1.575514318e+01 +7.109514318e+01 +7.109514318e+01
1969 0 +1.385250839e+01 +6.919250839e+01 +6.919250839e+01
2095 0 +1.255089917e+01 +6.789089917e+01 +6.789089917e+01
2221 0 +1.119173241e+01 +6.653173241e+01 +6.653173241e+01
2347 0 +9.794882533e+00 +6.513488253e+01 +6.513488253e+01
2431 0 +8.858382840e+00 +6.419838284e+01 +6.419838284e+01
2515 0 +7.696888929e+00 +6.303688893e+01 +6.303688893e+01
2557 0 +7.030072244e+00 +6.237007224e+01 +6.237007224e+01
2620 0 +6.097907922e+00 +6.143790792e+01 +6.143790792e+01
2683 0 +5.504567588e+00 +6.084456759e+01 +6.084456759e+01
2725 0 +4.703702934e+00 +6.004370293e+01 +6.004370293e+01
2746 0 +4.280684584e+00 +5.962068458e+01 +5.962068458e+01
2809 0 +3.780277842e+00 +5.912027784e+01 +5.912027784e+01
2830 0 +3.472306322e+00 +5.881230632e+01 +5.881230632e+01
2893 0 +3.037717837e+00 +5.837771784e+01 +5.837771784e+01
2914 0 +2.682516953e+00 +5.802251695e+01 +5.802251695e+01
2935 0 +2.327207140e+00 +5.766720714e+01 +5.766720714e+01
2956 0 +2.061679269e+00 +5.740167927e+01 +5.740167927e+01
2977 0 +1.721932282e+00 +5.706193228e+01 +5.706193228e+01
2998 0 +1.462369297e+00 +5.680236930e+01 +5.680236930e+01
3019 0 +1.225276094e+00 +5.656527609e+01 +5.656527609e+01
3040 0 +9.694774573e-01 +5.630947746e+01 +5.630947746e+01
3061 0 +8.114814774e-01 +5.615148148e+01 +5.615148148e+01
3082 0 +5.952839587e-01 +5.593528396e+01 +5.593528396e+01
3103 0 +3.925046564e-01 +5.573250466e+01 +5.573250466e+01
3145 0 +3.545607604e-01 +5.569456076e+01 +5.569456076e+01
3166 0 +2.916284899e-01 +5.563162849e+01 +5.563162849e+01
3187 0 +2.005934425e-01 +5.554059344e+01 +5.554059344e+01
3208 0 +1.114793031e-01 +5.545147930e+01 +5.545147930e+01
3229 0 +6.223332117e-02 +5.540223332e+01 +5.540223332e+01
3271 0 +4.540578036e-02 +5.538540578e+01 +5.538540578e+01
3292 0 +2.423659094e-02 +5.536423659e+01 +5.536423659e+01
3313 0 +1.763423843e-02 +5.535763424e+01 +5.535763424e+01
3334 0 +9.260435471e-03 +5.534926044e+01 +5.534926044e+01
3355 0 +4.646424062e-03 +5.534464642e+01 +5.534464642e+01
3376 0 +1.808726135e-03 +5.534180873e+01 +5.534180873e+01
3397 0 +5.086549449e-04 +5.534050865e+01 +5.534050865e+01
3418 0 +7.641236343e-05 +5.534007641e+01 +5.534007641e+01
3439 0 +2.013648500e-05 +5.534002014e+01 +5.534002014e+01
3460 0 +1.085170055e-06 +5.534000109e+01 +5.534000109e+01
3481 0 +3.853860377e-07 +5.534000039e+01 +5.534000039e+01
3502 0 +7.689401116e-09 +5.534000001e+01 +5.534000001e+01
53520 0 +9.237055565e-13 +5.534000000e+01 +5.534000000e+01
200308 0 +7.105427358e-15 +5.534000000e+01 +5.534000000e+01
% f evaluations | g evaluations | best noise-free fitness - Fopt (-9.033000000000e+01) + sum g_i+ | measured fitness | best measured fitness or single-digit g-values | x1 | x2...
1 0 +1.167033023e+04 +1.158000023e+04 +1.158000023e+04
2 0 +3.782303991e+03 +3.691973991e+03 +3.691973991e+03
9 0 +1.949598466e+03 +1.859268466e+03 +1.859268466e+03
22 0 +1.442262322e+03 +1.351932322e+03 +1.351932322e+03
77 0 +1.280343369e+03 +1.190013369e+03 +1.190013369e+03
87 0 +4.307602399e+02 +3.404302399e+02 +3.404302399e+02
160 0 +3.637057420e+02 +2.733757420e+02 +2.733757420e+02
186 0 +2.905683001e+02 +2.002383001e+02 +2.002383001e+02
197 0 +2.801192564e+02 +1.897892564e+02 +1.897892564e+02
282 0 +1.671170457e+02 +7.678704572e+01 +7.678704572e+01
326 0 +1.578685819e+02 +6.753858191e+01 +6.753858191e+01
332 0 +1.217511424e+02 +3.142114239e+01 +3.142114239e+01
341 0 +9.296920797e+01 +2.639207969e+00 +2.639207969e+00
407 0 +7.221050753e+01 -1.811949247e+01 -1.811949247e+01
413 0 +6.995718806e+01 -2.037281194e+01 -2.037281194e+01
463 0 +4.909890444e+01 -4.123109556e+01 -4.123109556e+01
485 0 +4.446739592e+01 -4.586260408e+01 -4.586260408e+01
537 0 +3.772851068e+01 -5.260148932e+01 -5.260148932e+01
592 0 +3.534102816e+01 -5.498897184e+01 -5.498897184e+01
643 0 +2.939871921e+01 -6.093128079e+01 -6.093128079e+01
720 0 +2.748723490e+01 -6.284276510e+01 -6.284276510e+01
738 0 +2.376364847e+01 -6.656635153e+01 -6.656635153e+01
779 0 +2.182628819e+01 -6.850371181e+01 -6.850371181e+01
949 0 +1.994259222e+01 -7.038740778e+01 -7.038740778e+01
1297 0 +1.766017677e+01 -7.266982323e+01 -7.266982323e+01
1759 0 +1.568258731e+01 -7.464741269e+01 -7.464741269e+01
1885 0 +1.405266010e+01 -7.627733990e+01 -7.627733990e+01
2011 0 +1.255939970e+01 -7.777060030e+01 -7.777060030e+01
2116 0 +1.116175359e+01 -7.916824641e+01 -7.916824641e+01
2242 0 +9.820982865e+00 -8.050901713e+01 -8.050901713e+01
2347 0 +8.597912073e+00 -8.173208793e+01 -8.173208793e+01
2431 0 +7.848895265e+00 -8.248110473e+01 -8.248110473e+01
2494 0 +6.827586494e+00 -8.350241351e+01 -8.350241351e+01
2578 0 +6.214488371e+00 -8.411551163e+01 -8.411551163e+01
2620 0 +5.495811442e+00 -8.483418856e+01 -8.483418856e+01
2704 0 +4.754193760e+00 -8.557580624e+01 -8.557580624e+01
2725 0 +4.294090354e+00 -8.603590965e+01 -8.603590965e+01
2788 0 +3.722641906e+00 -8.660735809e+01 -8.660735809e+01
2830 0 +3.546909566e+00 -8.678309043e+01 -8.678309043e+01
2872 0 +2.851382690e+00 -8.747861731e+01 -8.747861731e+01
2893 0 +2.491190990e+00 -8.783880901e+01 -8.783880901e+01
2956 0 +1.975067008e+00 -8.835493299e+01 -8.835493299e+01
2977 0 +1.658121055e+00 -8.867187895e+01 -8.867187895e+01
2998 0 +1.419871348e+00 -8.891012865e+01 -8.891012865e+01
3019 0 +1.151110937e+00 -8.917888906e+01 -8.917888906e+01
3040 0 +9.011382566e-01 -8.942886174e+01 -8.942886174e+01
3061 0 +7.378316963e-01 -8.959216830e+01 -8.959216830e+01
3082 0 +5.205834274e-01 -8.980941657e+01 -8.980941657e+01
3124 0 +4.267154133e-01 -8.990328459e+01 -8.990328459e+01
3145 0 +3.167430444e-01 -9.001325696e+01 -9.001325696e+01
3166 0 +2.587713806e-01 -9.007122862e+01 -9.007122862e+01
3187 0 +2.346076554e-01 -9.009539234e+01 -9.009539234e+01
3208 0 +1.631021625e-01 -9.016689784e+01 -9.016689784e+01
3229 0 +1.372914785e-01 -9.019270852e+01 -9.019270852e+01
3250 0 +9.513656137e-02 -9.023486344e+01 -9.023486344e+01
3271 0 +7.105568773e-02 -9.025894431e+01 -9.025894431e+01
3292 0 +4.683256571e-02 -9.028316743e+01 -9.028316743e+01
3313 0 +3.357202986e-02 -9.029642797e+01 -9.029642797e+01
3334 0 +1.485314728e-02 -9.031514685e+01 -9.031514685e+01
3355 0 +6.111957643e-03 -9.032388804e+01 -9.032388804e+01
3376 0 +1.797971549e-03 -9.032820203e+01 -9.032820203e+01
3397 0 +1.322807830e-03 -9.032867719e+01 -9.032867719e+01
3418 0 +5.917810815e-04 -9.032940822e+01 -9.032940822e+01
3439 0 +1.381963864e-04 -9.032986180e+01 -9.032986180e+01
3460 0 +7.084645290e-06 -9.032999292e+01 -9.032999292e+01
3481 0 +8.154490558e-07 -9.032999918e+01 -9.032999918e+01
3502 0 +9.958137070e-08 -9.032999990e+01 -9.032999990e+01
3523 0 +1.084661960e-08 -9.032999999e+01 -9.032999999e+01
3544 0 +7.161702342e-10 -9.033000000e+01 -9.033000000e+01
25877 0 +8.810729923e-13 -9.033000000e+01 -9.033000000e+01
55025 0 +0.000000000e+00 -9.033000000e+01 -9.033000000e+01
200008 0 +0.000000000e+00 -9.033000000e+01 -9.033000000e+01
% f evaluations | g evaluations | best noise-free fitness - Fopt (6.561000000000e+01) + sum g_i+ | measured fitness | best measured fitness or single-digit g-values | x1 | x2...
1 0 +1.516080129e+04 +1.522641129e+04 +1.522641129e+04
2 0 +3.861367287e+03 +3.926977287e+03 +3.926977287e+03
9 0 +1.221874695e+03 +1.287484695e+03 +1.287484695e+03
98 0 +8.747060509e+02 +9.403160509e+02 +9.403160509e+02
111 0 +6.623226877e+02 +7.279326877e+02 +7.279326877e+02
117 0 +4.149645924e+02 +4.805745924e+02 +4.805745924e+02
132 0 +3.024878273e+02 +3.680978273e+02 +3.680978273e+02
190 0 +2.684270230e+02 +3.340370230e+02 +3.340370230e+02
211 0 +2.419934163e+02 +3.076034163e+02 +3.076034163e+02
226 0 +2.021202266e+02 +2.677302266e+02 +2.677302266e+02
280 0 +1.185690830e+02 +1.841790830e+02 +1.841790830e+02
308 0 +7.574834217e+01 +1.413583422e+02 +1.413583422e+02
382 0 +5.901084552e+01 +1.246208455e+02 +1.246208455e+02
465 0 +5.432150926e+01 +1.199315093e+02 +1.199315093e+02
477 0 +4.869754551e+01 +1.143075455e+02 +1.143075455e+02
516 0 +3.581947990e+01 +1.014294799e+02 +1.014294799e+02
563 0 +3.462753500e+01 +1.002375350e+02 +1.002375350e+02
592 0 +2.620641174e+01 +9.181641174e+01 +9.181641174e+01
673 0 +2.477256655e+01 +9.038256655e+01 +9.038256655e+01
806 0 +2.232574486e+01 +8.793574486e+01 +8.793574486e+01
961 0 +1.983067113e+01 +8.544067113e+01 +8.544067113e+01
1843 0 +1.772400541e+01 +8.333400541e+01 +8.333400541e+01
2074 0 +1.570754881e+01 +8.131754881e+01 +8.131754881e+01
2200 0 +1.408073010e+01 +7.969073010e+01 +7.969073010e+01
2347 0 +1.248673861e+01 +7.809673861e+01 +7.809673861e+01
2494 0 +1.106106729e+01 +7.667106729e+01 +7.667106729e+01
2599 0 +9.711197571e+00 +7.532119757e+01 +7.532119757e+01
2683 0 +8.822148466e+00 +7.443214847e+01 +7.443214847e+01
2746 0 +7.893656779e+00 +7.350365678e+01 +7.350365678e+01
2809 0 +6.840905639e+00 +7.245090564e+01 +7.245090564e+01
2872 0 +6.268523382e+00 +7.187852338e+01 +7.187852338e+01
2935 0 +5.303937344e+00 +7.091393734e+01 +7.091393734e+01
2998 0 +4.999169874e+00 +7.060916987e+01 +7.060916987e+01
3061 0 +4.422400012e+00 +7.003240001e+01 +7.003240001e+01
200011 0 +3.986623854e+00 +6.959662385e+01 +6.959662385e+01
% f evaluations | g evaluations | best noise-free fitness - Fopt (9.348200000000e+02) + sum g_i+ | measured fitness | best measured fitness or single-digit g-values | x1 | x2...
1 0 +1.188753570e+04 +1.282235570e+04 +1.282235570e+04
2 0 +8.561790347e+03 +9.496610347e+03 +9.496610347e+03
6 0 +4.200821080e+03 +5.135641080e+03 +5.135641080e+03
8 0 +3.484452065e+03 +4.419272065e+03 +4.419272065e+03
9 0 +2.076725311e+03 +3.011545311e+03 +3.011545311e+03
62 0 +1.880159492e+03 +2.814979492e+03 +2.814979492e+03
77 0 +1.265610553e+03 +2.200430553e+03 +2.200430553e+03
92 0 +6.978436588e+02 +1.632663659e+03 +1.632663659e+03
134 0 +5.771400747e+02 +1.511960075e+03 +1.511960075e+03
143 0 +4.566980273e+02 +1.391518027e+03 +1.391518027e+03
192 0 +4.453320160e+02 +1.380152016e+03 +1.380152016e+03
199 0 +3.537706367e+02 +1.288590637e+03 +1.288590637e+03
205 0 +3.043695015e+02 +1.239189501e+03 +1.239189501e+03
227 0 +2.755600381e+02 +1.210380038e+03 +1.210380038e+03
264 0 +2.394091430e+02 +1.174229143e+03 +1.174229143e+03
306 0 +1.548302380e+02 +1.089650238e+03 +1.089650238e+03
342 0 +1.266100262e+02 +1.061430026e+03 +1.061430026e+03
401 0 +1.152965147e+02 +1.050116515e+03 +1.050116515e+03
406 0 +1.114258736e+02 +1.046245874e+03 +1.046245874e+03
436 0 +8.846906524e+01 +1.023289065e+03 +1.023289065e+03
466 0 +5.676843113e+01 +9.915884311e+02 +9.915884311e+02
483 0 +5.567422356e+01 +9.904942236e+02 +9.904942236e+02
529 0 +4.762035401e+01 +9.824403540e+02 +9.824403540e+02
547 0 +3.875802405e+01 +9.735780241e+02 +9.735780241e+02
642 0 +3.533698522e+01 +9.701569852e+02 +9.701569852e+02
657 0 +3.075865931e+01 +9.655786593e+02 +9.655786593e+02
719 0 +2.711926694e+01 +9.619392669e+02 +9.619392669e+02
721 0 +2.256813106e+01 +9.573881311e+02 +9.573881311e+02
758 0 +2.126904398e+01 +9.560890440e+02 +9.560890440e+02
774 0 +1.955485564e+01 +9.543748556e+02 +9.543748556e+02
845 0 +1.732692679e+01 +9.521469268e+02 +9.521469268e+02
961 0 +1.556424786e+01 +9.503842479e+02 +9.503842479e+02
1045 0 +1.404039827e+01 +9.488603983e+02 +9.488603983e+02
1486 0 +1.254507411e+01 +9.473650741e+02 +9.473650741e+02
1759 0 +1.115214408e+01 +9.459721441e+02 +9.459721441e+02
1864 0 +9.879144866e+00 +9.446991449e+02 +9.446991449e+02
2011 0 +8.755315369e+00 +9.435753154e+02 +9.435753154e+02
2074 0 +7.709182273e+00 +9.425291823e+02 +9.425291823e+02
2116 0 +7.018688632e+00 +9.418386886e+02 +9.418386886e+02
2200 0 +6.231077520e+00 +9.410510775e+02 +9.410510775e+02
2263 0 +5.553847226e+00 +9.403738472e+02 +9.403738472e+02
2326 0 +4.822805493e+00 +9.396428055e+02 +9.396428055e+02
2368 0 +4.280833549e+00 +9.391008335e+02 +9.391008335e+02
2389 0 +3.919076385e+00 +9.387390764e+02 +9.387390764e+02
2410 0 +3.447214450e+00 +9.382672145e+02 +9.382672145e+02
2452 0 +2.943753111e+00 +9.377637531e+02 +9.377637531e+02
2473 0 +2.586989403e+00 +9.374069894e+02 +9.374069894e+02
2494 0 +2.137378838e+00 +9.369573788e+02 +9.369573788e+02
2515 0 +1.930841541e+00 +9.367508415e+02 +9.367508415e+02
2536 0 +1.706284394e+00 +9.365262844e+02 +9.365262844e+02
2557 0 +1.384590768e+00 +9.362045908e+02 +9.362045908e+02
2578 0 +1.082408113e+00 +9.359024081e+02 +9.359024081e+02
2599 0 +8.919152945e-01 +9.357119153e+02 +9.357119153e+02
2620 0 +8.386429528e-01 +9.356586430e+02 +9.356586430e+02
2641 0 +7.436960518e-01 +9.355636961e+02 +9.355636961e+02
2662 0 +5.769280043e-01 +9.353969280e+02 +9.353969280e+02
2683 0 +4.528162049e-01 +9.352728162e+02 +9.352728162e+02
2704 0 +4.434143243e-01 +9.352634143e+02 +9.352634143e+02
2746 0 +3.690998745e-01 +9.351890999e+02 +9.351890999e+02
2767 0 +2.872424347e-01 +9.351072424e+02 +9.351072424e+02
2788 0 +2.459322974e-01 +9.350659323e+02 +9.350659323e+02
2809 0 +1.827381497e-01 +9.350027381e+02 +9.350027381e+02
2830 0 +1.064656382e-01 +9.349264656e+02 +9.349264656e+02
2851 0 +8.717848798e-02 +9.349071785e+02 +9.349071785e+02
2872 0 +5.143522896e-02 +9.348714352e+02 +9.348714352e+02
2893 0 +2.295536477e-02 +9.348429554e+02 +9.348429554e+02
2914 0 +1.614420590e-02 +9.348361442e+02 +9.348361442e+02
2935 0 +1.099779911e-02 +9.348309978e+02 +9.348309978e+02
2956 0 +9.368318596e-03 +9.348293683e+02 +9.348293683e+02
2977 0 +7.193877374e-03 +9.348271939e+02 +9.348271939e+02
2998 0 +3.756337836e-03 +9.348237563e+02 +9.348237563e+02
3019 0 +7.509706072e-04 +9.348207510e+02 +9.348207510e+02
3040 0 +1.591410510e-04 +9.348201591e+02 +9.348201591e+02
3061 0 +9.080970926e-06 +9.348200091e+02 +9.348200091e+02
3082 0 +2.236023533e-06 +9.348200022e+02 +9.348200022e+02
3103 0 +2.149649845e-07 +9.348200002e+02 +9.348200002e+02
3124 0 +1.333944510e-08 +9.348200000e+02 +9.348200000e+02
3145 0 +1.569901542e-09 +9.348200000e+02 +9.348200000e+02
41578 0 +6.821210263e-13 +9.348200000e+02 +9.348200000e+02
200167 0 +1.136868377e-13 +9.348200000e+02 +9.348200000e+02
% f evaluations | g evaluations | best noise-free fitness - Fopt (-6.371000000000e+01) + sum g_i+ | measured fitness | best measured fitness or single-digit g-values | x1 | x2...
1 0 +1.031131376e+04 +1.024760376e+04 +1.024760376e+04
2 0 +4.520012919e+03 +4.456302919e+03 +4.456302919e+03
9 0 +6.556432037e+02 +5.919332037e+02 +5.919332037e+02
139 0 +6.279129783e+02 +5.642029783e+02 +5.642029783e+02
141 0 +4.796876751e+02 +4.159776751e+02 +4.159776751e+02
188 0 +3.745917588e+02 +3.108817588e+02 +3.108817588e+02
203 0 +2.576882723e+02 +1.939782723e+02 +1.939782723e+02
235 0 +2.118010498e+02 +1.480910498e+02 +1.480910498e+02
317 0 +1.501014022e+02 +8.639140224e+01 +8.639140224e+01
396 0 +1.385054268e+02 +7.479542684e+01 +7.479542684e+01
412 0 +1.231642489e+02 +5.945424892e+01 +5.945424892e+01
424 0 +9.466842887e+01 +3.095842887e+01 +3.095842887e+01
487 0 +7.294127473e+01 +9.231274730e+00 +9.231274730e+00
554 0 +6.660770572e+01 +2.897705717e+00 +2.897705717e+00
562 0 +5.920173178e+01 -4.508268216e+00 -4.508268216e+00
662 0 +4.972491198e+01 -1.398508802e+01 -1.398508802e+01
685 0 +3.069828659e+01 -3.301171341e+01 -3.301171341e+01
755 0 +2.777273093e+01 -3.593726907e+01 -3.593726907e+01
782 0 +2.452124913e+01 -3.918875087e+01 -3.918875087e+01
878 0 +2.238660232e+01 -4.132339768e+01 -4.132339768e+01
961 0 +1.973081265e+01 -4.397918735e+01 -4.397918735e+01
1087 0 +1.774158691e+01 -4.596841309e+01 -4.596841309e+01
1591 0 +1.581938517e+01 -4.789061483e+01 -4.789061483e+01
1864 0 +1.394816443e+01 -4.976183557e+01 -4.976183557e+01
1990 0 +1.258083846e+01 -5.112916154e+01 -5.112916154e+01
2116 0 +1.119800772e+01 -5.251199228e+01 -5.251199228e+01
2221 0 +9.760013631e+00 -5.394998637e+01 -5.394998637e+01
2305 0 +8.800136676e+00 -5.490986332e+01 -5.490986332e+01
2389 0 +7.860280124e+00 -5.584971988e+01 -5.584971988e+01
2473 0 +7.047547087e+00 -5.666245291e+01 -5.666245291e+01
2557 0 +6.253011541e+00 -5.745698846e+01 -5.745698846e+01
2599 0 +5.548579870e+00 -5.816142013e+01 -5.816142013e+01
2662 0 +4.978428943e+00 -5.873157106e+01 -5.873157106e+01
2725 0 +4.205010667e+00 -5.950498933e+01 -5.950498933e+01
2746 0 +3.792377912e+00 -5.991762209e+01 -5.991762209e+01
2767 0 +3.413857396e+00 -6.029614260e+01 -6.029614260e+01
2788 0 +3.044619152e+00 -6.066538085e+01 -6.066538085e+01
2851 0 +2.538580358e+00 -6.117141964e+01 -6.117141964e+01
2872 0 +2.146978492e+00 -6.156302151e+01 -6.156302151e+01
2893 0 +1.980690909e+00 -6.172930909e+01 -6.172930909e+01
2914 0 +1.707562021e+00 -6.200243798e+01 -6.200243798e+01
2935 0 +1.345232730e+00 -6.236476727e+01 -6.236476727e+01
2977 0 +1.202679293e+00 -6.250732071e+01 -6.250732071e+01
2998 0 +1.025679118e+00 -6.268432088e+01 -6.268432088e+01
3019 0 +8.676436518e-01 -6.284235635e+01 -6.284235635e+01
3040 0 +6.596175900e-01 -6.305038241e+01 -6.305038241e+01
3061 0 +4.706271642e-01 -6.323937284e+01 -6.323937284e+01
3082 0 +3.332776611e-01 -6.337672234e+01 -6.337672234e+01
3124 0 +2.714380248e-01 -6.343856198e+01 -6.343856198e+01
3145 0 +1.832564808e-01 -6.352674352e+01 -6.352674352e+01
3166 0 +1.463724526e-01 -6.356362755e+01 -6.356362755e+01
3187 0 +9.440746025e-02 -6.361559254e+01 -6.361559254e+01
3208 0 +4.896474836e-02 -6.366103525e+01 -6.366103525e+01
3229 0 +2.461139586e-02 -6.368538860e+01 -6.368538860e+01
3250 0 +1.397360251e-02 -6.369602640e+01 -6.369602640e+01
3271 0 +6.709728766e-03 -6.370329027e+01 -6.370329027e+01
3292 0 +2.982787793e-03 -6.370701721e+01 -6.370701721e+01
3313 0 +1.425738794e-03 -6.370857426e+01 -6.370857426e+01
3334 0 +5.154625334e-04 -6.370948454e+01 -6.370948454e+01
3355 0 +9.287326362e-05 -6.370990713e+01 -6.370990713e+01
3376 0 +2.684717461e-05 -6.370997315e+01 -6.370997315e+01
3397 0 +8.179782519e-06 -6.370999182e+01 -6.370999182e+01
3418 0 +3.181679276e-07 -6.370999968e+01 -6.370999968e+01
3439 0 +4.403028697e-08 -6.370999996e+01 -6.370999996e+01
3460 0 +2.854235959e-09 -6.371000000e+01 -6.371000000e+01
55390 0 +8.384404282e-13 -6.371000000e+01 -6.371000000e+01
57660 0 +0.000000000e+00 -6.371000000e+01 -6.371000000e+01
200297 0 +0.000000000e+00 -6.371000000e+01 -6.371000000e+01
% f evaluations | g evaluations | best noise-free fitness - Fopt (1.000000000000e+03) + sum g_i+ | measured fitness | best measured fitness or single-digit g-values | x1 | x2...
1 0 +1.449777276e+04 +1.549777276e+04 +1.549777276e+04
2 0 +2.153679017e+03 +3.153679017e+03 +3.153679017e+03
9 0 +1.264153895e+03 +2.264153895e+03 +2.264153895e+03
129 0 +1.098035264e+03 +2.098035264e+03 +2.098035264e+03
139 0 +9.535191158e+02 +1.953519116e+03 +1.953519116e+03
177 0 +7.191081420e+02 +1.719108142e+03 +1.719108142e+03
194 0 +4.779668610e+02 +1.477966861e+03 +1.477966861e+03
226 0 +3.719776290e+02 +1.371977629e+03 +1.371977629e+03
286 0 +2.858432326e+02 +1.285843233e+03 +1.285843233e+03
291 0 +2.705640942e+02 +1.270564094e+03 +1.270564094e+03
302 0 +2.370140780e+02 +1.237014078e+03 +1.237014078e+03
315 0 +1.718906640e+02 +1.171890664e+03 +1.171890664e+03
351 0 +1.436576730e+02 +1.143657673e+03 +1.143657673e+03
361 0 +1.383180469e+02 +1.138318047e+03 +1.138318047e+03
405 0 +1.170898853e+02 +1.117089885e+03 +1.117089885e+03
410 0 +6.611812209e+01 +1.066118122e+03 +1.066118122e+03
443 0 +5.951099881e+01 +1.059510999e+03 +1.059510999e+03
500 0 +5.246852282e+01 +1.052468523e+03 +1.052468523e+03
554 0 +4.810207054e+01 +1.048102071e+03 +1.048102071e+03
580 0 +4.022195216e+01 +1.040221952e+03 +1.040221952e+03
592 0 +3.175112202e+01 +1.031751122e+03 +1.031751122e+03
653 0 +3.025773766e+01 +1.030257738e+03 +1.030257738e+03
712 0 +2.727228925e+01 +1.027272289e+03 +1.027272289e+03
723 0 +2.401943932e+01 +1.024019439e+03 +1.024019439e+03
786 0 +2.208687895e+01 +1.022086879e+03 +1.022086879e+03
961 0 +1.957630391e+01 +1.019576304e+03 +1.019576304e+03
1465 0 +1.770334359e+01 +1.017703344e+03 +1.017703344e+03
1759 0 +1.567322077e+01 +1.015673221e+03 +1.015673221e+03
1906 0 +1.397712482e+01 +1.013977125e+03 +1.013977125e+03
2011 0 +1.241288897e+01 +1.012412889e+03 +1.012412889e+03
2137 0 +1.107324374e+01 +1.011073244e+03 +1.011073244e+03
2221 0 +9.794792000e+00 +1.009794792e+03 +1.009794792e+03
2284 0 +8.853089976e+00 +1.008853090e+03 +1.008853090e+03
2389 0 +7.941431694e+00 +1.007941432e+03 +1.007941432e+03
2452 0 +6.925402554e+00 +1.006925403e+03 +1.006925403e+03
2515 0 +6.256383712e+00 +1.006256384e+03 +1.006256384e+03
2557 0 +5.488968917e+00 +1.005488969e+03 +1.005488969e+03
2599 0 +4.924201043e+00 +1.004924201e+03 +1.004924201e+03
2641 0 +4.330702747e+00 +1.004330703e+03 +1.004330703e+03
2704 0 +3.843264875e+00 +1.003843265e+03 +1.003843265e+03
2767 0 +3.388124616e+00 +1.003388125e+03 +1.003388125e+03
2788 0 +2.987711301e+00 +1.002987711e+03 +1.002987711e+03
2809 0 +2.746971931e+00 +1.002746972e+03 +1.002746972e+03
2830 0 +2.438437252e+00 +1.002438437e+03 +1.002438437e+03
2872 0 +2.021486684e+00 +1.002021487e+03 +1.002021487e+03
2893 0 +1.804709894e+00 +1.001804710e+03 +1.001804710e+03
2914 0 +1.632962254e+00 +1.001632962e+03 +1.001632962e+03
2935 0 +1.374464054e+00 +1.001374464e+03 +1.001374464e+03
2956 0 +1.253310868e+00 +1.001253311e+03 +1.001253311e+03
2998 0 +1.052263696e+00 +1.001052264e+03 +1.001052264e+03
3019 0 +8.755274405e-01 +1.000875527e+03 +1.000875527e+03
3040 0 +7.048855391e-01 +1.000704886e+03 +1.000704886e+03
3061 0 +4.958805875e-01 +1.000495881e+03 +1.000495881e+03
3082 0 +3.756507996e-01 +1.000375651e+03 +1.000375651e+03
3103 0 +2.829019565e-01 +1.000282902e+03 +1.000282902e+03
3124 0 +2.365122416e-01 +1.000236512e+03 +1.000236512e+03
3145 0 +1.722131571e-01 +1.000172213e+03 +1.000172213e+03
3166 0 +1.353354081e-01 +1.000135335e+03 +1.000135335e+03
3187 0 +1.042740286e-01 +1.000104274e+03 +1.000104274e+03
3208 0 +7.629142522e-02 +1.000076291e+03 +1.000076291e+03
3229 0 +4.828324064e-02 +1.000048283e+03 +1.000048283e+03
3250 0 +2.768065721e-02 +1.000027681e+03 +1.000027681e+03
3271 0 +1.078962552e-02 +1.000010790e+03 +1.000010790e+03
3292 0 +4.666761973e-03 +1.000004667e+03 +1.000004667e+03
3334 0 +1.496243871e-03 +1.000001496e+03 +1.000001496e+03
3355 0 +4.824190694e-04 +1.000000482e+03 +1.000000482e+03
3376 0 +9.729942838e-05 +1.000000097e+03 +1.000000097e+03
3397 0 +1.538260278e-05 +1.000000015e+03 +1.000000015e+03
3418 0 +6.549289537e-07 +1.000000001e+03 +1.000000001e+03
3439 0 +7.522396572e-08 +1.000000000e+03 +1.000000000e+03
3460 0 +1.244620762e-08 +1.000000000e+03 +1.000000000e+03
3481 0 +8.549250197e-10 +1.000000000e+03 +1.000000000e+03
58825 0 +9.094947018e-13 +1.000000000e+03 +1.000000000e+03
59406 0 +0.000000000e+00 +1.000000000e+03 +1.000000000e+03
200008 0 +0.000000000e+00 +1.000000000e+03 +1.000000000e+03
% f evaluations | g evaluations | best noise-free fitness - Fopt (3.197000000000e+01) + sum g_i+ | measured fitness | best measured fitness or single-digit g-values | x1 | x2...
1 0 +2.566085749e+04 +2.569282749e+04 +2.569282749e+04
2 0 +7.793794136e+03 +7.825764136e+03 +7.825764136e+03
8 0 +3.063176071e+03 +3.095146071e+03 +3.095146071e+03
9 0 +1.611783448e+03 +1.643753448e+03 +1.643753448e+03
49 0 +1.475336400e+03 +1.507306400e+03 +1.507306400e+03
51 0 +8.063708100e+02 +8.383408100e+02 +8.383408100e+02
98 0 +7.269360041e+02 +7.589060041e+02 +7.589060041e+02
161 0 +6.379462851e+02 +6.699162851e+02 +6.699162851e+02
196 0 +5.677856495e+02 +5.997556495e+02 +5.997556495e+02
211 0 +4.273064920e+02 +4.592764920e+02 +4.592764920e+02
227 0 +3.384569312e+02 +3.704269312e+02 +3.704269312e+02
234 0 +3.103547770e+02 +3.423247770e+02 +3.423247770e+02
265 0 +2.648429816e+02 +2.968129816e+02 +2.968129816e+02
295 0 +2.409683903e+02 +2.729383903e+02 +2.729383903e+02
315 0 +1.582983296e+02 +1.902683296e+02 +1.902683296e+02
378 0 +1.397267364e+02 +1.716967364e+02 +1.716967364e+02
424 0 +1.090111487e+02 +1.409811487e+02 +1.409811487e+02
516 0 +8.087105358e+01 +1.128410536e+02 +1.128410536e+02
534 0 +7.914856778e+01 +1.111185678e+02 +1.111185678e+02
545 0 +6.009334788e+01 +9.206334788e+01 +9.206334788e+01
653 0 +5.171348347e+01 +8.368348347e+01 +8.368348347e+01
662 0 +4.968207007e+01 +8.165207007e+01 +8.165207007e+01
690 0 +3.653300555e+01 +6.850300555e+01 +6.850300555e+01
727 0 +3.475469265e+01 +6.672469265e+01 +6.672469265e+01
758 0 +3.054405255e+01 +6.251405255e+01 +6.251405255e+01
782 0 +2.758537152e+01 +5.955537152e+01 +5.955537152e+01
814 0 +2.484784148e+01 +5.681784148e+01 +5.681784148e+01
870 0 +2.146375633e+01 +5.343375633e+01 +5.343375633e+01
937 0 +1.952367655e+01 +5.149367655e+01 +5.149367655e+01
1045 0 +1.759199956e+01 +4.956199956e+01 +4.956199956e+01
1570 0 +1.571332589e+01 +4.768332589e+01 +4.768332589e+01
1822 0 +1.403560029e+01 +4.600560029e+01 +4.600560029e+01
1948 0 +1.240993123e+01 +4.437993123e+01 +4.437993123e+01
2032 0 +1.121127727e+01 +4.318127727e+01 +4.318127727e+01
2137 0 +9.831219049e+00 +4.180121905e+01 +4.180121905e+01
2221 0 +8.855114839e+00 +4.082511484e+01 +4.082511484e+01
2305 0 +7.774483276e+00 +3.974448328e+01 +3.974448328e+01
2389 0 +6.970791466e+00 +3.894079147e+01 +3.894079147e+01
2473 0 +6.229538597e+00 +3.819953860e+01 +3.819953860e+01
2515 0 +5.608684517e+00 +3.757868452e+01 +3.757868452e+01
2557 0 +4.830536049e+00 +3.680053605e+01 +3.680053605e+01
2620 0 +4.239818664e+00 +3.620981866e+01 +3.620981866e+01
2641 0 +3.886548987e+00 +3.585654899e+01 +3.585654899e+01
2704 0 +3.310018296e+00 +3.528001830e+01 +3.528001830e+01
2725 0 +3.047073612e+00 +3.501707361e+01 +3.501707361e+01
2746 0 +2.777447280e+00 +3.474744728e+01 +3.474744728e+01
2767 0 +2.481559502e+00 +3.445155950e+01 +3.445155950e+01
2788 0 +2.109421271e+00 +3.407942127e+01 +3.407942127e+01
2809 0 +1.860768662e+00 +3.383076866e+01 +3.383076866e+01
2830 0 +1.651911548e+00 +3.362191155e+01 +3.362191155e+01
2851 0 +1.333607425e+00 +3.330360743e+01 +3.330360743e+01
2872 0 +1.158326763e+00 +3.312832676e+01 +3.312832676e+01
2893 0 +9.429266793e-01 +3.291292668e+01 +3.291292668e+01
2914 0 +7.867374439e-01 +3.275673744e+01 +3.275673744e+01
2935 0 +5.609194150e-01 +3.253091942e+01 +3.253091942e+01
2956 0 +4.452733441e-01 +3.241527334e+01 +3.241527334e+01
2977 0 +3.920098778e-01 +3.236200988e+01 +3.236200988e+01
2998 0 +3.093886610e-01 +3.227938866e+01 +3.227938866e+01
3019 0 +2.194776872e-01 +3.218947769e+01 +3.218947769e+01
3040 0 +1.760849143e-01 +3.214608491e+01 +3.214608491e+01
3061 0 +1.114684067e-01 +3.208146841e+01 +3.208146841e+01
3103 0 +8.077120260e-02 +3.205077120e+01 +3.205077120e+01
3124 0 +4.259847102e-02 +3.201259847e+01 +3.201259847e+01
3145 0 +2.848568635e-02 +3.199848569e+01 +3.199848569e+01
3166 0 +1.360517400e-02 +3.198360517e+01 +3.198360517e+01
3187 0 +5.847294678e-03 +3.197584729e+01 +3.197584729e+01
3208 0 +2.371942527e-03 +3.197237194e+01 +3.197237194e+01
3229 0 +4.892184673e-04 +3.197048922e+01 +3.197048922e+01
3250 0 +5.848326193e-05 +3.197005848e+01 +3.197005848e+01
3271 0 +5.168964023e-06 +3.197000517e+01 +3.197000517e+01
3292 0 +6.392021490e-07 +3.197000064e+01 +3.197000064e+01
3313 0 +3.612570865e-08 +3.197000004e+01 +3.197000004e+01
3334 0 +6.435669775e-10 +3.197000000e+01 +3.197000000e+01
57256 0 +9.876544027e-13 +3.197000000e+01 +3.197000000e+01
59380 0 +0.000000000e+00 +3.197000000e+01 +3.197000000e+01
200226 0 +0.000000000e+00 +3.197000000e+01 +3.197000000e+01
% f evaluations | g evaluations | best noise-free fitness - Fopt (5.819000000000e+01) + sum g_i+ | measured fitness | best measured fitness or single-digit g-values | x1 | x2...
1 0 +6.374724716e+03 +6.432914716e+03 +6.432914716e+03
2 0 +3.976619630e+03 +4.034809630e+03 +4.034809630e+03
9 0 +2.300404036e+03 +2.358594036e+03 +2.358594036e+03
55 0 +1.961360459e+03 +2.019550459e+03 +2.019550459e+03
62 0 +1.608964731e+03 +1.667154731e+03 +1.667154731e+03
89 0 +1.576040868e+03 +1.634230868e+03 +1.634230868e+03
102 0 +1.389725901e+03 +1.447915901e+03 +1.447915901e+03
110 0 +1.176368378e+03 +1.234558378e+03 +1.234558378e+03
119 0 +1.059652852e+03 +1.117842852e+03 +1.117842852e+03
132 0 +8.214176325e+02 +8.796076325e+02 +8.796076325e+02
138 0 +4.939552263e+02 +5.521452263e+02 +5.521452263e+02
203 0 +3.605106590e+02 +4.187006590e+02 +4.187006590e+02
218 0 +3.522010730e+02 +4.103910730e+02 +4.103910730e+02
306 0 +2.542447203e+02 +3.124347203e+02 +3.124347203e+02
317 0 +2.476277901e+02 +3.058177901e+02 +3.058177901e+02
353 0 +1.906007579e+02 +2.487907579e+02 +2.487907579e+02
416 0 +1.710209838e+02 +2.292109838e+02 +2.292109838e+02
447 0 +1.444247721e+02 +2.026147721e+02 +2.026147721e+02
455 0 +1.339880840e+02 +1.921780840e+02 +1.921780840e+02
463 0 +1.256668117e+02 +1.838568117e+02 +1.838568117e+02
475 0 +1.067703745e+02 +1.649603745e+02 +1.649603745e+02
485 0 +9.951283253e+01 +1.577028325e+02 +1.577028325e+02
500 0 +8.711983295e+01 +1.453098329e+02 +1.453098329e+02
523 0 +7.316298742e+01 +1.313529874e+02 +1.313529874e+02
536 0 +6.425300148e+01 +1.224430015e+02 +1.224430015e+02
596 0 +5.829368819e+01 +1.164836882e+02 +1.164836882e+02
611 0 +5.066907783e+01 +1.088590778e+02 +1.088590778e+02
650 0 +4.070030116e+01 +9.889030116e+01 +9.889030116e+01
716 0 +3.550638409e+01 +9.369638409e+01 +9.369638409e+01
737 0 +3.387985376e+01 +9.206985376e+01 +9.206985376e+01
751 0 +2.844744645e+01 +8.663744645e+01 +8.663744645e+01
753 0 +2.771269986e+01 +8.590269986e+01 +8.590269986e+01
782 0 +2.414772141e+01 +8.233772141e+01 +8.233772141e+01
912 0 +2.112551139e+01 +7.931551139e+01 +7.931551139e+01
941 0 +1.939755783e+01 +7.758755783e+01 +7.758755783e+01
1108 0 +1.765943012e+01 +7.584943012e+01 +7.584943012e+01
1612 0 +1.581887863e+01 +7.400887863e+01 +7.400887863e+01
1885 0 +1.388097685e+01 +7.207097685e+01 +7.207097685e+01
2011 0 +1.242912554e+01 +7.061912554e+01 +7.061912554e+01
2116 0 +1.108355352e+01 +6.927355352e+01 +6.927355352e+01
2242 0 +9.971717344e+00 +6.816171734e+01 +6.816171734e+01
2326 0 +8.782997418e+00 +6.697299742e+01 +6.697299742e+01
2389 0 +7.927278843e+00 +6.611727884e+01 +6.611727884e+01
2515 0 +6.873370374e+00 +6.506337037e+01 +6.506337037e+01
2557 0 +6.148689723e+00 +6.433868972e+01 +6.433868972e+01
2620 0 +5.554735908e+00 +6.374473591e+01 +6.374473591e+01
2662 0 +4.797140199e+00 +6.298714020e+01 +6.298714020e+01
2704 0 +4.384693407e+00 +6.257469341e+01 +6.257469341e+01
2746 0 +3.693895196e+00 +6.188389520e+01 +6.188389520e+01
2767 0 +3.543784365e+00 +6.173378437e+01 +6.173378437e+01
2809 0 +2.989967384e+00 +6.117996738e+01 +6.117996738e+01
2830 0 +2.706506561e+00 +6.089650656e+01 +6.089650656e+01
2851 0 +2.396271301e+00 +6.058627130e+01 +6.058627130e+01
2872 0 +2.148421804e+00 +6.033842180e+01 +6.033842180e+01
2893 0 +1.899443716e+00 +6.008944372e+01 +6.008944372e+01
2914 0 +1.603421019e+00 +5.979342102e+01 +5.979342102e+01
2935 0 +1.305964948e+00 +5.949596495e+01 +5.949596495e+01
2956 0 +1.147470623e+00 +5.933747062e+01 +5.933747062e+01
2977 0 +9.426149195e-01 +5.913261492e+01 +5.913261492e+01
2998 0 +7.614637023e-01 +5.895146370e+01 +5.895146370e+01
3019 0 +5.657141167e-01 +5.875571412e+01 +5.875571412e+01
3040 0 +5.606615253e-01 +5.875066153e+01 +5.875066153e+01
3061 0 +4.678212492e-01 +5.865782125e+01 +5.865782125e+01
3082 0 +3.457196611e-01 +5.853571966e+01 +5.853571966e+01
3124 0 +2.967356048e-01 +5.848673560e+01 +5.848673560e+01
3145 0 +2.155207740e-01 +5.840552077e+01 +5.840552077e+01
3166 0 +1.339237380e-01 +5.832392374e+01 +5.832392374e+01
3187 0 +1.205329879e-01 +5.831053299e+01 +5.831053299e+01
3208 0 +9.642099485e-02 +5.828642099e+01 +5.828642099e+01
3229 0 +5.878013315e-02 +5.824878013e+01 +5.824878013e+01
3250 0 +4.753474722e-02 +5.823753475e+01 +5.823753475e+01
3271 0 +3.442906893e-02 +5.822442907e+01 +5.822442907e+01
3292 0 +2.513335700e-02 +5.821513336e+01 +5.821513336e+01
3313 0 +1.120579340e-02 +5.820120579e+01 +5.820120579e+01
3334 0 +5.890316892e-03 +5.819589032e+01 +5.819589032e+01
3355 0 +1.929169973e-03 +5.819192917e+01 +5.819192917e+01
3376 0 +7.426156314e-04 +5.819074262e+01 +5.819074262e+01
3397 0 +1.731149042e-04 +5.819017311e+01 +5.819017311e+01
3418 0 +7.188130205e-06 +5.819000719e+01 +5.819000719e+01
3439 0 +8.253606296e-07 +5.819000083e+01 +5.819000083e+01
3460 0 +5.310175766e-08 +5.819000005e+01 +5.819000005e+01
3481 0 +9.029591297e-09 +5.819000001e+01 +5.819000001e+01
53921 0 +9.876544027e-13 +5.819000000e+01 +5.819000000e+01
200000 0 +7.105427358e-15 +5.819000000e+01 +5.819000000e+01
% f evaluations | g evaluations | best noise-free fitness - Fopt (-4.840000000000e+00) + sum g_i+ | measured fitness | best measured fitness or single-digit g-values | x1 | x2...
1 0 +1.054975988e+04 +1.054491988e+04 +1.054491988e+04
2 0 +2.391411272e+03 +2.386571272e+03 +2.386571272e+03
9 0 +1.339685045e+03 +1.334845045e+03 +1.334845045e+03
39 0 +1.176818444e+03 +1.171978444e+03 +1.171978444e+03
82 0 +1.083261933e+03 +1.078421933e+03 +1.078421933e+03
91 0 +8.421935280e+02 +8.373535280e+02 +8.373535280e+02
98 0 +6.040035564e+02 +5.991635564e+02 +5.991635564e+02
141 0 +5.283359672e+02 +5.234959672e+02 +5.234959672e+02
148 0 +4.154777331e+02 +4.106377331e+02 +4.106377331e+02
190 0 +3.693317430e+02 +3.644917430e+02 +3.644917430e+02
198 0 +2.810115783e+02 +2.761715783e+02 +2.761715783e+02
265 0 +2.316542856e+02 +2.268142856e+02 +2.268142856e+02
295 0 +1.815671047e+02 +1.767271047e+02 +1.767271047e+02
303 0 +1.177149527e+02 +1.128749527e+02 +1.128749527e+02
341 0 +1.056416651e+02 +1.008016651e+02 +1.008016651e+02
389 0 +7.869722846e+01 +7.385722846e+01 +7.385722846e+01
420 0 +7.014486949e+01 +6.530486949e+01 +6.530486949e+01
492 0 +5.432152248e+01 +4.948152248e+01 +4.948152248e+01
544 0 +4.288422947e+01 +3.804422947e+01 +3.804422947e+01
609 0 +3.223065038e+01 +2.739065038e+01 +2.739065038e+01
691 0 +2.743923107e+01 +2.259923107e+01 +2.259923107e+01
730 0 +2.367517747e+01 +1.883517747e+01 +1.883517747e+01
764 0 +2.238627465e+01 +1.754627465e+01 +1.754627465e+01
806 0 +1.977298766e+01 +1.493298766e+01 +1.493298766e+01
922 0 +1.728893903e+01 +1.244893903e+01 +1.244893903e+01
1003 0 +1.560911519e+01 +1.076911519e+01 +1.076911519e+01
1318 0 +1.394726240e+01 +9.107262403e+00 +9.107262403e+00
1633 0 +1.247228649e+01 +7.632286485e+00 +7.632286485e+00
1843 0 +1.091520562e+01 +6.075205622e+00 +6.075205622e+00
1948 0 +9.738633074e+00 +4.898633074e+00 +4.898633074e+00
2032 0 +8.750473827e+00 +3.910473827e+00 +3.910473827e+00
2116 0 +7.832657145e+00 +2.992657145e+00 +2.992657145e+00
2200 0 +6.743361181e+00 +1.903361181e+00 +1.903361181e+00
2242 0 +6.226091178e+00 +1.386091178e+00 +1.386091178e+00
2305 0 +5.595323844e+00 +7.553238436e-01 +7.553238436e-01
2368 0 +4.979255312e+00 +1.392553122e-01 +1.392553122e-01
2410 0 +4.445709391e+00 -3.942906087e-01 -3.942906087e-01
2452 0 +3.759552392e+00 -1.080447608e+00 -1.080447608e+00
2494 0 +3.544018698e+00 -1.295981302e+00 -1.295981302e+00
2536 0 +2.808632990e+00 -2.031367010e+00 -2.031367010e+00
2578 0 +2.290339303e+00 -2.549660697e+00 -2.549660697e+00
2599 0 +1.985077011e+00 -2.854922989e+00 -2.854922989e+00
2620 0 +1.576167222e+00 -3.263832778e+00 -3.263832778e+00
2683 0 +1.233152990e+00 -3.606847010e+00 -3.606847010e+00
2704 0 +9.266138509e-01 -3.913386149e+00 -3.913386149e+00
2725 0 +6.647071332e-01 -4.175292867e+00 -4.175292867e+00
2746 0 +4.815444675e-01 -4.358455532e+00 -4.358455532e+00
2788 0 +4.038140092e-01 -4.436185991e+00 -4.436185991e+00
2809 0 +3.079642098e-01 -4.532035790e+00 -4.532035790e+00
2830 0 +2.077509351e-01 -4.632249065e+00 -4.632249065e+00
2851 0 +1.466583231e-01 -4.693341677e+00 -4.693341677e+00
2872 0 +1.252419184e-01 -4.714758082e+00 -4.714758082e+00
2893 0 +1.059365058e-01 -4.734063494e+00 -4.734063494e+00
2914 0 +5.560941197e-02 -4.784390588e+00 -4.784390588e+00
2935 0 +4.674476311e-02 -4.793255237e+00 -4.793255237e+00
2956 0 +3.956913290e-02 -4.800430867e+00 -4.800430867e+00
2977 0 +1.933182691e-02 -4.820668173e+00 -4.820668173e+00
2998 0 +1.190753855e-02 -4.828092461e+00 -4.828092461e+00
3019 0 +4.623611617e-03 -4.835376388e+00 -4.835376388e+00
3040 0 +1.607761823e-03 -4.838392238e+00 -4.838392238e+00
3061 0 +3.773380071e-04 -4.839622662e+00 -4.839622662e+00
3082 0 +4.651520382e-05 -4.839953485e+00 -4.839953485e+00
3103 0 +7.889827485e-06 -4.839992110e+00 -4.839992110e+00
3124 0 +4.351968128e-07 -4.839999565e+00 -4.839999565e+00
3145 0 +9.805048506e-08 -4.839999902e+00 -4.839999902e+00
3166 0 +6.945430009e-09 -4.839999993e+00 -4.839999993e+00
53412 0 +9.858780459e-13 -4.840000000e+00 -4.840000000e+00
56572 0 +0.000000000e+00 -4.840000000e+00 -4.840000000e+00
200006 0 +0.000000000e+00 -4.840000000e+00 -4.840000000e+00
% f evaluations | g evaluations | best noise-free fitness - Fopt (-6.337000000000e+01) + sum g_i+ | measured fitness | best measured fitness or single-digit g-values | x1 | x2...
1 0 +1.040300366e+04 +1.033963366e+04 +1.033963366e+04
2 0 +3.801783057e+03 +3.738413057e+03 +3.738413057e+03
9 0 +1.613724980e+03 +1.550354980e+03 +1.550354980e+03
45 0 +1.090447215e+03 +1.027077215e+03 +1.027077215e+03
91 0 +8.626469639e+02 +7.992769639e+02 +7.992769639e+02
124 0 +7.894764839e+02 +7.261064839e+02 +7.261064839e+02
125 0 +5.869837623e+02 +5.236137623e+02 +5.236137623e+02
160 0 +5.308142421e+02 +4.674442421e+02 +4.674442421e+02
162 0 +4.487460333e+02 +3.853760333e+02 +3.853760333e+02
171 0 +3.263801922e+02 +2.630101922e+02 +2.630101922e+02
190 0 +2.801190050e+02 +2.167490050e+02 +2.167490050e+02
202 0 +2.414203644e+02 +1.780503644e+02 +1.780503644e+02
231 0 +1.786776637e+02 +1.153076637e+02 +1.153076637e+02
317 0 +1.719410718e+02 +1.085710718e+02 +1.085710718e+02
344 0 +1.243785665e+02 +6.100856652e+01 +6.100856652e+01
387 0 +8.176110357e+01 +1.839110357e+01 +1.839110357e+01
407 0 +7.767912794e+01 +1.430912794e+01 +1.430912794e+01
423 0 +6.967869301e+01 +6.308693009e+00 +6.308693009e+00
465 0 +4.835606500e+01 -1.501393500e+01 -1.501393500e+01
508 0 +3.810845823e+01 -2.526154177e+01 -2.526154177e+01
532 0 +3.322531291e+01 -3.014468709e+01 -3.014468709e+01
583 0 +3.014350418e+01 -3.322649582e+01 -3.322649582e+01
668 0 +2.651980796e+01 -3.685019204e+01 -3.685019204e+01
702 0 +2.192999285e+01 -4.144000715e+01 -4.144000715e+01
829 0 +1.970969733e+01 -4.366030267e+01 -4.366030267e+01
1108 0 +1.753856859e+01 -4.583143141e+01 -4.583143141e+01
1465 0 +1.582050655e+01 -4.754949345e+01 -4.754949345e+01
1801 0 +1.407632870e+01 -4.929367130e+01 -4.929367130e+01
1948 0 +1.242217841e+01 -5.094782159e+01 -5.094782159e+01
2074 0 +1.094456031e+01 -5.242543969e+01 -5.242543969e+01
2179 0 +9.794881773e+00 -5.357511823e+01 -5.357511823e+01
2284 0 +8.828202831e+00 -5.454179717e+01 -5.454179717e+01
2347 0 +7.698744348e+00 -5.567125565e+01 -5.567125565e+01
2431 0 +6.956279505e+00 -5.641372049e+01 -5.641372049e+01
2515 0 +6.098438067e+00 -5.727156193e+01 -5.727156193e+01
2557 0 +5.452580744e+00 -5.791741926e+01 -5.791741926e+01
2599 0 +4.976999399e+00 -5.839300060e+01 -5.839300060e+01
2641 0 +4.184038529e+00 -5.918596147e+01 -5.918596147e+01
2704 0 +3.752230586e+00 -5.961776941e+01 -5.961776941e+01
2725 0 +3.388604582e+00 -5.998139542e+01 -5.998139542e+01
2746 0 +2.959681189e+00 -6.041031881e+01 -6.041031881e+01
2809 0 +2.603117778e+00 -6.076688222e+01 -6.076688222e+01
2830 0 +2.241713074e+00 -6.112828693e+01 -6.112828693e+01
2851 0 +1.849640762e+00 -6.152035924e+01 -6.152035924e+01
2893 0 +1.659067498e+00 -6.171093250e+01 -6.171093250e+01
2914 0 +1.434808364e+00 -6.193519164e+01 -6.193519164e+01
2935 0 +1.103885471e+00 -6.226611453e+01 -6.226611453e+01
2977 0 +9.256352148e-01 -6.244436479e+01 -6.244436479e+01
2998 0 +7.509144311e-01 -6.261908557e+01 -6.261908557e+01
3040 0 +6.452212139e-01 -6.272477879e+01 -6.272477879e+01
3061 0 +4.807734301e-01 -6.288922657e+01 -6.288922657e+01
3082 0 +3.269377062e-01 -6.304306229e+01 -6.304306229e+01
3124 0 +2.619802074e-01 -6.310801979e+01 -6.310801979e+01
3145 0 +2.041611333e-01 -6.316583887e+01 -6.316583887e+01
3166 0 +1.532542414e-01 -6.321674576e+01 -6.321674576e+01
3187 0 +1.109737033e-01 -6.325902630e+01 -6.325902630e+01
3208 0 +6.926407169e-02 -6.330073593e+01 -6.330073593e+01
3229 0 +3.232824787e-02 -6.333767175e+01 -6.333767175e+01
3250 0 +1.768067826e-02 -6.335231932e+01 -6.335231932e+01
3292 0 +9.749418234e-03 -6.336025058e+01 -6.336025058e+01
3313 0 +4.928985299e-03 -6.336507101e+01 -6.336507101e+01
3334 0 +1.560401624e-03 -6.336843960e+01 -6.336843960e+01
3355 0 +8.559226340e-04 -6.336914408e+01 -6.336914408e+01
3376 0 +1.337812175e-04 -6.336986622e+01 -6.336986622e+01
3397 0 +3.725293027e-05 -6.336996275e+01 -6.336996275e+01
3418 0 +3.386132711e-06 -6.336999661e+01 -6.336999661e+01
3439 0 +6.364439002e-07 -6.336999936e+01 -6.336999936e+01
3460 0 +6.424770049e-08 -6.336999994e+01 -6.336999994e+01
3481 0 +8.887141689e-09 -6.336999999e+01 -6.336999999e+01
58190 0 +9.023892744e-13 -6.337000000e+01 -6.337000000e+01
60368 0 +0.000000000e+00 -6.337000000e+01 -6.337000000e+01
200764 0 +0.000000000e+00 -6.337000000e+01 -6.337000000e+01
% f evaluations | g evaluations | best noise-free fitness - Fopt (2.750000000000e+00) + sum g_i+ | measured fitness | best measured fitness or single-digit g-values | x1 | x2...
1 0 +2.125650132e+04 +2.125925132e+04 +2.125925132e+04
2 0 +3.327988451e+03 +3.330738451e+03 +3.330738451e+03
8 0 +2.864945315e+03 +2.867695315e+03 +2.867695315e+03
9 0 +2.542427550e+03 +2.545177550e+03 +2.545177550e+03
17 0 +2.188351179e+03 +2.191101179e+03 +2.191101179e+03
82 0 +1.993312007e+03 +1.996062007e+03 +1.996062007e+03
83 0 +1.710641267e+03 +1.713391267e+03 +1.713391267e+03
93 0 +1.413981843e+03 +1.416731843e+03 +1.416731843e+03
97 0 +1.319008462e+03 +1.321758462e+03 +1.321758462e+03
98 0 +7.704970810e+02 +7.732470810e+02 +7.732470810e+02
124 0 +5.355205949e+02 +5.382705949e+02 +5.382705949e+02
141 0 +3.519798172e+02 +3.547298172e+02 +3.547298172e+02
211 0 +2.909330775e+02 +2.936830775e+02 +2.936830775e+02
257 0 +2.258010282e+02 +2.285510282e+02 +2.285510282e+02
286 0 +2.217588425e+02 +2.245088425e+02 +2.245088425e+02
296 0 +1.984211959e+02 +2.011711959e+02 +2.011711959e+02
317 0 +1.566021536e+02 +1.593521536e+02 +1.593521536e+02
332 0 +1.211415187e+02 +1.238915187e+02 +1.238915187e+02
417 0 +8.527927367e+01 +8.802927367e+01 +8.802927367e+01
469 0 +5.564162033e+01 +5.839162033e+01 +5.839162033e+01
491 0 +4.460251992e+01 +4.735251992e+01 +4.735251992e+01
516 0 +3.330286468e+01 +3.605286468e+01 +3.605286468e+01
618 0 +3.108326054e+01 +3.383326054e+01 +3.383326054e+01
714 0 +2.567421487e+01 +2.842421487e+01 +2.842421487e+01
729 0 +2.466322999e+01 +2.741322999e+01 +2.741322999e+01
787 0 +2.208873321e+01 +2.483873321e+01 +2.483873321e+01
961 0 +1.982922392e+01 +2.257922392e+01 +2.257922392e+01
1759 0 +1.770069774e+01 +2.045069774e+01 +2.045069774e+01
1906 0 +1.577365735e+01 +1.852365735e+01 +1.852365735e+01
2032 0 +1.388373882e+01 +1.663373882e+01 +1.663373882e+01
2158 0 +1.238660249e+01 +1.513660249e+01 +1.513660249e+01
2284 0 +1.097423960e+01 +1.372423960e+01 +1.372423960e+01
2389 0 +9.850765729e+00 +1.260076573e+01 +1.260076573e+01
2452 0 +8.858453554e+00 +1.160845355e+01 +1.160845355e+01
2536 0 +7.867234052e+00 +1.061723405e+01 +1.061723405e+01
2599 0 +6.994847109e+00 +9.744847109e+00 +9.744847109e+00
2704 0 +5.993349051e+00 +8.743349051e+00 +8.743349051e+00
2725 0 +5.604620374e+00 +8.354620374e+00 +8.354620374e+00
2809 0 +4.886333858e+00 +7.636333858e+00 +7.636333858e+00
2851 0 +4.168472705e+00 +6.918472705e+00 +6.918472705e+00
2872 0 +3.851497299e+00 +6.601497299e+00 +6.601497299e+00
2914 0 +3.324356420e+00 +6.074356420e+00 +6.074356420e+00
2935 0 +2.894917724e+00 +5.644917724e+00 +5.644917724e+00
2956 0 +2.569077827e+00 +5.319077827e+00 +5.319077827e+00
2977 0 +2.237419142e+00 +4.987419142e+00 +4.987419142e+00
3019 0 +1.711818053e+00 +4.461818053e+00 +4.461818053e+00
3040 0 +1.347912258e+00 +4.097912258e+00 +4.097912258e+00
3061 0 +1.209191433e+00 +3.959191433e+00 +3.959191433e+00
3103 0 +1.005207474e+00 +3.755207474e+00 +3.755207474e+00
3124 0 +9.578882546e-01 +3.707888255e+00 +3.707888255e+00
3145 0 +7.419357563e-01 +3.491935756e+00 +3.491935756e+00
3166 0 +5.347117515e-01 +3.284711751e+00 +3.284711751e+00
3187 0 +4.087600950e-01 +3.158760095e+00 +3.158760095e+00
3208 0 +3.494309040e-01 +3.099430904e+00 +3.099430904e+00
3250 0 +2.038978681e-01 +2.953897868e+00 +2.953897868e+00
3271 0 +1.811645234e-01 +2.931164523e+00 +2.931164523e+00
3292 0 +1.460970451e-01 +2.896097045e+00 +2.896097045e+00
3313 0 +9.898125087e-02 +2.848981251e+00 +2.848981251e+00
3334 0 +6.921450493e-02 +2.819214505e+00 +2.819214505e+00
3355 0 +2.899846621e-02 +2.778998466e+00 +2.778998466e+00
3397 0 +1.978172677e-02 +2.769781727e+00 +2.769781727e+00
3418 0 +1.423561163e-02 +2.764235612e+00 +2.764235612e+00
3439 0 +8.273656496e-03 +2.758273656e+00 +2.758273656e+00
3460 0 +3.048777800e-03 +2.753048778e+00 +2.753048778e+00
3481 0 +6.541204329e-04 +2.750654120e+00 +2.750654120e+00
3502 0 +9.561689161e-05 +2.750095617e+00 +2.750095617e+00
3523 0 +2.308899356e-05 +2.750023089e+00 +2.750023089e+00
3544 0 +4.240931171e-06 +2.750004241e+00 +2.750004241e+00
3565 0 +1.893899060e-06 +2.750001894e+00 +2.750001894e+00
3586 0 +2.774849461e-08 +2.750000028e+00 +2.750000028e+00
3607 0 +6.503348526e-09 +2.750000007e+00 +2.750000007e+00
64962 0 +9.765521725e-13 +2.750000000e+00 +2.750000000e+00
67491 0 +0.000000000e+00 +2.750000000e+00 +2.750000000e+00
200000 0 +0.000000000e+00 +2.750000000e+00 +2.750000000e+00
% f evaluations | g evaluations | best noise-free fitness - Fopt (-4.681000000000e+01) + sum g_i+ | measured fitness | best measured fitness or single-digit g-values | x1 | x2...
1 0 +2.089973313e+04 +2.085292313e+04 +2.085292313e+04
2 0 +3.176465402e+03 +3.129655402e+03 +3.129655402e+03
9 0 +9.366415245e+02 +8.898315245e+02 +8.898315245e+02
176 0 +6.573157199e+02 +6.105057199e+02 +6.105057199e+02
192 0 +6.041987378e+02 +5.573887378e+02 +5.573887378e+02
201 0 +5.611534884e+02 +5.143434884e+02 +5.143434884e+02
211 0 +4.362607955e+02 +3.894507955e+02 +3.894507955e+02
250 0 +2.897475162e+02 +2.429375162e+02 +2.429375162e+02
302 0 +2.594946037e+02 +2.126846037e+02 +2.126846037e+02
400 0 +2.140010608e+02 +1.671910608e+02 +1.671910608e+02
505 0 +1.987067729e+02 +1.518967729e+02 +1.518967729e+02
516 0 +1.618381308e+02 +1.150281308e+02 +1.150281308e+02
544 0 +1.367973469e+02 +8.998734688e+01 +8.998734688e+01
557 0 +1.255000509e+02 +7.869005089e+01 +7.869005089e+01
591 0 +1.073560270e+02 +6.054602696e+01 +6.054602696e+01
616 0 +8.831452764e+01 +4.150452764e+01 +4.150452764e+01
653 0 +6.749053853e+01 +2.068053853e+01 +2.068053853e+01
657 0 +6.285619077e+01 +1.604619077e+01 +1.604619077e+01
694 0 +5.576363628e+01 +8.953636283e+00 +8.953636283e+00
713 0 +4.517500628e+01 -1.634993722e+00 -1.634993722e+00
734 0 +3.967889465e+01 -7.131105352e+00 -7.131105352e+00
806 0 +3.421948151e+01 -1.259051849e+01 -1.259051849e+01
865 0 +2.916501991e+01 -1.764498009e+01 -1.764498009e+01
869 0 +2.736298508e+01 -1.944701492e+01 -1.944701492e+01
949 0 +2.487863804e+01 -2.193136196e+01 -2.193136196e+01
1003 0 +1.966977268e+01 -2.714022732e+01 -2.714022732e+01
1906 0 +1.775844916e+01 -2.905155084e+01 -2.905155084e+01
2053 0 +1.577302599e+01 -3.103697401e+01 -3.103697401e+01
2158 0 +1.390236363e+01 -3.290763637e+01 -3.290763637e+01
2305 0 +1.232716332e+01 -3.448283668e+01 -3.448283668e+01
2410 0 +1.111565422e+01 -3.569434578e+01 -3.569434578e+01
2536 0 +9.772492183e+00 -3.703750782e+01 -3.703750782e+01
2599 0 +8.763365471e+00 -3.804663453e+01 -3.804663453e+01
2662 0 +7.896496545e+00 -3.891350346e+01 -3.891350346e+01
2746 0 +7.021901768e+00 -3.978809823e+01 -3.978809823e+01
2809 0 +6.114143054e+00 -4.069585695e+01 -4.069585695e+01
2851 0 +5.566514844e+00 -4.124348516e+01 -4.124348516e+01
2914 0 +5.003701358e+00 -4.180629864e+01 -4.180629864e+01
2956 0 +4.230618107e+00 -4.257938189e+01 -4.257938189e+01
2998 0 +3.839266037e+00 -4.297073396e+01 -4.297073396e+01
3040 0 +3.167660193e+00 -4.364233981e+01 -4.364233981e+01
3061 0 +2.859662978e+00 -4.395033702e+01 -4.395033702e+01
3082 0 +2.485965206e+00 -4.432403479e+01 -4.432403479e+01
3103 0 +2.107946256e+00 -4.470205374e+01 -4.470205374e+01
3145 0 +1.951075328e+00 -4.485892467e+01 -4.485892467e+01
3166 0 +1.716281864e+00 -4.509371814e+01 -4.509371814e+01
3187 0 +1.459042474e+00 -4.535095753e+01 -4.535095753e+01
3208 0 +1.131487948e+00 -4.567851205e+01 -4.567851205e+01
3229 0 +1.025139783e+00 -4.578486022e+01 -4.578486022e+01
3250 0 +9.264421266e-01 -4.588355787e+01 -4.588355787e+01
3271 0 +6.720924841e-01 -4.613790752e+01 -4.613790752e+01
3292 0 +5.090374243e-01 -4.630096258e+01 -4.630096258e+01
3334 0 +4.116463610e-01 -4.639835364e+01 -4.639835364e+01
3355 0 +2.995103927e-01 -4.651048961e+01 -4.651048961e+01
3376 0 +1.956058438e-01 -4.661439416e+01 -4.661439416e+01
3397 0 +1.278220524e-01 -4.668217795e+01 -4.668217795e+01
3418 0 +1.030948931e-01 -4.670690511e+01 -4.670690511e+01
3439 0 +5.768025693e-02 -4.675231974e+01 -4.675231974e+01
3460 0 +4.561967992e-02 -4.676438032e+01 -4.676438032e+01
3481 0 +2.785288611e-02 -4.678214711e+01 -4.678214711e+01
3523 0 +1.592487037e-02 -4.679407513e+01 -4.679407513e+01
3544 0 +1.272821475e-02 -4.679727179e+01 -4.679727179e+01
3565 0 +1.077887267e-02 -4.679922113e+01 -4.679922113e+01
3586 0 +7.473365270e-03 -4.680252663e+01 -4.680252663e+01
3607 0 +2.812042013e-03 -4.680718796e+01 -4.680718796e+01
3628 0 +7.320690487e-04 -4.680926793e+01 -4.680926793e+01
3649 0 +7.817344464e-05 -4.680992183e+01 -4.680992183e+01
3691 0 +1.718429768e-05 -4.680998282e+01 -4.680998282e+01
3712 0 +2.362225587e-06 -4.680999764e+01 -4.680999764e+01
3733 0 +3.538454934e-07 -4.680999965e+01 -4.680999965e+01
3754 0 +1.904135161e-08 -4.680999998e+01 -4.680999998e+01
3775 0 +3.822243855e-09 -4.681000000e+01 -4.681000000e+01
70185 0 +7.318590178e-13 -4.681000000e+01 -4.681000000e+01
200624 0 +7.105427358e-15 -4.681000000e+01 -4.681000000e+01
% f evaluations | g evaluations | best noise-free fitness - Fopt (6.134000000000e+01) + sum g_i+ | measured fitness | best measured fitness or single-digit g-values | x1 | x2...
1 0 +6.796784145e+03 +6.858124145e+03 +6.858124145e+03
2 0 +3.215219822e+03 +3.276559822e+03 +3.276559822e+03
9 0 +1.898886856e+03 +1.960226856e+03 +1.960226856e+03
24 0 +1.730907016e+03 +1.792247016e+03 +1.792247016e+03
91 0 +1.040345126e+03 +1.101685126e+03 +1.101685126e+03
116 0 +7.815950376e+02 +8.429350376e+02 +8.429350376e+02
125 0 +4.371399571e+02 +4.984799571e+02 +4.984799571e+02
141 0 +3.906081637e+02 +4.519481637e+02 +4.519481637e+02
190 0 +3.263777537e+02 +3.877177537e+02 +3.877177537e+02
264 0 +3.028154135e+02 +3.641554135e+02 +3.641554135e+02
291 0 +1.671199944e+02 +2.284599944e+02 +2.284599944e+02
322 0 +1.418717948e+02 +2.032117948e+02 +2.032117948e+02
342 0 +1.149656201e+02 +1.763056201e+02 +1.763056201e+02
358 0 +8.899987444e+01 +1.503398744e+02 +1.503398744e+02
485 0 +5.679116562e+01 +1.181311656e+02 +1.181311656e+02
554 0 +5.499420686e+01 +1.163342069e+02 +1.163342069e+02
599 0 +4.910055029e+01 +1.104405503e+02 +1.104405503e+02
643 0 +3.680607476e+01 +9.814607476e+01 +9.814607476e+01
687 0 +3.316273888e+01 +9.450273888e+01 +9.450273888e+01
717 0 +3.154429292e+01 +9.288429292e+01 +9.288429292e+01
772 0 +2.596374565e+01 +8.730374565e+01 +8.730374565e+01
804 0 +2.510134509e+01 +8.644134509e+01 +8.644134509e+01
836 0 +2.227016063e+01 +8.361016063e+01 +8.361016063e+01
1003 0 +1.949153561e+01 +8.083153561e+01 +8.083153561e+01
1843 0 +1.758308688e+01 +7.892308688e+01 +7.892308688e+01
1990 0 +1.576038761e+01 +7.710038761e+01 +7.710038761e+01
2137 0 +1.405419074e+01 +7.539419074e+01 +7.539419074e+01
2263 0 +1.245879781e+01 +7.379879781e+01 +7.379879781e+01
2389 0 +1.113719199e+01 +7.247719199e+01 +7.247719199e+01
2515 0 +9.804766964e+00 +7.114476696e+01 +7.114476696e+01
2578 0 +8.815951489e+00 +7.015595149e+01 +7.015595149e+01
2683 0 +7.685316420e+00 +6.902531642e+01 +6.902531642e+01
2767 0 +6.827025392e+00 +6.816702539e+01 +6.816702539e+01
2809 0 +6.130526465e+00 +6.747052646e+01 +6.747052646e+01
2851 0 +5.584382327e+00 +6.692438233e+01 +6.692438233e+01
2893 0 +4.984432554e+00 +6.632443255e+01 +6.632443255e+01
2956 0 +4.428246979e+00 +6.576824698e+01 +6.576824698e+01
3019 0 +3.803555414e+00 +6.514355541e+01 +6.514355541e+01
3040 0 +3.485410406e+00 +6.482541041e+01 +6.482541041e+01
3061 0 +3.040019891e+00 +6.438001989e+01 +6.438001989e+01
3124 0 +2.608093767e+00 +6.394809377e+01 +6.394809377e+01
3145 0 +2.257444695e+00 +6.359744470e+01 +6.359744470e+01
3166 0 +1.946663626e+00 +6.328666363e+01 +6.328666363e+01
3187 0 +1.608633326e+00 +6.294863333e+01 +6.294863333e+01
3208 0 +1.378215707e+00 +6.271821571e+01 +6.271821571e+01
3229 0 +1.053562656e+00 +6.239356266e+01 +6.239356266e+01
3271 0 +9.129316016e-01 +6.225293160e+01 +6.225293160e+01
3292 0 +7.726387407e-01 +6.211263874e+01 +6.211263874e+01
3313 0 +5.951499376e-01 +6.193514994e+01 +6.193514994e+01
3334 0 +4.297783357e-01 +6.176977834e+01 +6.176977834e+01
3355 0 +3.326956853e-01 +6.167269569e+01 +6.167269569e+01
3376 0 +2.897094771e-01 +6.162970948e+01 +6.162970948e+01
3397 0 +2.224631061e-01 +6.156246311e+01 +6.156246311e+01
3418 0 +1.423755676e-01 +6.148237557e+01 +6.148237557e+01
3439 0 +8.898343549e-02 +6.142898344e+01 +6.142898344e+01
3481 0 +6.281433034e-02 +6.140281433e+01 +6.140281433e+01
3502 0 +3.221732286e-02 +6.137221732e+01 +6.137221732e+01
3523 0 +2.141804730e-02 +6.136141805e+01 +6.136141805e+01
3544 0 +1.037689486e-02 +6.135037689e+01 +6.135037689e+01
3565 0 +5.038839192e-03 +6.134503884e+01 +6.134503884e+01
3586 0 +1.600772942e-03 +6.134160077e+01 +6.134160077e+01
3607 0 +6.269534723e-04 +6.134062695e+01 +6.134062695e+01
3628 0 +2.174786362e-04 +6.134021748e+01 +6.134021748e+01
3649 0 +2.451110526e-05 +6.134002451e+01 +6.134002451e+01
3670 0 +3.136293230e-06 +6.134000314e+01 +6.134000314e+01
3691 0 +7.931996535e-07 +6.134000079e+01 +6.134000079e+01
3712 0 +2.295598733e-08 +6.134000002e+01 +6.134000002e+01
3733 0 +8.648790129e-09 +6.134000001e+01 +6.134000001e+01
60426 0 +9.592326933e-13 +6.134000000e+01 +6.134000000e+01
200593 0 +7.105427358e-15 +6.134000000e+01 +6.134000000e+01
