% f evaluations | g evaluations | best noise-free fitness - Fopt (-2.098800000000e+02) + sum g_i+ | measured fitness | best measured fitness or single-digit g-values | x1 | x2...
1 0 +9.304181215e+06 +9.303971335e+06 +9.303971335e+06
2 0 +7.741084832e+06 +7.740874952e+06 +7.740874952e+06
3 0 +5.062022470e+06 +5.061812590e+06 +5.061812590e+06
10 0 +3.573594266e+05 +3.571495466e+05 +3.571495466e+05
13 0 +2.983518450e+05 +2.981419650e+05 +2.981419650e+05
23 0 +2.267368004e+05 +2.265269204e+05 +2.265269204e+05
26 0 +8.962578114e+04 +8.941590114e+04 +8.941590114e+04
51 0 +5.123659264e+04 +5.102671264e+04 +5.102671264e+04
73 0 +4.278005917e+04 +4.257017917e+04 +4.257017917e+04
106 0 +3.785593503e+04 +3.764605503e+04 +3.764605503e+04
117 0 +3.110469511e+04 +3.089481511e+04 +3.089481511e+04
128 0 +1.731423403e+04 +1.710435403e+04 +1.710435403e+04
150 0 +1.475381306e+04 +1.454393306e+04 +1.454393306e+04
161 0 +1.188457938e+04 +1.167469938e+04 +1.167469938e+04
194 0 +1.004519705e+04 +9.835317055e+03 +9.835317055e+03
205 0 +7.614527062e+03 +7.404647062e+03 +7.404647062e+03
216 0 +2.061021698e+03 +1.851141698e+03 +1.851141698e+03
238 0 +5.036912929e+02 +2.938112929e+02 +2.938112929e+02
249 0 +2.188554092e+02 +8.975409224e+00 +8.975409224e+00
260 0 +4.685139192e+01 -1.630286081e+02 -1.630286081e+02
282 0 +1.003538565e+01 -1.998446143e+02 -1.998446143e+02
293 0 +5.125817516e+00 -2.047541825e+02 -2.047541825e+02
304 0 +8.040863550e-01 -2.090759136e+02 -2.090759136e+02
315 0 +2.626242075e-01 -2.096173758e+02 -2.096173758e+02
326 0 +7.741236544e-02 -2.098025876e+02 -2.098025876e+02
348 0 +3.415051685e-02 -2.098458495e+02 -2.098458495e+02
359 0 +1.334323765e-02 -2.098666568e+02 -2.098666568e+02
370 0 +2.311423411e-03 -2.098776886e+02 -2.098776886e+02
381 0 +8.755377078e-04 -2.098791245e+02 -2.098791245e+02
414 0 +7.541728667e-04 -2.098792458e+02 -2.098792458e+02
425 0 +4.644166746e-04 -2.098795356e+02 -2.098795356e+02
436 0 +1.352247404e-04 -2.098798648e+02 -2.098798648e+02
447 0 +1.014606872e-04 -2.098798985e+02 -2.098798985e+02
458 0 +6.558690436e-05 -2.098799344e+02 -2.098799344e+02
469 0 +3.885125821e-05 -2.098799611e+02 -2.098799611e+02
480 0 +2.779247583e-05 -2.098799722e+02 -2.098799722e+02
491 0 +2.187618810e-05 -2.098799781e+02 -2.098799781e+02
524 0 +1.197717279e-05 -2.098799880e+02 -2.098799880e+02
546 0 +1.019232289e-05 -2.098799898e+02 -2.098799898e+02
557 0 +9.673147673e-06 -2.098799903e+02 -2.098799903e+02
612 0 +8.713486267e-06 -2.098799913e+02 -2.098799913e+02
623 0 +7.296409223e-06 -2.098799927e+02 -2.098799927e+02
634 0 +4.014449303e-06 -2.098799960e+02 -2.098799960e+02
656 0 +1.988503783e-06 -2.098799980e+02 -2.098799980e+02
667 0 +1.003524147e-06 -2.098799990e+02 -2.098799990e+02
678 0 +4.781468590e-07 -2.098799995e+02 -2.098799995e+02
689 0 +3.165606870e-07 -2.098799997e+02 -2.098799997e+02
696 0 +3.160945710e-07 -2.098799997e+02 -2.098799997e+02
700 0 +1.936427907e-07 -2.098799998e+02 -2.098799998e+02
711 0 +1.573641271e-07 -2.098799998e+02 -2.098799998e+02
722 0 +1.256665598e-07 -2.098799999e+02 -2.098799999e+02
733 0 +1.005832075e-07 -2.098799999e+02 -2.098799999e+02
741 0 +9.988471561e-08 -2.098799999e+02 -2.098799999e+02
744 0 +8.675073104e-08 -2.098799999e+02 -2.098799999e+02
755 0 +6.104599493e-08 -2.098799999e+02 -2.098799999e+02
766 0 +3.742675858e-08 -2.098800000e+02 -2.098800000e+02
777 0 +3.359488687e-08 -2.098800000e+02 -2.098800000e+02
787 0 +3.160704409e-08 -2.098800000e+02 -2.098800000e+02
788 0 +2.776187102e-08 -2.098800000e+02 -2.098800000e+02
799 0 +1.758527901e-08 -2.098800000e+02 -2.098800000e+02
810 0 +1.116629278e-08 -2.098800000e+02 -2.098800000e+02
821 0 +8.255625517e-09 -2.098800000e+02 -2.098800000e+02
87810 0 +9.663381206e-13 -2.098800000e+02 -2.098800000e+02
91740 0 +0.000000000e+00 -2.098800000e+02 -2.098800000e+02
100252 0 +0.000000000e+00 -2.098800000e+02 -2.098800000e+02
% f evaluations | g evaluations | best noise-free fitness - Fopt (-9.209000000000e+01) + sum g_i+ | measured fitness | best measured fitness or single-digit g-values | x1 | x2...
1 0 +4.647553834e+06 +4.647461744e+06 +4.647461744e+06
2 0 +4.644628488e+06 +4.644536398e+06 +4.644536398e+06
3 0 +2.553433720e+06 +2.553341630e+06 +2.553341630e+06
10 0 +5.780804630e+05 +5.779883730e+05 +5.779883730e+05
16 0 +3.460144394e+05 +3.459223494e+05 +3.459223494e+05
19 0 +2.668628964e+05 +2.667708064e+05 +2.667708064e+05
27 0 +2.170810071e+05 +2.169889171e+05 +2.169889171e+05
32 0 +1.099525102e+05 +1.098604202e+05 +1.098604202e+05
40 0 +4.157376065e+04 +4.148167065e+04 +4.148167065e+04
117 0 +3.390021195e+04 +3.380812195e+04 +3.380812195e+04
128 0 +2.749464632e+04 +2.740255632e+04 +2.740255632e+04
172 0 +2.386869448e+04 +2.377660448e+04 +2.377660448e+04
183 0 +1.675218625e+04 +1.666009625e+04 +1.666009625e+04
205 0 +1.422156323e+04 +1.412947323e+04 +1.412947323e+04
486 0 +1.399987071e+04 +1.390778071e+04 +1.390778071e+04
646 0 +1.154836575e+04 +1.145627575e+04 +1.145627575e+04
679 0 +1.096548261e+04 +1.087339261e+04 +1.087339261e+04
701 0 +8.928181885e+03 +8.836091885e+03 +8.836091885e+03
712 0 +7.193477549e+03 +7.101387549e+03 +7.101387549e+03
723 0 +5.521178836e+03 +5.429088836e+03 +5.429088836e+03
734 0 +4.114380738e+03 +4.022290738e+03 +4.022290738e+03
756 0 +3.074375487e+03 +2.982285487e+03 +2.982285487e+03
767 0 +2.247682775e+03 +2.155592775e+03 +2.155592775e+03
1037 0 +1.631136719e+03 +1.539046719e+03 +1.539046719e+03
1858 0 +1.546216285e+03 +1.454126285e+03 +1.454126285e+03
1869 0 +8.064160414e+02 +7.143260414e+02 +7.143260414e+02
1891 0 +7.880827007e+02 +6.959927007e+02 +6.959927007e+02
1913 0 +6.345642307e+02 +5.424742307e+02 +5.424742307e+02
1924 0 +4.482912931e+02 +3.562012931e+02 +3.562012931e+02
1935 0 +2.912628555e+02 +1.991728555e+02 +1.991728555e+02
1946 0 +1.601265344e+02 +6.803653442e+01 +6.803653442e+01
1957 0 +8.527831351e+01 -6.811686492e+00 -6.811686492e+00
1968 0 +5.557728904e+01 -3.651271096e+01 -3.651271096e+01
1979 0 +2.398306667e+01 -6.810693333e+01 -6.810693333e+01
1990 0 +1.542228789e+01 -7.666771211e+01 -7.666771211e+01
2001 0 +1.079966934e+01 -8.129033066e+01 -8.129033066e+01
2012 0 +3.458455512e+00 -8.863154449e+01 -8.863154449e+01
2023 0 +9.774666861e-01 -9.111253331e+01 -9.111253331e+01
2034 0 +3.505132413e-01 -9.173948676e+01 -9.173948676e+01
2045 0 +2.500085643e-01 -9.183999144e+01 -9.183999144e+01
2056 0 +1.063021492e-01 -9.198369785e+01 -9.198369785e+01
2067 0 +4.114970004e-02 -9.204885030e+01 -9.204885030e+01
2078 0 +1.549110848e-02 -9.207450889e+01 -9.207450889e+01
2089 0 +5.484277362e-03 -9.208451572e+01 -9.208451572e+01
2100 0 +3.880144084e-03 -9.208611986e+01 -9.208611986e+01
2111 0 +1.975777815e-03 -9.208802422e+01 -9.208802422e+01
2122 0 +1.386564018e-03 -9.208861344e+01 -9.208861344e+01
2133 0 +8.353079401e-04 -9.208916469e+01 -9.208916469e+01
2144 0 +5.373460032e-04 -9.208946265e+01 -9.208946265e+01
2155 0 +2.706051407e-04 -9.208972939e+01 -9.208972939e+01
2166 0 +1.274863639e-04 -9.208987251e+01 -9.208987251e+01
2177 0 +3.941833114e-05 -9.208996058e+01 -9.208996058e+01
2188 0 +1.172056976e-05 -9.208998828e+01 -9.208998828e+01
2199 0 +2.881810062e-06 -9.208999712e+01 -9.208999712e+01
2210 0 +1.126770414e-06 -9.208999887e+01 -9.208999887e+01
2221 0 +7.625345688e-07 -9.208999924e+01 -9.208999924e+01
2232 0 +2.121219751e-07 -9.208999979e+01 -9.208999979e+01
2243 0 +8.786024353e-08 -9.208999991e+01 -9.208999991e+01
2254 0 +3.871296883e-08 -9.208999996e+01 -9.208999996e+01
2265 0 +7.566299587e-09 -9.208999999e+01 -9.208999999e+01
88822 0 +9.521272659e-13 -9.209000000e+01 -9.209000000e+01
94470 0 +0.000000000e+00 -9.209000000e+01 -9.209000000e+01
100148 0 +0.000000000e+00 -9.209000000e+01 -9.209000000e+01
% f evaluations | g evaluations | best noise-free fitness - Fopt (-8.789000000000e+01) + sum g_i+ | measured fitness | best measured fitness or single-digit g-values | x1 | x2...
1 0 +1.694686445e+07 +1.694677656e+07 +1.694677656e+07
2 0 +1.434030509e+07 +1.434021720e+07 +1.434021720e+07
3 0 +9.813102151e+06 +9.813014261e+06 +9.813014261e+06
10 0 +3.335698749e+06 +3.335610859e+06 +3.335610859e+06
13 0 +1.130582437e+06 +1.130494547e+06 +1.130494547e+06
22 0 +9.828548320e+05 +9.827669420e+05 +9.827669420e+05
23 0 +6.751227651e+05 +6.750348751e+05 +6.750348751e+05
35 0 +3.622605988e+05 +3.621727088e+05 +3.621727088e+05
48 0 +2.511915964e+05 +2.511037064e+05 +2.511037064e+05
51 0 +2.411461283e+05 +2.410582383e+05 +2.410582383e+05
73 0 +1.907529059e+05 +1.906650159e+05 +1.906650159e+05
84 0 +1.261890272e+05 +1.261011372e+05 +1.261011372e+05
106 0 +1.050731847e+05 +1.049852947e+05 +1.049852947e+05
117 0 +5.689629490e+04 +5.680840490e+04 +5.680840490e+04
139 0 +5.476793281e+04 +5.468004281e+04 +5.468004281e+04
161 0 +4.948258958e+04 +4.939469958e+04 +4.939469958e+04
183 0 +3.836284170e+04 +3.827495170e+04 +3.827495170e+04
194 0 +2.991155745e+04 +2.982366745e+04 +2.982366745e+04
205 0 +2.484650926e+04 +2.475861926e+04 +2.475861926e+04
1170 0 +1.767194298e+04 +1.758405298e+04 +1.758405298e+04
1192 0 +1.553888896e+04 +1.545099896e+04 +1.545099896e+04
1291 0 +1.402165864e+04 +1.393376864e+04 +1.393376864e+04
1313 0 +1.225280231e+04 +1.216491231e+04 +1.216491231e+04
1335 0 +1.074128486e+04 +1.065339486e+04 +1.065339486e+04
1346 0 +8.196996888e+03 +8.109106888e+03 +8.109106888e+03
1379 0 +7.691066632e+03 +7.603176632e+03 +7.603176632e+03
1594 0 +6.201987908e+03 +6.114097908e+03 +6.114097908e+03
1831 0 +3.842134196e+03 +3.754244196e+03 +3.754244196e+03
1914 0 +3.386150130e+03 +3.298260130e+03 +3.298260130e+03
1925 0 +1.516006419e+03 +1.428116419e+03 +1.428116419e+03
1947 0 +1.329226391e+03 +1.241336391e+03 +1.241336391e+03
2013 0 +1.189302469e+03 +1.101412469e+03 +1.101412469e+03
2035 0 +1.047459688e+03 +9.595696875e+02 +9.595696875e+02
2046 0 +8.828736093e+02 +7.949836093e+02 +7.949836093e+02
2057 0 +5.688603815e+02 +4.809703815e+02 +4.809703815e+02
2079 0 +4.117456633e+02 +3.238556633e+02 +3.238556633e+02
2349 0 +1.638923962e+02 +7.600239617e+01 +7.600239617e+01
2360 0 +1.298717261e+02 +4.198172606e+01 +4.198172606e+01
2371 0 +7.982367083e+01 -8.066329169e+00 -8.066329169e+00
2382 0 +5.829970832e+01 -2.959029168e+01 -2.959029168e+01
2393 0 +3.762968977e+01 -5.026031023e+01 -5.026031023e+01
2404 0 +2.488561769e+01 -6.300438231e+01 -6.300438231e+01
2415 0 +1.647233054e+01 -7.141766946e+01 -7.141766946e+01
2426 0 +1.140363564e+01 -7.648636436e+01 -7.648636436e+01
2437 0 +8.842290917e+00 -7.904770908e+01 -7.904770908e+01
2448 0 +5.589460645e+00 -8.230053935e+01 -8.230053935e+01
2459 0 +2.168853485e+00 -8.572114652e+01 -8.572114652e+01
2470 0 +1.864240432e+00 -8.602575957e+01 -8.602575957e+01
2481 0 +1.635574269e+00 -8.625442573e+01 -8.625442573e+01
2503 0 +1.492129356e+00 -8.639787064e+01 -8.639787064e+01
2514 0 +8.700200494e-01 -8.701997995e+01 -8.701997995e+01
2536 0 +5.978262365e-01 -8.729217376e+01 -8.729217376e+01
2547 0 +3.941359200e-01 -8.749586408e+01 -8.749586408e+01
2569 0 +3.174285765e-01 -8.757257142e+01 -8.757257142e+01
2580 0 +2.527524780e-01 -8.763724752e+01 -8.763724752e+01
2591 0 +1.952101621e-01 -8.769478984e+01 -8.769478984e+01
2602 0 +1.650898967e-01 -8.772491010e+01 -8.772491010e+01
2613 0 +1.270170024e-01 -8.776298300e+01 -8.776298300e+01
2624 0 +9.231670733e-02 -8.779768329e+01 -8.779768329e+01
2635 0 +5.109925632e-02 -8.783890074e+01 -8.783890074e+01
2646 0 +3.283878362e-02 -8.785716122e+01 -8.785716122e+01
2657 0 +1.633133877e-02 -8.787366866e+01 -8.787366866e+01
2668 0 +1.227536531e-02 -8.787772463e+01 -8.787772463e+01
2679 0 +7.162785351e-03 -8.788283721e+01 -8.788283721e+01
2690 0 +5.674924736e-03 -8.788432508e+01 -8.788432508e+01
2701 0 +5.187071206e-03 -8.788481293e+01 -8.788481293e+01
2712 0 +4.607949255e-03 -8.788539205e+01 -8.788539205e+01
2723 0 +3.624311865e-03 -8.788637569e+01 -8.788637569e+01
2734 0 +2.133776742e-03 -8.788786622e+01 -8.788786622e+01
2756 0 +1.860350087e-03 -8.788813965e+01 -8.788813965e+01
2767 0 +1.444134463e-03 -8.788855587e+01 -8.788855587e+01
2778 0 +9.638569577e-04 -8.788903614e+01 -8.788903614e+01
2789 0 +8.109979977e-04 -8.788918900e+01 -8.788918900e+01
2800 0 +6.416241131e-04 -8.788935838e+01 -8.788935838e+01
2811 0 +5.150008991e-04 -8.788948500e+01 -8.788948500e+01
2822 0 +4.065583394e-04 -8.788959344e+01 -8.788959344e+01
2833 0 +3.198623523e-04 -8.788968014e+01 -8.788968014e+01
2844 0 +1.973590481e-04 -8.788980264e+01 -8.788980264e+01
2855 0 +9.784487865e-05 -8.788990216e+01 -8.788990216e+01
2866 0 +5.512745365e-05 -8.788994487e+01 -8.788994487e+01
2877 0 +2.033860932e-05 -8.788997966e+01 -8.788997966e+01
2888 0 +1.010321330e-05 -8.788998990e+01 -8.788998990e+01
2899 0 +5.145437399e-06 -8.788999485e+01 -8.788999485e+01
2910 0 +1.770427119e-06 -8.788999823e+01 -8.788999823e+01
2921 0 +7.801319697e-07 -8.788999922e+01 -8.788999922e+01
2932 0 +3.669700419e-07 -8.788999963e+01 -8.788999963e+01
2943 0 +1.124287650e-07 -8.788999989e+01 -8.788999989e+01
2953 0 +1.087145449e-07 -8.788999989e+01 -8.788999989e+01
2954 0 +4.264074960e-08 -8.788999996e+01 -8.788999996e+01
2965 0 +1.717359055e-08 -8.788999998e+01 -8.788999998e+01
2976 0 +1.265301819e-08 -8.788999999e+01 -8.788999999e+01
2983 0 +1.250238313e-08 -8.788999999e+01 -8.788999999e+01
2987 0 +6.942869391e-09 -8.788999999e+01 -8.788999999e+01
100339 0 +2.299316293e-11 -8.789000000e+01 -8.789000000e+01
% f evaluations | g evaluations | best noise-free fitness - Fopt (3.201900000000e+02) + sum g_i+ | measured fitness | best measured fitness or single-digit g-values | x1 | x2...
1 0 +3.218927399e+06 +3.219247589e+06 +3.219247589e+06
2 0 +1.691073646e+06 +1.691393836e+06 +1.691393836e+06
11 0 +9.155609894e+05 +9.158811794e+05 +9.158811794e+05
19 0 +6.541068740e+05 +6.544270640e+05 +6.544270640e+05
33 0 +2.715745013e+05 +2.718946913e+05 +2.718946913e+05
73 0 +9.496607034e+04 +9.528626034e+04 +9.528626034e+04
95 0 +7.238180530e+04 +7.270199530e+04 +7.270199530e+04
106 0 +3.849302463e+04 +3.881321463e+04 +3.881321463e+04
128 0 +2.263685389e+04 +2.295704389e+04 +2.295704389e+04
150 0 +1.938718928e+04 +1.970737928e+04 +1.970737928e+04
183 0 +1.673394769e+04 +1.705413769e+04 +1.705413769e+04
194 0 +1.445870448e+04 +1.477889448e+04 +1.477889448e+04
216 0 +1.330106701e+04 +1.362125701e+04 +1.362125701e+04
431 0 +1.207859840e+04 +1.239878840e+04 +1.239878840e+04
453 0 +1.011882212e+04 +1.043901212e+04 +1.043901212e+04
464 0 +6.981180619e+03 +7.301370619e+03 +7.301370619e+03
475 0 +2.030112577e+03 +2.350302577e+03 +2.350302577e+03
486 0 +1.836114533e+03 +2.156304533e+03 +2.156304533e+03
497 0 +1.593289187e+03 +1.913479187e+03 +1.913479187e+03
508 0 +1.281035884e+03 +1.601225884e+03 +1.601225884e+03
530 0 +1.137666135e+03 +1.457856135e+03 +1.457856135e+03
541 0 +9.781773951e+02 +1.298367395e+03 +1.298367395e+03
552 0 +7.956315017e+02 +1.115821502e+03 +1.115821502e+03
563 0 +6.728461426e+02 +9.930361426e+02 +9.930361426e+02
574 0 +4.823400146e+02 +8.025300146e+02 +8.025300146e+02
2327 0 +3.220787050e+02 +6.422687050e+02 +6.422687050e+02
2349 0 +9.940785843e+01 +4.195978584e+02 +4.195978584e+02
2360 0 +7.254424391e+01 +3.927342439e+02 +3.927342439e+02
2371 0 +3.907867434e+01 +3.592686743e+02 +3.592686743e+02
2382 0 +1.383526719e+01 +3.340252672e+02 +3.340252672e+02
2393 0 +4.779939195e+00 +3.249699392e+02 +3.249699392e+02
2404 0 +1.954266164e+00 +3.221442662e+02 +3.221442662e+02
2415 0 +2.930015164e-01 +3.204830015e+02 +3.204830015e+02
2426 0 +1.582933914e-01 +3.203482934e+02 +3.203482934e+02
2437 0 +4.162691516e-02 +3.202316269e+02 +3.202316269e+02
2448 0 +1.389087086e-02 +3.202038909e+02 +3.202038909e+02
2459 0 +2.734211545e-03 +3.201927342e+02 +3.201927342e+02
2470 0 +9.312713748e-04 +3.201909313e+02 +3.201909313e+02
2481 0 +1.695880987e-04 +3.201901696e+02 +3.201901696e+02
2492 0 +3.215440000e-05 +3.201900322e+02 +3.201900322e+02
2503 0 +7.831309858e-06 +3.201900078e+02 +3.201900078e+02
2514 0 +1.225262451e-06 +3.201900012e+02 +3.201900012e+02
2525 0 +3.650102940e-07 +3.201900004e+02 +3.201900004e+02
2547 0 +1.308450237e-08 +3.201900000e+02 +3.201900000e+02
2558 0 +2.644981123e-09 +3.201900000e+02 +3.201900000e+02
83303 0 +9.663381206e-13 +3.201900000e+02 +3.201900000e+02
86658 0 +0.000000000e+00 +3.201900000e+02 +3.201900000e+02
100291 0 +0.000000000e+00 +3.201900000e+02 +3.201900000e+02
% f evaluations | g evaluations | best noise-free fitness - Fopt (-1.042400000000e+02) + sum g_i+ | measured fitness | best measured fitness or single-digit g-values | x1 | x2...
1 0 +9.594642045e+06 +9.594537805e+06 +9.594537805e+06
4 0 +5.029346557e+06 +5.029242317e+06 +5.029242317e+06
11 0 +2.113352165e+06 +2.113247925e+06 +2.113247925e+06
44 0 +2.083220004e+06 +2.083115764e+06 +2.083115764e+06
47 0 +1.975494188e+06 +1.975389948e+06 +1.975389948e+06
62 0 +1.250219612e+06 +1.250115372e+06 +1.250115372e+06
73 0 +4.190086249e+05 +4.189043849e+05 +4.189043849e+05
95 0 +3.078482586e+05 +3.077440186e+05 +3.077440186e+05
106 0 +1.564756056e+05 +1.563713656e+05 +1.563713656e+05
128 0 +1.406925613e+05 +1.405883213e+05 +1.405883213e+05
183 0 +9.516769787e+04 +9.506345787e+04 +9.506345787e+04
205 0 +8.491049631e+04 +8.480625631e+04 +8.480625631e+04
409 0 +6.046107984e+04 +6.035683984e+04 +6.035683984e+04
1032 0 +3.943580926e+04 +3.933156926e+04 +3.933156926e+04
1043 0 +2.521880275e+04 +2.511456275e+04 +2.511456275e+04
1054 0 +2.384009411e+04 +2.373585411e+04 +2.373585411e+04
1087 0 +2.096529333e+04 +2.086105333e+04 +2.086105333e+04
1098 0 +1.694456875e+04 +1.684032875e+04 +1.684032875e+04
1120 0 +1.501149937e+04 +1.490725937e+04 +1.490725937e+04
1583 0 +1.166558599e+04 +1.156134599e+04 +1.156134599e+04
1605 0 +9.697979822e+03 +9.593739822e+03 +9.593739822e+03
1820 0 +6.047962230e+03 +5.943722230e+03 +5.943722230e+03
1842 0 +4.094439897e+03 +3.990199897e+03 +3.990199897e+03
2509 0 +3.086391814e+03 +2.982151814e+03 +2.982151814e+03
2691 0 +2.330716391e+03 +2.226476391e+03 +2.226476391e+03
2702 0 +1.544683459e+03 +1.440443459e+03 +1.440443459e+03
3755 0 +1.266178424e+03 +1.161938424e+03 +1.161938424e+03
3926 0 +1.068669947e+03 +9.644299469e+02 +9.644299469e+02
4130 0 +8.556897549e+02 +7.514497549e+02 +7.514497549e+02
4141 0 +5.119186944e+02 +4.076786944e+02 +4.076786944e+02
4571 0 +4.491212781e+02 +3.448812781e+02 +3.448812781e+02
5437 0 +4.024668175e+02 +2.982268175e+02 +2.982268175e+02
5459 0 +3.879865068e+02 +2.837465068e+02 +2.837465068e+02
5481 0 +2.829464799e+02 +1.787064799e+02 +1.787064799e+02
5492 0 +2.174173464e+02 +1.131773464e+02 +1.131773464e+02
6154 0 +1.993479279e+02 +9.510792787e+01 +9.510792787e+01
6176 0 +1.776501983e+02 +7.341019827e+01 +7.341019827e+01
6187 0 +1.516712762e+02 +4.743127623e+01 +4.743127623e+01
6198 0 +9.492048615e+01 -9.319513845e+00 -9.319513845e+00
6413 0 +8.555252689e+01 -1.868747311e+01 -1.868747311e+01
6424 0 +6.823685090e+01 -3.600314910e+01 -3.600314910e+01
6435 0 +4.475354320e+01 -5.948645680e+01 -5.948645680e+01
6446 0 +2.389914813e+01 -8.034085187e+01 -8.034085187e+01
6457 0 +1.660838556e+01 -8.763161444e+01 -8.763161444e+01
6468 0 +6.658183165e+00 -9.758181684e+01 -9.758181684e+01
6479 0 +1.166950604e+00 -1.030730494e+02 -1.030730494e+02
6490 0 +7.212777312e-01 -1.035187223e+02 -1.035187223e+02
6501 0 +2.393550799e-01 -1.040006449e+02 -1.040006449e+02
6512 0 +1.248700870e-01 -1.041151299e+02 -1.041151299e+02
6523 0 +5.909667191e-02 -1.041809033e+02 -1.041809033e+02
6534 0 +2.322602621e-02 -1.042167740e+02 -1.042167740e+02
6545 0 +1.058535519e-02 -1.042294146e+02 -1.042294146e+02
6567 0 +5.972221769e-03 -1.042340278e+02 -1.042340278e+02
6578 0 +1.646142147e-03 -1.042383539e+02 -1.042383539e+02
6589 0 +6.702831141e-04 -1.042393297e+02 -1.042393297e+02
6600 0 +2.154961194e-04 -1.042397845e+02 -1.042397845e+02
6622 0 +7.241960910e-05 -1.042399276e+02 -1.042399276e+02
6633 0 +4.298084932e-05 -1.042399570e+02 -1.042399570e+02
6644 0 +2.543493376e-05 -1.042399746e+02 -1.042399746e+02
6655 0 +2.216550359e-05 -1.042399778e+02 -1.042399778e+02
6677 0 +1.640800623e-05 -1.042399836e+02 -1.042399836e+02
6688 0 +1.503159811e-05 -1.042399850e+02 -1.042399850e+02
6699 0 +1.265838192e-05 -1.042399873e+02 -1.042399873e+02
6710 0 +9.100540552e-06 -1.042399909e+02 -1.042399909e+02
6721 0 +4.753389106e-06 -1.042399952e+02 -1.042399952e+02
6732 0 +2.399743096e-06 -1.042399976e+02 -1.042399976e+02
6743 0 +1.050393323e-06 -1.042399989e+02 -1.042399989e+02
6754 0 +2.838729785e-07 -1.042399997e+02 -1.042399997e+02
6763 0 +2.816592257e-07 -1.042399997e+02 -1.042399997e+02
6765 0 +5.639570588e-08 -1.042399999e+02 -1.042399999e+02
6774 0 +5.618973375e-08 -1.042399999e+02 -1.042399999e+02
6776 0 +3.724913711e-08 -1.042400000e+02 -1.042400000e+02
6787 0 +2.917568054e-08 -1.042400000e+02 -1.042400000e+02
6797 0 +2.600594939e-08 -1.042400000e+02 -1.042400000e+02
6798 0 +1.889986834e-08 -1.042400000e+02 -1.042400000e+02
6808 0 +1.658666804e-08 -1.042400000e+02 -1.042400000e+02
6809 0 +8.840132182e-09 -1.042400000e+02 -1.042400000e+02
81049 0 +6.394884622e-13 -1.042400000e+02 -1.042400000e+02
86555 0 +0.000000000e+00 -1.042400000e+02 -1.042400000e+02
100033 0 +0.000000000e+00 -1.042400000e+02 -1.042400000e+02
% f evaluations | g evaluations | best noise-free fitness - Fopt (-6.785000000000e+01) + sum g_i+ | measured fitness | best measured fitness or single-digit g-values | x1 | x2...
1 0 +1.501850490e+07 +1.501843705e+07 +1.501843705e+07
2 0 +1.251942420e+07 +1.251935635e+07 +1.251935635e+07
3 0 +8.348044792e+06 +8.347976942e+06 +8.347976942e+06
10 0 +2.457730632e+06 +2.457662782e+06 +2.457662782e+06
22 0 +7.268124822e+05 +7.267446322e+05 +7.267446322e+05
31 0 +3.465488693e+05 +3.464810193e+05 +3.464810193e+05
84 0 +1.135340236e+05 +1.134661736e+05 +1.134661736e+05
106 0 +1.243387673e+04 +1.236602673e+04 +1.236602673e+04
150 0 +1.065354036e+04 +1.058569036e+04 +1.058569036e+04
172 0 +9.813303019e+03 +9.745453019e+03 +9.745453019e+03
183 0 +8.776391659e+03 +8.708541659e+03 +8.708541659e+03
194 0 +5.626481435e+03 +5.558631435e+03 +5.558631435e+03
205 0 +2.765404188e+03 +2.697554188e+03 +2.697554188e+03
227 0 +2.509483743e+03 +2.441633743e+03 +2.441633743e+03
238 0 +2.039600473e+03 +1.971750473e+03 +1.971750473e+03
249 0 +1.577676515e+03 +1.509826515e+03 +1.509826515e+03
260 0 +1.100518139e+03 +1.032668139e+03 +1.032668139e+03
271 0 +8.547031515e+02 +7.868531515e+02 +7.868531515e+02
282 0 +5.889782976e+02 +5.211282976e+02 +5.211282976e+02
293 0 +4.465029320e+02 +3.786529320e+02 +3.786529320e+02
315 0 +3.423535182e+02 +2.745035182e+02 +2.745035182e+02
326 0 +2.804317541e+02 +2.125817541e+02 +2.125817541e+02
348 0 +2.465492957e+02 +1.786992957e+02 +1.786992957e+02
392 0 +2.108522150e+02 +1.430022150e+02 +1.430022150e+02
414 0 +1.783464431e+02 +1.104964431e+02 +1.104964431e+02
436 0 +1.760931892e+02 +1.082431892e+02 +1.082431892e+02
502 0 +1.440470102e+02 +7.619701021e+01 +7.619701021e+01
513 0 +1.143777325e+02 +4.652773247e+01 +4.652773247e+01
524 0 +9.369473580e+01 +2.584473580e+01 +2.584473580e+01
535 0 +7.160665168e+01 +3.756651680e+00 +3.756651680e+00
546 0 +4.977391183e+01 -1.807608817e+01 -1.807608817e+01
557 0 +4.438154014e+01 -2.346845986e+01 -2.346845986e+01
568 0 +1.706140847e+01 -5.078859153e+01 -5.078859153e+01
579 0 +9.940486541e+00 -5.790951346e+01 -5.790951346e+01
590 0 +6.515338133e+00 -6.133466187e+01 -6.133466187e+01
612 0 +4.183300805e+00 -6.366669920e+01 -6.366669920e+01
634 0 +3.549939934e+00 -6.430006007e+01 -6.430006007e+01
645 0 +2.560677940e+00 -6.528932206e+01 -6.528932206e+01
656 0 +9.665761543e-01 -6.688342385e+01 -6.688342385e+01
667 0 +2.848777645e-01 -6.756512224e+01 -6.756512224e+01
678 0 +6.994505625e-02 -6.778005494e+01 -6.778005494e+01
689 0 +1.870662050e-02 -6.783129338e+01 -6.783129338e+01
700 0 +3.123341683e-03 -6.784687666e+01 -6.784687666e+01
711 0 +1.319342344e-03 -6.784868066e+01 -6.784868066e+01
722 0 +5.969396215e-04 -6.784940306e+01 -6.784940306e+01
733 0 +2.817427992e-04 -6.784971826e+01 -6.784971826e+01
744 0 +1.822076862e-04 -6.784981779e+01 -6.784981779e+01
755 0 +8.408827432e-05 -6.784991591e+01 -6.784991591e+01
766 0 +4.484118551e-05 -6.784995516e+01 -6.784995516e+01
777 0 +1.683711683e-05 -6.784998316e+01 -6.784998316e+01
788 0 +1.078756402e-05 -6.784998921e+01 -6.784998921e+01
799 0 +8.434325991e-06 -6.784999157e+01 -6.784999157e+01
810 0 +3.588560872e-06 -6.784999641e+01 -6.784999641e+01
832 0 +3.117526035e-06 -6.784999688e+01 -6.784999688e+01
843 0 +2.263167246e-06 -6.784999774e+01 -6.784999774e+01
854 0 +1.175221726e-06 -6.784999882e+01 -6.784999882e+01
865 0 +3.718011214e-07 -6.784999963e+01 -6.784999963e+01
876 0 +1.763710600e-07 -6.784999982e+01 -6.784999982e+01
898 0 +1.042027549e-07 -6.784999990e+01 -6.784999990e+01
909 0 +5.634993272e-08 -6.784999994e+01 -6.784999994e+01
915 0 +5.615881093e-08 -6.784999994e+01 -6.784999994e+01
920 0 +2.303669078e-08 -6.784999998e+01 -6.784999998e+01
930 0 +2.165039348e-08 -6.784999998e+01 -6.784999998e+01
931 0 +1.497110702e-08 -6.784999999e+01 -6.784999999e+01
941 0 +1.365698665e-08 -6.784999999e+01 -6.784999999e+01
942 0 +1.091122215e-08 -6.784999999e+01 -6.784999999e+01
953 0 +6.657600693e-09 -6.784999999e+01 -6.784999999e+01
100341 0 +1.851674369e-11 -6.785000000e+01 -6.785000000e+01
% f evaluations | g evaluations | best noise-free fitness - Fopt (-3.639800000000e+02) + sum g_i+ | measured fitness | best measured fitness or single-digit g-values | x1 | x2...
1 0 +5.177418543e+06 +5.177054563e+06 +5.177054563e+06
2 0 +4.182357370e+06 +4.181993390e+06 +4.181993390e+06
3 0 +2.572690166e+06 +2.572326186e+06 +2.572326186e+06
10 0 +3.396766517e+05 +3.393126717e+05 +3.393126717e+05
12 0 +5.158013261e+04 +5.121615261e+04 +5.121615261e+04
73 0 +4.593414084e+04 +4.557016084e+04 +4.557016084e+04
84 0 +3.535577967e+04 +3.499179967e+04 +3.499179967e+04
95 0 +2.565193114e+04 +2.528795114e+04 +2.528795114e+04
117 0 +2.314073073e+04 +2.277675073e+04 +2.277675073e+04
128 0 +2.033107130e+04 +1.996709130e+04 +1.996709130e+04
150 0 +1.903492375e+04 +1.867094375e+04 +1.867094375e+04
161 0 +1.449596111e+04 +1.413198111e+04 +1.413198111e+04
183 0 +1.281669188e+04 +1.245271188e+04 +1.245271188e+04
194 0 +1.063561425e+04 +1.027163425e+04 +1.027163425e+04
431 0 +9.567067570e+03 +9.203087570e+03 +9.203087570e+03
1120 0 +8.857596819e+03 +8.493616819e+03 +8.493616819e+03
1131 0 +7.906188377e+03 +7.542208377e+03 +7.542208377e+03
1638 0 +6.289932889e+03 +5.925952889e+03 +5.925952889e+03
2068 0 +5.098179751e+03 +4.734199751e+03 +4.734199751e+03
2079 0 +4.252475595e+03 +3.888495595e+03 +3.888495595e+03
2090 0 +2.996541008e+03 +2.632561008e+03 +2.632561008e+03
2101 0 +1.935229512e+03 +1.571249512e+03 +1.571249512e+03
2608 0 +1.440192698e+03 +1.076212698e+03 +1.076212698e+03
2619 0 +6.398547918e+02 +2.758747918e+02 +2.758747918e+02
2630 0 +4.057079133e+02 +4.172791327e+01 +4.172791327e+01
2641 0 +2.908182304e+02 -7.316176963e+01 -7.316176963e+01
2652 0 +2.204777538e+02 -1.435022462e+02 -1.435022462e+02
2663 0 +1.559954329e+02 -2.079845671e+02 -2.079845671e+02
2674 0 +1.115593593e+02 -2.524206407e+02 -2.524206407e+02
2685 0 +6.882308883e+01 -2.951569112e+02 -2.951569112e+02
2696 0 +3.619921090e+01 -3.277807891e+02 -3.277807891e+02
2707 0 +1.801726591e+01 -3.459627341e+02 -3.459627341e+02
2718 0 +1.192012517e+01 -3.520598748e+02 -3.520598748e+02
2729 0 +9.679765148e+00 -3.543002349e+02 -3.543002349e+02
2740 0 +8.002384802e+00 -3.559776152e+02 -3.559776152e+02
2751 0 +7.275535757e+00 -3.567044642e+02 -3.567044642e+02
2762 0 +5.491916693e+00 -3.584880833e+02 -3.584880833e+02
2773 0 +4.812799534e+00 -3.591672005e+02 -3.591672005e+02
2784 0 +3.756481469e+00 -3.602235185e+02 -3.602235185e+02
2795 0 +2.404598486e+00 -3.615754015e+02 -3.615754015e+02
2806 0 +2.041299560e+00 -3.619387004e+02 -3.619387004e+02
2817 0 +1.898970689e+00 -3.620810293e+02 -3.620810293e+02
2828 0 +1.586691947e+00 -3.623933081e+02 -3.623933081e+02
2839 0 +1.292485207e+00 -3.626875148e+02 -3.626875148e+02
2850 0 +1.013926278e+00 -3.629660737e+02 -3.629660737e+02
2861 0 +8.644108898e-01 -3.631155891e+02 -3.631155891e+02
2872 0 +7.174836977e-01 -3.632625163e+02 -3.632625163e+02
2883 0 +5.642942308e-01 -3.634157058e+02 -3.634157058e+02
2894 0 +3.879879402e-01 -3.635920121e+02 -3.635920121e+02
2905 0 +2.633293740e-01 -3.637166706e+02 -3.637166706e+02
2916 0 +1.058620959e-01 -3.638741379e+02 -3.638741379e+02
2927 0 +3.479244246e-02 -3.639452076e+02 -3.639452076e+02
2938 0 +1.301753937e-02 -3.639669825e+02 -3.639669825e+02
2949 0 +5.965397558e-03 -3.639740346e+02 -3.639740346e+02
2960 0 +2.711713894e-03 -3.639772883e+02 -3.639772883e+02
2971 0 +1.013664243e-03 -3.639789863e+02 -3.639789863e+02
2982 0 +6.786141224e-04 -3.639793214e+02 -3.639793214e+02
2993 0 +4.486888947e-04 -3.639795513e+02 -3.639795513e+02
3004 0 +2.620837127e-04 -3.639797379e+02 -3.639797379e+02
3015 0 +1.465577512e-04 -3.639798534e+02 -3.639798534e+02
3026 0 +9.078853788e-05 -3.639799092e+02 -3.639799092e+02
3037 0 +3.047041503e-05 -3.639799695e+02 -3.639799695e+02
3048 0 +1.431295817e-05 -3.639799857e+02 -3.639799857e+02
3059 0 +3.114024878e-06 -3.639799969e+02 -3.639799969e+02
3070 0 +3.617972766e-07 -3.639799996e+02 -3.639799996e+02
3081 0 +7.122775969e-08 -3.639799999e+02 -3.639799999e+02
3090 0 +7.002722668e-08 -3.639799999e+02 -3.639799999e+02
3092 0 +1.901503310e-08 -3.639800000e+02 -3.639800000e+02
3102 0 +1.768825086e-08 -3.639800000e+02 -3.639800000e+02
3103 0 +5.167464678e-09 -3.639800000e+02 -3.639800000e+02
74999 0 +7.958078641e-13 -3.639800000e+02 -3.639800000e+02
77869 0 +0.000000000e+00 -3.639800000e+02 -3.639800000e+02
100161 0 +0.000000000e+00 -3.639800000e+02 -3.639800000e+02
% f evaluations | g evaluations | best noise-free fitness - Fopt (-1.865000000000e+01) + sum g_i+ | measured fitness | best measured fitness or single-digit g-values | x1 | x2...
1 0 +8.880586264e+06 +8.880567614e+06 +8.880567614e+06
3 0 +7.990816371e+06 +7.990797721e+06 +7.990797721e+06
7 0 +2.733478082e+06 +2.733459432e+06 +2.733459432e+06
12 0 +1.560926412e+06 +1.560907762e+06 +1.560907762e+06
21 0 +8.241457145e+05 +8.241270645e+05 +8.241270645e+05
31 0 +5.507198024e+05 +5.507011524e+05 +5.507011524e+05
51 0 +4.961289819e+05 +4.961103319e+05 +4.961103319e+05
62 0 +3.296237934e+05 +3.296051434e+05 +3.296051434e+05
84 0 +2.505456573e+05 +2.505270073e+05 +2.505270073e+05
95 0 +2.002315260e+05 +2.002128760e+05 +2.002128760e+05
106 0 +1.937273912e+05 +1.937087412e+05 +1.937087412e+05
117 0 +1.241108479e+05 +1.240921979e+05 +1.240921979e+05
161 0 +1.091227342e+05 +1.091040842e+05 +1.091040842e+05
172 0 +9.788874071e+04 +9.787009071e+04 +9.787009071e+04
183 0 +6.382854193e+04 +6.380989193e+04 +6.380989193e+04
310 0 +6.140761128e+04 +6.138896128e+04 +6.138896128e+04
332 0 +5.591879595e+04 +5.590014595e+04 +5.590014595e+04
343 0 +4.979724388e+04 +4.977859388e+04 +4.977859388e+04
398 0 +3.300391897e+04 +3.298526897e+04 +3.298526897e+04
409 0 +9.142044410e+03 +9.123394410e+03 +9.123394410e+03
624 0 +7.429885732e+03 +7.411235732e+03 +7.411235732e+03
635 0 +2.907441664e+03 +2.888791664e+03 +2.888791664e+03
955 0 +2.439632497e+03 +2.420982497e+03 +2.420982497e+03
1126 0 +1.564083189e+03 +1.545433189e+03 +1.545433189e+03
1148 0 +1.274168744e+03 +1.255518744e+03 +1.255518744e+03
1159 0 +1.123706837e+03 +1.105056837e+03 +1.105056837e+03
1170 0 +8.938670912e+02 +8.752170912e+02 +8.752170912e+02
1181 0 +3.954799735e+02 +3.768299735e+02 +3.768299735e+02
1203 0 +1.243323557e+02 +1.056823557e+02 +1.056823557e+02
1214 0 +1.689329997e+01 -1.756700028e+00 -1.756700028e+00
1225 0 +2.445371623e+00 -1.620462838e+01 -1.620462838e+01
1247 0 +6.550536424e-01 -1.799494636e+01 -1.799494636e+01
1258 0 +1.661231153e-01 -1.848387688e+01 -1.848387688e+01
1269 0 +3.728880578e-02 -1.861271119e+01 -1.861271119e+01
1280 0 +3.090561235e-02 -1.861909439e+01 -1.861909439e+01
1291 0 +2.323155521e-02 -1.862676844e+01 -1.862676844e+01
1302 0 +1.372711890e-02 -1.863627288e+01 -1.863627288e+01
1324 0 +1.062973513e-02 -1.863937026e+01 -1.863937026e+01
1335 0 +7.664338596e-03 -1.864233566e+01 -1.864233566e+01
1346 0 +6.995030466e-03 -1.864300497e+01 -1.864300497e+01
1357 0 +6.217791362e-03 -1.864378221e+01 -1.864378221e+01
1368 0 +3.881725504e-03 -1.864611827e+01 -1.864611827e+01
1412 0 +3.196364324e-03 -1.864680364e+01 -1.864680364e+01
1423 0 +2.585387723e-03 -1.864741461e+01 -1.864741461e+01
1434 0 +2.064352292e-03 -1.864793565e+01 -1.864793565e+01
1445 0 +1.663517570e-03 -1.864833648e+01 -1.864833648e+01
1456 0 +9.915448446e-04 -1.864900846e+01 -1.864900846e+01
1489 0 +7.259889902e-04 -1.864927401e+01 -1.864927401e+01
1500 0 +5.349538568e-04 -1.864946505e+01 -1.864946505e+01
1511 0 +3.143805189e-04 -1.864968562e+01 -1.864968562e+01
1522 0 +2.430953885e-04 -1.864975690e+01 -1.864975690e+01
1533 0 +9.823852309e-05 -1.864990176e+01 -1.864990176e+01
1544 0 +7.717417008e-05 -1.864992283e+01 -1.864992283e+01
1555 0 +3.820111770e-05 -1.864996180e+01 -1.864996180e+01
1566 0 +1.236053091e-05 -1.864998764e+01 -1.864998764e+01
1577 0 +5.142587238e-06 -1.864999486e+01 -1.864999486e+01
1599 0 +2.606242383e-06 -1.864999739e+01 -1.864999739e+01
1610 0 +1.663416274e-06 -1.864999834e+01 -1.864999834e+01
1621 0 +1.254702710e-06 -1.864999875e+01 -1.864999875e+01
1632 0 +6.751600701e-07 -1.864999932e+01 -1.864999932e+01
1654 0 +1.861563064e-07 -1.864999981e+01 -1.864999981e+01
1665 0 +1.078809788e-07 -1.864999989e+01 -1.864999989e+01
1676 0 +2.715106362e-08 -1.864999997e+01 -1.864999997e+01
1687 0 +5.165770034e-09 -1.864999999e+01 -1.864999999e+01
96943 0 +3.907985047e-13 -1.865000000e+01 -1.865000000e+01
100186 0 +2.131628207e-14 -1.865000000e+01 -1.865000000e+01
% f evaluations | g evaluations | best noise-free fitness - Fopt (1.749200000000e+02) + sum g_i+ | measured fitness | best measured fitness or single-digit g-values | x1 | x2...
1 0 +5.593072848e+06 +5.593247768e+06 +5.593247768e+06
4 0 +4.167257881e+05 +4.169007081e+05 +4.169007081e+05
18 0 +2.870955295e+05 +2.872704495e+05 +2.872704495e+05
28 0 +2.010997229e+05 +2.012746429e+05 +2.012746429e+05
31 0 +7.916174162e+04 +7.933666162e+04 +7.933666162e+04
84 0 +4.442201294e+04 +4.459693294e+04 +4.459693294e+04
106 0 +3.779927280e+04 +3.797419280e+04 +3.797419280e+04
117 0 +2.725469207e+04 +2.742961207e+04 +2.742961207e+04
150 0 +2.439755849e+04 +2.457247849e+04 +2.457247849e+04
205 0 +2.070721827e+04 +2.088213827e+04 +2.088213827e+04
216 0 +1.524425447e+04 +1.541917447e+04 +1.541917447e+04
227 0 +5.596615735e+03 +5.771535735e+03 +5.771535735e+03
249 0 +3.238339012e+03 +3.413259012e+03 +3.413259012e+03
260 0 +1.459548063e+03 +1.634468063e+03 +1.634468063e+03
271 0 +3.152909489e+02 +4.902109489e+02 +4.902109489e+02
282 0 +1.534657625e+02 +3.283857625e+02 +3.283857625e+02
293 0 +4.430504364e+01 +2.192250436e+02 +2.192250436e+02
304 0 +7.400845775e+00 +1.823208458e+02 +1.823208458e+02
315 0 +4.063789729e+00 +1.789837897e+02 +1.789837897e+02
326 0 +6.693044656e-01 +1.755893045e+02 +1.755893045e+02
337 0 +2.345892548e-01 +1.751545893e+02 +1.751545893e+02
348 0 +2.704230953e-02 +1.749470423e+02 +1.749470423e+02
359 0 +4.401885171e-03 +1.749244019e+02 +1.749244019e+02
370 0 +2.562220674e-03 +1.749225622e+02 +1.749225622e+02
381 0 +1.133715766e-03 +1.749211337e+02 +1.749211337e+02
392 0 +4.304867851e-04 +1.749204305e+02 +1.749204305e+02
414 0 +2.082412449e-04 +1.749202082e+02 +1.749202082e+02
425 0 +1.102302441e-04 +1.749201102e+02 +1.749201102e+02
436 0 +4.924280890e-05 +1.749200492e+02 +1.749200492e+02
447 0 +1.498993242e-05 +1.749200150e+02 +1.749200150e+02
458 0 +4.584162014e-06 +1.749200046e+02 +1.749200046e+02
469 0 +6.230721681e-07 +1.749200006e+02 +1.749200006e+02
480 0 +3.228022081e-07 +1.749200003e+02 +1.749200003e+02
491 0 +1.772678786e-07 +1.749200002e+02 +1.749200002e+02
502 0 +9.431386161e-08 +1.749200001e+02 +1.749200001e+02
513 0 +9.343409602e-09 +1.749200000e+02 +1.749200000e+02
89285 0 +8.810729923e-13 +1.749200000e+02 +1.749200000e+02
93348 0 +0.000000000e+00 +1.749200000e+02 +1.749200000e+02
100643 0 +0.000000000e+00 +1.749200000e+02 +1.749200000e+02
% f evaluations | g evaluations | best noise-free fitness - Fopt (-5.659600000000e+02) + sum g_i+ | measured fitness | best measured fitness or single-digit g-values | x1 | x2...
1 0 +5.727656188e+06 +5.727090228e+06 +5.727090228e+06
2 0 +5.243644330e+06 +5.243078370e+06 +5.243078370e+06
3 0 +3.328228831e+06 +3.327662871e+06 +3.327662871e+06
10 0 +3.338870027e+05 +3.333210427e+05 +3.333210427e+05
16 0 +1.771899388e+05 +1.766239788e+05 +1.766239788e+05
50 0 +1.163893190e+05 +1.158233590e+05 +1.158233590e+05
73 0 +6.258227220e+04 +6.201631220e+04 +6.201631220e+04
95 0 +4.900972241e+04 +4.844376241e+04 +4.844376241e+04
106 0 +3.942631246e+04 +3.886035246e+04 +3.886035246e+04
117 0 +2.331373547e+04 +2.274777547e+04 +2.274777547e+04
139 0 +1.739143228e+04 +1.682547228e+04 +1.682547228e+04
161 0 +9.970952318e+03 +9.404992318e+03 +9.404992318e+03
194 0 +8.729523710e+03 +8.163563710e+03 +8.163563710e+03
205 0 +7.107704584e+03 +6.541744584e+03 +6.541744584e+03
216 0 +5.831650452e+03 +5.265690452e+03 +5.265690452e+03
227 0 +4.605535417e+03 +4.039575417e+03 +4.039575417e+03
1280 0 +1.166752104e+03 +6.007921044e+02 +6.007921044e+02
1302 0 +6.055385764e+02 +3.957857644e+01 +3.957857644e+01
1313 0 +2.723930310e+02 -2.935669690e+02 -2.935669690e+02
1324 0 +2.993441041e+01 -5.360255896e+02 -5.360255896e+02
1346 0 +3.793963339e+00 -5.621660367e+02 -5.621660367e+02
1357 0 +1.162704372e+00 -5.647972956e+02 -5.647972956e+02
1368 0 +7.294518971e-01 -5.652305481e+02 -5.652305481e+02
1379 0 +1.462750211e-01 -5.658137250e+02 -5.658137250e+02
1390 0 +6.550113231e-02 -5.658944989e+02 -5.658944989e+02
1412 0 +4.999011098e-02 -5.659100099e+02 -5.659100099e+02
1423 0 +2.218821310e-02 -5.659378118e+02 -5.659378118e+02
1445 0 +1.228203297e-02 -5.659477180e+02 -5.659477180e+02
1456 0 +7.479594560e-03 -5.659525204e+02 -5.659525204e+02
1467 0 +1.372248578e-03 -5.659586278e+02 -5.659586278e+02
1489 0 +4.484476518e-04 -5.659595516e+02 -5.659595516e+02
1500 0 +1.878175080e-04 -5.659598122e+02 -5.659598122e+02
1511 0 +7.788460107e-05 -5.659599221e+02 -5.659599221e+02
1522 0 +3.233824691e-05 -5.659599677e+02 -5.659599677e+02
1533 0 +2.102741769e-05 -5.659599790e+02 -5.659599790e+02
1544 0 +4.488409672e-06 -5.659599955e+02 -5.659599955e+02
1555 0 +1.794608806e-06 -5.659599982e+02 -5.659599982e+02
1566 0 +2.568903028e-07 -5.659599997e+02 -5.659599997e+02
1577 0 +9.214159036e-08 -5.659599999e+02 -5.659599999e+02
1588 0 +1.654677817e-08 -5.659600000e+02 -5.659600000e+02
1597 0 +1.531645921e-08 -5.659600000e+02 -5.659600000e+02
1599 0 +6.082018444e-09 -5.659600000e+02 -5.659600000e+02
93136 0 +9.094947018e-13 -5.659600000e+02 -5.659600000e+02
95948 0 +0.000000000e+00 -5.659600000e+02 -5.659600000e+02
100279 0 +0.000000000e+00 -5.659600000e+02 -5.659600000e+02
% f evaluations | g evaluations | best noise-free fitness - Fopt (7.095000000000e+01) + sum g_i+ | measured fitness | best measured fitness or single-digit g-values | x1 | x2...
1 0 +6.065109573e+06 +6.065180523e+06 +6.065180523e+06
2 0 +4.318471315e+06 +4.318542265e+06 +4.318542265e+06
3 0 +2.649370003e+06 +2.649440953e+06 +2.649440953e+06
10 0 +1.880346395e+06 +1.880417345e+06 +1.880417345e+06
12 0 +5.756988159e+05 +5.757697659e+05 +5.757697659e+05
13 0 +4.162903683e+05 +4.163613183e+05 +4.163613183e+05
38 0 +3.317490611e+05 +3.318200111e+05 +3.318200111e+05
48 0 +3.045114025e+05 +3.045823525e+05 +3.045823525e+05
51 0 +1.794677424e+05 +1.795386924e+05 +1.795386924e+05
73 0 +1.192805444e+05 +1.193514944e+05 +1.193514944e+05
84 0 +2.377417642e+04 +2.384512642e+04 +2.384512642e+04
183 0 +2.232072651e+04 +2.239167651e+04 +2.239167651e+04
216 0 +1.994626466e+04 +2.001721466e+04 +2.001721466e+04
227 0 +1.639885409e+04 +1.646980409e+04 +1.646980409e+04
343 0 +1.187485081e+04 +1.194580081e+04 +1.194580081e+04
365 0 +1.044415888e+04 +1.051510888e+04 +1.051510888e+04
376 0 +7.282759891e+03 +7.353709891e+03 +7.353709891e+03
398 0 +6.899073037e+03 +6.970023037e+03 +6.970023037e+03
409 0 +6.146596485e+03 +6.217546485e+03 +6.217546485e+03
420 0 +4.912981573e+03 +4.983931573e+03 +4.983931573e+03
431 0 +3.678325039e+03 +3.749275039e+03 +3.749275039e+03
442 0 +1.477952852e+03 +1.548902852e+03 +1.548902852e+03
464 0 +8.271557110e+02 +8.981057110e+02 +8.981057110e+02
475 0 +1.633353411e+02 +2.342853411e+02 +2.342853411e+02
486 0 +6.267495151e+01 +1.336249515e+02 +1.336249515e+02
508 0 +4.239925565e+01 +1.133492557e+02 +1.133492557e+02
519 0 +2.825734000e+01 +9.920734000e+01 +9.920734000e+01
530 0 +1.411012230e+01 +8.506012230e+01 +8.506012230e+01
563 0 +1.248292750e+01 +8.343292750e+01 +8.343292750e+01
574 0 +1.013352226e+01 +8.108352226e+01 +8.108352226e+01
585 0 +7.698634653e+00 +7.864863465e+01 +7.864863465e+01
618 0 +6.760468083e+00 +7.771046808e+01 +7.771046808e+01
651 0 +5.850619039e+00 +7.680061904e+01 +7.680061904e+01
673 0 +4.505514854e+00 +7.545551485e+01 +7.545551485e+01
684 0 +4.446293695e+00 +7.539629370e+01 +7.539629370e+01
706 0 +3.532902319e+00 +7.448290232e+01 +7.448290232e+01
717 0 +2.573942850e+00 +7.352394285e+01 +7.352394285e+01
728 0 +1.882467602e+00 +7.283246760e+01 +7.283246760e+01
739 0 +1.545070094e+00 +7.249507009e+01 +7.249507009e+01
750 0 +8.941053563e-01 +7.184410536e+01 +7.184410536e+01
761 0 +8.718501407e-01 +7.182185014e+01 +7.182185014e+01
783 0 +6.686013951e-01 +7.161860140e+01 +7.161860140e+01
794 0 +4.024389724e-01 +7.135243897e+01 +7.135243897e+01
805 0 +2.719690665e-01 +7.122196907e+01 +7.122196907e+01
816 0 +1.161732873e-01 +7.106617329e+01 +7.106617329e+01
838 0 +2.385283944e-02 +7.097385284e+01 +7.097385284e+01
849 0 +7.758458727e-03 +7.095775846e+01 +7.095775846e+01
860 0 +1.514033692e-03 +7.095151403e+01 +7.095151403e+01
871 0 +4.637954266e-04 +7.095046380e+01 +7.095046380e+01
882 0 +2.638639483e-04 +7.095026386e+01 +7.095026386e+01
893 0 +3.261484652e-05 +7.095003261e+01 +7.095003261e+01
904 0 +6.260624943e-06 +7.095000626e+01 +7.095000626e+01
915 0 +2.245544223e-06 +7.095000225e+01 +7.095000225e+01
926 0 +1.216574347e-06 +7.095000122e+01 +7.095000122e+01
937 0 +7.504167741e-07 +7.095000075e+01 +7.095000075e+01
948 0 +3.874952483e-07 +7.095000039e+01 +7.095000039e+01
959 0 +3.480527511e-07 +7.095000035e+01 +7.095000035e+01
970 0 +2.947524536e-07 +7.095000029e+01 +7.095000029e+01
981 0 +2.785003375e-07 +7.095000028e+01 +7.095000028e+01
1014 0 +2.422685554e-07 +7.095000024e+01 +7.095000024e+01
1025 0 +1.343560001e-07 +7.095000013e+01 +7.095000013e+01
1056 0 +1.254581008e-07 +7.095000013e+01 +7.095000013e+01
1102 0 +1.055879579e-07 +7.095000011e+01 +7.095000011e+01
1113 0 +8.406460950e-08 +7.095000008e+01 +7.095000008e+01
1124 0 +7.437503768e-08 +7.095000007e+01 +7.095000007e+01
1135 0 +3.545184768e-08 +7.095000004e+01 +7.095000004e+01
1157 0 +2.761240125e-08 +7.095000003e+01 +7.095000003e+01
1168 0 +1.773450720e-08 +7.095000002e+01 +7.095000002e+01
1179 0 +4.500165574e-09 +7.095000000e+01 +7.095000000e+01
100228 0 +3.669242687e-11 +7.095000000e+01 +7.095000000e+01
% f evaluations | g evaluations | best noise-free fitness - Fopt (4.728000000000e+01) + sum g_i+ | measured fitness | best measured fitness or single-digit g-values | x1 | x2...
1 0 +1.339380322e+07 +1.339385050e+07 +1.339385050e+07
4 0 +3.789719356e+06 +3.789766636e+06 +3.789766636e+06
11 0 +2.097215478e+06 +2.097262758e+06 +2.097262758e+06
14 0 +9.958305032e+05 +9.958777832e+05 +9.958777832e+05
19 0 +7.902182496e+05 +7.902655296e+05 +7.902655296e+05
21 0 +5.746122245e+05 +5.746595045e+05 +5.746595045e+05
24 0 +1.669084757e+05 +1.669557557e+05 +1.669557557e+05
25 0 +6.513642255e+04 +6.518370255e+04 +6.518370255e+04
33 0 +6.062761765e+04 +6.067489765e+04 +6.067489765e+04
51 0 +4.993974030e+04 +4.998702030e+04 +4.998702030e+04
73 0 +4.361960808e+04 +4.366688808e+04 +4.366688808e+04
84 0 +3.656813668e+04 +3.661541668e+04 +3.661541668e+04
95 0 +1.391797057e+04 +1.396525057e+04 +1.396525057e+04
139 0 +1.211345758e+04 +1.216073758e+04 +1.216073758e+04
150 0 +1.009484952e+04 +1.014212952e+04 +1.014212952e+04
205 0 +9.752163961e+03 +9.799443961e+03 +9.799443961e+03
227 0 +6.629514070e+03 +6.676794070e+03 +6.676794070e+03
238 0 +4.987601727e+03 +5.034881727e+03 +5.034881727e+03
453 0 +1.793373558e+03 +1.840653558e+03 +1.840653558e+03
1539 0 +1.281304066e+03 +1.328584066e+03 +1.328584066e+03
1561 0 +1.122092204e+03 +1.169372204e+03 +1.169372204e+03
1572 0 +1.069414669e+03 +1.116694669e+03 +1.116694669e+03
1594 0 +8.235025286e+02 +8.707825286e+02 +8.707825286e+02
1605 0 +5.356012654e+02 +5.828812654e+02 +5.828812654e+02
1627 0 +4.427864361e+02 +4.900664361e+02 +4.900664361e+02
1638 0 +3.638092100e+02 +4.110892100e+02 +4.110892100e+02
1649 0 +2.715114749e+02 +3.187914749e+02 +3.187914749e+02
1660 0 +2.490975494e+02 +2.963775494e+02 +2.963775494e+02
1682 0 +2.218355640e+02 +2.691155640e+02 +2.691155640e+02
1726 0 +1.957341516e+02 +2.430141516e+02 +2.430141516e+02
1737 0 +8.420578126e+01 +1.314857813e+02 +1.314857813e+02
1759 0 +7.601145930e+01 +1.232914593e+02 +1.232914593e+02
1814 0 +6.583306246e+01 +1.131130625e+02 +1.131130625e+02
1825 0 +4.769806504e+01 +9.497806504e+01 +9.497806504e+01
1836 0 +3.219498024e+01 +7.947498024e+01 +7.947498024e+01
1847 0 +2.461849934e+01 +7.189849934e+01 +7.189849934e+01
1858 0 +9.907642608e+00 +5.718764261e+01 +5.718764261e+01
2348 0 +4.916740978e+00 +5.219674098e+01 +5.219674098e+01
2359 0 +1.898654192e+00 +4.917865419e+01 +4.917865419e+01
2370 0 +7.601356764e-01 +4.804013568e+01 +4.804013568e+01
2381 0 +3.543681379e-01 +4.763436814e+01 +4.763436814e+01
2392 0 +2.053866459e-01 +4.748538665e+01 +4.748538665e+01
2403 0 +1.016252217e-01 +4.738162522e+01 +4.738162522e+01
2414 0 +3.338268300e-02 +4.731338268e+01 +4.731338268e+01
2425 0 +1.847962925e-02 +4.729847963e+01 +4.729847963e+01
2436 0 +9.789997125e-03 +4.728979000e+01 +4.728979000e+01
2447 0 +6.529120081e-03 +4.728652912e+01 +4.728652912e+01
2458 0 +3.750994848e-03 +4.728375099e+01 +4.728375099e+01
2469 0 +1.552193478e-03 +4.728155219e+01 +4.728155219e+01
2480 0 +4.694761796e-04 +4.728046948e+01 +4.728046948e+01
2491 0 +1.825422996e-04 +4.728018254e+01 +4.728018254e+01
2502 0 +8.228362958e-05 +4.728008228e+01 +4.728008228e+01
2513 0 +3.583437325e-05 +4.728003583e+01 +4.728003583e+01
2524 0 +1.961531255e-05 +4.728001962e+01 +4.728001962e+01
2535 0 +1.450208275e-05 +4.728001450e+01 +4.728001450e+01
2546 0 +8.542706830e-06 +4.728000854e+01 +4.728000854e+01
2557 0 +2.967277517e-06 +4.728000297e+01 +4.728000297e+01
2568 0 +1.255112728e-06 +4.728000126e+01 +4.728000126e+01
2579 0 +5.501784912e-07 +4.728000055e+01 +4.728000055e+01
2590 0 +2.798061161e-07 +4.728000028e+01 +4.728000028e+01
2601 0 +1.571420611e-07 +4.728000016e+01 +4.728000016e+01
2612 0 +5.551128623e-08 +4.728000006e+01 +4.728000006e+01
2623 0 +3.226961098e-08 +4.728000003e+01 +4.728000003e+01
2633 0 +3.107192015e-08 +4.728000003e+01 +4.728000003e+01
2634 0 +1.179110853e-08 +4.728000001e+01 +4.728000001e+01
2645 0 +1.001637173e-08 +4.728000001e+01 +4.728000001e+01
2650 0 +9.998061046e-09 +4.728000001e+01 +4.728000001e+01
83810 0 +8.029132914e-13 +4.728000000e+01 +4.728000000e+01
88756 0 +0.000000000e+00 +4.728000000e+01 +4.728000000e+01
100455 0 +0.000000000e+00 +4.728000000e+01 +4.728000000e+01
% f evaluations | g evaluations | best noise-free fitness - Fopt (-5.688800000000e+02) + sum g_i+ | measured fitness | best measured fitness or single-digit g-values | x1 | x2...
1 0 +1.014303336e+07 +1.014246448e+07 +1.014246448e+07
4 0 +2.365262535e+06 +2.364693655e+06 +2.364693655e+06
21 0 +5.541719626e+05 +5.536030826e+05 +5.536030826e+05
26 0 +4.554939890e+05 +4.549251090e+05 +4.549251090e+05
35 0 +4.211928955e+05 +4.206240155e+05 +4.206240155e+05
38 0 +3.987120470e+05 +3.981431670e+05 +3.981431670e+05
39 0 +3.129826773e+05 +3.124137973e+05 +3.124137973e+05
40 0 +2.950906906e+05 +2.945218106e+05 +2.945218106e+05
51 0 +2.344846484e+05 +2.339157684e+05 +2.339157684e+05
73 0 +1.273793037e+05 +1.268104237e+05 +1.268104237e+05
95 0 +1.055221370e+05 +1.049532570e+05 +1.049532570e+05
106 0 +7.092904256e+04 +7.036016256e+04 +7.036016256e+04
128 0 +6.186755094e+04 +6.129867094e+04 +6.129867094e+04
183 0 +5.533262841e+04 +5.476374841e+04 +5.476374841e+04
216 0 +3.947348693e+04 +3.890460693e+04 +3.890460693e+04
387 0 +2.756418149e+04 +2.699530149e+04 +2.699530149e+04
398 0 +1.284328040e+04 +1.227440040e+04 +1.227440040e+04
409 0 +7.349501173e+03 +6.780621173e+03 +6.780621173e+03
613 0 +6.047612236e+03 +5.478732236e+03 +5.478732236e+03
624 0 +2.029702771e+03 +1.460822771e+03 +1.460822771e+03
646 0 +1.408324760e+03 +8.394447597e+02 +8.394447597e+02
668 0 +1.050663265e+03 +4.817832653e+02 +4.817832653e+02
679 0 +8.594996992e+02 +2.906196992e+02 +2.906196992e+02
690 0 +6.497236271e+02 +8.084362707e+01 +8.084362707e+01
712 0 +5.099261985e+02 -5.895380148e+01 -5.895380148e+01
1120 0 +2.706603708e+02 -2.982196292e+02 -2.982196292e+02
1131 0 +1.048522924e+02 -4.640277076e+02 -4.640277076e+02
2283 0 +6.688283333e+01 -5.019971667e+02 -5.019971667e+02
2305 0 +2.036351236e+01 -5.485164876e+02 -5.485164876e+02
2316 0 +3.211461328e+00 -5.656685387e+02 -5.656685387e+02
2327 0 +2.517977457e+00 -5.663620225e+02 -5.663620225e+02
2338 0 +1.544992533e+00 -5.673350075e+02 -5.673350075e+02
2349 0 +3.928186745e-01 -5.684871813e+02 -5.684871813e+02
2360 0 +3.326568250e-01 -5.685473432e+02 -5.685473432e+02
2371 0 +2.544939481e-01 -5.686255061e+02 -5.686255061e+02
2382 0 +2.274957643e-01 -5.686525042e+02 -5.686525042e+02
2393 0 +1.813537251e-01 -5.686986463e+02 -5.686986463e+02
2404 0 +1.243356090e-01 -5.687556644e+02 -5.687556644e+02
2415 0 +8.737857429e-02 -5.687926214e+02 -5.687926214e+02
2426 0 +4.424642639e-02 -5.688357536e+02 -5.688357536e+02
2437 0 +2.745888327e-02 -5.688525411e+02 -5.688525411e+02
2448 0 +7.504276468e-03 -5.688724957e+02 -5.688724957e+02
2459 0 +5.307483579e-03 -5.688746925e+02 -5.688746925e+02
2470 0 +2.297071571e-03 -5.688777029e+02 -5.688777029e+02
2481 0 +1.368913044e-03 -5.688786311e+02 -5.688786311e+02
2503 0 +1.039334722e-03 -5.688789607e+02 -5.688789607e+02
2514 0 +9.490117370e-04 -5.688790510e+02 -5.688790510e+02
2525 0 +7.733300582e-04 -5.688792267e+02 -5.688792267e+02
2536 0 +5.112601064e-04 -5.688794887e+02 -5.688794887e+02
2547 0 +4.827198865e-04 -5.688795173e+02 -5.688795173e+02
2558 0 +4.250503594e-04 -5.688795749e+02 -5.688795749e+02
2569 0 +2.933327542e-04 -5.688797067e+02 -5.688797067e+02
2580 0 +2.131484493e-04 -5.688797869e+02 -5.688797869e+02
2591 0 +1.850991835e-04 -5.688798149e+02 -5.688798149e+02
2602 0 +1.659262589e-04 -5.688798341e+02 -5.688798341e+02
2613 0 +1.582279439e-04 -5.688798418e+02 -5.688798418e+02
2624 0 +1.181900465e-04 -5.688798818e+02 -5.688798818e+02
2668 0 +1.105616415e-04 -5.688798894e+02 -5.688798894e+02
2690 0 +9.135002915e-05 -5.688799086e+02 -5.688799086e+02
2701 0 +6.067468564e-05 -5.688799393e+02 -5.688799393e+02
2712 0 +3.132958875e-05 -5.688799687e+02 -5.688799687e+02
2723 0 +1.744340398e-05 -5.688799826e+02 -5.688799826e+02
2734 0 +5.541932182e-06 -5.688799945e+02 -5.688799945e+02
2745 0 +2.876503345e-06 -5.688799971e+02 -5.688799971e+02
2756 0 +1.599727739e-06 -5.688799984e+02 -5.688799984e+02
2767 0 +4.761864147e-07 -5.688799995e+02 -5.688799995e+02
2778 0 +1.895846253e-07 -5.688799998e+02 -5.688799998e+02
2789 0 +6.792424756e-08 -5.688799999e+02 -5.688799999e+02
2800 0 +2.869865057e-08 -5.688800000e+02 -5.688800000e+02
2811 0 +1.384523785e-08 -5.688800000e+02 -5.688800000e+02
2822 0 +2.971432878e-09 -5.688800000e+02 -5.688800000e+02
79293 0 +9.094947018e-13 -5.688800000e+02 -5.688800000e+02
82833 0 +0.000000000e+00 -5.688800000e+02 -5.688800000e+02
100495 0 +0.000000000e+00 -5.688800000e+02 -5.688800000e+02
% f evaluations | g evaluations | best noise-free fitness - Fopt (2.069000000000e+01) + sum g_i+ | measured fitness | best measured fitness or single-digit g-values | x1 | x2...
1 0 +2.166400082e+06 +2.166420772e+06 +2.166420772e+06
2 0 +9.081237750e+05 +9.081444650e+05 +9.081444650e+05
18 0 +4.890190740e+05 +4.890397640e+05 +4.890397640e+05
44 0 +3.397052013e+05 +3.397258913e+05 +3.397258913e+05
73 0 +1.710605045e+05 +1.710811945e+05 +1.710811945e+05
84 0 +3.269854041e+04 +3.271923041e+04 +3.271923041e+04
117 0 +3.108518483e+04 +3.110587483e+04 +3.110587483e+04
216 0 +2.765860280e+04 +2.767929280e+04 +2.767929280e+04
260 0 +2.390069155e+04 +2.392138155e+04 +2.392138155e+04
271 0 +1.937281814e+04 +1.939350814e+04 +1.939350814e+04
398 0 +1.133847121e+04 +1.135916121e+04 +1.135916121e+04
420 0 +1.110025562e+04 +1.112094562e+04 +1.112094562e+04
453 0 +9.954861550e+03 +9.975551550e+03 +9.975551550e+03
464 0 +8.600857889e+03 +8.621547889e+03 +8.621547889e+03
475 0 +6.172974934e+03 +6.193664934e+03 +6.193664934e+03
646 0 +5.589166100e+03 +5.609856100e+03 +5.609856100e+03
657 0 +4.902780089e+03 +4.923470089e+03 +4.923470089e+03
668 0 +3.815669036e+03 +3.836359036e+03 +3.836359036e+03
679 0 +2.802187772e+03 +2.822877772e+03 +2.822877772e+03
690 0 +2.274002463e+03 +2.294692463e+03 +2.294692463e+03
701 0 +1.330970385e+03 +1.351660385e+03 +1.351660385e+03
712 0 +6.846153885e+02 +7.053053885e+02 +7.053053885e+02
927 0 +5.765828799e+02 +5.972728799e+02 +5.972728799e+02
938 0 +2.150028597e+02 +2.356928597e+02 +2.356928597e+02
949 0 +1.230410287e+02 +1.437310287e+02 +1.437310287e+02
960 0 +5.098509476e+01 +7.167509476e+01 +7.167509476e+01
982 0 +4.058653350e+01 +6.127653350e+01 +6.127653350e+01
993 0 +2.946913390e+01 +5.015913390e+01 +5.015913390e+01
1015 0 +2.664314341e+01 +4.733314341e+01 +4.733314341e+01
1059 0 +2.308030374e+01 +4.377030374e+01 +4.377030374e+01
1070 0 +1.628161330e+01 +3.697161330e+01 +3.697161330e+01
1081 0 +1.151045666e+01 +3.220045666e+01 +3.220045666e+01
1092 0 +9.590994446e+00 +3.028099445e+01 +3.028099445e+01
1125 0 +8.243269340e+00 +2.893326934e+01 +2.893326934e+01
1136 0 +7.543168193e+00 +2.823316819e+01 +2.823316819e+01
1147 0 +6.190479759e+00 +2.688047976e+01 +2.688047976e+01
1213 0 +5.515858257e+00 +2.620585826e+01 +2.620585826e+01
1224 0 +4.843836297e+00 +2.553383630e+01 +2.553383630e+01
1235 0 +3.557812609e+00 +2.424781261e+01 +2.424781261e+01
1246 0 +2.182968751e+00 +2.287296875e+01 +2.287296875e+01
1257 0 +1.008531616e+00 +2.169853162e+01 +2.169853162e+01
1268 0 +6.008174357e-01 +2.129081744e+01 +2.129081744e+01
1279 0 +5.159488978e-01 +2.120594890e+01 +2.120594890e+01
1290 0 +3.908879739e-01 +2.108088797e+01 +2.108088797e+01
1301 0 +3.084692790e-01 +2.099846928e+01 +2.099846928e+01
1312 0 +1.447824439e-01 +2.083478244e+01 +2.083478244e+01
1334 0 +1.173069518e-01 +2.080730695e+01 +2.080730695e+01
1345 0 +6.547574263e-02 +2.075547574e+01 +2.075547574e+01
1356 0 +2.768886305e-02 +2.071768886e+01 +2.071768886e+01
1367 0 +1.754603358e-02 +2.070754603e+01 +2.070754603e+01
1378 0 +1.177492859e-02 +2.070177493e+01 +2.070177493e+01
1389 0 +8.337029288e-03 +2.069833703e+01 +2.069833703e+01
1400 0 +3.385294593e-03 +2.069338529e+01 +2.069338529e+01
1411 0 +1.747114090e-03 +2.069174711e+01 +2.069174711e+01
1422 0 +7.484051086e-04 +2.069074841e+01 +2.069074841e+01
1433 0 +3.210847475e-04 +2.069032108e+01 +2.069032108e+01
1444 0 +5.861490101e-05 +2.069005861e+01 +2.069005861e+01
1455 0 +2.105143660e-05 +2.069002105e+01 +2.069002105e+01
1466 0 +6.834699970e-06 +2.069000683e+01 +2.069000683e+01
1477 0 +3.103305648e-06 +2.069000310e+01 +2.069000310e+01
1499 0 +1.144674169e-06 +2.069000114e+01 +2.069000114e+01
1510 0 +5.504032217e-07 +2.069000055e+01 +2.069000055e+01
1521 0 +1.627078881e-07 +2.069000016e+01 +2.069000016e+01
1532 0 +1.641013370e-08 +2.069000002e+01 +2.069000002e+01
1541 0 +1.567195085e-08 +2.069000002e+01 +2.069000002e+01
1543 0 +5.119950686e-09 +2.069000001e+01 +2.069000001e+01
100589 0 +3.601030585e-11 +2.069000000e+01 +2.069000000e+01
% f evaluations | g evaluations | best noise-free fitness - Fopt (5.616700000000e+02) + sum g_i+ | measured fitness | best measured fitness or single-digit g-values | x1 | x2...
1 0 +6.788857107e+06 +6.789418777e+06 +6.789418777e+06
4 0 +8.472856890e+05 +8.478473590e+05 +8.478473590e+05
18 0 +5.831807742e+05 +5.837424442e+05 +5.837424442e+05
21 0 +2.904002306e+05 +2.909619006e+05 +2.909619006e+05
33 0 +2.387444636e+05 +2.393061336e+05 +2.393061336e+05
51 0 +2.113625638e+05 +2.119242338e+05 +2.119242338e+05
73 0 +1.069594435e+05 +1.075211135e+05 +1.075211135e+05
84 0 +7.345120204e+04 +7.401287204e+04 +7.401287204e+04
95 0 +2.690324116e+04 +2.746491116e+04 +2.746491116e+04
117 0 +2.399468423e+04 +2.455635423e+04 +2.455635423e+04
205 0 +2.237110957e+04 +2.293277957e+04 +2.293277957e+04
227 0 +1.520295251e+04 +1.576462251e+04 +1.576462251e+04
238 0 +1.174533836e+04 +1.230700836e+04 +1.230700836e+04
249 0 +5.049126200e+03 +5.610796200e+03 +5.610796200e+03
271 0 +1.599887028e+03 +2.161557028e+03 +2.161557028e+03
282 0 +9.407973890e+02 +1.502467389e+03 +1.502467389e+03
1037 0 +5.898138688e+02 +1.151483869e+03 +1.151483869e+03
1070 0 +5.443716402e+02 +1.106041640e+03 +1.106041640e+03
1307 0 +4.240665318e+02 +9.857365318e+02 +9.857365318e+02
1318 0 +1.371673222e+02 +6.988373222e+02 +6.988373222e+02
1329 0 +7.702001786e+01 +6.386900179e+02 +6.386900179e+02
1340 0 +6.680027381e+00 +5.683500274e+02 +5.683500274e+02
1362 0 +2.501762714e+00 +5.641717627e+02 +5.641717627e+02
1373 0 +1.694558964e+00 +5.633645590e+02 +5.633645590e+02
1384 0 +8.047156786e-01 +5.624747157e+02 +5.624747157e+02
1395 0 +3.076318068e-01 +5.619776318e+02 +5.619776318e+02
1417 0 +2.412800703e-01 +5.619112801e+02 +5.619112801e+02
1428 0 +1.537631128e-01 +5.618237631e+02 +5.618237631e+02
1439 0 +6.970638345e-02 +5.617397064e+02 +5.617397064e+02
1450 0 +2.090368496e-02 +5.616909037e+02 +5.616909037e+02
1461 0 +1.277516469e-02 +5.616827752e+02 +5.616827752e+02
1472 0 +1.168855436e-02 +5.616816886e+02 +5.616816886e+02
1483 0 +1.067327376e-02 +5.616806733e+02 +5.616806733e+02
1494 0 +5.619136679e-03 +5.616756191e+02 +5.616756191e+02
1560 0 +4.689895864e-03 +5.616746899e+02 +5.616746899e+02
1571 0 +3.596800409e-03 +5.616735968e+02 +5.616735968e+02
1582 0 +2.827516089e-03 +5.616728275e+02 +5.616728275e+02
1593 0 +1.634700586e-03 +5.616716347e+02 +5.616716347e+02
1615 0 +1.417202542e-03 +5.616714172e+02 +5.616714172e+02
1626 0 +7.870534042e-04 +5.616707871e+02 +5.616707871e+02
1637 0 +2.025702821e-04 +5.616702026e+02 +5.616702026e+02
1648 0 +9.043610191e-05 +5.616700904e+02 +5.616700904e+02
1659 0 +2.056700373e-05 +5.616700206e+02 +5.616700206e+02
1670 0 +4.406966696e-06 +5.616700044e+02 +5.616700044e+02
1681 0 +1.552249955e-06 +5.616700016e+02 +5.616700016e+02
1692 0 +6.480041748e-07 +5.616700006e+02 +5.616700006e+02
1703 0 +2.431345365e-07 +5.616700002e+02 +5.616700002e+02
1714 0 +3.103957624e-08 +5.616700000e+02 +5.616700000e+02
1725 0 +1.769183200e-08 +5.616700000e+02 +5.616700000e+02
1736 0 +4.672074283e-09 +5.616700000e+02 +5.616700000e+02
82427 0 +7.958078641e-13 +5.616700000e+02 +5.616700000e+02
86756 0 +0.000000000e+00 +5.616700000e+02 +5.616700000e+02
100179 0 +0.000000000e+00 +5.616700000e+02 +5.616700000e+02
