% f evaluations | g evaluations | best noise-free fitness - Fopt (-5.494000000000e+01) + sum g_i+ | measured fitness | best measured fitness or single-digit g-values | x1 | x2...
1 0 +4.317792701e+06 +4.317737761e+06 +4.317737761e+06
17 0 +2.355490862e+06 +2.355435922e+06 +2.355435922e+06
25 0 +1.052914080e+06 +1.052859140e+06 +1.052859140e+06
28 0 +8.420902989e+05 +8.420353589e+05 +8.420353589e+05
31 0 +2.632626122e+05 +2.632076722e+05 +2.632076722e+05
74 0 +1.817443429e+05 +1.816894029e+05 +1.816894029e+05
76 0 +1.697779820e+05 +1.697230420e+05 +1.697230420e+05
77 0 +1.469302309e+05 +1.468752909e+05 +1.468752909e+05
123 0 +1.184996269e+05 +1.184446869e+05 +1.184446869e+05
145 0 +1.063287876e+05 +1.062738476e+05 +1.062738476e+05
156 0 +7.473896645e+04 +7.468402645e+04 +7.468402645e+04
178 0 +6.884380191e+04 +6.878886191e+04 +6.878886191e+04
189 0 +5.421487766e+04 +5.415993766e+04 +5.415993766e+04
222 0 +4.913448266e+04 +4.907954266e+04 +4.907954266e+04
388 0 +4.457336190e+04 +4.451842190e+04 +4.451842190e+04
399 0 +2.510939687e+04 +2.505445687e+04 +2.505445687e+04
421 0 +2.193530173e+04 +2.188036173e+04 +2.188036173e+04
432 0 +1.572118587e+04 +1.566624587e+04 +1.566624587e+04
443 0 +8.205068654e+03 +8.150128654e+03 +8.150128654e+03
465 0 +6.575206309e+03 +6.520266309e+03 +6.520266309e+03
476 0 +4.918593071e+03 +4.863653071e+03 +4.863653071e+03
487 0 +2.594928336e+03 +2.539988336e+03 +2.539988336e+03
498 0 +1.531396261e+03 +1.476456261e+03 +1.476456261e+03
1039 0 +1.201982557e+03 +1.147042557e+03 +1.147042557e+03
1050 0 +8.912886551e+02 +8.363486551e+02 +8.363486551e+02
1061 0 +5.420981280e+02 +4.871581280e+02 +4.871581280e+02
1072 0 +2.902203945e+02 +2.352803945e+02 +2.352803945e+02
1083 0 +1.682307175e+02 +1.132907175e+02 +1.132907175e+02
1094 0 +5.747757992e+01 +2.537579920e+00 +2.537579920e+00
1105 0 +8.693718782e+00 -4.624628122e+01 -4.624628122e+01
1127 0 +1.828365929e+00 -5.311163407e+01 -5.311163407e+01
1138 0 +5.788487330e-01 -5.436115127e+01 -5.436115127e+01
1149 0 +2.035413121e-01 -5.473645869e+01 -5.473645869e+01
1160 0 +6.347968310e-02 -5.487652032e+01 -5.487652032e+01
1171 0 +3.835071558e-02 -5.490164928e+01 -5.490164928e+01
1193 0 +2.275747899e-02 -5.491724252e+01 -5.491724252e+01
1204 0 +8.915108178e-03 -5.493108489e+01 -5.493108489e+01
1215 0 +8.451115454e-04 -5.493915489e+01 -5.493915489e+01
1226 0 +2.993890352e-04 -5.493970061e+01 -5.493970061e+01
1237 0 +1.116863319e-04 -5.493988831e+01 -5.493988831e+01
1248 0 +6.215945143e-05 -5.493993784e+01 -5.493993784e+01
1259 0 +1.716239670e-05 -5.493998284e+01 -5.493998284e+01
1270 0 +9.701720160e-06 -5.493999030e+01 -5.493999030e+01
2307 0 +3.521630930e-06 -5.493999648e+01 -5.493999648e+01
2329 0 +2.529984286e-06 -5.493999747e+01 -5.493999747e+01
2340 0 +1.626992358e-06 -5.493999837e+01 -5.493999837e+01
3686 0 +1.582967229e-06 -5.493999842e+01 -5.493999842e+01
3697 0 +1.352604578e-06 -5.493999865e+01 -5.493999865e+01
3708 0 +1.248500801e-06 -5.493999875e+01 -5.493999875e+01
3730 0 +1.100170351e-06 -5.493999890e+01 -5.493999890e+01
3741 0 +9.721575935e-07 -5.493999903e+01 -5.493999903e+01
7134 0 +8.422602917e-07 -5.493999916e+01 -5.493999916e+01
7156 0 +7.615079198e-07 -5.493999924e+01 -5.493999924e+01
7178 0 +6.769159029e-07 -5.493999932e+01 -5.493999932e+01
7211 0 +6.009175024e-07 -5.493999940e+01 -5.493999940e+01
7233 0 +5.511177079e-07 -5.493999945e+01 -5.493999945e+01
7255 0 +4.247381895e-07 -5.493999958e+01 -5.493999958e+01
7277 0 +3.756911440e-07 -5.493999962e+01 -5.493999962e+01
7288 0 +3.243043096e-07 -5.493999968e+01 -5.493999968e+01
7299 0 +3.010875176e-07 -5.493999970e+01 -5.493999970e+01
63223 0 +1.775594427e-07 -5.493999982e+01 -5.493999982e+01
63234 0 +1.136850543e-07 -5.493999989e+01 -5.493999989e+01
63236 0 +1.121304578e-07 -5.493999989e+01 -5.493999989e+01
63245 0 +5.800784919e-08 -5.493999994e+01 -5.493999994e+01
63267 0 +5.387967406e-08 -5.493999995e+01 -5.493999995e+01
63289 0 +4.086156480e-08 -5.493999996e+01 -5.493999996e+01
63311 0 +3.776028734e-08 -5.493999996e+01 -5.493999996e+01
100277 0 +3.686282923e-08 -5.493999996e+01 -5.493999996e+01
% f evaluations | g evaluations | best noise-free fitness - Fopt (5.913000000000e+01) + sum g_i+ | measured fitness | best measured fitness or single-digit g-values | x1 | x2...
1 0 +2.335307066e+07 +2.335312979e+07 +2.335312979e+07
2 0 +3.165344115e+06 +3.165403245e+06 +3.165403245e+06
23 0 +1.979438471e+06 +1.979497601e+06 +1.979497601e+06
32 0 +1.773304181e+06 +1.773363311e+06 +1.773363311e+06
33 0 +9.457414682e+05 +9.458005982e+05 +9.458005982e+05
37 0 +7.915749007e+05 +7.916340307e+05 +7.916340307e+05
42 0 +5.254536700e+05 +5.255128000e+05 +5.255128000e+05
48 0 +2.673918899e+05 +2.674510199e+05 +2.674510199e+05
73 0 +1.816666410e+05 +1.817257710e+05 +1.817257710e+05
89 0 +1.599159934e+05 +1.599751234e+05 +1.599751234e+05
112 0 +1.183818534e+05 +1.184409834e+05 +1.184409834e+05
134 0 +8.395573648e+04 +8.401486648e+04 +8.401486648e+04
145 0 +5.039668412e+04 +5.045581412e+04 +5.045581412e+04
167 0 +4.451592688e+04 +4.457505688e+04 +4.457505688e+04
200 0 +3.852253278e+04 +3.858166278e+04 +3.858166278e+04
255 0 +3.494396647e+04 +3.500309647e+04 +3.500309647e+04
277 0 +3.024903979e+04 +3.030816979e+04 +3.030816979e+04
443 0 +1.980507765e+04 +1.986420765e+04 +1.986420765e+04
476 0 +1.510813966e+04 +1.516726966e+04 +1.516726966e+04
487 0 +1.361576934e+04 +1.367489934e+04 +1.367489934e+04
675 0 +1.238907948e+04 +1.244820948e+04 +1.244820948e+04
697 0 +1.011907948e+04 +1.017820948e+04 +1.017820948e+04
719 0 +9.394609043e+03 +9.453739043e+03 +9.453739043e+03
799 0 +4.709662244e+03 +4.768792244e+03 +4.768792244e+03
940 0 +3.299630966e+03 +3.358760966e+03 +3.358760966e+03
1095 0 +3.153419943e+03 +3.212549943e+03 +3.212549943e+03
1106 0 +2.700707341e+03 +2.759837341e+03 +2.759837341e+03
1117 0 +2.322885490e+03 +2.382015490e+03 +2.382015490e+03
1128 0 +1.656945559e+03 +1.716075559e+03 +1.716075559e+03
1139 0 +1.466117037e+03 +1.525247037e+03 +1.525247037e+03
1360 0 +1.248352072e+03 +1.307482072e+03 +1.307482072e+03
1393 0 +9.700440076e+02 +1.029174008e+03 +1.029174008e+03
1404 0 +5.780800970e+02 +6.372100970e+02 +6.372100970e+02
1426 0 +4.487446031e+02 +5.078746031e+02 +5.078746031e+02
1735 0 +3.666622967e+02 +4.257922967e+02 +4.257922967e+02
1746 0 +3.305962063e+02 +3.897262063e+02 +3.897262063e+02
1757 0 +2.892777942e+02 +3.484077942e+02 +3.484077942e+02
1768 0 +2.209675959e+02 +2.800975959e+02 +2.800975959e+02
1790 0 +1.855674950e+02 +2.446974950e+02 +2.446974950e+02
1823 0 +1.699587987e+02 +2.290887987e+02 +2.290887987e+02
1834 0 +1.398003293e+02 +1.989303293e+02 +1.989303293e+02
1845 0 +8.885901616e+01 +1.479890162e+02 +1.479890162e+02
1856 0 +6.336022042e+01 +1.224902204e+02 +1.224902204e+02
1867 0 +4.308050727e+01 +1.022105073e+02 +1.022105073e+02
1878 0 +2.161325310e+01 +8.074325310e+01 +8.074325310e+01
1889 0 +1.684117614e+01 +7.597117614e+01 +7.597117614e+01
1900 0 +1.184369591e+01 +7.097369591e+01 +7.097369591e+01
1911 0 +7.192666913e+00 +6.632266691e+01 +6.632266691e+01
1922 0 +4.391738920e+00 +6.352173892e+01 +6.352173892e+01
1933 0 +1.775616837e+00 +6.090561684e+01 +6.090561684e+01
1944 0 +8.718314343e-01 +6.000183143e+01 +6.000183143e+01
1955 0 +6.189424784e-01 +5.974894248e+01 +5.974894248e+01
1966 0 +5.439987893e-01 +5.967399879e+01 +5.967399879e+01
1977 0 +4.136230911e-01 +5.954362309e+01 +5.954362309e+01
1999 0 +2.762448646e-01 +5.940624486e+01 +5.940624486e+01
2021 0 +2.508591741e-01 +5.938085917e+01 +5.938085917e+01
2032 0 +2.058486924e-01 +5.933584869e+01 +5.933584869e+01
2043 0 +1.558400637e-01 +5.928584006e+01 +5.928584006e+01
2054 0 +1.098395232e-01 +5.923983952e+01 +5.923983952e+01
2065 0 +9.474977585e-02 +5.922474978e+01 +5.922474978e+01
2076 0 +8.499681552e-02 +5.921499682e+01 +5.921499682e+01
2098 0 +7.213743851e-02 +5.920213744e+01 +5.920213744e+01
2109 0 +6.057123537e-02 +5.919057124e+01 +5.919057124e+01
2131 0 +3.725095929e-02 +5.916725096e+01 +5.916725096e+01
2175 0 +3.306836124e-02 +5.916306836e+01 +5.916306836e+01
2186 0 +2.878697172e-02 +5.915878697e+01 +5.915878697e+01
2197 0 +2.268324876e-02 +5.915268325e+01 +5.915268325e+01
2208 0 +2.040532277e-02 +5.915040532e+01 +5.915040532e+01
2219 0 +1.854206151e-02 +5.914854206e+01 +5.914854206e+01
2230 0 +1.563440486e-02 +5.914563440e+01 +5.914563440e+01
2241 0 +1.323794111e-02 +5.914323794e+01 +5.914323794e+01
2274 0 +1.165094934e-02 +5.914165095e+01 +5.914165095e+01
2285 0 +1.037356418e-02 +5.914037356e+01 +5.914037356e+01
2296 0 +8.565214609e-03 +5.913856521e+01 +5.913856521e+01
2307 0 +7.129845902e-03 +5.913712985e+01 +5.913712985e+01
2318 0 +5.876535578e-03 +5.913587654e+01 +5.913587654e+01
2329 0 +4.491419579e-03 +5.913449142e+01 +5.913449142e+01
2340 0 +3.725244618e-03 +5.913372524e+01 +5.913372524e+01
2351 0 +2.080104169e-03 +5.913208010e+01 +5.913208010e+01
2373 0 +5.239406650e-04 +5.913052394e+01 +5.913052394e+01
2384 0 +2.351404058e-04 +5.913023514e+01 +5.913023514e+01
2395 0 +1.892617691e-04 +5.913018926e+01 +5.913018926e+01
2406 0 +1.673285432e-04 +5.913016733e+01 +5.913016733e+01
2417 0 +1.045959800e-04 +5.913010460e+01 +5.913010460e+01
2439 0 +8.071710306e-05 +5.913008072e+01 +5.913008072e+01
2450 0 +4.987626122e-05 +5.913004988e+01 +5.913004988e+01
2461 0 +3.673408758e-05 +5.913003673e+01 +5.913003673e+01
2472 0 +3.091434905e-05 +5.913003091e+01 +5.913003091e+01
2483 0 +1.830845321e-05 +5.913001831e+01 +5.913001831e+01
2516 0 +1.759798866e-05 +5.913001760e+01 +5.913001760e+01
2538 0 +1.522917162e-05 +5.913001523e+01 +5.913001523e+01
2549 0 +1.264793488e-05 +5.913001265e+01 +5.913001265e+01
2560 0 +1.196485885e-05 +5.913001196e+01 +5.913001196e+01
2571 0 +1.068116594e-05 +5.913001068e+01 +5.913001068e+01
2582 0 +8.617243154e-06 +5.913000862e+01 +5.913000862e+01
2604 0 +7.626242642e-06 +5.913000763e+01 +5.913000763e+01
2615 0 +7.072387355e-06 +5.913000707e+01 +5.913000707e+01
2637 0 +6.160046887e-06 +5.913000616e+01 +5.913000616e+01
2648 0 +4.908117774e-06 +5.913000491e+01 +5.913000491e+01
2659 0 +3.895250671e-06 +5.913000390e+01 +5.913000390e+01
2714 0 +3.432321655e-06 +5.913000343e+01 +5.913000343e+01
2725 0 +3.027997089e-06 +5.913000303e+01 +5.913000303e+01
2747 0 +2.301308974e-06 +5.913000230e+01 +5.913000230e+01
2782 0 +2.238295629e-06 +5.913000224e+01 +5.913000224e+01
3894 0 +1.261971114e-06 +5.913000126e+01 +5.913000126e+01
3905 0 +4.348949574e-07 +5.913000043e+01 +5.913000043e+01
3927 0 +2.329152125e-07 +5.913000023e+01 +5.913000023e+01
3938 0 +8.313136135e-08 +5.913000008e+01 +5.913000008e+01
3949 0 +4.169755385e-08 +5.913000004e+01 +5.913000004e+01
3960 0 +1.342892375e-08 +5.913000001e+01 +5.913000001e+01
4070 0 +1.107155612e-08 +5.913000001e+01 +5.913000001e+01
4081 0 +9.204093487e-09 +5.913000001e+01 +5.913000001e+01
47950 0 +5.826450433e-13 +5.913000000e+01 +5.913000000e+01
51200 0 +0.000000000e+00 +5.913000000e+01 +5.913000000e+01
100245 0 +0.000000000e+00 +5.913000000e+01 +5.913000000e+01
% f evaluations | g evaluations | best noise-free fitness - Fopt (-4.915300000000e+02) + sum g_i+ | measured fitness | best measured fitness or single-digit g-values | x1 | x2...
1 0 +5.384630752e+06 +5.384139222e+06 +5.384139222e+06
2 0 +5.295537492e+06 +5.295045962e+06 +5.295045962e+06
3 0 +1.510046194e+06 +1.509554664e+06 +1.509554664e+06
12 0 +6.007350628e+05 +6.002435328e+05 +6.002435328e+05
27 0 +2.928852953e+05 +2.923937653e+05 +2.923937653e+05
31 0 +1.843327092e+05 +1.838411792e+05 +1.838411792e+05
48 0 +1.494485146e+05 +1.489569846e+05 +1.489569846e+05
63 0 +9.871569451e+04 +9.822416451e+04 +9.822416451e+04
134 0 +8.476120472e+04 +8.426967472e+04 +8.426967472e+04
145 0 +5.873691854e+04 +5.824538854e+04 +5.824538854e+04
189 0 +5.573538238e+04 +5.524385238e+04 +5.524385238e+04
222 0 +4.885472072e+04 +4.836319072e+04 +4.836319072e+04
233 0 +3.766092621e+04 +3.716939621e+04 +3.716939621e+04
244 0 +8.618251267e+03 +8.126721267e+03 +8.126721267e+03
266 0 +6.144047300e+03 +5.652517300e+03 +5.652517300e+03
277 0 +2.388008458e+03 +1.896478458e+03 +1.896478458e+03
288 0 +2.021241237e+03 +1.529711237e+03 +1.529711237e+03
299 0 +1.273316867e+03 +7.817868671e+02 +7.817868671e+02
310 0 +1.795068790e+02 -3.120231210e+02 -3.120231210e+02
321 0 +1.018369085e+02 -3.896930915e+02 -3.896930915e+02
332 0 +2.432029623e+01 -4.672097038e+02 -4.672097038e+02
354 0 +1.046468518e+01 -4.810653148e+02 -4.810653148e+02
365 0 +2.760445532e+00 -4.887695545e+02 -4.887695545e+02
376 0 +8.687428218e-01 -4.906612572e+02 -4.906612572e+02
387 0 +2.352093598e-01 -4.912947906e+02 -4.912947906e+02
398 0 +3.567811766e-02 -4.914943219e+02 -4.914943219e+02
409 0 +1.185284329e-02 -4.915181472e+02 -4.915181472e+02
431 0 +3.921398739e-03 -4.915260786e+02 -4.915260786e+02
442 0 +2.919282923e-03 -4.915270807e+02 -4.915270807e+02
453 0 +1.486202337e-03 -4.915285138e+02 -4.915285138e+02
464 0 +4.319140336e-04 -4.915295681e+02 -4.915295681e+02
475 0 +1.765247666e-04 -4.915298235e+02 -4.915298235e+02
486 0 +1.246255903e-04 -4.915298754e+02 -4.915298754e+02
497 0 +9.330788890e-05 -4.915299067e+02 -4.915299067e+02
508 0 +7.246732844e-05 -4.915299275e+02 -4.915299275e+02
618 0 +6.843135520e-05 -4.915299316e+02 -4.915299316e+02
695 0 +6.309123108e-05 -4.915299369e+02 -4.915299369e+02
761 0 +5.564874419e-05 -4.915299444e+02 -4.915299444e+02
3441 0 +2.340463999e-05 -4.915299766e+02 -4.915299766e+02
3452 0 +1.506132986e-05 -4.915299849e+02 -4.915299849e+02
4609 0 +1.345392792e-05 -4.915299865e+02 -4.915299865e+02
4620 0 +1.224157489e-05 -4.915299878e+02 -4.915299878e+02
4631 0 +1.118086340e-05 -4.915299888e+02 -4.915299888e+02
8347 0 +1.971614608e-06 -4.915299980e+02 -4.915299980e+02
8380 0 +1.356239636e-06 -4.915299986e+02 -4.915299986e+02
8391 0 +4.560661750e-07 -4.915299995e+02 -4.915299995e+02
8402 0 +3.334463941e-07 -4.915299997e+02 -4.915299997e+02
10905 0 +2.919339863e-07 -4.915299997e+02 -4.915299997e+02
10971 0 +2.806575594e-07 -4.915299997e+02 -4.915299997e+02
11004 0 +2.453580805e-07 -4.915299998e+02 -4.915299998e+02
11015 0 +1.474039664e-07 -4.915299999e+02 -4.915299999e+02
11026 0 +1.398902327e-07 -4.915299999e+02 -4.915299999e+02
11037 0 +9.557624026e-08 -4.915299999e+02 -4.915299999e+02
11059 0 +8.046777111e-08 -4.915299999e+02 -4.915299999e+02
11081 0 +7.907556210e-08 -4.915299999e+02 -4.915299999e+02
11125 0 +7.079006537e-08 -4.915299999e+02 -4.915299999e+02
40067 0 +6.088612281e-08 -4.915299999e+02 -4.915299999e+02
40078 0 +5.439244433e-08 -4.915299999e+02 -4.915299999e+02
40089 0 +3.463418352e-08 -4.915300000e+02 -4.915300000e+02
48870 0 +2.322786941e-08 -4.915300000e+02 -4.915300000e+02
48876 0 +2.215847417e-08 -4.915300000e+02 -4.915300000e+02
48903 0 +1.746911948e-08 -4.915300000e+02 -4.915300000e+02
48914 0 +1.060641353e-08 -4.915300000e+02 -4.915300000e+02
48929 0 +9.856137240e-09 -4.915300000e+02 -4.915300000e+02
53554 0 +7.958078641e-13 -4.915300000e+02 -4.915300000e+02
54891 0 +0.000000000e+00 -4.915300000e+02 -4.915300000e+02
100410 0 +0.000000000e+00 -4.915300000e+02 -4.915300000e+02
% f evaluations | g evaluations | best noise-free fitness - Fopt (-1.702000000000e+02) + sum g_i+ | measured fitness | best measured fitness or single-digit g-values | x1 | x2...
1 0 +1.180551295e+07 +1.180534275e+07 +1.180534275e+07
8 0 +1.082259474e+07 +1.082242454e+07 +1.082242454e+07
10 0 +1.045858766e+07 +1.045841746e+07 +1.045841746e+07
12 0 +1.032477016e+07 +1.032459996e+07 +1.032459996e+07
15 0 +4.881307677e+06 +4.881137477e+06 +4.881137477e+06
25 0 +2.546188926e+06 +2.546018726e+06 +2.546018726e+06
35 0 +2.058291039e+06 +2.058120839e+06 +2.058120839e+06
36 0 +8.047244510e+05 +8.045542510e+05 +8.045542510e+05
46 0 +6.428778448e+05 +6.427076448e+05 +6.427076448e+05
53 0 +4.158292812e+05 +4.156590812e+05 +4.156590812e+05
55 0 +2.103127011e+05 +2.101425011e+05 +2.101425011e+05
65 0 +1.750913954e+05 +1.749211954e+05 +1.749211954e+05
100 0 +1.081211055e+05 +1.079509055e+05 +1.079509055e+05
101 0 +9.888855803e+04 +9.871835803e+04 +9.871835803e+04
123 0 +5.448526904e+04 +5.431506904e+04 +5.431506904e+04
145 0 +3.461678078e+04 +3.444658078e+04 +3.444658078e+04
156 0 +1.951466536e+04 +1.934446536e+04 +1.934446536e+04
178 0 +9.612808436e+03 +9.442608436e+03 +9.442608436e+03
355 0 +6.692678886e+03 +6.522478886e+03 +6.522478886e+03
388 0 +5.793933452e+03 +5.623733452e+03 +5.623733452e+03
399 0 +4.231634462e+03 +4.061434462e+03 +4.061434462e+03
421 0 +3.435662271e+03 +3.265462271e+03 +3.265462271e+03
432 0 +2.432459072e+03 +2.262259072e+03 +2.262259072e+03
686 0 +1.756124087e+03 +1.585924087e+03 +1.585924087e+03
1956 0 +1.221582954e+03 +1.051382954e+03 +1.051382954e+03
1967 0 +6.199255779e+02 +4.497255779e+02 +4.497255779e+02
1989 0 +3.051983491e+02 +1.349983491e+02 +1.349983491e+02
2011 0 +2.120390782e+02 +4.183907820e+01 +4.183907820e+01
2022 0 +1.423062926e+02 -2.789370736e+01 -2.789370736e+01
2033 0 +6.002628366e+01 -1.101737163e+02 -1.101737163e+02
2044 0 +2.617247603e+01 -1.440275240e+02 -1.440275240e+02
2055 0 +7.879409025e+00 -1.623205910e+02 -1.623205910e+02
2066 0 +2.489947141e+00 -1.677100529e+02 -1.677100529e+02
2077 0 +1.059746775e+00 -1.691402532e+02 -1.691402532e+02
2088 0 +2.475194255e-01 -1.699524806e+02 -1.699524806e+02
2099 0 +1.566181382e-01 -1.700433819e+02 -1.700433819e+02
2110 0 +6.326371054e-02 -1.701367363e+02 -1.701367363e+02
2121 0 +2.673272017e-02 -1.701732673e+02 -1.701732673e+02
2132 0 +9.575019627e-03 -1.701904250e+02 -1.701904250e+02
2154 0 +4.218579023e-03 -1.701957814e+02 -1.701957814e+02
2165 0 +1.806057233e-03 -1.701981939e+02 -1.701981939e+02
2176 0 +7.600219660e-04 -1.701992400e+02 -1.701992400e+02
2187 0 +3.579118314e-04 -1.701996421e+02 -1.701996421e+02
2198 0 +2.846484743e-04 -1.701997154e+02 -1.701997154e+02
2209 0 +1.439914956e-04 -1.701998560e+02 -1.701998560e+02
2220 0 +2.440323718e-05 -1.701999756e+02 -1.701999756e+02
2231 0 +5.283676501e-06 -1.701999947e+02 -1.701999947e+02
2242 0 +2.751872358e-06 -1.701999972e+02 -1.701999972e+02
2253 0 +1.780408383e-06 -1.701999982e+02 -1.701999982e+02
2264 0 +7.617707354e-07 -1.701999992e+02 -1.701999992e+02
2286 0 +6.044609222e-07 -1.701999994e+02 -1.701999994e+02
4877 0 +5.386957866e-07 -1.701999995e+02 -1.701999995e+02
4921 0 +4.262561220e-07 -1.701999996e+02 -1.701999996e+02
4932 0 +3.579605732e-07 -1.701999996e+02 -1.701999996e+02
4943 0 +3.526810417e-07 -1.701999996e+02 -1.701999996e+02
5075 0 +3.051529518e-07 -1.701999997e+02 -1.701999997e+02
5130 0 +2.805913937e-07 -1.701999997e+02 -1.701999997e+02
6816 0 +2.484541710e-07 -1.701999998e+02 -1.701999998e+02
6849 0 +1.840828361e-07 -1.701999998e+02 -1.701999998e+02
6860 0 +1.064767048e-07 -1.701999999e+02 -1.701999999e+02
6871 0 +4.836087442e-08 -1.702000000e+02 -1.702000000e+02
6882 0 +3.844968433e-08 -1.702000000e+02 -1.702000000e+02
6921 0 +3.545974891e-08 -1.702000000e+02 -1.702000000e+02
14726 0 +2.890564588e-08 -1.702000000e+02 -1.702000000e+02
14737 0 +2.511120556e-08 -1.702000000e+02 -1.702000000e+02
14754 0 +2.233537089e-08 -1.702000000e+02 -1.702000000e+02
14770 0 +1.964298235e-08 -1.702000000e+02 -1.702000000e+02
14825 0 +1.760301416e-08 -1.702000000e+02 -1.702000000e+02
14884 0 +1.580406206e-08 -1.702000000e+02 -1.702000000e+02
14913 0 +1.310772291e-08 -1.702000000e+02 -1.702000000e+02
14930 0 +1.255094162e-08 -1.702000000e+02 -1.702000000e+02
44293 0 +6.161599231e-09 -1.702000000e+02 -1.702000000e+02
48887 0 +9.379164112e-13 -1.702000000e+02 -1.702000000e+02
50858 0 +0.000000000e+00 -1.702000000e+02 -1.702000000e+02
100410 0 +0.000000000e+00 -1.702000000e+02 -1.702000000e+02
% f evaluations | g evaluations | best noise-free fitness - Fopt (-4.697500000000e+02) + sum g_i+ | measured fitness | best measured fitness or single-digit g-values | x1 | x2...
1 0 +4.665243982e+05 +4.660546482e+05 +4.660546482e+05
28 0 +4.327297181e+05 +4.322599681e+05 +4.322599681e+05
59 0 +1.833332708e+05 +1.828635208e+05 +1.828635208e+05
86 0 +1.735197340e+05 +1.730499840e+05 +1.730499840e+05
123 0 +1.371149092e+05 +1.366451592e+05 +1.366451592e+05
134 0 +9.562782343e+04 +9.515807343e+04 +9.515807343e+04
145 0 +8.209332982e+04 +8.162357982e+04 +8.162357982e+04
156 0 +6.995950657e+04 +6.948975657e+04 +6.948975657e+04
200 0 +6.175106754e+04 +6.128131754e+04 +6.128131754e+04
222 0 +5.260880262e+04 +5.213905262e+04 +5.213905262e+04
233 0 +2.920324263e+04 +2.873349263e+04 +2.873349263e+04
244 0 +8.603832763e+03 +8.134082763e+03 +8.134082763e+03
498 0 +5.359368969e+03 +4.889618969e+03 +4.889618969e+03
520 0 +3.771432980e+03 +3.301682980e+03 +3.301682980e+03
796 0 +2.585437526e+03 +2.115687526e+03 +2.115687526e+03
807 0 +1.352895945e+03 +8.831459449e+02 +8.831459449e+02
818 0 +1.221826103e+03 +7.520761035e+02 +7.520761035e+02
1271 0 +4.753763301e+02 +5.626330087e+00 +5.626330087e+00
1514 0 +2.612588298e+02 -2.084911702e+02 -2.084911702e+02
1536 0 +1.892322722e+02 -2.805177278e+02 -2.805177278e+02
1547 0 +5.323395558e+01 -4.165160444e+02 -4.165160444e+02
1569 0 +3.300575778e+01 -4.367442422e+02 -4.367442422e+02
1580 0 +1.285763265e+01 -4.568923673e+02 -4.568923673e+02
1591 0 +3.268713014e+00 -4.664812870e+02 -4.664812870e+02
1602 0 +1.682359546e+00 -4.680676405e+02 -4.680676405e+02
1613 0 +4.345453866e-01 -4.693154546e+02 -4.693154546e+02
1635 0 +8.957258802e-02 -4.696604274e+02 -4.696604274e+02
1646 0 +1.214069087e-02 -4.697378593e+02 -4.697378593e+02
1657 0 +1.236947501e-03 -4.697487631e+02 -4.697487631e+02
1668 0 +4.420799838e-04 -4.697495579e+02 -4.697495579e+02
1679 0 +6.673657873e-05 -4.697499333e+02 -4.697499333e+02
1690 0 +1.598087744e-05 -4.697499840e+02 -4.697499840e+02
1712 0 +1.527597755e-05 -4.697499847e+02 -4.697499847e+02
1723 0 +1.390420562e-05 -4.697499861e+02 -4.697499861e+02
1734 0 +1.161886280e-05 -4.697499884e+02 -4.697499884e+02
1745 0 +9.570490988e-06 -4.697499904e+02 -4.697499904e+02
1789 0 +8.905915649e-06 -4.697499911e+02 -4.697499911e+02
1811 0 +7.742799653e-06 -4.697499923e+02 -4.697499923e+02
3310 0 +1.986342227e-06 -4.697499980e+02 -4.697499980e+02
4633 0 +1.642908728e-06 -4.697499984e+02 -4.697499984e+02
4644 0 +1.433691182e-06 -4.697499986e+02 -4.697499986e+02
4655 0 +1.188747888e-06 -4.697499988e+02 -4.697499988e+02
4666 0 +9.439881978e-07 -4.697499991e+02 -4.697499991e+02
4721 0 +8.826696671e-07 -4.697499991e+02 -4.697499991e+02
4743 0 +7.735084182e-07 -4.697499992e+02 -4.697499992e+02
4765 0 +7.008852094e-07 -4.697499993e+02 -4.697499993e+02
12303 0 +5.983609981e-07 -4.697499994e+02 -4.697499994e+02
12314 0 +5.525707252e-07 -4.697499994e+02 -4.697499994e+02
12336 0 +4.966042866e-07 -4.697499995e+02 -4.697499995e+02
35281 0 +4.301825243e-07 -4.697499996e+02 -4.697499996e+02
35292 0 +3.692711630e-07 -4.697499996e+02 -4.697499996e+02
35303 0 +3.417848689e-07 -4.697499997e+02 -4.697499997e+02
41642 0 +3.051302429e-07 -4.697499997e+02 -4.697499997e+02
41675 0 +2.335023623e-07 -4.697499998e+02 -4.697499998e+02
41686 0 +1.832361818e-07 -4.697499998e+02 -4.697499998e+02
41697 0 +1.680466539e-07 -4.697499998e+02 -4.697499998e+02
41719 0 +1.479832008e-07 -4.697499999e+02 -4.697499999e+02
42159 0 +1.364583682e-07 -4.697499999e+02 -4.697499999e+02
42268 0 +1.258821385e-07 -4.697499999e+02 -4.697499999e+02
42312 0 +1.119695412e-07 -4.697499999e+02 -4.697499999e+02
42313 0 +9.916902854e-08 -4.697499999e+02 -4.697499999e+02
42324 0 +8.002365348e-08 -4.697499999e+02 -4.697499999e+02
42325 0 +7.929583035e-08 -4.697499999e+02 -4.697499999e+02
42335 0 +6.228015081e-08 -4.697499999e+02 -4.697499999e+02
42346 0 +4.241610441e-08 -4.697500000e+02 -4.697500000e+02
42357 0 +3.031266260e-08 -4.697500000e+02 -4.697500000e+02
47044 0 +2.810861588e-08 -4.697500000e+02 -4.697500000e+02
47088 0 +2.473490213e-08 -4.697500000e+02 -4.697500000e+02
47198 0 +1.987871201e-08 -4.697500000e+02 -4.697500000e+02
47209 0 +1.494720436e-08 -4.697500000e+02 -4.697500000e+02
47242 0 +1.350963430e-08 -4.697500000e+02 -4.697500000e+02
47253 0 +1.258860038e-08 -4.697500000e+02 -4.697500000e+02
47264 0 +1.118240789e-08 -4.697500000e+02 -4.697500000e+02
50474 0 +9.432824299e-09 -4.697500000e+02 -4.697500000e+02
55999 0 +9.094947018e-13 -4.697500000e+02 -4.697500000e+02
57345 0 +0.000000000e+00 -4.697500000e+02 -4.697500000e+02
100230 0 +0.000000000e+00 -4.697500000e+02 -4.697500000e+02
% f evaluations | g evaluations | best noise-free fitness - Fopt (-5.191000000000e+01) + sum g_i+ | measured fitness | best measured fitness or single-digit g-values | x1 | x2...
1 0 +8.807458690e+06 +8.807406780e+06 +8.807406780e+06
2 0 +2.023823556e+06 +2.023771646e+06 +2.023771646e+06
3 0 +1.362965090e+06 +1.362913180e+06 +1.362913180e+06
5 0 +4.016603371e+05 +4.016084271e+05 +4.016084271e+05
33 0 +3.746221802e+05 +3.745702702e+05 +3.745702702e+05
51 0 +2.632168167e+05 +2.631649067e+05 +2.631649067e+05
69 0 +2.113014061e+05 +2.112494961e+05 +2.112494961e+05
71 0 +1.898829807e+05 +1.898310707e+05 +1.898310707e+05
123 0 +1.663566104e+05 +1.663047004e+05 +1.663047004e+05
134 0 +1.118250353e+05 +1.117731253e+05 +1.117731253e+05
145 0 +2.765689960e+04 +2.760498960e+04 +2.760498960e+04
222 0 +2.454904940e+04 +2.449713940e+04 +2.449713940e+04
244 0 +2.020558140e+04 +2.015367140e+04 +2.015367140e+04
377 0 +1.462979826e+04 +1.457788826e+04 +1.457788826e+04
399 0 +1.312329345e+04 +1.307138345e+04 +1.307138345e+04
410 0 +9.924762194e+03 +9.872852194e+03 +9.872852194e+03
421 0 +5.248525681e+03 +5.196615681e+03 +5.196615681e+03
443 0 +4.354502789e+03 +4.302592789e+03 +4.302592789e+03
476 0 +3.882177127e+03 +3.830267127e+03 +3.830267127e+03
498 0 +3.196584437e+03 +3.144674437e+03 +3.144674437e+03
509 0 +3.129637856e+03 +3.077727856e+03 +3.077727856e+03
531 0 +2.660294253e+03 +2.608384253e+03 +2.608384253e+03
586 0 +2.363247018e+03 +2.311337018e+03 +2.311337018e+03
597 0 +2.006580129e+03 +1.954670129e+03 +1.954670129e+03
608 0 +1.455845906e+03 +1.403935906e+03 +1.403935906e+03
1414 0 +5.416211021e+02 +4.897111021e+02 +4.897111021e+02
1436 0 +2.913039665e+02 +2.393939665e+02 +2.393939665e+02
1447 0 +1.119698744e+02 +6.005987437e+01 +6.005987437e+01
1458 0 +9.639455190e+01 +4.448455190e+01 +4.448455190e+01
1469 0 +5.541141923e+01 +3.501419225e+00 +3.501419225e+00
1480 0 +4.553922627e+01 -6.370773734e+00 -6.370773734e+00
1491 0 +2.971850243e+01 -2.219149757e+01 -2.219149757e+01
1502 0 +1.695291590e+01 -3.495708410e+01 -3.495708410e+01
1513 0 +1.165604193e+01 -4.025395807e+01 -4.025395807e+01
1535 0 +9.101062007e+00 -4.280893799e+01 -4.280893799e+01
1557 0 +8.169726236e+00 -4.374027376e+01 -4.374027376e+01
1568 0 +6.885475484e+00 -4.502452452e+01 -4.502452452e+01
1579 0 +6.163903743e+00 -4.574609626e+01 -4.574609626e+01
1601 0 +3.975916982e+00 -4.793408302e+01 -4.793408302e+01
1623 0 +3.316012073e+00 -4.859398793e+01 -4.859398793e+01
1634 0 +2.841184356e+00 -4.906881564e+01 -4.906881564e+01
1645 0 +2.583856133e+00 -4.932614387e+01 -4.932614387e+01
1656 0 +2.270009678e+00 -4.963999032e+01 -4.963999032e+01
1667 0 +1.937011308e+00 -4.997298869e+01 -4.997298869e+01
1678 0 +1.569077477e+00 -5.034092252e+01 -5.034092252e+01
1700 0 +1.280902004e+00 -5.062909800e+01 -5.062909800e+01
1744 0 +1.251420555e+00 -5.065857945e+01 -5.065857945e+01
1766 0 +1.121957159e+00 -5.078804284e+01 -5.078804284e+01
1777 0 +9.787235412e-01 -5.093127646e+01 -5.093127646e+01
1788 0 +7.743577493e-01 -5.113564225e+01 -5.113564225e+01
1799 0 +4.883723211e-01 -5.142162768e+01 -5.142162768e+01
1810 0 +4.379088028e-01 -5.147209120e+01 -5.147209120e+01
1821 0 +3.040343246e-01 -5.160596568e+01 -5.160596568e+01
1843 0 +2.727842861e-01 -5.163721571e+01 -5.163721571e+01
1865 0 +2.433601609e-01 -5.166663984e+01 -5.166663984e+01
1876 0 +1.936166346e-01 -5.171638337e+01 -5.171638337e+01
1887 0 +1.252993390e-01 -5.178470066e+01 -5.178470066e+01
1898 0 +6.962075922e-02 -5.184037924e+01 -5.184037924e+01
1909 0 +4.700608698e-02 -5.186299391e+01 -5.186299391e+01
1920 0 +3.221826089e-02 -5.187778174e+01 -5.187778174e+01
1931 0 +1.672491828e-02 -5.189327508e+01 -5.189327508e+01
1942 0 +1.015736912e-02 -5.189984263e+01 -5.189984263e+01
1953 0 +3.952697561e-03 -5.190604730e+01 -5.190604730e+01
1964 0 +1.306960370e-03 -5.190869304e+01 -5.190869304e+01
1975 0 +7.839779981e-04 -5.190921602e+01 -5.190921602e+01
1986 0 +4.401725019e-04 -5.190955983e+01 -5.190955983e+01
2008 0 +2.576046475e-04 -5.190974240e+01 -5.190974240e+01
2019 0 +1.850712557e-04 -5.190981493e+01 -5.190981493e+01
2030 0 +1.228138719e-04 -5.190987719e+01 -5.190987719e+01
2041 0 +3.665124823e-05 -5.190996335e+01 -5.190996335e+01
2074 0 +3.502065778e-05 -5.190996498e+01 -5.190996498e+01
2096 0 +2.918834117e-05 -5.190997081e+01 -5.190997081e+01
2107 0 +2.384702086e-05 -5.190997615e+01 -5.190997615e+01
2118 0 +2.038531075e-05 -5.190997961e+01 -5.190997961e+01
2129 0 +1.949728931e-05 -5.190998050e+01 -5.190998050e+01
2261 0 +1.774859796e-05 -5.190998225e+01 -5.190998225e+01
3683 0 +8.678584599e-06 -5.190999132e+01 -5.190999132e+01
3694 0 +2.415062355e-06 -5.190999758e+01 -5.190999758e+01
6871 0 +8.100648756e-07 -5.190999919e+01 -5.190999919e+01
6893 0 +6.296066744e-07 -5.190999937e+01 -5.190999937e+01
6915 0 +5.310201274e-07 -5.190999947e+01 -5.190999947e+01
6926 0 +4.744280488e-07 -5.190999953e+01 -5.190999953e+01
9198 0 +3.036579628e-07 -5.190999970e+01 -5.190999970e+01
9297 0 +2.659717779e-07 -5.190999973e+01 -5.190999973e+01
9308 0 +2.458485611e-07 -5.190999975e+01 -5.190999975e+01
9330 0 +2.186139625e-07 -5.190999978e+01 -5.190999978e+01
9352 0 +1.876490217e-07 -5.190999981e+01 -5.190999981e+01
9363 0 +1.558063047e-07 -5.190999984e+01 -5.190999984e+01
9374 0 +1.300596324e-07 -5.190999987e+01 -5.190999987e+01
9385 0 +1.243747079e-07 -5.190999988e+01 -5.190999988e+01
41511 0 +7.243818345e-08 -5.190999993e+01 -5.190999993e+01
44643 0 +6.568045308e-08 -5.190999993e+01 -5.190999993e+01
44654 0 +5.256934799e-08 -5.190999995e+01 -5.190999995e+01
44665 0 +2.419734102e-08 -5.190999998e+01 -5.190999998e+01
53509 0 +1.621845769e-08 -5.190999998e+01 -5.190999998e+01
53520 0 +1.421120288e-08 -5.190999999e+01 -5.190999999e+01
53521 0 +1.401158300e-08 -5.190999999e+01 -5.190999999e+01
53553 0 +1.226638346e-08 -5.190999999e+01 -5.190999999e+01
53564 0 +1.030646501e-08 -5.190999999e+01 -5.190999999e+01
53586 0 +9.804743684e-09 -5.190999999e+01 -5.190999999e+01
58729 0 +9.521272659e-13 -5.191000000e+01 -5.191000000e+01
62172 0 +0.000000000e+00 -5.191000000e+01 -5.191000000e+01
100315 0 +0.000000000e+00 -5.191000000e+01 -5.191000000e+01
% f evaluations | g evaluations | best noise-free fitness - Fopt (4.808000000000e+01) + sum g_i+ | measured fitness | best measured fitness or single-digit g-values | x1 | x2...
1 0 +6.062810033e+06 +6.062858113e+06 +6.062858113e+06
2 0 +2.671683255e+06 +2.671731335e+06 +2.671731335e+06
6 0 +9.659660966e+05 +9.660141766e+05 +9.660141766e+05
21 0 +3.286581088e+05 +3.287061888e+05 +3.287061888e+05
54 0 +1.728755545e+05 +1.729236345e+05 +1.729236345e+05
58 0 +1.562231686e+05 +1.562712486e+05 +1.562712486e+05
68 0 +1.024612278e+05 +1.025093078e+05 +1.025093078e+05
156 0 +7.387191767e+04 +7.391999767e+04 +7.391999767e+04
178 0 +7.004248027e+04 +7.009056027e+04 +7.009056027e+04
255 0 +5.853262722e+04 +5.858070722e+04 +5.858070722e+04
388 0 +5.518968811e+04 +5.523776811e+04 +5.523776811e+04
399 0 +4.984260589e+04 +4.989068589e+04 +4.989068589e+04
410 0 +3.564090706e+04 +3.568898706e+04 +3.568898706e+04
421 0 +3.390759803e+04 +3.395567803e+04 +3.395567803e+04
432 0 +2.131169558e+04 +2.135977558e+04 +2.135977558e+04
454 0 +1.744250442e+04 +1.749058442e+04 +1.749058442e+04
465 0 +1.299459437e+04 +1.304267437e+04 +1.304267437e+04
487 0 +1.229032720e+04 +1.233840720e+04 +1.233840720e+04
509 0 +1.007876178e+04 +1.012684178e+04 +1.012684178e+04
520 0 +8.239742133e+03 +8.287822133e+03 +8.287822133e+03
531 0 +6.155803521e+03 +6.203883521e+03 +6.203883521e+03
575 0 +5.600320515e+03 +5.648400515e+03 +5.648400515e+03
619 0 +4.876089857e+03 +4.924169857e+03 +4.924169857e+03
630 0 +2.296822824e+03 +2.344902824e+03 +2.344902824e+03
652 0 +2.058048040e+03 +2.106128040e+03 +2.106128040e+03
873 0 +1.955795006e+03 +2.003875006e+03 +2.003875006e+03
906 0 +1.764897621e+03 +1.812977621e+03 +1.812977621e+03
917 0 +1.576707942e+03 +1.624787942e+03 +1.624787942e+03
928 0 +1.226501302e+03 +1.274581302e+03 +1.274581302e+03
939 0 +7.142726438e+02 +7.623526438e+02 +7.623526438e+02
950 0 +2.260588094e+02 +2.741388094e+02 +2.741388094e+02
961 0 +4.642564878e+01 +9.450564878e+01 +9.450564878e+01
972 0 +2.362791454e+01 +7.170791454e+01 +7.170791454e+01
983 0 +4.145422102e+00 +5.222542210e+01 +5.222542210e+01
994 0 +3.932455120e+00 +5.201245512e+01 +5.201245512e+01
1016 0 +3.133767704e+00 +5.121376770e+01 +5.121376770e+01
1027 0 +2.659273262e+00 +5.073927326e+01 +5.073927326e+01
1038 0 +2.322881985e+00 +5.040288198e+01 +5.040288198e+01
1049 0 +1.847162884e+00 +4.992716288e+01 +4.992716288e+01
1060 0 +1.194582782e+00 +4.927458278e+01 +4.927458278e+01
1071 0 +4.924632280e-01 +4.857246323e+01 +4.857246323e+01
1082 0 +2.403304039e-01 +4.832033040e+01 +4.832033040e+01
1093 0 +1.494221586e-01 +4.822942216e+01 +4.822942216e+01
1104 0 +7.880608133e-02 +4.815880608e+01 +4.815880608e+01
1115 0 +5.116423807e-02 +4.813116424e+01 +4.813116424e+01
1126 0 +2.978917483e-02 +4.810978917e+01 +4.810978917e+01
1137 0 +2.486252249e-02 +4.810486252e+01 +4.810486252e+01
1148 0 +2.054643944e-02 +4.810054644e+01 +4.810054644e+01
1159 0 +1.378321227e-02 +4.809378321e+01 +4.809378321e+01
1170 0 +9.063895575e-03 +4.808906390e+01 +4.808906390e+01
1181 0 +3.668646076e-03 +4.808366865e+01 +4.808366865e+01
1192 0 +1.495545825e-03 +4.808149555e+01 +4.808149555e+01
1203 0 +9.551766971e-04 +4.808095518e+01 +4.808095518e+01
1214 0 +2.227419763e-04 +4.808022274e+01 +4.808022274e+01
1225 0 +5.109724903e-05 +4.808005110e+01 +4.808005110e+01
1236 0 +1.353109685e-05 +4.808001353e+01 +4.808001353e+01
1247 0 +3.470632244e-06 +4.808000347e+01 +4.808000347e+01
1269 0 +2.416216226e-06 +4.808000242e+01 +4.808000242e+01
1280 0 +1.278644056e-06 +4.808000128e+01 +4.808000128e+01
1291 0 +9.458695658e-07 +4.808000095e+01 +4.808000095e+01
1302 0 +6.032291680e-07 +4.808000060e+01 +4.808000060e+01
1335 0 +5.619810466e-07 +4.808000056e+01 +4.808000056e+01
1357 0 +4.483534113e-07 +4.808000045e+01 +4.808000045e+01
1379 0 +4.382974552e-07 +4.808000044e+01 +4.808000044e+01
1467 0 +3.972903997e-07 +4.808000040e+01 +4.808000040e+01
3717 0 +3.218425135e-07 +4.808000032e+01 +4.808000032e+01
3750 0 +3.156740718e-07 +4.808000032e+01 +4.808000032e+01
3772 0 +2.713724570e-07 +4.808000027e+01 +4.808000027e+01
6858 0 +1.559967018e-07 +4.808000016e+01 +4.808000016e+01
6869 0 +9.823871494e-08 +4.808000010e+01 +4.808000010e+01
6917 0 +8.842992116e-08 +4.808000009e+01 +4.808000009e+01
6935 0 +7.578286443e-08 +4.808000008e+01 +4.808000008e+01
6946 0 +6.468167868e-08 +4.808000006e+01 +4.808000006e+01
7111 0 +6.302069266e-08 +4.808000006e+01 +4.808000006e+01
10409 0 +5.217426491e-08 +4.808000005e+01 +4.808000005e+01
10420 0 +4.074028226e-08 +4.808000004e+01 +4.808000004e+01
10427 0 +3.980780150e-08 +4.808000004e+01 +4.808000004e+01
10431 0 +2.946099187e-08 +4.808000003e+01 +4.808000003e+01
10477 0 +2.814354616e-08 +4.808000003e+01 +4.808000003e+01
41263 0 +1.559262586e-08 +4.808000002e+01 +4.808000002e+01
41285 0 +1.369537728e-08 +4.808000001e+01 +4.808000001e+01
41307 0 +1.235545710e-08 +4.808000001e+01 +4.808000001e+01
41318 0 +1.036560349e-08 +4.808000001e+01 +4.808000001e+01
41329 0 +8.537661245e-09 +4.808000001e+01 +4.808000001e+01
51120 0 +6.679101716e-13 +4.808000000e+01 +4.808000000e+01
54461 0 +0.000000000e+00 +4.808000000e+01 +4.808000000e+01
100267 0 +0.000000000e+00 +4.808000000e+01 +4.808000000e+01
% f evaluations | g evaluations | best noise-free fitness - Fopt (3.058000000000e+01) + sum g_i+ | measured fitness | best measured fitness or single-digit g-values | x1 | x2...
1 0 +2.073450691e+07 +2.073453749e+07 +2.073453749e+07
2 0 +1.752331744e+07 +1.752334802e+07 +1.752334802e+07
3 0 +2.116669009e+06 +2.116699589e+06 +2.116699589e+06
17 0 +1.366436204e+06 +1.366466784e+06 +1.366466784e+06
30 0 +6.639653859e+05 +6.639959659e+05 +6.639959659e+05
51 0 +2.806008837e+05 +2.806314637e+05 +2.806314637e+05
98 0 +2.082057519e+05 +2.082363319e+05 +2.082363319e+05
101 0 +1.798889607e+05 +1.799195407e+05 +1.799195407e+05
112 0 +9.555820999e+04 +9.558878999e+04 +9.558878999e+04
134 0 +7.969350309e+04 +7.972408309e+04 +7.972408309e+04
145 0 +5.012964689e+04 +5.016022689e+04 +5.016022689e+04
156 0 +4.187801626e+04 +4.190859626e+04 +4.190859626e+04
167 0 +3.075240178e+04 +3.078298178e+04 +3.078298178e+04
200 0 +2.681202316e+04 +2.684260316e+04 +2.684260316e+04
211 0 +2.069980676e+04 +2.073038676e+04 +2.073038676e+04
421 0 +1.383079563e+04 +1.386137563e+04 +1.386137563e+04
443 0 +1.248950737e+04 +1.252008737e+04 +1.252008737e+04
487 0 +1.088659216e+04 +1.091717216e+04 +1.091717216e+04
741 0 +8.617664001e+03 +8.648244001e+03 +8.648244001e+03
929 0 +7.286798410e+03 +7.317378410e+03 +7.317378410e+03
940 0 +6.808075727e+03 +6.838655727e+03 +6.838655727e+03
951 0 +6.053018425e+03 +6.083598425e+03 +6.083598425e+03
984 0 +5.548551541e+03 +5.579131541e+03 +5.579131541e+03
1006 0 +3.572300935e+03 +3.602880935e+03 +3.602880935e+03
1017 0 +1.422261722e+03 +1.452841722e+03 +1.452841722e+03
1028 0 +6.053195903e+02 +6.358995903e+02 +6.358995903e+02
1778 0 +5.491436791e+02 +5.797236791e+02 +5.797236791e+02
1800 0 +4.676600660e+02 +4.982400660e+02 +4.982400660e+02
1811 0 +3.445632825e+02 +3.751432825e+02 +3.751432825e+02
1866 0 +3.087025221e+02 +3.392825221e+02 +3.392825221e+02
1877 0 +2.621037142e+02 +2.926837142e+02 +2.926837142e+02
1888 0 +2.488996773e+02 +2.794796773e+02 +2.794796773e+02
1910 0 +2.181061021e+02 +2.486861021e+02 +2.486861021e+02
1921 0 +1.721940680e+02 +2.027740680e+02 +2.027740680e+02
1932 0 +1.427855500e+02 +1.733655500e+02 +1.733655500e+02
1943 0 +1.134417819e+02 +1.440217819e+02 +1.440217819e+02
1954 0 +8.506454325e+01 +1.156445433e+02 +1.156445433e+02
1965 0 +6.854180347e+01 +9.912180347e+01 +9.912180347e+01
1976 0 +5.476770037e+01 +8.534770037e+01 +8.534770037e+01
1987 0 +3.069618183e+01 +6.127618183e+01 +6.127618183e+01
1998 0 +1.713648211e+01 +4.771648211e+01 +4.771648211e+01
2009 0 +8.180136820e+00 +3.876013682e+01 +3.876013682e+01
2031 0 +2.592345727e+00 +3.317234573e+01 +3.317234573e+01
2053 0 +1.757523741e+00 +3.233752374e+01 +3.233752374e+01
2064 0 +7.725741881e-01 +3.135257419e+01 +3.135257419e+01
2086 0 +6.144539460e-01 +3.119445395e+01 +3.119445395e+01
2097 0 +2.468171179e-01 +3.082681712e+01 +3.082681712e+01
2108 0 +1.033758645e-01 +3.068337586e+01 +3.068337586e+01
2119 0 +3.316247277e-02 +3.061316247e+01 +3.061316247e+01
2130 0 +1.754965218e-02 +3.059754965e+01 +3.059754965e+01
2141 0 +9.381172949e-03 +3.058938117e+01 +3.058938117e+01
2152 0 +4.023519645e-03 +3.058402352e+01 +3.058402352e+01
2163 0 +2.712797302e-03 +3.058271280e+01 +3.058271280e+01
2174 0 +1.749029326e-03 +3.058174903e+01 +3.058174903e+01
2185 0 +7.514194605e-04 +3.058075142e+01 +3.058075142e+01
2196 0 +3.831080982e-04 +3.058038311e+01 +3.058038311e+01
2207 0 +6.915489212e-05 +3.058006915e+01 +3.058006915e+01
2218 0 +1.722714547e-05 +3.058001723e+01 +3.058001723e+01
2229 0 +3.734742439e-06 +3.058000373e+01 +3.058000373e+01
2240 0 +2.188766999e-06 +3.058000219e+01 +3.058000219e+01
2262 0 +1.941721589e-06 +3.058000194e+01 +3.058000194e+01
2273 0 +1.670619827e-06 +3.058000167e+01 +3.058000167e+01
2284 0 +1.156476948e-06 +3.058000116e+01 +3.058000116e+01
2295 0 +1.022206451e-06 +3.058000102e+01 +3.058000102e+01
2306 0 +8.429347815e-07 +3.058000084e+01 +3.058000084e+01
6860 0 +6.448603749e-07 +3.058000064e+01 +3.058000064e+01
8161 0 +5.582911982e-07 +3.058000056e+01 +3.058000056e+01
8172 0 +4.232949102e-07 +3.058000042e+01 +3.058000042e+01
8183 0 +3.163011648e-07 +3.058000032e+01 +3.058000032e+01
8185 0 +3.122102115e-07 +3.058000031e+01 +3.058000031e+01
8238 0 +2.688638894e-07 +3.058000027e+01 +3.058000027e+01
8249 0 +2.191149662e-07 +3.058000022e+01 +3.058000022e+01
8260 0 +1.538783074e-07 +3.058000015e+01 +3.058000015e+01
9363 0 +9.202519990e-08 +3.058000009e+01 +3.058000009e+01
9385 0 +7.937569180e-08 +3.058000008e+01 +3.058000008e+01
93678 0 +7.061921181e-08 +3.058000007e+01 +3.058000007e+01
93730 0 +6.277170428e-08 +3.058000006e+01 +3.058000006e+01
93741 0 +5.546616322e-08 +3.058000006e+01 +3.058000006e+01
94415 0 +2.587072956e-08 +3.058000003e+01 +3.058000003e+01
94437 0 +2.394674681e-08 +3.058000002e+01 +3.058000002e+01
94448 0 +2.077928229e-08 +3.058000002e+01 +3.058000002e+01
94467 0 +1.975294239e-08 +3.058000002e+01 +3.058000002e+01
94481 0 +1.645168624e-08 +3.058000002e+01 +3.058000002e+01
94492 0 +1.354235835e-08 +3.058000001e+01 +3.058000001e+01
94503 0 +1.202059607e-08 +3.058000001e+01 +3.058000001e+01
94547 0 +1.113489390e-08 +3.058000001e+01 +3.058000001e+01
94635 0 +9.413010815e-09 +3.058000001e+01 +3.058000001e+01
99613 0 +9.237055565e-13 +3.058000000e+01 +3.058000000e+01
100212 0 +7.460698725e-13 +3.058000000e+01 +3.058000000e+01
% f evaluations | g evaluations | best noise-free fitness - Fopt (1.000000000000e+03) + sum g_i+ | measured fitness | best measured fitness or single-digit g-values | x1 | x2...
1 0 +5.043619511e+06 +5.044619511e+06 +5.044619511e+06
7 0 +2.033792700e+06 +2.034792700e+06 +2.034792700e+06
13 0 +7.984044281e+05 +7.994044281e+05 +7.994044281e+05
22 0 +6.950119046e+05 +6.960119046e+05 +6.960119046e+05
31 0 +5.175851482e+05 +5.185851482e+05 +5.185851482e+05
41 0 +2.820835314e+05 +2.830835314e+05 +2.830835314e+05
53 0 +2.715779280e+05 +2.725779280e+05 +2.725779280e+05
58 0 +2.214928176e+05 +2.224928176e+05 +2.224928176e+05
254 0 +1.825926731e+05 +1.835926731e+05 +1.835926731e+05
287 0 +1.565283386e+05 +1.575283386e+05 +1.575283386e+05
293 0 +6.427448986e+04 +6.527448986e+04 +6.527448986e+04
295 0 +3.252777646e+04 +3.352777646e+04 +3.352777646e+04
299 0 +3.139157942e+04 +3.239157942e+04 +3.239157942e+04
366 0 +1.788970641e+04 +1.888970641e+04 +1.888970641e+04
388 0 +1.734525298e+04 +1.834525298e+04 +1.834525298e+04
410 0 +1.223083919e+04 +1.323083919e+04 +1.323083919e+04
421 0 +8.078392846e+03 +9.078392846e+03 +9.078392846e+03
432 0 +4.803875932e+03 +5.803875932e+03 +5.803875932e+03
454 0 +4.319702573e+03 +5.319702573e+03 +5.319702573e+03
465 0 +3.931644646e+03 +4.931644646e+03 +4.931644646e+03
918 0 +2.470178269e+03 +3.470178269e+03 +3.470178269e+03
1084 0 +2.071913140e+03 +3.071913140e+03 +3.071913140e+03
1095 0 +1.899307439e+03 +2.899307439e+03 +2.899307439e+03
1106 0 +1.517929198e+03 +2.517929198e+03 +2.517929198e+03
1128 0 +1.270006781e+03 +2.270006781e+03 +2.270006781e+03
1150 0 +1.193184313e+03 +2.193184313e+03 +2.193184313e+03
1161 0 +1.055913220e+03 +2.055913220e+03 +2.055913220e+03
1183 0 +9.734991074e+02 +1.973499107e+03 +1.973499107e+03
1194 0 +7.958206651e+02 +1.795820665e+03 +1.795820665e+03
1205 0 +4.091132771e+02 +1.409113277e+03 +1.409113277e+03
1216 0 +1.371697536e+02 +1.137169754e+03 +1.137169754e+03
1227 0 +4.141875852e+01 +1.041418759e+03 +1.041418759e+03
1238 0 +2.705845003e+01 +1.027058450e+03 +1.027058450e+03
1249 0 +2.051415665e+01 +1.020514157e+03 +1.020514157e+03
1260 0 +1.277589891e+01 +1.012775899e+03 +1.012775899e+03
1271 0 +1.121884431e+01 +1.011218844e+03 +1.011218844e+03
1282 0 +2.417896405e+00 +1.002417896e+03 +1.002417896e+03
1293 0 +5.550293604e-01 +1.000555029e+03 +1.000555029e+03
1304 0 +2.539109482e-01 +1.000253911e+03 +1.000253911e+03
1315 0 +8.152601221e-02 +1.000081526e+03 +1.000081526e+03
1326 0 +2.532694260e-02 +1.000025327e+03 +1.000025327e+03
1348 0 +6.839775016e-03 +1.000006840e+03 +1.000006840e+03
1359 0 +3.882220573e-03 +1.000003882e+03 +1.000003882e+03
1370 0 +5.118226368e-04 +1.000000512e+03 +1.000000512e+03
1381 0 +9.427206169e-05 +1.000000094e+03 +1.000000094e+03
1403 0 +1.206271872e-05 +1.000000012e+03 +1.000000012e+03
1425 0 +4.850739060e-06 +1.000000005e+03 +1.000000005e+03
1447 0 +1.262164801e-06 +1.000000001e+03 +1.000000001e+03
1458 0 +3.224172360e-07 +1.000000000e+03 +1.000000000e+03
1469 0 +2.313149707e-07 +1.000000000e+03 +1.000000000e+03
8359 0 +1.762151669e-07 +1.000000000e+03 +1.000000000e+03
8414 0 +1.513932375e-07 +1.000000000e+03 +1.000000000e+03
8437 0 +1.396583684e-07 +1.000000000e+03 +1.000000000e+03
8469 0 +1.248804438e-07 +1.000000000e+03 +1.000000000e+03
8480 0 +1.023288405e-07 +1.000000000e+03 +1.000000000e+03
8497 0 +9.985967608e-08 +1.000000000e+03 +1.000000000e+03
8502 0 +6.920276974e-08 +1.000000000e+03 +1.000000000e+03
8557 0 +6.142204256e-08 +1.000000000e+03 +1.000000000e+03
8569 0 +5.623280686e-08 +1.000000000e+03 +1.000000000e+03
42182 0 +5.003596470e-08 +1.000000000e+03 +1.000000000e+03
42241 0 +4.002083642e-08 +1.000000000e+03 +1.000000000e+03
42244 0 +3.977186225e-08 +1.000000000e+03 +1.000000000e+03
42263 0 +3.391346581e-08 +1.000000000e+03 +1.000000000e+03
42314 0 +3.151797046e-08 +1.000000000e+03 +1.000000000e+03
42406 0 +2.749754913e-08 +1.000000000e+03 +1.000000000e+03
42427 0 +2.481419870e-08 +1.000000000e+03 +1.000000000e+03
42438 0 +2.238220986e-08 +1.000000000e+03 +1.000000000e+03
42461 0 +1.964338026e-08 +1.000000000e+03 +1.000000000e+03
42523 0 +1.772491487e-08 +1.000000000e+03 +1.000000000e+03
42549 0 +1.552507456e-08 +1.000000000e+03 +1.000000000e+03
42571 0 +1.354123924e-08 +1.000000000e+03 +1.000000000e+03
42593 0 +1.247019554e-08 +1.000000000e+03 +1.000000000e+03
42728 0 +1.117007287e-08 +1.000000000e+03 +1.000000000e+03
43985 0 +7.109974831e-09 +1.000000000e+03 +1.000000000e+03
48429 0 +6.821210263e-13 +1.000000000e+03 +1.000000000e+03
49135 0 +0.000000000e+00 +1.000000000e+03 +1.000000000e+03
100079 0 +0.000000000e+00 +1.000000000e+03 +1.000000000e+03
% f evaluations | g evaluations | best noise-free fitness - Fopt (-4.236000000000e+01) + sum g_i+ | measured fitness | best measured fitness or single-digit g-values | x1 | x2...
1 0 +2.576356264e+06 +2.576313904e+06 +2.576313904e+06
5 0 +1.073303581e+06 +1.073261221e+06 +1.073261221e+06
10 0 +9.471383612e+05 +9.470960012e+05 +9.470960012e+05
14 0 +6.674711718e+05 +6.674288118e+05 +6.674288118e+05
19 0 +6.300563916e+05 +6.300140316e+05 +6.300140316e+05
26 0 +4.806096657e+05 +4.805673057e+05 +4.805673057e+05
42 0 +1.616641692e+05 +1.616218092e+05 +1.616218092e+05
57 0 +1.562330432e+05 +1.561906832e+05 +1.561906832e+05
63 0 +1.141200384e+05 +1.140776784e+05 +1.140776784e+05
69 0 +4.283974169e+04 +4.279738169e+04 +4.279738169e+04
145 0 +2.691437588e+04 +2.687201588e+04 +2.687201588e+04
178 0 +2.510739627e+04 +2.506503627e+04 +2.506503627e+04
255 0 +2.146282608e+04 +2.142046608e+04 +2.142046608e+04
266 0 +1.484434409e+04 +1.480198409e+04 +1.480198409e+04
277 0 +1.183630357e+04 +1.179394357e+04 +1.179394357e+04
288 0 +2.409585870e+03 +2.367225870e+03 +2.367225870e+03
542 0 +1.060005188e+03 +1.017645188e+03 +1.017645188e+03
553 0 +5.658748923e+02 +5.235148923e+02 +5.235148923e+02
564 0 +2.393321652e+02 +1.969721652e+02 +1.969721652e+02
575 0 +1.971951547e+02 +1.548351547e+02 +1.548351547e+02
586 0 +1.433924647e+02 +1.010324647e+02 +1.010324647e+02
597 0 +7.252605850e+01 +3.016605850e+01 +3.016605850e+01
608 0 +5.590366739e+01 +1.354366739e+01 +1.354366739e+01
630 0 +4.548832935e+01 +3.128329348e+00 +3.128329348e+00
641 0 +4.368800071e+01 +1.328000713e+00 +1.328000713e+00
663 0 +2.101352822e+01 -2.134647178e+01 -2.134647178e+01
685 0 +1.983846179e+01 -2.252153821e+01 -2.252153821e+01
707 0 +1.693889697e+01 -2.542110303e+01 -2.542110303e+01
718 0 +1.466235316e+01 -2.769764684e+01 -2.769764684e+01
729 0 +1.084916536e+01 -3.151083464e+01 -3.151083464e+01
740 0 +3.853596809e+00 -3.850640319e+01 -3.850640319e+01
762 0 +1.226349599e+00 -4.113365040e+01 -4.113365040e+01
773 0 +7.946630238e-01 -4.156533698e+01 -4.156533698e+01
784 0 +3.009155170e-01 -4.205908448e+01 -4.205908448e+01
795 0 +1.556662476e-01 -4.220433375e+01 -4.220433375e+01
806 0 +7.388203849e-02 -4.228611796e+01 -4.228611796e+01
817 0 +4.426779383e-02 -4.231573221e+01 -4.231573221e+01
828 0 +2.233217603e-02 -4.233766782e+01 -4.233766782e+01
839 0 +4.827496550e-03 -4.235517250e+01 -4.235517250e+01
850 0 +6.592381958e-04 -4.235934076e+01 -4.235934076e+01
861 0 +1.498440034e-04 -4.235985016e+01 -4.235985016e+01
872 0 +1.520995060e-05 -4.235998479e+01 -4.235998479e+01
883 0 +5.770513532e-06 -4.235999423e+01 -4.235999423e+01
894 0 +9.929457008e-07 -4.235999901e+01 -4.235999901e+01
905 0 +1.336095039e-07 -4.235999987e+01 -4.235999987e+01
916 0 +4.256469310e-08 -4.235999996e+01 -4.235999996e+01
17312 0 +3.953266514e-08 -4.235999996e+01 -4.235999996e+01
17345 0 +3.297536466e-08 -4.235999997e+01 -4.235999997e+01
57561 0 +3.070963572e-08 -4.235999997e+01 -4.235999997e+01
70586 0 +2.734404347e-08 -4.235999997e+01 -4.235999997e+01
70608 0 +1.900446733e-08 -4.235999998e+01 -4.235999998e+01
70669 0 +1.767210733e-08 -4.235999998e+01 -4.235999998e+01
100006 0 +1.708799147e-08 -4.235999998e+01 -4.235999998e+01
% f evaluations | g evaluations | best noise-free fitness - Fopt (-7.187000000000e+01) + sum g_i+ | measured fitness | best measured fitness or single-digit g-values | x1 | x2...
1 0 +2.444676698e+07 +2.444669511e+07 +2.444669511e+07
3 0 +1.414996433e+07 +1.414989246e+07 +1.414989246e+07
5 0 +9.407243296e+06 +9.407171426e+06 +9.407171426e+06
12 0 +6.569443585e+06 +6.569371715e+06 +6.569371715e+06
13 0 +4.676546742e+06 +4.676474872e+06 +4.676474872e+06
21 0 +1.614497537e+06 +1.614425667e+06 +1.614425667e+06
31 0 +7.965963946e+05 +7.965245246e+05 +7.965245246e+05
49 0 +4.168414038e+05 +4.167695338e+05 +4.167695338e+05
54 0 +3.547311981e+05 +3.546593281e+05 +3.546593281e+05
59 0 +1.619174170e+05 +1.618455470e+05 +1.618455470e+05
98 0 +7.528638537e+04 +7.521451537e+04 +7.521451537e+04
134 0 +5.602477276e+04 +5.595290276e+04 +5.595290276e+04
145 0 +3.949870895e+04 +3.942683895e+04 +3.942683895e+04
178 0 +2.783183131e+04 +2.775996131e+04 +2.775996131e+04
189 0 +1.912082198e+04 +1.904895198e+04 +1.904895198e+04
388 0 +1.546580089e+04 +1.539393089e+04 +1.539393089e+04
477 0 +1.349838864e+04 +1.342651864e+04 +1.342651864e+04
521 0 +1.126773158e+04 +1.119586158e+04 +1.119586158e+04
543 0 +1.030003444e+04 +1.022816444e+04 +1.022816444e+04
554 0 +9.428228278e+03 +9.356358278e+03 +9.356358278e+03
565 0 +7.803204556e+03 +7.731334556e+03 +7.731334556e+03
576 0 +6.711240468e+03 +6.639370468e+03 +6.639370468e+03
587 0 +4.861042118e+03 +4.789172118e+03 +4.789172118e+03
620 0 +4.430200184e+03 +4.358330184e+03 +4.358330184e+03
631 0 +3.608089532e+03 +3.536219532e+03 +3.536219532e+03
1007 0 +3.465386652e+03 +3.393516652e+03 +3.393516652e+03
1018 0 +3.056815341e+03 +2.984945341e+03 +2.984945341e+03
1029 0 +2.581981064e+03 +2.510111064e+03 +2.510111064e+03
1040 0 +1.679655553e+03 +1.607785553e+03 +1.607785553e+03
1062 0 +1.315730988e+03 +1.243860988e+03 +1.243860988e+03
1349 0 +6.922704480e+02 +6.204004480e+02 +6.204004480e+02
1360 0 +2.431577755e+02 +1.712877755e+02 +1.712877755e+02
1371 0 +9.625744784e+01 +2.438744784e+01 +2.438744784e+01
1382 0 +3.775487712e+01 -3.411512288e+01 -3.411512288e+01
1404 0 +2.209199401e+01 -4.977800599e+01 -4.977800599e+01
1415 0 +9.093504333e+00 -6.277649567e+01 -6.277649567e+01
1426 0 +4.034676022e+00 -6.783532398e+01 -6.783532398e+01
1448 0 +2.807173121e+00 -6.906282688e+01 -6.906282688e+01
1459 0 +1.448346135e+00 -7.042165387e+01 -7.042165387e+01
1470 0 +4.236069475e-01 -7.144639305e+01 -7.144639305e+01
1481 0 +6.248888371e-02 -7.180751112e+01 -7.180751112e+01
1492 0 +1.881823589e-02 -7.185118176e+01 -7.185118176e+01
1514 0 +5.364370217e-03 -7.186463563e+01 -7.186463563e+01
1525 0 +2.037777909e-03 -7.186796222e+01 -7.186796222e+01
1536 0 +1.043229832e-03 -7.186895677e+01 -7.186895677e+01
1547 0 +3.539624375e-04 -7.186964604e+01 -7.186964604e+01
1558 0 +1.014912947e-04 -7.186989851e+01 -7.186989851e+01
1569 0 +2.529472448e-05 -7.186997471e+01 -7.186997471e+01
1591 0 +9.335969793e-06 -7.186999066e+01 -7.186999066e+01
1624 0 +8.363554613e-06 -7.186999164e+01 -7.186999164e+01
8834 0 +6.200526116e-06 -7.186999380e+01 -7.186999380e+01
8845 0 +2.335536394e-06 -7.186999766e+01 -7.186999766e+01
8856 0 +1.972706286e-06 -7.186999803e+01 -7.186999803e+01
8867 0 +1.738709400e-06 -7.186999826e+01 -7.186999826e+01
21812 0 +1.450668535e-06 -7.186999855e+01 -7.186999855e+01
21823 0 +1.324888530e-06 -7.186999868e+01 -7.186999868e+01
27618 0 +1.101975940e-06 -7.186999890e+01 -7.186999890e+01
27673 0 +9.542863637e-07 -7.186999905e+01 -7.186999905e+01
27717 0 +8.517027936e-07 -7.186999915e+01 -7.186999915e+01
27805 0 +7.936144613e-07 -7.186999921e+01 -7.186999921e+01
27882 0 +7.003518476e-07 -7.186999930e+01 -7.186999930e+01
27929 0 +6.307945597e-07 -7.186999937e+01 -7.186999937e+01
29889 0 +5.281268614e-07 -7.186999947e+01 -7.186999947e+01
29911 0 +4.813516483e-07 -7.186999952e+01 -7.186999952e+01
29933 0 +4.034407510e-07 -7.186999960e+01 -7.186999960e+01
29944 0 +3.731020399e-07 -7.186999963e+01 -7.186999963e+01
29966 0 +3.237049668e-07 -7.186999968e+01 -7.186999968e+01
29977 0 +2.459154871e-07 -7.186999975e+01 -7.186999975e+01
37145 0 +1.962009009e-07 -7.186999980e+01 -7.186999980e+01
37155 0 +8.420332165e-08 -7.186999992e+01 -7.186999992e+01
37188 0 +7.256606693e-08 -7.186999993e+01 -7.186999993e+01
37199 0 +6.185665313e-08 -7.186999994e+01 -7.186999994e+01
37210 0 +4.973101397e-08 -7.186999995e+01 -7.186999995e+01
37287 0 +4.334388848e-08 -7.186999996e+01 -7.186999996e+01
37386 0 +3.963337747e-08 -7.186999996e+01 -7.186999996e+01
37397 0 +3.488791833e-08 -7.186999997e+01 -7.186999997e+01
37408 0 +2.888292272e-08 -7.186999997e+01 -7.186999997e+01
37419 0 +2.754084960e-08 -7.186999997e+01 -7.186999997e+01
37441 0 +2.395599097e-08 -7.186999998e+01 -7.186999998e+01
37529 0 +2.196003379e-08 -7.186999998e+01 -7.186999998e+01
39009 0 +1.628939117e-08 -7.186999998e+01 -7.186999998e+01
39031 0 +1.457561893e-08 -7.186999999e+01 -7.186999999e+01
39039 0 +1.408291439e-08 -7.186999999e+01 -7.186999999e+01
39053 0 +1.125988547e-08 -7.186999999e+01 -7.186999999e+01
39054 0 +1.112090331e-08 -7.186999999e+01 -7.186999999e+01
39698 0 +7.734257679e-09 -7.186999999e+01 -7.186999999e+01
43307 0 +9.379164112e-13 -7.187000000e+01 -7.187000000e+01
45414 0 +0.000000000e+00 -7.187000000e+01 -7.187000000e+01
100502 0 +0.000000000e+00 -7.187000000e+01 -7.187000000e+01
% f evaluations | g evaluations | best noise-free fitness - Fopt (-1.650000000000e+01) + sum g_i+ | measured fitness | best measured fitness or single-digit g-values | x1 | x2...
1 0 +2.694286653e+07 +2.694285003e+07 +2.694285003e+07
2 0 +3.271666422e+06 +3.271649922e+06 +3.271649922e+06
14 0 +2.980141724e+06 +2.980125224e+06 +2.980125224e+06
18 0 +2.055713691e+06 +2.055697191e+06 +2.055697191e+06
24 0 +6.952049512e+05 +6.951884512e+05 +6.951884512e+05
34 0 +3.532269760e+05 +3.532104760e+05 +3.532104760e+05
99 0 +2.774801737e+05 +2.774636737e+05 +2.774636737e+05
101 0 +2.442438148e+05 +2.442273148e+05 +2.442273148e+05
123 0 +2.190607026e+05 +2.190442026e+05 +2.190442026e+05
145 0 +1.941635105e+05 +1.941470105e+05 +1.941470105e+05
167 0 +1.562408839e+05 +1.562243839e+05 +1.562243839e+05
178 0 +1.202014072e+05 +1.201849072e+05 +1.201849072e+05
211 0 +1.008976207e+05 +1.008811207e+05 +1.008811207e+05
222 0 +5.452906570e+04 +5.451256570e+04 +5.451256570e+04
244 0 +3.867679652e+04 +3.866029652e+04 +3.866029652e+04
432 0 +2.186287481e+04 +2.184637481e+04 +2.184637481e+04
498 0 +1.744820894e+04 +1.743170894e+04 +1.743170894e+04
509 0 +1.177787125e+04 +1.176137125e+04 +1.176137125e+04
531 0 +1.029717599e+04 +1.028067599e+04 +1.028067599e+04
542 0 +7.115641917e+03 +7.099141917e+03 +7.099141917e+03
553 0 +2.798075610e+03 +2.781575610e+03 +2.781575610e+03
774 0 +1.762932644e+03 +1.746432644e+03 +1.746432644e+03
785 0 +5.142923186e+02 +4.977923186e+02 +4.977923186e+02
1050 0 +4.437767988e+02 +4.272767988e+02 +4.272767988e+02
1072 0 +3.410548289e+02 +3.245548289e+02 +3.245548289e+02
1083 0 +2.541743314e+02 +2.376743314e+02 +2.376743314e+02
1094 0 +1.727554637e+02 +1.562554637e+02 +1.562554637e+02
1105 0 +1.002723632e+02 +8.377236316e+01 +8.377236316e+01
1116 0 +6.261456960e+01 +4.611456960e+01 +4.611456960e+01
1127 0 +2.398755075e+01 +7.487550750e+00 +7.487550750e+00
1138 0 +1.377855468e+01 -2.721445324e+00 -2.721445324e+00
1171 0 +1.096789619e+01 -5.532103812e+00 -5.532103812e+00
1182 0 +7.076625372e+00 -9.423374628e+00 -9.423374628e+00
1204 0 +5.824125460e+00 -1.067587454e+01 -1.067587454e+01
1215 0 +5.448538306e+00 -1.105146169e+01 -1.105146169e+01
1226 0 +4.973809538e+00 -1.152619046e+01 -1.152619046e+01
1237 0 +3.613672757e+00 -1.288632724e+01 -1.288632724e+01
1248 0 +2.137278717e+00 -1.436272128e+01 -1.436272128e+01
1259 0 +1.392536030e+00 -1.510746397e+01 -1.510746397e+01
1270 0 +1.212837615e+00 -1.528716238e+01 -1.528716238e+01
1281 0 +9.408062322e-01 -1.555919377e+01 -1.555919377e+01
1292 0 +6.610963470e-01 -1.583890365e+01 -1.583890365e+01
1303 0 +5.417169593e-01 -1.595828304e+01 -1.595828304e+01
1314 0 +4.410028192e-01 -1.605899718e+01 -1.605899718e+01
1325 0 +3.267729134e-01 -1.617322709e+01 -1.617322709e+01
1336 0 +1.416567175e-01 -1.635834328e+01 -1.635834328e+01
1347 0 +1.039027852e-01 -1.639609721e+01 -1.639609721e+01
1358 0 +8.753533710e-02 -1.641246466e+01 -1.641246466e+01
1380 0 +7.584137285e-02 -1.642415863e+01 -1.642415863e+01
1391 0 +6.305244183e-02 -1.643694756e+01 -1.643694756e+01
1413 0 +5.522589062e-02 -1.644477411e+01 -1.644477411e+01
1446 0 +4.441546790e-02 -1.645558453e+01 -1.645558453e+01
1457 0 +3.202515922e-02 -1.646797484e+01 -1.646797484e+01
1468 0 +1.663659190e-02 -1.648336341e+01 -1.648336341e+01
1479 0 +1.148901407e-02 -1.648851099e+01 -1.648851099e+01
1490 0 +7.058490382e-03 -1.649294151e+01 -1.649294151e+01
1501 0 +4.666084943e-03 -1.649533392e+01 -1.649533392e+01
1512 0 +4.263764604e-03 -1.649573624e+01 -1.649573624e+01
1523 0 +3.738461471e-03 -1.649626154e+01 -1.649626154e+01
1545 0 +3.424373395e-03 -1.649657563e+01 -1.649657563e+01
1567 0 +3.055405789e-03 -1.649694459e+01 -1.649694459e+01
1578 0 +2.187907335e-03 -1.649781209e+01 -1.649781209e+01
1600 0 +1.887501483e-03 -1.649811250e+01 -1.649811250e+01
1611 0 +1.656130661e-03 -1.649834387e+01 -1.649834387e+01
1622 0 +1.361015141e-03 -1.649863898e+01 -1.649863898e+01
1633 0 +9.547288569e-04 -1.649904527e+01 -1.649904527e+01
1644 0 +8.249529967e-04 -1.649917505e+01 -1.649917505e+01
1655 0 +7.523284970e-04 -1.649924767e+01 -1.649924767e+01
1666 0 +5.084889264e-04 -1.649949151e+01 -1.649949151e+01
1688 0 +3.474203920e-04 -1.649965258e+01 -1.649965258e+01
1699 0 +2.332057239e-04 -1.649976679e+01 -1.649976679e+01
1710 0 +1.152373930e-04 -1.649988476e+01 -1.649988476e+01
1732 0 +7.109177603e-05 -1.649992891e+01 -1.649992891e+01
1743 0 +5.682036339e-05 -1.649994318e+01 -1.649994318e+01
1754 0 +3.807514385e-05 -1.649996192e+01 -1.649996192e+01
1765 0 +2.269636962e-05 -1.649997730e+01 -1.649997730e+01
1787 0 +1.820749322e-05 -1.649998179e+01 -1.649998179e+01
1798 0 +1.268000152e-05 -1.649998732e+01 -1.649998732e+01
1809 0 +8.030175369e-06 -1.649999197e+01 -1.649999197e+01
1820 0 +7.708059947e-06 -1.649999229e+01 -1.649999229e+01
1831 0 +6.861155871e-06 -1.649999314e+01 -1.649999314e+01
1842 0 +3.441888133e-06 -1.649999656e+01 -1.649999656e+01
1853 0 +1.272962283e-06 -1.649999873e+01 -1.649999873e+01
1864 0 +9.898497382e-07 -1.649999901e+01 -1.649999901e+01
1911 0 +8.911415357e-07 -1.649999911e+01 -1.649999911e+01
3022 0 +6.993181607e-07 -1.649999930e+01 -1.649999930e+01
4423 0 +5.176256188e-07 -1.649999948e+01 -1.649999948e+01
4434 0 +4.881644387e-07 -1.649999951e+01 -1.649999951e+01
4632 0 +4.465771752e-07 -1.649999955e+01 -1.649999955e+01
8205 0 +3.454942465e-07 -1.649999965e+01 -1.649999965e+01
8216 0 +2.094765748e-07 -1.649999979e+01 -1.649999979e+01
8227 0 +5.271422410e-08 -1.649999995e+01 -1.649999995e+01
8249 0 +4.182609814e-08 -1.649999996e+01 -1.649999996e+01
8260 0 +3.859510400e-08 -1.649999996e+01 -1.649999996e+01
8273 0 +3.536612070e-08 -1.649999996e+01 -1.649999996e+01
8282 0 +2.784986819e-08 -1.649999997e+01 -1.649999997e+01
8293 0 +2.265008803e-08 -1.649999998e+01 -1.649999998e+01
8300 0 +2.228302876e-08 -1.649999998e+01 -1.649999998e+01
8315 0 +1.888922441e-08 -1.649999998e+01 -1.649999998e+01
8326 0 +1.727883969e-08 -1.649999998e+01 -1.649999998e+01
8337 0 +1.583764941e-08 -1.649999998e+01 -1.649999998e+01
8426 0 +1.410455397e-08 -1.649999999e+01 -1.649999999e+01
40722 0 +1.172810471e-08 -1.649999999e+01 -1.649999999e+01
40733 0 +1.002258188e-08 -1.649999999e+01 -1.649999999e+01
40735 0 +9.956213631e-09 -1.649999999e+01 -1.649999999e+01
44868 0 +6.750155990e-13 -1.650000000e+01 -1.650000000e+01
47933 0 +0.000000000e+00 -1.650000000e+01 -1.650000000e+01
100004 0 +0.000000000e+00 -1.650000000e+01 -1.650000000e+01
% f evaluations | g evaluations | best noise-free fitness - Fopt (1.000000000000e+03) + sum g_i+ | measured fitness | best measured fitness or single-digit g-values | x1 | x2...
1 0 +6.467629317e+06 +6.468629317e+06 +6.468629317e+06
2 0 +3.035801172e+06 +3.036801172e+06 +3.036801172e+06
9 0 +2.140706265e+06 +2.141706265e+06 +2.141706265e+06
12 0 +1.653485919e+06 +1.654485919e+06 +1.654485919e+06
18 0 +1.585292935e+06 +1.586292935e+06 +1.586292935e+06
19 0 +7.061264666e+05 +7.071264666e+05 +7.071264666e+05
29 0 +5.306547320e+05 +5.316547320e+05 +5.316547320e+05
47 0 +4.108572462e+05 +4.118572462e+05 +4.118572462e+05
61 0 +1.532465724e+05 +1.542465724e+05 +1.542465724e+05
97 0 +8.064076085e+04 +8.164076085e+04 +8.164076085e+04
112 0 +7.320205502e+04 +7.420205502e+04 +7.420205502e+04
123 0 +4.466361749e+04 +4.566361749e+04 +4.566361749e+04
145 0 +3.046596289e+04 +3.146596289e+04 +3.146596289e+04
167 0 +2.579685159e+04 +2.679685159e+04 +2.679685159e+04
333 0 +2.265743273e+04 +2.365743273e+04 +2.365743273e+04
344 0 +9.516988539e+03 +1.051698854e+04 +1.051698854e+04
366 0 +8.473317648e+03 +9.473317648e+03 +9.473317648e+03
377 0 +6.045308963e+03 +7.045308963e+03 +7.045308963e+03
620 0 +5.508315502e+03 +6.508315502e+03 +6.508315502e+03
797 0 +4.958761335e+03 +5.958761335e+03 +5.958761335e+03
808 0 +2.959189460e+03 +3.959189460e+03 +3.959189460e+03
852 0 +2.810888662e+03 +3.810888662e+03 +3.810888662e+03
885 0 +2.408567949e+03 +3.408567949e+03 +3.408567949e+03
896 0 +1.960852384e+03 +2.960852384e+03 +2.960852384e+03
991 0 +1.739252067e+03 +2.739252067e+03 +2.739252067e+03
1029 0 +7.915259267e+02 +1.791525927e+03 +1.791525927e+03
1062 0 +5.459508421e+02 +1.545950842e+03 +1.545950842e+03
1084 0 +4.891747871e+02 +1.489174787e+03 +1.489174787e+03
1438 0 +4.024948927e+02 +1.402494893e+03 +1.402494893e+03
1449 0 +3.298156678e+02 +1.329815668e+03 +1.329815668e+03
1659 0 +3.043091736e+02 +1.304309174e+03 +1.304309174e+03
1670 0 +2.680596633e+02 +1.268059663e+03 +1.268059663e+03
1836 0 +2.322753998e+02 +1.232275400e+03 +1.232275400e+03
1858 0 +2.023656137e+02 +1.202365614e+03 +1.202365614e+03
2112 0 +1.850275189e+02 +1.185027519e+03 +1.185027519e+03
2123 0 +1.657183954e+02 +1.165718395e+03 +1.165718395e+03
2413 0 +1.558800694e+02 +1.155880069e+03 +1.155880069e+03
2543 0 +1.384621998e+02 +1.138462200e+03 +1.138462200e+03
3681 0 +1.226443060e+02 +1.122644306e+03 +1.122644306e+03
3935 0 +1.081849726e+02 +1.108184973e+03 +1.108184973e+03
4222 0 +8.836929835e+01 +1.088369298e+03 +1.088369298e+03
4233 0 +5.800350823e+01 +1.058003508e+03 +1.058003508e+03
4255 0 +4.822895651e+01 +1.048228957e+03 +1.048228957e+03
4266 0 +3.353096890e+01 +1.033530969e+03 +1.033530969e+03
4277 0 +2.643543510e+01 +1.026435435e+03 +1.026435435e+03
4288 0 +2.092469467e+01 +1.020924695e+03 +1.020924695e+03
4299 0 +1.437017304e+01 +1.014370173e+03 +1.014370173e+03
4310 0 +1.055060894e+01 +1.010550609e+03 +1.010550609e+03
4321 0 +6.351703825e+00 +1.006351704e+03 +1.006351704e+03
4332 0 +3.866856095e+00 +1.003866856e+03 +1.003866856e+03
4343 0 +1.384124515e+00 +1.001384125e+03 +1.001384125e+03
4354 0 +9.260493707e-01 +1.000926049e+03 +1.000926049e+03
4365 0 +2.777885768e-01 +1.000277789e+03 +1.000277789e+03
4376 0 +8.521245379e-02 +1.000085212e+03 +1.000085212e+03
4387 0 +2.363610577e-02 +1.000023636e+03 +1.000023636e+03
4398 0 +9.118679724e-03 +1.000009119e+03 +1.000009119e+03
4420 0 +4.856091634e-03 +1.000004856e+03 +1.000004856e+03
4431 0 +1.877427513e-03 +1.000001877e+03 +1.000001877e+03
4442 0 +5.231401685e-04 +1.000000523e+03 +1.000000523e+03
4453 0 +3.031212315e-04 +1.000000303e+03 +1.000000303e+03
4464 0 +1.067953410e-04 +1.000000107e+03 +1.000000107e+03
4475 0 +1.027841211e-05 +1.000000010e+03 +1.000000010e+03
4486 0 +2.596964123e-06 +1.000000003e+03 +1.000000003e+03
4497 0 +6.643813322e-07 +1.000000001e+03 +1.000000001e+03
4519 0 +3.294076123e-07 +1.000000000e+03 +1.000000000e+03
4530 0 +7.260973689e-08 +1.000000000e+03 +1.000000000e+03
4552 0 +5.162212346e-08 +1.000000000e+03 +1.000000000e+03
44406 0 +4.148569133e-08 +1.000000000e+03 +1.000000000e+03
44461 0 +3.842467322e-08 +1.000000000e+03 +1.000000000e+03
67158 0 +3.131481208e-08 +1.000000000e+03 +1.000000000e+03
67169 0 +1.425416940e-08 +1.000000000e+03 +1.000000000e+03
67174 0 +1.402713679e-08 +1.000000000e+03 +1.000000000e+03
67191 0 +1.252658421e-08 +1.000000000e+03 +1.000000000e+03
67268 0 +1.120383786e-08 +1.000000000e+03 +1.000000000e+03
67323 0 +9.862787920e-09 +1.000000000e+03 +1.000000000e+03
100477 0 +8.463871382e-09 +1.000000000e+03 +1.000000000e+03
% f evaluations | g evaluations | best noise-free fitness - Fopt (-1.000000000000e+03) + sum g_i+ | measured fitness | best measured fitness or single-digit g-values | x1 | x2...
1 0 +5.191052267e+06 +5.190052267e+06 +5.190052267e+06
2 0 +4.782041106e+06 +4.781041106e+06 +4.781041106e+06
3 0 +2.196025091e+06 +2.195025091e+06 +2.195025091e+06
6 0 +1.484113230e+06 +1.483113230e+06 +1.483113230e+06
14 0 +1.181695869e+06 +1.180695869e+06 +1.180695869e+06
18 0 +8.707845982e+05 +8.697845982e+05 +8.697845982e+05
19 0 +5.183743874e+05 +5.173743874e+05 +5.173743874e+05
22 0 +1.586352924e+05 +1.576352924e+05 +1.576352924e+05
30 0 +8.156821671e+04 +8.056821671e+04 +8.056821671e+04
36 0 +5.408258848e+04 +5.308258848e+04 +5.308258848e+04
77 0 +4.171569573e+04 +4.071569573e+04 +4.071569573e+04
123 0 +2.294296788e+04 +2.194296788e+04 +2.194296788e+04
145 0 +2.120299676e+04 +2.020299676e+04 +2.020299676e+04
156 0 +1.799974655e+04 +1.699974655e+04 +1.699974655e+04
167 0 +1.695844495e+04 +1.595844495e+04 +1.595844495e+04
178 0 +1.487259654e+04 +1.387259654e+04 +1.387259654e+04
189 0 +1.298029708e+04 +1.198029708e+04 +1.198029708e+04
200 0 +1.158803597e+04 +1.058803597e+04 +1.058803597e+04
233 0 +1.115358584e+04 +1.015358584e+04 +1.015358584e+04
255 0 +8.138057291e+03 +7.138057291e+03 +7.138057291e+03
266 0 +6.350477777e+03 +5.350477777e+03 +5.350477777e+03
288 0 +5.647218495e+03 +4.647218495e+03 +4.647218495e+03
299 0 +5.313161583e+03 +4.313161583e+03 +4.313161583e+03
321 0 +4.716964044e+03 +3.716964044e+03 +3.716964044e+03
332 0 +3.945041549e+03 +2.945041549e+03 +2.945041549e+03
354 0 +2.810883328e+03 +1.810883328e+03 +1.810883328e+03
1657 0 +2.283473784e+03 +1.283473784e+03 +1.283473784e+03
1679 0 +1.328722850e+03 +3.287228501e+02 +3.287228501e+02
1690 0 +1.117853251e+03 +1.178532507e+02 +1.178532507e+02
1701 0 +9.571298297e+02 -4.287017031e+01 -4.287017031e+01
1712 0 +7.190096582e+02 -2.809903418e+02 -2.809903418e+02
1723 0 +6.101763155e+02 -3.898236845e+02 -3.898236845e+02
1756 0 +5.272165634e+02 -4.727834366e+02 -4.727834366e+02
1778 0 +4.967439362e+02 -5.032560638e+02 -5.032560638e+02
1789 0 +4.459459722e+02 -5.540540278e+02 -5.540540278e+02
1800 0 +3.475743611e+02 -6.524256389e+02 -6.524256389e+02
1811 0 +2.605216796e+02 -7.394783204e+02 -7.394783204e+02
1822 0 +1.995777493e+02 -8.004222507e+02 -8.004222507e+02
1833 0 +1.577805250e+02 -8.422194750e+02 -8.422194750e+02
1844 0 +9.362209884e+01 -9.063779012e+02 -9.063779012e+02
1855 0 +2.873182385e+01 -9.712681762e+02 -9.712681762e+02
1866 0 +9.768684090e+00 -9.902313159e+02 -9.902313159e+02
1877 0 +2.577360051e+00 -9.974226399e+02 -9.974226399e+02
1888 0 +1.189961447e+00 -9.988100386e+02 -9.988100386e+02
1899 0 +1.167739227e-01 -9.998832261e+02 -9.998832261e+02
1910 0 +5.058755821e-02 -9.999494124e+02 -9.999494124e+02
1921 0 +2.547289863e-02 -9.999745271e+02 -9.999745271e+02
1932 0 +1.135720555e-02 -9.999886428e+02 -9.999886428e+02
1943 0 +5.598627643e-03 -9.999944014e+02 -9.999944014e+02
1954 0 +2.892753471e-03 -9.999971072e+02 -9.999971072e+02
1965 0 +1.614639672e-03 -9.999983854e+02 -9.999983854e+02
1976 0 +3.797462421e-04 -9.999996203e+02 -9.999996203e+02
1987 0 +1.332119188e-04 -9.999998668e+02 -9.999998668e+02
1998 0 +9.539060056e-05 -9.999999046e+02 -9.999999046e+02
2009 0 +4.487148226e-05 -9.999999551e+02 -9.999999551e+02
2020 0 +3.193494399e-05 -9.999999681e+02 -9.999999681e+02
2031 0 +2.304953705e-05 -9.999999770e+02 -9.999999770e+02
2042 0 +1.124502444e-05 -9.999999888e+02 -9.999999888e+02
2049 0 +1.119760259e-05 -9.999999888e+02 -9.999999888e+02
2053 0 +2.942857918e-06 -9.999999971e+02 -9.999999971e+02
2064 0 +6.047069974e-07 -9.999999994e+02 -9.999999994e+02
2075 0 +4.495661869e-07 -9.999999996e+02 -9.999999996e+02
2086 0 +2.830767016e-07 -9.999999997e+02 -9.999999997e+02
2097 0 +1.841524409e-07 -9.999999998e+02 -9.999999998e+02
2119 0 +1.649215164e-07 -9.999999998e+02 -9.999999998e+02
6938 0 +1.021310254e-07 -9.999999999e+02 -9.999999999e+02
6960 0 +8.763311143e-08 -9.999999999e+02 -9.999999999e+02
21271 0 +7.482253750e-08 -9.999999999e+02 -9.999999999e+02
21315 0 +6.859932000e-08 -9.999999999e+02 -9.999999999e+02
22560 0 +5.893480193e-08 -9.999999999e+02 -9.999999999e+02
22571 0 +5.113986390e-08 -9.999999999e+02 -9.999999999e+02
22604 0 +4.980961421e-08 -1.000000000e+03 -1.000000000e+03
39181 0 +3.343564003e-08 -1.000000000e+03 -1.000000000e+03
39203 0 +2.569095159e-08 -1.000000000e+03 -1.000000000e+03
39214 0 +1.797764071e-08 -1.000000000e+03 -1.000000000e+03
39217 0 +1.776925274e-08 -1.000000000e+03 -1.000000000e+03
39225 0 +1.503326530e-08 -1.000000000e+03 -1.000000000e+03
39236 0 +1.334137778e-08 -1.000000000e+03 -1.000000000e+03
39954 0 +6.039158507e-09 -1.000000000e+03 -1.000000000e+03
43942 0 +9.094947018e-13 -1.000000000e+03 -1.000000000e+03
45298 0 +0.000000000e+00 -1.000000000e+03 -1.000000000e+03
100233 0 +0.000000000e+00 -1.000000000e+03 -1.000000000e+03
% f evaluations | g evaluations | best noise-free fitness - Fopt (-1.527400000000e+02) + sum g_i+ | measured fitness | best measured fitness or single-digit g-values | x1 | x2...
1 0 +3.938415106e+06 +3.938262366e+06 +3.938262366e+06
2 0 +1.133148319e+06 +1.132995579e+06 +1.132995579e+06
5 0 +1.084205977e+06 +1.084053237e+06 +1.084053237e+06
22 0 +8.214903508e+05 +8.213376108e+05 +8.213376108e+05
35 0 +7.540450743e+05 +7.538923343e+05 +7.538923343e+05
59 0 +6.750681117e+05 +6.749153717e+05 +6.749153717e+05
63 0 +5.902808950e+05 +5.901281550e+05 +5.901281550e+05
96 0 +5.497714760e+05 +5.496187360e+05 +5.496187360e+05
97 0 +3.941781865e+05 +3.940254465e+05 +3.940254465e+05
134 0 +3.198600280e+05 +3.197072880e+05 +3.197072880e+05
145 0 +2.765801144e+05 +2.764273744e+05 +2.764273744e+05
200 0 +2.339109792e+05 +2.337582392e+05 +2.337582392e+05
233 0 +2.193135234e+05 +2.191607834e+05 +2.191607834e+05
244 0 +1.895235300e+05 +1.893707900e+05 +1.893707900e+05
326 0 +1.700581155e+05 +1.699053755e+05 +1.699053755e+05
340 0 +1.542164341e+05 +1.540636941e+05 +1.540636941e+05
377 0 +1.371490111e+05 +1.369962711e+05 +1.369962711e+05
388 0 +1.257036167e+05 +1.255508767e+05 +1.255508767e+05
399 0 +1.065432501e+05 +1.063905101e+05 +1.063905101e+05
410 0 +8.506797916e+04 +8.491523916e+04 +8.491523916e+04
421 0 +5.342024983e+04 +5.326750983e+04 +5.326750983e+04
443 0 +4.643079329e+04 +4.627805329e+04 +4.627805329e+04
465 0 +4.328840747e+04 +4.313566747e+04 +4.313566747e+04
476 0 +3.700506616e+04 +3.685232616e+04 +3.685232616e+04
487 0 +1.974321427e+04 +1.959047427e+04 +1.959047427e+04
719 0 +1.337977030e+04 +1.322703030e+04 +1.322703030e+04
763 0 +1.222932207e+04 +1.207658207e+04 +1.207658207e+04
774 0 +9.735834378e+03 +9.583094378e+03 +9.583094378e+03
807 0 +8.434113607e+03 +8.281373607e+03 +8.281373607e+03
984 0 +6.976365319e+03 +6.823625319e+03 +6.823625319e+03
1106 0 +2.365727204e+03 +2.212987204e+03 +2.212987204e+03
1139 0 +1.881553978e+03 +1.728813978e+03 +1.728813978e+03
1150 0 +1.272775490e+03 +1.120035490e+03 +1.120035490e+03
1172 0 +1.127138240e+03 +9.743982401e+02 +9.743982401e+02
1183 0 +9.780543864e+02 +8.253143864e+02 +8.253143864e+02
1194 0 +8.357230341e+02 +6.829830341e+02 +6.829830341e+02
1205 0 +5.794431135e+02 +4.267031135e+02 +4.267031135e+02
1260 0 +5.343050173e+02 +3.815650173e+02 +3.815650173e+02
1271 0 +4.342259340e+02 +2.814859340e+02 +2.814859340e+02
1282 0 +1.751664133e+02 +2.242641326e+01 +2.242641326e+01
1304 0 +1.483993627e+02 -4.340637297e+00 -4.340637297e+00
1315 0 +1.169538360e+02 -3.578616403e+01 -3.578616403e+01
1326 0 +7.430509638e+01 -7.843490362e+01 -7.843490362e+01
1337 0 +3.070596411e+01 -1.220340359e+02 -1.220340359e+02
1348 0 +2.519036610e+01 -1.275496339e+02 -1.275496339e+02
1359 0 +1.786156824e+01 -1.348784318e+02 -1.348784318e+02
1370 0 +7.613829756e+00 -1.451261702e+02 -1.451261702e+02
1392 0 +5.970809577e+00 -1.467691904e+02 -1.467691904e+02
1403 0 +4.031937266e+00 -1.487080627e+02 -1.487080627e+02
1414 0 +1.371677151e+00 -1.513683228e+02 -1.513683228e+02
1436 0 +6.007830597e-01 -1.521392169e+02 -1.521392169e+02
1447 0 +4.125809063e-01 -1.523274191e+02 -1.523274191e+02
1458 0 +2.883247245e-01 -1.524516753e+02 -1.524516753e+02
1469 0 +2.307331706e-01 -1.525092668e+02 -1.525092668e+02
1480 0 +1.205893050e-01 -1.526194107e+02 -1.526194107e+02
1491 0 +8.871278390e-02 -1.526512872e+02 -1.526512872e+02
1502 0 +3.587207072e-02 -1.527041279e+02 -1.527041279e+02
1524 0 +1.426503338e-02 -1.527257350e+02 -1.527257350e+02
1535 0 +1.011095416e-02 -1.527298890e+02 -1.527298890e+02
1546 0 +4.233860676e-03 -1.527357661e+02 -1.527357661e+02
1557 0 +3.654295468e-03 -1.527363457e+02 -1.527363457e+02
1568 0 +2.685306287e-03 -1.527373147e+02 -1.527373147e+02
1579 0 +1.231646116e-03 -1.527387684e+02 -1.527387684e+02
1590 0 +8.961608902e-04 -1.527391038e+02 -1.527391038e+02
1601 0 +5.036493941e-04 -1.527394964e+02 -1.527394964e+02
1612 0 +2.771019375e-04 -1.527397229e+02 -1.527397229e+02
1623 0 +2.135286552e-04 -1.527397865e+02 -1.527397865e+02
1634 0 +1.069246016e-04 -1.527398931e+02 -1.527398931e+02
1645 0 +5.510731751e-05 -1.527399449e+02 -1.527399449e+02
1656 0 +3.311721878e-05 -1.527399669e+02 -1.527399669e+02
1667 0 +2.467745531e-05 -1.527399753e+02 -1.527399753e+02
1678 0 +2.072506854e-05 -1.527399793e+02 -1.527399793e+02
1689 0 +1.379824758e-05 -1.527399862e+02 -1.527399862e+02
1700 0 +1.155619640e-05 -1.527399884e+02 -1.527399884e+02
1711 0 +8.647785563e-06 -1.527399914e+02 -1.527399914e+02
1722 0 +3.941634191e-06 -1.527399961e+02 -1.527399961e+02
1733 0 +2.201841824e-06 -1.527399978e+02 -1.527399978e+02
1744 0 +1.975314234e-06 -1.527399980e+02 -1.527399980e+02
1755 0 +1.555535533e-06 -1.527399984e+02 -1.527399984e+02
1766 0 +8.640777764e-07 -1.527399991e+02 -1.527399991e+02
1788 0 +6.781435218e-07 -1.527399993e+02 -1.527399993e+02
1810 0 +6.251632954e-07 -1.527399994e+02 -1.527399994e+02
1832 0 +4.935060360e-07 -1.527399995e+02 -1.527399995e+02
1843 0 +3.413136369e-07 -1.527399997e+02 -1.527399997e+02
1854 0 +2.988268761e-07 -1.527399997e+02 -1.527399997e+02
1865 0 +2.814882691e-07 -1.527399997e+02 -1.527399997e+02
6109 0 +1.535540264e-07 -1.527399998e+02 -1.527399998e+02
26248 0 +1.303764918e-07 -1.527399999e+02 -1.527399999e+02
26259 0 +1.127161511e-07 -1.527399999e+02 -1.527399999e+02
26268 0 +1.120757247e-07 -1.527399999e+02 -1.527399999e+02
26273 0 +9.966748848e-08 -1.527399999e+02 -1.527399999e+02
26281 0 +8.879396773e-08 -1.527399999e+02 -1.527399999e+02
26292 0 +7.146721259e-08 -1.527399999e+02 -1.527399999e+02
26303 0 +6.808105013e-08 -1.527399999e+02 -1.527399999e+02
38890 0 +4.360884986e-08 -1.527400000e+02 -1.527400000e+02
38912 0 +3.885043043e-08 -1.527400000e+02 -1.527400000e+02
40802 0 +3.405259008e-08 -1.527400000e+02 -1.527400000e+02
40812 0 +1.797090476e-08 -1.527400000e+02 -1.527400000e+02
40813 0 +1.774762382e-08 -1.527400000e+02 -1.527400000e+02
40834 0 +1.482902690e-08 -1.527400000e+02 -1.527400000e+02
40845 0 +1.162845820e-08 -1.527400000e+02 -1.527400000e+02
40878 0 +1.087607870e-08 -1.527400000e+02 -1.527400000e+02
40953 0 +9.912440646e-09 -1.527400000e+02 -1.527400000e+02
46531 0 +8.810729923e-13 -1.527400000e+02 -1.527400000e+02
47659 0 +0.000000000e+00 -1.527400000e+02 -1.527400000e+02
100514 0 +0.000000000e+00 -1.527400000e+02 -1.527400000e+02
