% f evaluations | g evaluations | best noise-free fitness - Fopt (1.491500000000e+02) + sum g_i+ | measured fitness | best measured fitness or single-digit g-values | x1 | x2...
1 0 +1.339410781e+05 +1.340902281e+05 +1.340902281e+05
2 0 +3.576457527e+04 +3.591372527e+04 +3.591372527e+04
8 0 +2.725453579e+04 +2.740368579e+04 +2.740368579e+04
14 0 +1.395530693e+04 +1.410445693e+04 +1.410445693e+04
38 0 +1.097970089e+04 +1.112885089e+04 +1.112885089e+04
44 0 +8.633447752e+03 +8.782597752e+03 +8.782597752e+03
62 0 +1.663183403e+03 +1.812333403e+03 +1.812333403e+03
207 0 +1.450475538e+03 +1.599625538e+03 +1.599625538e+03
226 0 +1.266723667e+03 +1.415873667e+03 +1.415873667e+03
227 0 +7.097840456e+02 +8.589340456e+02 +8.589340456e+02
308 0 +5.558515779e+02 +7.050015779e+02 +7.050015779e+02
339 0 +4.174550088e+02 +5.666050088e+02 +5.666050088e+02
402 0 +3.708889933e+02 +5.200389933e+02 +5.200389933e+02
410 0 +3.467367359e+02 +4.958867359e+02 +4.958867359e+02
420 0 +2.999202921e+02 +4.490702921e+02 +4.490702921e+02
443 0 +2.546672922e+02 +4.038172922e+02 +4.038172922e+02
481 0 +1.891096110e+02 +3.382596110e+02 +3.382596110e+02
523 0 +1.568686896e+02 +3.060186896e+02 +3.060186896e+02
544 0 +1.178837380e+02 +2.670337380e+02 +2.670337380e+02
586 0 +1.035352008e+02 +2.526852008e+02 +2.526852008e+02
628 0 +9.589246250e+01 +2.450424625e+02 +2.450424625e+02
817 0 +8.868325184e+01 +2.378332518e+02 +2.378332518e+02
1048 0 +7.834550881e+01 +2.274955088e+02 +2.274955088e+02
1132 0 +6.794744199e+01 +2.170974420e+02 +2.170974420e+02
1153 0 +5.978770514e+01 +2.089377051e+02 +2.089377051e+02
1216 0 +5.524251943e+01 +2.043925194e+02 +2.043925194e+02
1237 0 +4.619040962e+01 +1.953404096e+02 +1.953404096e+02
1258 0 +3.492737254e+01 +1.840773725e+02 +1.840773725e+02
1279 0 +2.886025975e+01 +1.780102597e+02 +1.780102597e+02
1300 0 +2.095642491e+01 +1.701064249e+02 +1.701064249e+02
1321 0 +1.467100719e+01 +1.638210072e+02 +1.638210072e+02
1342 0 +1.313675413e+01 +1.622867541e+02 +1.622867541e+02
1363 0 +1.134358956e+01 +1.604935896e+02 +1.604935896e+02
1405 0 +1.101023153e+01 +1.601602315e+02 +1.601602315e+02
1573 0 +9.809087080e+00 +1.589590871e+02 +1.589590871e+02
1657 0 +8.827102925e+00 +1.579771029e+02 +1.579771029e+02
1741 0 +7.875299502e+00 +1.570252995e+02 +1.570252995e+02
1846 0 +6.947219725e+00 +1.560972197e+02 +1.560972197e+02
1930 0 +6.152250855e+00 +1.553022509e+02 +1.553022509e+02
1993 0 +5.538128107e+00 +1.546881281e+02 +1.546881281e+02
2077 0 +4.683826585e+00 +1.538338266e+02 +1.538338266e+02
2098 0 +4.159651649e+00 +1.533096516e+02 +1.533096516e+02
2119 0 +3.912969863e+00 +1.530629699e+02 +1.530629699e+02
2203 0 +3.445750868e+00 +1.525957509e+02 +1.525957509e+02
2245 0 +2.937096950e+00 +1.520870970e+02 +1.520870970e+02
2266 0 +2.494921122e+00 +1.516449211e+02 +1.516449211e+02
2287 0 +2.161943657e+00 +1.513119437e+02 +1.513119437e+02
2350 0 +1.932033231e+00 +1.510820332e+02 +1.510820332e+02
2371 0 +1.772469328e+00 +1.509224693e+02 +1.509224693e+02
2392 0 +1.491164175e+00 +1.506411642e+02 +1.506411642e+02
2434 0 +1.311123025e+00 +1.504611230e+02 +1.504611230e+02
2455 0 +1.111487893e+00 +1.502614879e+02 +1.502614879e+02
2476 0 +9.382187078e-01 +1.500882187e+02 +1.500882187e+02
2497 0 +7.236795873e-01 +1.498736796e+02 +1.498736796e+02
2518 0 +4.909206976e-01 +1.496409207e+02 +1.496409207e+02
2539 0 +2.917801574e-01 +1.494417802e+02 +1.494417802e+02
2581 0 +2.424808784e-01 +1.493924809e+02 +1.493924809e+02
2602 0 +1.685804741e-01 +1.493185805e+02 +1.493185805e+02
2623 0 +1.026852014e-01 +1.492526852e+02 +1.492526852e+02
2644 0 +5.168656930e-02 +1.492016866e+02 +1.492016866e+02
2686 0 +2.954268027e-02 +1.491795427e+02 +1.491795427e+02
2728 0 +1.980674678e-02 +1.491698067e+02 +1.491698067e+02
2749 0 +1.281273295e-02 +1.491628127e+02 +1.491628127e+02
2770 0 +5.503641487e-03 +1.491555036e+02 +1.491555036e+02
2812 0 +2.655777885e-03 +1.491526558e+02 +1.491526558e+02
2833 0 +6.636803575e-04 +1.491506637e+02 +1.491506637e+02
2854 0 +8.827413686e-05 +1.491500883e+02 +1.491500883e+02
2875 0 +1.577109362e-05 +1.491500158e+02 +1.491500158e+02
2896 0 +8.165406484e-07 +1.491500008e+02 +1.491500008e+02
2917 0 +1.820443174e-07 +1.491500002e+02 +1.491500002e+02
2938 0 +1.907210390e-08 +1.491500000e+02 +1.491500000e+02
2959 0 +2.051649517e-09 +1.491500000e+02 +1.491500000e+02
70058 0 +9.663381206e-13 +1.491500000e+02 +1.491500000e+02
73101 0 +0.000000000e+00 +1.491500000e+02 +1.491500000e+02
200011 0 +0.000000000e+00 +1.491500000e+02 +1.491500000e+02
% f evaluations | g evaluations | best noise-free fitness - Fopt (-1.000000000000e+03) + sum g_i+ | measured fitness | best measured fitness or single-digit g-values | x1 | x2...
1 0 +1.292583351e+05 +1.282583351e+05 +1.282583351e+05
2 0 +7.080909834e+04 +6.980909834e+04 +6.980909834e+04
9 0 +6.945200801e+04 +6.845200801e+04 +6.845200801e+04
18 0 +6.135363042e+04 +6.035363042e+04 +6.035363042e+04
42 0 +4.886995386e+04 +4.786995386e+04 +4.786995386e+04
49 0 +4.120158412e+04 +4.020158412e+04 +4.020158412e+04
61 0 +3.434651052e+04 +3.334651052e+04 +3.334651052e+04
62 0 +2.458329418e+04 +2.358329418e+04 +2.358329418e+04
92 0 +1.727914500e+04 +1.627914500e+04 +1.627914500e+04
101 0 +1.545730713e+04 +1.445730713e+04 +1.445730713e+04
121 0 +1.084940481e+04 +9.849404808e+03 +9.849404808e+03
138 0 +5.037160874e+03 +4.037160874e+03 +4.037160874e+03
146 0 +4.258728379e+03 +3.258728379e+03 +3.258728379e+03
175 0 +3.682112175e+03 +2.682112175e+03 +2.682112175e+03
190 0 +2.883986307e+03 +1.883986307e+03 +1.883986307e+03
199 0 +2.270724130e+03 +1.270724130e+03 +1.270724130e+03
295 0 +2.025701552e+03 +1.025701552e+03 +1.025701552e+03
296 0 +1.896949180e+03 +8.969491797e+02 +8.969491797e+02
303 0 +1.634867807e+03 +6.348678065e+02 +6.348678065e+02
311 0 +1.269667102e+03 +2.696671021e+02 +2.696671021e+02
317 0 +1.142462744e+03 +1.424627439e+02 +1.424627439e+02
346 0 +7.584364553e+02 -2.415635447e+02 -2.415635447e+02
373 0 +4.579166912e+02 -5.420833088e+02 -5.420833088e+02
402 0 +4.105700877e+02 -5.894299123e+02 -5.894299123e+02
410 0 +3.780310894e+02 -6.219689106e+02 -6.219689106e+02
442 0 +2.868904461e+02 -7.131095539e+02 -7.131095539e+02
502 0 +2.784491834e+02 -7.215508166e+02 -7.215508166e+02
523 0 +1.888627186e+02 -8.111372814e+02 -8.111372814e+02
565 0 +1.591632190e+02 -8.408367810e+02 -8.408367810e+02
586 0 +1.165366920e+02 -8.834633080e+02 -8.834633080e+02
607 0 +1.106714666e+02 -8.893285334e+02 -8.893285334e+02
628 0 +9.072344645e+01 -9.092765536e+02 -9.092765536e+02
670 0 +8.115312187e+01 -9.188468781e+02 -9.188468781e+02
712 0 +7.698246026e+01 -9.230175397e+02 -9.230175397e+02
754 0 +6.320796537e+01 -9.367920346e+02 -9.367920346e+02
796 0 +5.952244956e+01 -9.404775504e+02 -9.404775504e+02
859 0 +5.404585632e+01 -9.459541437e+02 -9.459541437e+02
880 0 +4.843341012e+01 -9.515665899e+02 -9.515665899e+02
943 0 +4.244884187e+01 -9.575511581e+02 -9.575511581e+02
964 0 +3.819604935e+01 -9.618039506e+02 -9.618039506e+02
1027 0 +3.256991265e+01 -9.674300873e+02 -9.674300873e+02
1048 0 +2.764161864e+01 -9.723583814e+02 -9.723583814e+02
1132 0 +2.353037845e+01 -9.764696216e+02 -9.764696216e+02
1195 0 +2.121245259e+01 -9.787875474e+02 -9.787875474e+02
1321 0 +1.995097888e+01 -9.800490211e+02 -9.800490211e+02
1510 0 +1.774870925e+01 -9.822512908e+02 -9.822512908e+02
1699 0 +1.563993954e+01 -9.843600605e+02 -9.843600605e+02
1846 0 +1.397809296e+01 -9.860219070e+02 -9.860219070e+02
1951 0 +1.247235193e+01 -9.875276481e+02 -9.875276481e+02
2056 0 +1.099156010e+01 -9.890084399e+02 -9.890084399e+02
2140 0 +9.966706058e+00 -9.900332939e+02 -9.900332939e+02
2224 0 +8.745794430e+00 -9.912542056e+02 -9.912542056e+02
2308 0 +7.916847143e+00 -9.920831529e+02 -9.920831529e+02
2392 0 +6.730447161e+00 -9.932695528e+02 -9.932695528e+02
2434 0 +6.224913346e+00 -9.937750867e+02 -9.937750867e+02
2497 0 +5.587329124e+00 -9.944126709e+02 -9.944126709e+02
2539 0 +4.791339282e+00 -9.952086607e+02 -9.952086607e+02
2602 0 +4.314555989e+00 -9.956854440e+02 -9.956854440e+02
2644 0 +3.789488074e+00 -9.962105119e+02 -9.962105119e+02
2665 0 +3.384167710e+00 -9.966158323e+02 -9.966158323e+02
2686 0 +3.053861414e+00 -9.969461386e+02 -9.969461386e+02
2749 0 +2.719770129e+00 -9.972802299e+02 -9.972802299e+02
2770 0 +2.368230760e+00 -9.976317692e+02 -9.976317692e+02
2791 0 +1.943801415e+00 -9.980561986e+02 -9.980561986e+02
2854 0 +1.630019877e+00 -9.983699801e+02 -9.983699801e+02
2875 0 +1.330199535e+00 -9.986698005e+02 -9.986698005e+02
2896 0 +1.032072752e+00 -9.989679272e+02 -9.989679272e+02
2938 0 +8.905052350e-01 -9.991094948e+02 -9.991094948e+02
2959 0 +7.357760999e-01 -9.992642239e+02 -9.992642239e+02
2980 0 +5.252695228e-01 -9.994747305e+02 -9.994747305e+02
3001 0 +4.698213437e-01 -9.995301787e+02 -9.995301787e+02
3022 0 +4.341810768e-01 -9.995658189e+02 -9.995658189e+02
3043 0 +3.089239557e-01 -9.996910760e+02 -9.996910760e+02
3085 0 +2.444694125e-01 -9.997555306e+02 -9.997555306e+02
3106 0 +1.522584027e-01 -9.998477416e+02 -9.998477416e+02
3127 0 +1.050076863e-01 -9.998949923e+02 -9.998949923e+02
3148 0 +5.226011092e-02 -9.999477399e+02 -9.999477399e+02
3169 0 +3.491861055e-02 -9.999650814e+02 -9.999650814e+02
3190 0 +1.933622276e-02 -9.999806638e+02 -9.999806638e+02
3211 0 +1.126751136e-02 -9.999887325e+02 -9.999887325e+02
3232 0 +5.703826976e-03 -9.999942962e+02 -9.999942962e+02
3253 0 +1.783723263e-03 -9.999982163e+02 -9.999982163e+02
3274 0 +4.624519977e-04 -9.999995375e+02 -9.999995375e+02
3295 0 +8.452061002e-05 -9.999999155e+02 -9.999999155e+02
3316 0 +4.849555125e-06 -9.999999952e+02 -9.999999952e+02
3337 0 +7.895923773e-07 -9.999999992e+02 -9.999999992e+02
3358 0 +8.519032235e-08 -9.999999999e+02 -9.999999999e+02
3379 0 +2.067531568e-08 -1.000000000e+03 -1.000000000e+03
3400 0 +8.100187188e-10 -1.000000000e+03 -1.000000000e+03
117327 0 +9.094947018e-13 -1.000000000e+03 -1.000000000e+03
118648 0 +0.000000000e+00 -1.000000000e+03 -1.000000000e+03
200000 0 +0.000000000e+00 -1.000000000e+03 -1.000000000e+03
% f evaluations | g evaluations | best noise-free fitness - Fopt (9.862000000000e+01) + sum g_i+ | measured fitness | best measured fitness or single-digit g-values | x1 | x2...
1 0 +1.241988644e+05 +1.242974844e+05 +1.242974844e+05
6 0 +1.116552298e+05 +1.117538498e+05 +1.117538498e+05
9 0 +8.716795190e+04 +8.726657190e+04 +8.726657190e+04
16 0 +5.826495580e+04 +5.836357580e+04 +5.836357580e+04
21 0 +5.281212221e+04 +5.291074221e+04 +5.291074221e+04
27 0 +4.994216251e+04 +5.004078251e+04 +5.004078251e+04
37 0 +4.025857893e+04 +4.035719893e+04 +4.035719893e+04
44 0 +2.928473989e+04 +2.938335989e+04 +2.938335989e+04
59 0 +1.907905779e+04 +1.917767779e+04 +1.917767779e+04
63 0 +1.481552191e+04 +1.491414191e+04 +1.491414191e+04
98 0 +1.382869460e+04 +1.392731460e+04 +1.392731460e+04
99 0 +8.249806608e+03 +8.348426608e+03 +8.348426608e+03
117 0 +7.527311767e+03 +7.625931767e+03 +7.625931767e+03
132 0 +6.201641038e+03 +6.300261038e+03 +6.300261038e+03
141 0 +3.252173686e+03 +3.350793686e+03 +3.350793686e+03
211 0 +2.974246982e+03 +3.072866982e+03 +3.072866982e+03
218 0 +2.662095439e+03 +2.760715439e+03 +2.760715439e+03
244 0 +2.328225608e+03 +2.426845608e+03 +2.426845608e+03
253 0 +2.165395928e+03 +2.264015928e+03 +2.264015928e+03
265 0 +1.344951830e+03 +1.443571830e+03 +1.443571830e+03
290 0 +1.021270477e+03 +1.119890477e+03 +1.119890477e+03
322 0 +9.010780759e+02 +9.996980759e+02 +9.996980759e+02
336 0 +7.928806035e+02 +8.915006035e+02 +8.915006035e+02
353 0 +5.845946115e+02 +6.832146115e+02 +6.832146115e+02
406 0 +4.788252581e+02 +5.774452581e+02 +5.774452581e+02
502 0 +1.026216222e+02 +2.012416222e+02 +2.012416222e+02
544 0 +8.143338983e+01 +1.800533898e+02 +1.800533898e+02
565 0 +6.649106930e+01 +1.651110693e+02 +1.651110693e+02
607 0 +5.977350777e+01 +1.583935078e+02 +1.583935078e+02
670 0 +5.320549162e+01 +1.518254916e+02 +1.518254916e+02
691 0 +4.673361006e+01 +1.453536101e+02 +1.453536101e+02
712 0 +3.749816889e+01 +1.361181689e+02 +1.361181689e+02
754 0 +3.430738436e+01 +1.329273844e+02 +1.329273844e+02
775 0 +3.082755988e+01 +1.294475599e+02 +1.294475599e+02
796 0 +2.541561532e+01 +1.240356153e+02 +1.240356153e+02
838 0 +2.307241114e+01 +1.216924111e+02 +1.216924111e+02
880 0 +2.220103555e+01 +1.208210356e+02 +1.208210356e+02
922 0 +1.988816467e+01 +1.185081647e+02 +1.185081647e+02
985 0 +1.767977029e+01 +1.162997703e+02 +1.162997703e+02
1195 0 +1.575068927e+01 +1.143706893e+02 +1.143706893e+02
1363 0 +1.400892259e+01 +1.126289226e+02 +1.126289226e+02
1510 0 +1.236824225e+01 +1.109882423e+02 +1.109882423e+02
1615 0 +1.096938104e+01 +1.095893810e+02 +1.095893810e+02
1678 0 +9.926901682e+00 +1.085469017e+02 +1.085469017e+02
1804 0 +8.513768166e+00 +1.071337682e+02 +1.071337682e+02
1888 0 +7.779926816e+00 +1.063999268e+02 +1.063999268e+02
2014 0 +6.841268079e+00 +1.054612681e+02 +1.054612681e+02
2056 0 +6.036012693e+00 +1.046560127e+02 +1.046560127e+02
2140 0 +5.343104699e+00 +1.039631047e+02 +1.039631047e+02
2161 0 +4.913571619e+00 +1.035335716e+02 +1.035335716e+02
2203 0 +4.434262539e+00 +1.030542625e+02 +1.030542625e+02
2245 0 +3.760267655e+00 +1.023802677e+02 +1.023802677e+02
2266 0 +3.365420468e+00 +1.019854205e+02 +1.019854205e+02
2287 0 +3.088639523e+00 +1.017086395e+02 +1.017086395e+02
2329 0 +2.567552875e+00 +1.011875529e+02 +1.011875529e+02
2350 0 +2.248004629e+00 +1.008680046e+02 +1.008680046e+02
2371 0 +1.968246446e+00 +1.005882464e+02 +1.005882464e+02
2392 0 +1.656425334e+00 +1.002764253e+02 +1.002764253e+02
2413 0 +1.395197474e+00 +1.000151975e+02 +1.000151975e+02
2434 0 +1.068760143e+00 +9.968876014e+01 +9.968876014e+01
2455 0 +9.522353615e-01 +9.957223536e+01 +9.957223536e+01
2476 0 +7.780470134e-01 +9.939804701e+01 +9.939804701e+01
2497 0 +6.374924014e-01 +9.925749240e+01 +9.925749240e+01
2518 0 +5.355493325e-01 +9.915554933e+01 +9.915554933e+01
2539 0 +3.877876539e-01 +9.900778765e+01 +9.900778765e+01
2581 0 +3.016729908e-01 +9.892167299e+01 +9.892167299e+01
2602 0 +2.159628366e-01 +9.883596284e+01 +9.883596284e+01
2623 0 +1.522127671e-01 +9.877221277e+01 +9.877221277e+01
2665 0 +1.133183639e-01 +9.873331836e+01 +9.873331836e+01
2686 0 +6.308219608e-02 +9.868308220e+01 +9.868308220e+01
2707 0 +3.382206157e-02 +9.865382206e+01 +9.865382206e+01
2749 0 +2.288517989e-02 +9.864288518e+01 +9.864288518e+01
2770 0 +9.196407436e-03 +9.862919641e+01 +9.862919641e+01
2791 0 +3.035568590e-03 +9.862303557e+01 +9.862303557e+01
2812 0 +6.640198494e-04 +9.862066402e+01 +9.862066402e+01
2854 0 +2.340857181e-04 +9.862023409e+01 +9.862023409e+01
2875 0 +8.782499502e-05 +9.862008782e+01 +9.862008782e+01
2896 0 +3.775127325e-06 +9.862000378e+01 +9.862000378e+01
2917 0 +8.291405607e-07 +9.862000083e+01 +9.862000083e+01
2938 0 +2.652258502e-08 +9.862000003e+01 +9.862000003e+01
2959 0 +6.455934454e-09 +9.862000001e+01 +9.862000001e+01
112875 0 +8.952838471e-13 +9.862000000e+01 +9.862000000e+01
200121 0 +1.421085472e-14 +9.862000000e+01 +9.862000000e+01
% f evaluations | g evaluations | best noise-free fitness - Fopt (-4.715000000000e+01) + sum g_i+ | measured fitness | best measured fitness or single-digit g-values | x1 | x2...
1 0 +1.243352052e+05 +1.242880552e+05 +1.242880552e+05
2 0 +9.727680984e+04 +9.722965984e+04 +9.722965984e+04
6 0 +6.551775573e+04 +6.547060573e+04 +6.547060573e+04
27 0 +5.728155897e+04 +5.723440897e+04 +5.723440897e+04
31 0 +5.017660110e+04 +5.012945110e+04 +5.012945110e+04
37 0 +3.504582612e+04 +3.499867612e+04 +3.499867612e+04
62 0 +2.635864921e+04 +2.631149921e+04 +2.631149921e+04
63 0 +1.964977299e+04 +1.960262299e+04 +1.960262299e+04
80 0 +1.701205992e+04 +1.696490992e+04 +1.696490992e+04
89 0 +1.259979025e+04 +1.255264025e+04 +1.255264025e+04
93 0 +8.829672051e+03 +8.782522051e+03 +8.782522051e+03
118 0 +4.019014253e+03 +3.971864253e+03 +3.971864253e+03
128 0 +2.416617300e+03 +2.369467300e+03 +2.369467300e+03
194 0 +1.771048451e+03 +1.723898451e+03 +1.723898451e+03
282 0 +1.404403749e+03 +1.357253749e+03 +1.357253749e+03
298 0 +8.411223954e+02 +7.939723954e+02 +7.939723954e+02
370 0 +7.563462214e+02 +7.091962214e+02 +7.091962214e+02
435 0 +6.132148231e+02 +5.660648231e+02 +5.660648231e+02
478 0 +3.913256701e+02 +3.441756701e+02 +3.441756701e+02
481 0 +3.360144892e+02 +2.888644892e+02 +2.888644892e+02
523 0 +2.691023350e+02 +2.219523350e+02 +2.219523350e+02
544 0 +1.916033876e+02 +1.444533876e+02 +1.444533876e+02
586 0 +1.703445047e+02 +1.231945047e+02 +1.231945047e+02
607 0 +1.484594333e+02 +1.013094333e+02 +1.013094333e+02
649 0 +1.409978036e+02 +9.384780357e+01 +9.384780357e+01
775 0 +1.222562818e+02 +7.510628178e+01 +7.510628178e+01
922 0 +1.119342808e+02 +6.478428084e+01 +6.478428084e+01
1027 0 +9.422588308e+01 +4.707588308e+01 +4.707588308e+01
1069 0 +8.727142872e+01 +4.012142872e+01 +4.012142872e+01
1153 0 +7.676741148e+01 +2.961741148e+01 +2.961741148e+01
1174 0 +7.066741925e+01 +2.351741925e+01 +2.351741925e+01
1195 0 +6.041760337e+01 +1.326760337e+01 +1.326760337e+01
1216 0 +4.368527741e+01 -3.464722588e+00 -3.464722588e+00
1237 0 +2.661168435e+01 -2.053831565e+01 -2.053831565e+01
1279 0 +2.504505073e+01 -2.210494927e+01 -2.210494927e+01
1300 0 +2.234074329e+01 -2.480925671e+01 -2.480925671e+01
1321 0 +1.819512044e+01 -2.895487956e+01 -2.895487956e+01
1342 0 +1.486125379e+01 -3.228874621e+01 -3.228874621e+01
1384 0 +1.405557714e+01 -3.309442286e+01 -3.309442286e+01
1573 0 +1.255163843e+01 -3.459836157e+01 -3.459836157e+01
1720 0 +1.091966067e+01 -3.623033933e+01 -3.623033933e+01
1825 0 +9.996421075e+00 -3.715357892e+01 -3.715357892e+01
1909 0 +8.699661682e+00 -3.845033832e+01 -3.845033832e+01
2014 0 +7.849210274e+00 -3.930078973e+01 -3.930078973e+01
2077 0 +6.922439567e+00 -4.022756043e+01 -4.022756043e+01
2161 0 +5.958311724e+00 -4.119168828e+01 -4.119168828e+01
2224 0 +5.462514361e+00 -4.168748564e+01 -4.168748564e+01
2287 0 +4.980390477e+00 -4.216960952e+01 -4.216960952e+01
2350 0 +4.337189385e+00 -4.281281062e+01 -4.281281062e+01
2392 0 +3.880315454e+00 -4.326968455e+01 -4.326968455e+01
2434 0 +3.333463987e+00 -4.381653601e+01 -4.381653601e+01
2455 0 +2.875693454e+00 -4.427430655e+01 -4.427430655e+01
2476 0 +2.791862976e+00 -4.435813702e+01 -4.435813702e+01
2518 0 +2.314692466e+00 -4.483530753e+01 -4.483530753e+01
2560 0 +2.135531383e+00 -4.501446862e+01 -4.501446862e+01
2581 0 +1.883294042e+00 -4.526670596e+01 -4.526670596e+01
2602 0 +1.565324552e+00 -4.558467545e+01 -4.558467545e+01
2623 0 +1.169824376e+00 -4.598017562e+01 -4.598017562e+01
2665 0 +1.033215120e+00 -4.611678488e+01 -4.611678488e+01
2686 0 +8.317116076e-01 -4.631828839e+01 -4.631828839e+01
2707 0 +6.196585381e-01 -4.653034146e+01 -4.653034146e+01
2728 0 +4.572160086e-01 -4.669278399e+01 -4.669278399e+01
2770 0 +3.557115798e-01 -4.679428842e+01 -4.679428842e+01
2791 0 +3.010326770e-01 -4.684896732e+01 -4.684896732e+01
2812 0 +2.270539522e-01 -4.692294605e+01 -4.692294605e+01
2833 0 +1.771990067e-01 -4.697280099e+01 -4.697280099e+01
2854 0 +1.116482639e-01 -4.703835174e+01 -4.703835174e+01
2875 0 +9.191968561e-02 -4.705808031e+01 -4.705808031e+01
2896 0 +7.414903394e-02 -4.707585097e+01 -4.707585097e+01
2917 0 +5.433584443e-02 -4.709566416e+01 -4.709566416e+01
2938 0 +2.840390268e-02 -4.712159610e+01 -4.712159610e+01
2959 0 +1.138872570e-02 -4.713861127e+01 -4.713861127e+01
2980 0 +5.187356222e-03 -4.714481264e+01 -4.714481264e+01
3001 0 +1.412499269e-03 -4.714858750e+01 -4.714858750e+01
3022 0 +3.192091103e-04 -4.714968079e+01 -4.714968079e+01
3043 0 +4.192146636e-05 -4.714995808e+01 -4.714995808e+01
3064 0 +3.841545400e-06 -4.714999616e+01 -4.714999616e+01
3085 0 +3.613895956e-07 -4.714999964e+01 -4.714999964e+01
3106 0 +5.299725814e-08 -4.714999995e+01 -4.714999995e+01
3127 0 +3.446729124e-09 -4.715000000e+01 -4.715000000e+01
76904 0 +5.329070518e-13 -4.715000000e+01 -4.715000000e+01
82402 0 +0.000000000e+00 -4.715000000e+01 -4.715000000e+01
200599 0 +0.000000000e+00 -4.715000000e+01 -4.715000000e+01
% f evaluations | g evaluations | best noise-free fitness - Fopt (3.752000000000e+01) + sum g_i+ | measured fitness | best measured fitness or single-digit g-values | x1 | x2...
1 0 +5.466234801e+04 +5.469986801e+04 +5.469986801e+04
9 0 +5.297538955e+04 +5.301290955e+04 +5.301290955e+04
14 0 +4.356084006e+04 +4.359836006e+04 +4.359836006e+04
16 0 +3.920558077e+04 +3.924310077e+04 +3.924310077e+04
17 0 +2.038245161e+04 +2.041997161e+04 +2.041997161e+04
30 0 +1.568155069e+04 +1.571907069e+04 +1.571907069e+04
53 0 +1.123644169e+04 +1.127396169e+04 +1.127396169e+04
67 0 +6.001744640e+03 +6.039264640e+03 +6.039264640e+03
122 0 +3.617803371e+03 +3.655323371e+03 +3.655323371e+03
172 0 +2.816695702e+03 +2.854215702e+03 +2.854215702e+03
199 0 +1.108837722e+03 +1.146357722e+03 +1.146357722e+03
211 0 +7.176444583e+02 +7.551644583e+02 +7.551644583e+02
342 0 +5.783505403e+02 +6.158705403e+02 +6.158705403e+02
361 0 +4.850978097e+02 +5.226178097e+02 +5.226178097e+02
384 0 +3.512719621e+02 +3.887919621e+02 +3.887919621e+02
443 0 +3.150524990e+02 +3.525724990e+02 +3.525724990e+02
459 0 +1.957767527e+02 +2.332967527e+02 +2.332967527e+02
481 0 +9.034684304e+01 +1.278668430e+02 +1.278668430e+02
502 0 +4.184628853e+01 +7.936628853e+01 +7.936628853e+01
544 0 +3.103034657e+01 +6.855034657e+01 +6.855034657e+01
628 0 +2.697043374e+01 +6.449043374e+01 +6.449043374e+01
649 0 +2.373714397e+01 +6.125714397e+01 +6.125714397e+01
712 0 +2.225807344e+01 +5.977807344e+01 +5.977807344e+01
817 0 +1.987942230e+01 +5.739942230e+01 +5.739942230e+01
1195 0 +1.772759103e+01 +5.524759103e+01 +5.524759103e+01
1468 0 +1.556233550e+01 +5.308233550e+01 +5.308233550e+01
1615 0 +1.397940523e+01 +5.149940523e+01 +5.149940523e+01
1720 0 +1.256638369e+01 +5.008638369e+01 +5.008638369e+01
1825 0 +1.107078000e+01 +4.859078000e+01 +4.859078000e+01
1909 0 +9.878980816e+00 +4.739898082e+01 +4.739898082e+01
1993 0 +8.857176453e+00 +4.637717645e+01 +4.637717645e+01
2098 0 +7.747953636e+00 +4.526795364e+01 +4.526795364e+01
2161 0 +7.025982388e+00 +4.454598239e+01 +4.454598239e+01
2224 0 +6.293083907e+00 +4.381308391e+01 +4.381308391e+01
2287 0 +5.459696293e+00 +4.297969629e+01 +4.297969629e+01
2329 0 +4.802535874e+00 +4.232253587e+01 +4.232253587e+01
2350 0 +4.444400036e+00 +4.196440004e+01 +4.196440004e+01
2413 0 +3.913697884e+00 +4.143369788e+01 +4.143369788e+01
2434 0 +3.538724552e+00 +4.105872455e+01 +4.105872455e+01
2497 0 +3.038277456e+00 +4.055827746e+01 +4.055827746e+01
2518 0 +2.619339729e+00 +4.013933973e+01 +4.013933973e+01
2539 0 +2.232180287e+00 +3.975218029e+01 +3.975218029e+01
2602 0 +1.804058042e+00 +3.932405804e+01 +3.932405804e+01
2623 0 +1.435769863e+00 +3.895576986e+01 +3.895576986e+01
2644 0 +1.208891999e+00 +3.872889200e+01 +3.872889200e+01
2665 0 +1.062169122e+00 +3.858216912e+01 +3.858216912e+01
2686 0 +8.741192494e-01 +3.839411925e+01 +3.839411925e+01
2707 0 +6.831659541e-01 +3.820316595e+01 +3.820316595e+01
2728 0 +4.913847344e-01 +3.801138473e+01 +3.801138473e+01
2770 0 +3.956494654e-01 +3.791564947e+01 +3.791564947e+01
2791 0 +3.071559297e-01 +3.782715593e+01 +3.782715593e+01
2812 0 +2.182629850e-01 +3.773826299e+01 +3.773826299e+01
2833 0 +1.486852638e-01 +3.766868526e+01 +3.766868526e+01
2854 0 +1.029937866e-01 +3.762299379e+01 +3.762299379e+01
2875 0 +7.418235635e-02 +3.759418236e+01 +3.759418236e+01
2896 0 +5.410795030e-02 +3.757410795e+01 +3.757410795e+01
2917 0 +2.646815869e-02 +3.754646816e+01 +3.754646816e+01
2938 0 +1.711867475e-02 +3.753711867e+01 +3.753711867e+01
2959 0 +9.870040464e-03 +3.752987004e+01 +3.752987004e+01
2980 0 +4.121680290e-03 +3.752412168e+01 +3.752412168e+01
3001 0 +1.347804773e-03 +3.752134780e+01 +3.752134780e+01
3022 0 +3.317415984e-04 +3.752033174e+01 +3.752033174e+01
3043 0 +6.423666335e-05 +3.752006424e+01 +3.752006424e+01
3064 0 +2.471001864e-06 +3.752000247e+01 +3.752000247e+01
3085 0 +8.015493904e-07 +3.752000080e+01 +3.752000080e+01
3106 0 +3.876537136e-08 +3.752000004e+01 +3.752000004e+01
3127 0 +1.012186601e-08 +3.752000001e+01 +3.752000001e+01
3148 0 +7.306724115e-10 +3.752000000e+01 +3.752000000e+01
124069 0 +9.805489753e-13 +3.752000000e+01 +3.752000000e+01
127485 0 +0.000000000e+00 +3.752000000e+01 +3.752000000e+01
200115 0 +0.000000000e+00 +3.752000000e+01 +3.752000000e+01
% f evaluations | g evaluations | best noise-free fitness - Fopt (6.740000000000e+00) + sum g_i+ | measured fitness | best measured fitness or single-digit g-values | x1 | x2...
1 0 +1.375133394e+05 +1.375200794e+05 +1.375200794e+05
2 0 +7.226782861e+04 +7.227456861e+04 +7.227456861e+04
9 0 +6.587119652e+04 +6.587793652e+04 +6.587793652e+04
13 0 +4.037940547e+04 +4.038614547e+04 +4.038614547e+04
54 0 +3.046986585e+04 +3.047660585e+04 +3.047660585e+04
75 0 +1.631275499e+04 +1.631949499e+04 +1.631949499e+04
119 0 +1.466859729e+04 +1.467533729e+04 +1.467533729e+04
125 0 +1.376368061e+04 +1.377042061e+04 +1.377042061e+04
141 0 +6.845251336e+03 +6.851991336e+03 +6.851991336e+03
190 0 +5.966645177e+03 +5.973385177e+03 +5.973385177e+03
230 0 +2.228570925e+03 +2.235310925e+03 +2.235310925e+03
265 0 +1.474993910e+03 +1.481733910e+03 +1.481733910e+03
315 0 +1.187458638e+03 +1.194198638e+03 +1.194198638e+03
381 0 +9.070159929e+02 +9.137559929e+02 +9.137559929e+02
402 0 +5.467832911e+02 +5.535232911e+02 +5.535232911e+02
481 0 +4.667461500e+02 +4.734861500e+02 +4.734861500e+02
502 0 +1.991263046e+02 +2.058663046e+02 +2.058663046e+02
544 0 +1.205856831e+02 +1.273256831e+02 +1.273256831e+02
586 0 +8.561436901e+01 +9.235436901e+01 +9.235436901e+01
628 0 +7.299916061e+01 +7.973916061e+01 +7.973916061e+01
649 0 +6.187252565e+01 +6.861252565e+01 +6.861252565e+01
670 0 +4.778047480e+01 +5.452047480e+01 +5.452047480e+01
712 0 +4.368657142e+01 +5.042657142e+01 +5.042657142e+01
775 0 +3.729728284e+01 +4.403728284e+01 +4.403728284e+01
796 0 +3.145268968e+01 +3.819268968e+01 +3.819268968e+01
901 0 +2.660894051e+01 +3.334894051e+01 +3.334894051e+01
922 0 +2.286338518e+01 +2.960338518e+01 +2.960338518e+01
964 0 +2.207223120e+01 +2.881223120e+01 +2.881223120e+01
1006 0 +1.898887143e+01 +2.572887143e+01 +2.572887143e+01
1111 0 +1.772008423e+01 +2.446008423e+01 +2.446008423e+01
1342 0 +1.575347068e+01 +2.249347068e+01 +2.249347068e+01
1552 0 +1.407973923e+01 +2.081973923e+01 +2.081973923e+01
1657 0 +1.248891091e+01 +1.922891091e+01 +1.922891091e+01
1783 0 +1.101875897e+01 +1.775875897e+01 +1.775875897e+01
1888 0 +9.790236211e+00 +1.653023621e+01 +1.653023621e+01
1972 0 +8.731802719e+00 +1.547180272e+01 +1.547180272e+01
2035 0 +7.823984977e+00 +1.456398498e+01 +1.456398498e+01
2119 0 +6.831976806e+00 +1.357197681e+01 +1.357197681e+01
2182 0 +6.232226673e+00 +1.297222667e+01 +1.297222667e+01
2224 0 +5.614433082e+00 +1.235443308e+01 +1.235443308e+01
2287 0 +4.705360774e+00 +1.144536077e+01 +1.144536077e+01
2308 0 +4.370759274e+00 +1.111075927e+01 +1.111075927e+01
2329 0 +3.931175918e+00 +1.067117592e+01 +1.067117592e+01
2392 0 +3.406124745e+00 +1.014612475e+01 +1.014612475e+01
2413 0 +3.102464382e+00 +9.842464382e+00 +9.842464382e+00
2434 0 +2.707856542e+00 +9.447856542e+00 +9.447856542e+00
2455 0 +2.435016490e+00 +9.175016490e+00 +9.175016490e+00
2476 0 +2.071796142e+00 +8.811796142e+00 +8.811796142e+00
2497 0 +1.657761874e+00 +8.397761874e+00 +8.397761874e+00
2518 0 +1.471760037e+00 +8.211760037e+00 +8.211760037e+00
2539 0 +1.345062136e+00 +8.085062136e+00 +8.085062136e+00
2560 0 +1.172227676e+00 +7.912227676e+00 +7.912227676e+00
2581 0 +9.126255288e-01 +7.652625529e+00 +7.652625529e+00
2602 0 +7.184861681e-01 +7.458486168e+00 +7.458486168e+00
2623 0 +6.334280451e-01 +7.373428045e+00 +7.373428045e+00
2644 0 +5.563712850e-01 +7.296371285e+00 +7.296371285e+00
2665 0 +4.641386226e-01 +7.204138623e+00 +7.204138623e+00
2686 0 +3.500408326e-01 +7.090040833e+00 +7.090040833e+00
2707 0 +2.614400040e-01 +7.001440004e+00 +7.001440004e+00
2728 0 +1.837473380e-01 +6.923747338e+00 +6.923747338e+00
2749 0 +1.314416208e-01 +6.871441621e+00 +6.871441621e+00
2770 0 +8.950251462e-02 +6.829502515e+00 +6.829502515e+00
2791 0 +7.270574995e-02 +6.812705750e+00 +6.812705750e+00
2812 0 +5.004633177e-02 +6.790046332e+00 +6.790046332e+00
2833 0 +2.834929340e-02 +6.768349293e+00 +6.768349293e+00
2854 0 +1.026600082e-02 +6.750266001e+00 +6.750266001e+00
2875 0 +6.157908372e-03 +6.746157908e+00 +6.746157908e+00
2896 0 +1.849055462e-03 +6.741849055e+00 +6.741849055e+00
2917 0 +5.639382364e-04 +6.740563938e+00 +6.740563938e+00
2938 0 +5.969206376e-05 +6.740059692e+00 +6.740059692e+00
2959 0 +3.413237599e-06 +6.740003413e+00 +6.740003413e+00
2980 0 +3.678923273e-07 +6.740000368e+00 +6.740000368e+00
3001 0 +1.519074289e-08 +6.740000015e+00 +6.740000015e+00
3022 0 +3.837897999e-09 +6.740000004e+00 +6.740000004e+00
112812 0 +9.663381206e-13 +6.740000000e+00 +6.740000000e+00
200011 0 +8.881784197e-16 +6.740000000e+00 +6.740000000e+00
% f evaluations | g evaluations | best noise-free fitness - Fopt (-1.897900000000e+02) + sum g_i+ | measured fitness | best measured fitness or single-digit g-values | x1 | x2...
1 0 +4.997075162e+04 +4.978096162e+04 +4.978096162e+04
9 0 +3.103059328e+04 +3.084080328e+04 +3.084080328e+04
13 0 +1.508022852e+04 +1.489043852e+04 +1.489043852e+04
43 0 +1.198167065e+04 +1.179188065e+04 +1.179188065e+04
49 0 +7.426290949e+03 +7.236500949e+03 +7.236500949e+03
66 0 +5.488023378e+03 +5.298233378e+03 +5.298233378e+03
75 0 +4.149331920e+03 +3.959541920e+03 +3.959541920e+03
107 0 +2.965990308e+03 +2.776200308e+03 +2.776200308e+03
125 0 +1.921121322e+03 +1.731331322e+03 +1.731331322e+03
141 0 +1.575246753e+03 +1.385456753e+03 +1.385456753e+03
169 0 +1.262508649e+03 +1.072718649e+03 +1.072718649e+03
171 0 +8.614052509e+02 +6.716152509e+02 +6.716152509e+02
198 0 +7.467192421e+02 +5.569292421e+02 +5.569292421e+02
316 0 +6.535855306e+02 +4.637955306e+02 +4.637955306e+02
342 0 +4.901541680e+02 +3.003641680e+02 +3.003641680e+02
407 0 +2.532793837e+02 +6.348938374e+01 +6.348938374e+01
416 0 +2.325798614e+02 +4.278986143e+01 +4.278986143e+01
442 0 +2.103329398e+02 +2.054293979e+01 +2.054293979e+01
465 0 +1.678327764e+02 -2.195722359e+01 -2.195722359e+01
466 0 +1.208545931e+02 -6.893540694e+01 -6.893540694e+01
481 0 +8.687939809e+01 -1.029106019e+02 -1.029106019e+02
523 0 +4.707202586e+01 -1.427179741e+02 -1.427179741e+02
565 0 +2.880807426e+01 -1.609819257e+02 -1.609819257e+02
607 0 +2.180516874e+01 -1.679848313e+02 -1.679848313e+02
649 0 +1.957341005e+01 -1.702165899e+02 -1.702165899e+02
1069 0 +1.760377667e+01 -1.721862233e+02 -1.721862233e+02
1405 0 +1.574811322e+01 -1.740418868e+02 -1.740418868e+02
1552 0 +1.403679330e+01 -1.757532067e+02 -1.757532067e+02
1657 0 +1.244516206e+01 -1.773448379e+02 -1.773448379e+02
1762 0 +1.114810437e+01 -1.786418956e+02 -1.786418956e+02
1888 0 +9.846642930e+00 -1.799433571e+02 -1.799433571e+02
1993 0 +8.695777245e+00 -1.810942228e+02 -1.810942228e+02
2077 0 +7.754936100e+00 -1.820350639e+02 -1.820350639e+02
2119 0 +7.000413780e+00 -1.827895862e+02 -1.827895862e+02
2203 0 +6.213322163e+00 -1.835766778e+02 -1.835766778e+02
2245 0 +5.469305303e+00 -1.843206947e+02 -1.843206947e+02
2308 0 +4.984859407e+00 -1.848051406e+02 -1.848051406e+02
2413 0 +4.334546359e+00 -1.854554536e+02 -1.854554536e+02
200003 0 +3.986623854e+00 -1.858033761e+02 -1.858033761e+02
% f evaluations | g evaluations | best noise-free fitness - Fopt (-2.774000000000e+01) + sum g_i+ | measured fitness | best measured fitness or single-digit g-values | x1 | x2...
1 0 +6.266612347e+04 +6.263838347e+04 +6.263838347e+04
7 0 +5.833730912e+04 +5.830956912e+04 +5.830956912e+04
13 0 +4.577989241e+04 +4.575215241e+04 +4.575215241e+04
22 0 +3.653604695e+04 +3.650830695e+04 +3.650830695e+04
28 0 +3.278822064e+04 +3.276048064e+04 +3.276048064e+04
33 0 +2.504595264e+04 +2.501821264e+04 +2.501821264e+04
38 0 +1.919641231e+04 +1.916867231e+04 +1.916867231e+04
54 0 +1.715825684e+04 +1.713051684e+04 +1.713051684e+04
58 0 +8.814208054e+03 +8.786468054e+03 +8.786468054e+03
107 0 +7.714929825e+03 +7.687189825e+03 +7.687189825e+03
113 0 +5.521457105e+03 +5.493717105e+03 +5.493717105e+03
122 0 +4.144217337e+03 +4.116477337e+03 +4.116477337e+03
140 0 +3.527334589e+03 +3.499594589e+03 +3.499594589e+03
146 0 +2.757178704e+03 +2.729438704e+03 +2.729438704e+03
157 0 +2.158347034e+03 +2.130607034e+03 +2.130607034e+03
161 0 +1.383558759e+03 +1.355818759e+03 +1.355818759e+03
211 0 +9.128613765e+02 +8.851213765e+02 +8.851213765e+02
234 0 +8.705340528e+02 +8.427940528e+02 +8.427940528e+02
260 0 +7.208501657e+02 +6.931101657e+02 +6.931101657e+02
270 0 +4.520974393e+02 +4.243574393e+02 +4.243574393e+02
365 0 +2.654248209e+02 +2.376848209e+02 +2.376848209e+02
461 0 +2.149477227e+02 +1.872077227e+02 +1.872077227e+02
481 0 +1.786054223e+02 +1.508654223e+02 +1.508654223e+02
502 0 +1.217435962e+02 +9.400359621e+01 +9.400359621e+01
523 0 +1.078038023e+02 +8.006380228e+01 +8.006380228e+01
544 0 +8.493273086e+01 +5.719273086e+01 +5.719273086e+01
565 0 +7.504858176e+01 +4.730858176e+01 +4.730858176e+01
586 0 +6.885156174e+01 +4.111156174e+01 +4.111156174e+01
628 0 +6.194594467e+01 +3.420594467e+01 +3.420594467e+01
691 0 +5.202807604e+01 +2.428807604e+01 +2.428807604e+01
712 0 +4.570654808e+01 +1.796654808e+01 +1.796654808e+01
733 0 +3.595983412e+01 +8.219834124e+00 +8.219834124e+00
754 0 +2.756919104e+01 -1.708089594e-01 -1.708089594e-01
817 0 +2.508113689e+01 -2.658863115e+00 -2.658863115e+00
859 0 +2.186983456e+01 -5.870165444e+00 -5.870165444e+00
880 0 +1.992760666e+01 -7.812393339e+00 -7.812393339e+00
901 0 +1.696116976e+01 -1.077883024e+01 -1.077883024e+01
985 0 +1.576139719e+01 -1.197860281e+01 -1.197860281e+01
1342 0 +1.391255616e+01 -1.382744384e+01 -1.382744384e+01
1468 0 +1.231002612e+01 -1.542997388e+01 -1.542997388e+01
1615 0 +1.085070492e+01 -1.688929508e+01 -1.688929508e+01
1720 0 +9.695603418e+00 -1.804439658e+01 -1.804439658e+01
1804 0 +8.863408742e+00 -1.887659126e+01 -1.887659126e+01
1888 0 +7.890793916e+00 -1.984920608e+01 -1.984920608e+01
1993 0 +6.865763335e+00 -2.087423667e+01 -2.087423667e+01
2056 0 +6.287179644e+00 -2.145282036e+01 -2.145282036e+01
2098 0 +5.549338044e+00 -2.219066196e+01 -2.219066196e+01
2161 0 +5.004722556e+00 -2.273527744e+01 -2.273527744e+01
2203 0 +4.250203994e+00 -2.348979601e+01 -2.348979601e+01
2224 0 +3.961810008e+00 -2.377818999e+01 -2.377818999e+01
2266 0 +3.394453518e+00 -2.434554648e+01 -2.434554648e+01
2287 0 +2.985314870e+00 -2.475468513e+01 -2.475468513e+01
2350 0 +2.572744789e+00 -2.516725521e+01 -2.516725521e+01
2371 0 +2.199867849e+00 -2.554013215e+01 -2.554013215e+01
2392 0 +1.990535295e+00 -2.574946471e+01 -2.574946471e+01
2413 0 +1.695670433e+00 -2.604432957e+01 -2.604432957e+01
2434 0 +1.448421548e+00 -2.629157845e+01 -2.629157845e+01
2455 0 +1.237810597e+00 -2.650218940e+01 -2.650218940e+01
2476 0 +9.970722399e-01 -2.674292776e+01 -2.674292776e+01
2497 0 +8.182593608e-01 -2.692174064e+01 -2.692174064e+01
2539 0 +7.089378100e-01 -2.703106219e+01 -2.703106219e+01
2560 0 +5.573526452e-01 -2.718264735e+01 -2.718264735e+01
2581 0 +4.201158864e-01 -2.731988411e+01 -2.731988411e+01
2602 0 +3.452075713e-01 -2.739479243e+01 -2.739479243e+01
2623 0 +2.386818695e-01 -2.750131813e+01 -2.750131813e+01
2644 0 +1.644153779e-01 -2.757558462e+01 -2.757558462e+01
2665 0 +9.391746605e-02 -2.764608253e+01 -2.764608253e+01
2686 0 +6.550475394e-02 -2.767449525e+01 -2.767449525e+01
2707 0 +4.328348878e-02 -2.769671651e+01 -2.769671651e+01
2728 0 +2.110313157e-02 -2.771889687e+01 -2.771889687e+01
2749 0 +1.225905004e-02 -2.772774095e+01 -2.772774095e+01
2770 0 +6.706486212e-03 -2.773329351e+01 -2.773329351e+01
2791 0 +3.064973201e-03 -2.773693503e+01 -2.773693503e+01
2812 0 +1.150905704e-03 -2.773884909e+01 -2.773884909e+01
2833 0 +6.100313655e-04 -2.773938997e+01 -2.773938997e+01
2854 0 +5.687456225e-05 -2.773994313e+01 -2.773994313e+01
2875 0 +1.661745623e-05 -2.773998338e+01 -2.773998338e+01
2896 0 +1.448895475e-06 -2.773999855e+01 -2.773999855e+01
2917 0 +1.511630998e-07 -2.773999985e+01 -2.773999985e+01
2938 0 +4.920273966e-09 -2.774000000e+01 -2.774000000e+01
119170 0 +6.110667528e-13 -2.774000000e+01 -2.774000000e+01
200606 0 +3.552713679e-15 -2.774000000e+01 -2.774000000e+01
% f evaluations | g evaluations | best noise-free fitness - Fopt (6.930000000000e+00) + sum g_i+ | measured fitness | best measured fitness or single-digit g-values | x1 | x2...
1 0 +7.430191414e+04 +7.430884414e+04 +7.430884414e+04
2 0 +6.893092668e+04 +6.893785668e+04 +6.893785668e+04
6 0 +6.001027440e+04 +6.001720440e+04 +6.001720440e+04
9 0 +3.872366316e+04 +3.873059316e+04 +3.873059316e+04
27 0 +2.146162559e+04 +2.146855559e+04 +2.146855559e+04
57 0 +1.712125380e+04 +1.712818380e+04 +1.712818380e+04
71 0 +1.125563744e+04 +1.126256744e+04 +1.126256744e+04
75 0 +1.040178995e+04 +1.040871995e+04 +1.040871995e+04
86 0 +7.170137088e+03 +7.177067088e+03 +7.177067088e+03
98 0 +6.371898438e+03 +6.378828438e+03 +6.378828438e+03
125 0 +3.449625468e+03 +3.456555468e+03 +3.456555468e+03
138 0 +3.053372486e+03 +3.060302486e+03 +3.060302486e+03
146 0 +1.750734211e+03 +1.757664211e+03 +1.757664211e+03
148 0 +1.356251678e+03 +1.363181678e+03 +1.363181678e+03
235 0 +5.235723716e+02 +5.305023716e+02 +5.305023716e+02
298 0 +4.989804426e+02 +5.059104426e+02 +5.059104426e+02
326 0 +2.168177375e+02 +2.237477375e+02 +2.237477375e+02
452 0 +1.843844674e+02 +1.913144674e+02 +1.913144674e+02
463 0 +1.592984016e+02 +1.662284016e+02 +1.662284016e+02
466 0 +1.402540484e+02 +1.471840484e+02 +1.471840484e+02
481 0 +1.233494996e+02 +1.302794996e+02 +1.302794996e+02
502 0 +6.276885360e+01 +6.969885360e+01 +6.969885360e+01
544 0 +3.754030676e+01 +4.447030676e+01 +4.447030676e+01
586 0 +2.838093315e+01 +3.531093315e+01 +3.531093315e+01
628 0 +2.742186355e+01 +3.435186355e+01 +3.435186355e+01
691 0 +2.298346278e+01 +2.991346278e+01 +2.991346278e+01
712 0 +2.123153986e+01 +2.816153986e+01 +2.816153986e+01
817 0 +1.978868674e+01 +2.671868674e+01 +2.671868674e+01
1447 0 +1.750950108e+01 +2.443950108e+01 +2.443950108e+01
1615 0 +1.583157103e+01 +2.276157103e+01 +2.276157103e+01
1762 0 +1.381751196e+01 +2.074751196e+01 +2.074751196e+01
1846 0 +1.257585211e+01 +1.950585211e+01 +1.950585211e+01
1951 0 +1.111553253e+01 +1.804553253e+01 +1.804553253e+01
2056 0 +9.858394060e+00 +1.678839406e+01 +1.678839406e+01
2119 0 +8.850190620e+00 +1.578019062e+01 +1.578019062e+01
2224 0 +7.723131166e+00 +1.465313117e+01 +1.465313117e+01
2287 0 +6.943088576e+00 +1.387308858e+01 +1.387308858e+01
2329 0 +6.306629864e+00 +1.323662986e+01 +1.323662986e+01
2392 0 +5.390926937e+00 +1.232092694e+01 +1.232092694e+01
2434 0 +4.876681402e+00 +1.180668140e+01 +1.180668140e+01
2476 0 +4.272648805e+00 +1.120264881e+01 +1.120264881e+01
2497 0 +3.903190854e+00 +1.083319085e+01 +1.083319085e+01
2539 0 +3.412907044e+00 +1.034290704e+01 +1.034290704e+01
2560 0 +3.004036156e+00 +9.934036156e+00 +9.934036156e+00
2581 0 +2.564291007e+00 +9.494291007e+00 +9.494291007e+00
2623 0 +2.386824240e+00 +9.316824240e+00 +9.316824240e+00
2644 0 +2.108710295e+00 +9.038710295e+00 +9.038710295e+00
2665 0 +1.802102009e+00 +8.732102009e+00 +8.732102009e+00
2686 0 +1.526257434e+00 +8.456257434e+00 +8.456257434e+00
2707 0 +1.216725004e+00 +8.146725004e+00 +8.146725004e+00
2728 0 +1.119267712e+00 +8.049267712e+00 +8.049267712e+00
2749 0 +9.535861025e-01 +7.883586103e+00 +7.883586103e+00
2770 0 +7.278506976e-01 +7.657850698e+00 +7.657850698e+00
2791 0 +6.187165108e-01 +7.548716511e+00 +7.548716511e+00
2812 0 +5.134518024e-01 +7.443451802e+00 +7.443451802e+00
2833 0 +3.859592792e-01 +7.315959279e+00 +7.315959279e+00
2854 0 +3.194789900e-01 +7.249478990e+00 +7.249478990e+00
2875 0 +2.508616446e-01 +7.180861645e+00 +7.180861645e+00
2896 0 +1.990558837e-01 +7.129055884e+00 +7.129055884e+00
2917 0 +1.427308915e-01 +7.072730892e+00 +7.072730892e+00
2938 0 +1.142252396e-01 +7.044225240e+00 +7.044225240e+00
2959 0 +1.014008931e-01 +7.031400893e+00 +7.031400893e+00
2980 0 +6.386234335e-02 +6.993862343e+00 +6.993862343e+00
3001 0 +4.019928302e-02 +6.970199283e+00 +6.970199283e+00
3022 0 +1.801384427e-02 +6.948013844e+00 +6.948013844e+00
3064 0 +1.160949438e-02 +6.941609494e+00 +6.941609494e+00
3085 0 +5.405798027e-03 +6.935405798e+00 +6.935405798e+00
3106 0 +1.396279959e-03 +6.931396280e+00 +6.931396280e+00
3127 0 +3.678187275e-04 +6.930367819e+00 +6.930367819e+00
3148 0 +2.112271120e-04 +6.930211227e+00 +6.930211227e+00
3169 0 +2.765792064e-05 +6.930027658e+00 +6.930027658e+00
3190 0 +3.711764555e-06 +6.930003712e+00 +6.930003712e+00
3211 0 +3.664830057e-07 +6.930000366e+00 +6.930000366e+00
3232 0 +3.718021091e-08 +6.930000037e+00 +6.930000037e+00
3253 0 +2.215225336e-09 +6.930000002e+00 +6.930000002e+00
140086 0 +9.992007222e-13 +6.930000000e+00 +6.930000000e+00
143578 0 +0.000000000e+00 +6.930000000e+00 +6.930000000e+00
200003 0 +0.000000000e+00 +6.930000000e+00 +6.930000000e+00
% f evaluations | g evaluations | best noise-free fitness - Fopt (-4.456000000000e+01) + sum g_i+ | measured fitness | best measured fitness or single-digit g-values | x1 | x2...
1 0 +1.343118084e+05 +1.342672484e+05 +1.342672484e+05
2 0 +8.822831880e+04 +8.818375880e+04 +8.818375880e+04
7 0 +4.501801329e+04 +4.497345329e+04 +4.497345329e+04
27 0 +3.074149144e+04 +3.069693144e+04 +3.069693144e+04
40 0 +2.092017057e+04 +2.087561057e+04 +2.087561057e+04
47 0 +1.747364374e+04 +1.742908374e+04 +1.742908374e+04
49 0 +1.095533551e+04 +1.091077551e+04 +1.091077551e+04
74 0 +8.181466701e+03 +8.136906701e+03 +8.136906701e+03
92 0 +4.252853223e+03 +4.208293223e+03 +4.208293223e+03
115 0 +3.728668413e+03 +3.684108413e+03 +3.684108413e+03
126 0 +3.466701991e+03 +3.422141991e+03 +3.422141991e+03
140 0 +2.793244307e+03 +2.748684307e+03 +2.748684307e+03
162 0 +1.435082717e+03 +1.390522717e+03 +1.390522717e+03
192 0 +1.354101108e+03 +1.309541108e+03 +1.309541108e+03
243 0 +1.181057137e+03 +1.136497137e+03 +1.136497137e+03
298 0 +9.817808351e+02 +9.372208351e+02 +9.372208351e+02
302 0 +8.316974457e+02 +7.871374457e+02 +7.871374457e+02
331 0 +4.564307546e+02 +4.118707546e+02 +4.118707546e+02
351 0 +4.400327253e+02 +3.954727253e+02 +3.954727253e+02
357 0 +3.333963360e+02 +2.888363360e+02 +2.888363360e+02
425 0 +2.578820395e+02 +2.133220395e+02 +2.133220395e+02
479 0 +2.405323082e+02 +1.959723082e+02 +1.959723082e+02
481 0 +1.678558470e+02 +1.232958470e+02 +1.232958470e+02
502 0 +1.505624575e+02 +1.060024575e+02 +1.060024575e+02
523 0 +1.213055933e+02 +7.674559335e+01 +7.674559335e+01
565 0 +1.082425598e+02 +6.368255985e+01 +6.368255985e+01
607 0 +8.985210184e+01 +4.529210184e+01 +4.529210184e+01
628 0 +7.418099051e+01 +2.962099051e+01 +2.962099051e+01
649 0 +4.928078999e+01 +4.720789993e+00 +4.720789993e+00
712 0 +3.967080369e+01 -4.889196305e+00 -4.889196305e+00
733 0 +2.942577353e+01 -1.513422647e+01 -1.513422647e+01
775 0 +2.765741528e+01 -1.690258472e+01 -1.690258472e+01
796 0 +2.452434728e+01 -2.003565272e+01 -2.003565272e+01
817 0 +2.075503058e+01 -2.380496942e+01 -2.380496942e+01
880 0 +1.902820387e+01 -2.553179613e+01 -2.553179613e+01
964 0 +1.755184862e+01 -2.700815138e+01 -2.700815138e+01
1300 0 +1.577752843e+01 -2.878247157e+01 -2.878247157e+01
1468 0 +1.392609686e+01 -3.063390314e+01 -3.063390314e+01
1573 0 +1.253941355e+01 -3.202058645e+01 -3.202058645e+01
1720 0 +1.107050066e+01 -3.348949934e+01 -3.348949934e+01
1804 0 +9.779799775e+00 -3.478020023e+01 -3.478020023e+01
1909 0 +8.739990427e+00 -3.582000957e+01 -3.582000957e+01
1972 0 +7.692587410e+00 -3.686741259e+01 -3.686741259e+01
2014 0 +6.919533485e+00 -3.764046651e+01 -3.764046651e+01
2119 0 +6.034392567e+00 -3.852560743e+01 -3.852560743e+01
2140 0 +5.623316554e+00 -3.893668345e+01 -3.893668345e+01
2224 0 +4.957498723e+00 -3.960250128e+01 -3.960250128e+01
2287 0 +4.354428632e+00 -4.020557137e+01 -4.020557137e+01
2329 0 +3.680072743e+00 -4.087992726e+01 -4.087992726e+01
2350 0 +3.314769356e+00 -4.124523064e+01 -4.124523064e+01
2371 0 +3.117038682e+00 -4.144296132e+01 -4.144296132e+01
2413 0 +2.455077934e+00 -4.210492207e+01 -4.210492207e+01
2434 0 +2.051913136e+00 -4.250808686e+01 -4.250808686e+01
2455 0 +1.787582331e+00 -4.277241767e+01 -4.277241767e+01
2476 0 +1.431200197e+00 -4.312879980e+01 -4.312879980e+01
2497 0 +1.407618982e+00 -4.315238102e+01 -4.315238102e+01
2518 0 +1.244480533e+00 -4.331551947e+01 -4.331551947e+01
2539 0 +1.064516749e+00 -4.349548325e+01 -4.349548325e+01
2560 0 +8.349601400e-01 -4.372503986e+01 -4.372503986e+01
2581 0 +6.286911003e-01 -4.393130890e+01 -4.393130890e+01
2623 0 +5.110161107e-01 -4.404898389e+01 -4.404898389e+01
2644 0 +4.318292240e-01 -4.412817078e+01 -4.412817078e+01
2665 0 +3.563678174e-01 -4.420363218e+01 -4.420363218e+01
2686 0 +2.969468869e-01 -4.426305311e+01 -4.426305311e+01
2707 0 +2.072182583e-01 -4.435278174e+01 -4.435278174e+01
2728 0 +1.704985593e-01 -4.438950144e+01 -4.438950144e+01
2749 0 +1.147101083e-01 -4.444528989e+01 -4.444528989e+01
2770 0 +6.326044726e-02 -4.449673955e+01 -4.449673955e+01
2791 0 +3.553256294e-02 -4.452446744e+01 -4.452446744e+01
2812 0 +1.709210013e-02 -4.454290790e+01 -4.454290790e+01
2833 0 +1.077078541e-02 -4.454922921e+01 -4.454922921e+01
2854 0 +6.903669260e-03 -4.455309633e+01 -4.455309633e+01
2875 0 +2.308521418e-03 -4.455769148e+01 -4.455769148e+01
2896 0 +9.023610616e-04 -4.455909764e+01 -4.455909764e+01
2917 0 +1.285692468e-04 -4.455987143e+01 -4.455987143e+01
2938 0 +3.331811197e-05 -4.455996668e+01 -4.455996668e+01
2959 0 +1.831780480e-06 -4.455999817e+01 -4.455999817e+01
2980 0 +3.307521865e-07 -4.455999967e+01 -4.455999967e+01
3001 0 +4.707537471e-08 -4.455999995e+01 -4.455999995e+01
3022 0 +1.022195306e-08 -4.455999999e+01 -4.455999999e+01
3043 0 +1.626766277e-09 -4.456000000e+01 -4.456000000e+01
101694 0 +9.521272659e-13 -4.456000000e+01 -4.456000000e+01
105117 0 +0.000000000e+00 -4.456000000e+01 -4.456000000e+01
201148 0 +0.000000000e+00 -4.456000000e+01 -4.456000000e+01
% f evaluations | g evaluations | best noise-free fitness - Fopt (1.000000000000e+03) + sum g_i+ | measured fitness | best measured fitness or single-digit g-values | x1 | x2...
1 0 +1.590152792e+05 +1.600152792e+05 +1.600152792e+05
2 0 +7.889721824e+04 +7.989721824e+04 +7.989721824e+04
16 0 +5.165481574e+04 +5.265481574e+04 +5.265481574e+04
60 0 +2.914541165e+04 +3.014541165e+04 +3.014541165e+04
65 0 +2.752350812e+04 +2.852350812e+04 +2.852350812e+04
74 0 +2.268523289e+04 +2.368523289e+04 +2.368523289e+04
91 0 +1.376034809e+04 +1.476034809e+04 +1.476034809e+04
108 0 +1.049689145e+04 +1.149689145e+04 +1.149689145e+04
120 0 +7.159717985e+03 +8.159717985e+03 +8.159717985e+03
140 0 +3.597416964e+03 +4.597416964e+03 +4.597416964e+03
265 0 +3.535243181e+03 +4.535243181e+03 +4.535243181e+03
268 0 +2.917094927e+03 +3.917094927e+03 +3.917094927e+03
285 0 +2.599128917e+03 +3.599128917e+03 +3.599128917e+03
286 0 +2.432318643e+03 +3.432318643e+03 +3.432318643e+03
296 0 +1.599581329e+03 +2.599581329e+03 +2.599581329e+03
306 0 +7.994305917e+02 +1.799430592e+03 +1.799430592e+03
363 0 +7.916759795e+02 +1.791675979e+03 +1.791675979e+03
368 0 +7.044305193e+02 +1.704430519e+03 +1.704430519e+03
381 0 +5.842969018e+02 +1.584296902e+03 +1.584296902e+03
407 0 +5.259568438e+02 +1.525956844e+03 +1.525956844e+03
433 0 +4.337685872e+02 +1.433768587e+03 +1.433768587e+03
471 0 +3.785971577e+02 +1.378597158e+03 +1.378597158e+03
480 0 +3.049753585e+02 +1.304975359e+03 +1.304975359e+03
481 0 +1.563158100e+02 +1.156315810e+03 +1.156315810e+03
502 0 +5.308037455e+01 +1.053080375e+03 +1.053080375e+03
544 0 +2.663104985e+01 +1.026631050e+03 +1.026631050e+03
586 0 +2.208274461e+01 +1.022082745e+03 +1.022082745e+03
712 0 +1.963940872e+01 +1.019639409e+03 +1.019639409e+03
817 0 +1.747608999e+01 +1.017476090e+03 +1.017476090e+03
1300 0 +1.577785053e+01 +1.015777851e+03 +1.015777851e+03
1615 0 +1.389131634e+01 +1.013891316e+03 +1.013891316e+03
1720 0 +1.228243778e+01 +1.012282438e+03 +1.012282438e+03
1825 0 +1.105307869e+01 +1.011053079e+03 +1.011053079e+03
1972 0 +9.948111955e+00 +1.009948112e+03 +1.009948112e+03
2035 0 +8.847022569e+00 +1.008847023e+03 +1.008847023e+03
2119 0 +7.907569349e+00 +1.007907569e+03 +1.007907569e+03
2224 0 +6.993855181e+00 +1.006993855e+03 +1.006993855e+03
2308 0 +6.233577094e+00 +1.006233577e+03 +1.006233577e+03
2371 0 +5.271522407e+00 +1.005271522e+03 +1.005271522e+03
2434 0 +4.807632505e+00 +1.004807633e+03 +1.004807633e+03
2455 0 +4.436322750e+00 +1.004436323e+03 +1.004436323e+03
2518 0 +3.849282468e+00 +1.003849282e+03 +1.003849282e+03
2581 0 +3.368969107e+00 +1.003368969e+03 +1.003368969e+03
2602 0 +3.084803211e+00 +1.003084803e+03 +1.003084803e+03
2623 0 +2.718121322e+00 +1.002718121e+03 +1.002718121e+03
2644 0 +2.364814963e+00 +1.002364815e+03 +1.002364815e+03
2665 0 +2.039731393e+00 +1.002039731e+03 +1.002039731e+03
2707 0 +1.848003341e+00 +1.001848003e+03 +1.001848003e+03
2728 0 +1.552930154e+00 +1.001552930e+03 +1.001552930e+03
2749 0 +1.195560333e+00 +1.001195560e+03 +1.001195560e+03
2791 0 +1.059495893e+00 +1.001059496e+03 +1.001059496e+03
2812 0 +8.609069983e-01 +1.000860907e+03 +1.000860907e+03
2833 0 +6.051693714e-01 +1.000605169e+03 +1.000605169e+03
2854 0 +4.597804120e-01 +1.000459780e+03 +1.000459780e+03
2875 0 +3.185995871e-01 +1.000318600e+03 +1.000318600e+03
2896 0 +2.957523832e-01 +1.000295752e+03 +1.000295752e+03
2917 0 +2.553338995e-01 +1.000255334e+03 +1.000255334e+03
2938 0 +1.941762729e-01 +1.000194176e+03 +1.000194176e+03
2959 0 +1.440088339e-01 +1.000144009e+03 +1.000144009e+03
2980 0 +1.246228544e-01 +1.000124623e+03 +1.000124623e+03
3001 0 +9.539287250e-02 +1.000095393e+03 +1.000095393e+03
3022 0 +5.898769090e-02 +1.000058988e+03 +1.000058988e+03
3043 0 +4.551192260e-02 +1.000045512e+03 +1.000045512e+03
3064 0 +2.472108296e-02 +1.000024721e+03 +1.000024721e+03
3085 0 +1.051093529e-02 +1.000010511e+03 +1.000010511e+03
3106 0 +5.252308628e-03 +1.000005252e+03 +1.000005252e+03
3127 0 +2.770701526e-03 +1.000002771e+03 +1.000002771e+03
3148 0 +6.874404328e-04 +1.000000687e+03 +1.000000687e+03
3169 0 +2.328926410e-04 +1.000000233e+03 +1.000000233e+03
3190 0 +1.594130765e-05 +1.000000016e+03 +1.000000016e+03
3211 0 +6.204397323e-06 +1.000000006e+03 +1.000000006e+03
3232 0 +9.684216593e-07 +1.000000001e+03 +1.000000001e+03
3253 0 +1.417464546e-07 +1.000000000e+03 +1.000000000e+03
3274 0 +6.101117833e-09 +1.000000000e+03 +1.000000000e+03
91046 0 +9.094947018e-13 +1.000000000e+03 +1.000000000e+03
122528 0 +0.000000000e+00 +1.000000000e+03 +1.000000000e+03
200003 0 +0.000000000e+00 +1.000000000e+03 +1.000000000e+03
% f evaluations | g evaluations | best noise-free fitness - Fopt (-6.797100000000e+02) + sum g_i+ | measured fitness | best measured fitness or single-digit g-values | x1 | x2...
1 0 +5.580004549e+04 +5.512033549e+04 +5.512033549e+04
7 0 +3.592073847e+04 +3.524102847e+04 +3.524102847e+04
10 0 +2.660340227e+04 +2.592369227e+04 +2.592369227e+04
18 0 +1.877520331e+04 +1.809549331e+04 +1.809549331e+04
33 0 +1.679592450e+04 +1.611621450e+04 +1.611621450e+04
43 0 +1.429393417e+04 +1.361422417e+04 +1.361422417e+04
47 0 +1.384933903e+04 +1.316962903e+04 +1.316962903e+04
48 0 +1.171746556e+04 +1.103775556e+04 +1.103775556e+04
59 0 +9.024643505e+03 +8.344933505e+03 +8.344933505e+03
62 0 +5.095350898e+03 +4.415640898e+03 +4.415640898e+03
82 0 +2.358981968e+03 +1.679271968e+03 +1.679271968e+03
122 0 +1.341187153e+03 +6.614771525e+02 +6.614771525e+02
141 0 +1.222600933e+03 +5.428909334e+02 +5.428909334e+02
146 0 +1.047332455e+03 +3.676224553e+02 +3.676224553e+02
209 0 +8.915789793e+02 +2.118689793e+02 +2.118689793e+02
211 0 +8.896103492e+02 +2.099003492e+02 +2.099003492e+02
227 0 +5.947719159e+02 -8.493808413e+01 -8.493808413e+01
253 0 +5.180199245e+02 -1.616900755e+02 -1.616900755e+02
278 0 +4.115985321e+02 -2.681114679e+02 -2.681114679e+02
292 0 +3.634997862e+02 -3.162102138e+02 -3.162102138e+02
295 0 +3.334528718e+02 -3.462571282e+02 -3.462571282e+02
298 0 +3.084378104e+02 -3.712721896e+02 -3.712721896e+02
382 0 +2.769197990e+02 -4.027902010e+02 -4.027902010e+02
410 0 +2.425855587e+02 -4.371244413e+02 -4.371244413e+02
411 0 +2.153888932e+02 -4.643211068e+02 -4.643211068e+02
413 0 +1.954334872e+02 -4.842765128e+02 -4.842765128e+02
477 0 +1.584081494e+02 -5.213018506e+02 -5.213018506e+02
523 0 +1.137004224e+02 -5.660095776e+02 -5.660095776e+02
544 0 +8.521700132e+01 -5.944929987e+02 -5.944929987e+02
586 0 +7.121172651e+01 -6.084982735e+02 -6.084982735e+02
628 0 +6.558563691e+01 -6.141243631e+02 -6.141243631e+02
649 0 +5.395750106e+01 -6.257524989e+02 -6.257524989e+02
691 0 +4.705523573e+01 -6.326547643e+02 -6.326547643e+02
733 0 +4.278386073e+01 -6.369261393e+02 -6.369261393e+02
775 0 +3.853243332e+01 -6.411775667e+02 -6.411775667e+02
796 0 +3.394861756e+01 -6.457613824e+02 -6.457613824e+02
859 0 +2.980731022e+01 -6.499026898e+02 -6.499026898e+02
880 0 +2.555099348e+01 -6.541590065e+02 -6.541590065e+02
922 0 +2.408831337e+01 -6.556216866e+02 -6.556216866e+02
964 0 +2.030919185e+01 -6.594008082e+02 -6.594008082e+02
1006 0 +1.913239073e+01 -6.605776093e+02 -6.605776093e+02
1132 0 +1.737382596e+01 -6.623361740e+02 -6.623361740e+02
1363 0 +1.567372374e+01 -6.640362763e+02 -6.640362763e+02
1489 0 +1.405712420e+01 -6.656528758e+02 -6.656528758e+02
1636 0 +1.252784051e+01 -6.671821595e+02 -6.671821595e+02
1720 0 +1.121347745e+01 -6.684965225e+02 -6.684965225e+02
1888 0 +9.850136401e+00 -6.698598636e+02 -6.698598636e+02
1951 0 +8.888848570e+00 -6.708211514e+02 -6.708211514e+02
2077 0 +7.667064691e+00 -6.720429353e+02 -6.720429353e+02
2119 0 +6.920550667e+00 -6.727894493e+02 -6.727894493e+02
2161 0 +6.290317727e+00 -6.734196823e+02 -6.734196823e+02
2203 0 +5.580411964e+00 -6.741295880e+02 -6.741295880e+02
2287 0 +4.889410960e+00 -6.748205890e+02 -6.748205890e+02
2350 0 +4.332380916e+00 -6.753776191e+02 -6.753776191e+02
2392 0 +3.928603767e+00 -6.757813962e+02 -6.757813962e+02
2413 0 +3.516565652e+00 -6.761934343e+02 -6.761934343e+02
2434 0 +3.042335428e+00 -6.766676646e+02 -6.766676646e+02
2497 0 +2.634688305e+00 -6.770753117e+02 -6.770753117e+02
2518 0 +2.263308218e+00 -6.774466918e+02 -6.774466918e+02
2539 0 +1.962153683e+00 -6.777478463e+02 -6.777478463e+02
2602 0 +1.565918572e+00 -6.781440814e+02 -6.781440814e+02
2623 0 +1.234839198e+00 -6.784751608e+02 -6.784751608e+02
2644 0 +1.064638379e+00 -6.786453616e+02 -6.786453616e+02
2665 0 +9.474340770e-01 -6.787625659e+02 -6.787625659e+02
2686 0 +7.806524669e-01 -6.789293475e+02 -6.789293475e+02
2707 0 +6.151569532e-01 -6.790948430e+02 -6.790948430e+02
2728 0 +4.857159967e-01 -6.792242840e+02 -6.792242840e+02
2749 0 +3.546424226e-01 -6.793553576e+02 -6.793553576e+02
2770 0 +2.844357485e-01 -6.794255643e+02 -6.794255643e+02
2791 0 +1.883947751e-01 -6.795216052e+02 -6.795216052e+02
2812 0 +1.484131273e-01 -6.795615869e+02 -6.795615869e+02
2833 0 +1.238288797e-01 -6.795861711e+02 -6.795861711e+02
2854 0 +8.767021260e-02 -6.796223298e+02 -6.796223298e+02
2875 0 +6.676870556e-02 -6.796432313e+02 -6.796432313e+02
2896 0 +4.631946328e-02 -6.796636805e+02 -6.796636805e+02
2917 0 +3.206428031e-02 -6.796779357e+02 -6.796779357e+02
2938 0 +1.405249092e-02 -6.796959475e+02 -6.796959475e+02
2959 0 +5.317085960e-03 -6.797046829e+02 -6.797046829e+02
2980 0 +1.724767145e-03 -6.797082752e+02 -6.797082752e+02
3022 0 +5.294527963e-04 -6.797094705e+02 -6.797094705e+02
3043 0 +1.700991844e-04 -6.797098299e+02 -6.797098299e+02
3064 0 +8.786298622e-06 -6.797099912e+02 -6.797099912e+02
3085 0 +9.207518588e-07 -6.797099991e+02 -6.797099991e+02
3106 0 +1.580310709e-07 -6.797099998e+02 -6.797099998e+02
3127 0 +1.351941137e-08 -6.797100000e+02 -6.797100000e+02
3148 0 +1.607418199e-09 -6.797100000e+02 -6.797100000e+02
40319 0 +7.958078641e-13 -6.797100000e+02 -6.797100000e+02
120183 0 +0.000000000e+00 -6.797100000e+02 -6.797100000e+02
200001 0 +0.000000000e+00 -6.797100000e+02 -6.797100000e+02
% f evaluations | g evaluations | best noise-free fitness - Fopt (1.000000000000e+03) + sum g_i+ | measured fitness | best measured fitness or single-digit g-values | x1 | x2...
1 0 +5.836930710e+04 +5.936930710e+04 +5.936930710e+04
2 0 +4.016540915e+04 +4.116540915e+04 +4.116540915e+04
7 0 +3.086441453e+04 +3.186441453e+04 +3.186441453e+04
9 0 +1.743456756e+04 +1.843456756e+04 +1.843456756e+04
57 0 +7.908787774e+03 +8.908787774e+03 +8.908787774e+03
69 0 +2.151000441e+03 +3.151000441e+03 +3.151000441e+03
140 0 +1.917225474e+03 +2.917225474e+03 +2.917225474e+03
141 0 +1.452806319e+03 +2.452806319e+03 +2.452806319e+03
146 0 +9.706680395e+02 +1.970668040e+03 +1.970668040e+03
194 0 +6.998514633e+02 +1.699851463e+03 +1.699851463e+03
211 0 +5.656865233e+02 +1.565686523e+03 +1.565686523e+03
301 0 +4.983448931e+02 +1.498344893e+03 +1.498344893e+03
306 0 +3.726216627e+02 +1.372621663e+03 +1.372621663e+03
317 0 +2.700858287e+02 +1.270085829e+03 +1.270085829e+03
326 0 +2.460698682e+02 +1.246069868e+03 +1.246069868e+03
382 0 +1.760454481e+02 +1.176045448e+03 +1.176045448e+03
425 0 +1.155404550e+02 +1.115540455e+03 +1.115540455e+03
461 0 +1.071785174e+02 +1.107178517e+03 +1.107178517e+03
481 0 +5.898512957e+01 +1.058985130e+03 +1.058985130e+03
502 0 +3.559368978e+01 +1.035593690e+03 +1.035593690e+03
544 0 +3.319900202e+01 +1.033199002e+03 +1.033199002e+03
565 0 +3.113397736e+01 +1.031133977e+03 +1.031133977e+03
586 0 +2.731497807e+01 +1.027314978e+03 +1.027314978e+03
628 0 +2.502062851e+01 +1.025020629e+03 +1.025020629e+03
670 0 +2.187085834e+01 +1.021870858e+03 +1.021870858e+03
754 0 +1.903556458e+01 +1.019035565e+03 +1.019035565e+03
838 0 +1.705772341e+01 +1.017057723e+03 +1.017057723e+03
1174 0 +1.582709784e+01 +1.015827098e+03 +1.015827098e+03
1468 0 +1.406175510e+01 +1.014061755e+03 +1.014061755e+03
1615 0 +1.233123628e+01 +1.012331236e+03 +1.012331236e+03
1720 0 +1.110985932e+01 +1.011109859e+03 +1.011109859e+03
1825 0 +9.861798596e+00 +1.009861799e+03 +1.009861799e+03
1909 0 +8.743229989e+00 +1.008743230e+03 +1.008743230e+03
1972 0 +7.793023071e+00 +1.007793023e+03 +1.007793023e+03
2035 0 +6.636644431e+00 +1.006636644e+03 +1.006636644e+03
2056 0 +6.276747929e+00 +1.006276748e+03 +1.006276748e+03
2119 0 +5.363543663e+00 +1.005363544e+03 +1.005363544e+03
2182 0 +4.937571880e+00 +1.004937572e+03 +1.004937572e+03
2224 0 +4.384527973e+00 +1.004384528e+03 +1.004384528e+03
2287 0 +3.745947517e+00 +1.003745948e+03 +1.003745948e+03
2308 0 +3.444604571e+00 +1.003444605e+03 +1.003444605e+03
2329 0 +3.115607123e+00 +1.003115607e+03 +1.003115607e+03
2392 0 +2.551657200e+00 +1.002551657e+03 +1.002551657e+03
2413 0 +2.176766894e+00 +1.002176767e+03 +1.002176767e+03
2434 0 +1.973407384e+00 +1.001973407e+03 +1.001973407e+03
2455 0 +1.717476411e+00 +1.001717476e+03 +1.001717476e+03
2476 0 +1.368551008e+00 +1.001368551e+03 +1.001368551e+03
2497 0 +1.117259402e+00 +1.001117259e+03 +1.001117259e+03
2518 0 +9.050294460e-01 +1.000905029e+03 +1.000905029e+03
2539 0 +7.383986691e-01 +1.000738399e+03 +1.000738399e+03
2560 0 +5.696388831e-01 +1.000569639e+03 +1.000569639e+03
2581 0 +4.862524157e-01 +1.000486252e+03 +1.000486252e+03
2602 0 +3.532419603e-01 +1.000353242e+03 +1.000353242e+03
2623 0 +2.877230374e-01 +1.000287723e+03 +1.000287723e+03
2644 0 +2.437418250e-01 +1.000243742e+03 +1.000243742e+03
2665 0 +2.004581432e-01 +1.000200458e+03 +1.000200458e+03
2686 0 +1.579314700e-01 +1.000157931e+03 +1.000157931e+03
2707 0 +1.191459629e-01 +1.000119146e+03 +1.000119146e+03
2728 0 +7.446805882e-02 +1.000074468e+03 +1.000074468e+03
2749 0 +3.923128453e-02 +1.000039231e+03 +1.000039231e+03
2770 0 +2.894159432e-02 +1.000028942e+03 +1.000028942e+03
2791 0 +1.460200887e-02 +1.000014602e+03 +1.000014602e+03
2812 0 +5.716290320e-03 +1.000005716e+03 +1.000005716e+03
2833 0 +1.453539470e-03 +1.000001454e+03 +1.000001454e+03
2854 0 +3.496494629e-04 +1.000000350e+03 +1.000000350e+03
2875 0 +7.944058325e-05 +1.000000079e+03 +1.000000079e+03
2896 0 +1.788258464e-05 +1.000000018e+03 +1.000000018e+03
2917 0 +2.329581207e-06 +1.000000002e+03 +1.000000002e+03
2938 0 +2.752829005e-07 +1.000000000e+03 +1.000000000e+03
2959 0 +7.583139450e-09 +1.000000000e+03 +1.000000000e+03
107363 0 +6.821210263e-13 +1.000000000e+03 +1.000000000e+03
109374 0 +0.000000000e+00 +1.000000000e+03 +1.000000000e+03
200002 0 +0.000000000e+00 +1.000000000e+03 +1.000000000e+03
% f evaluations | g evaluations | best noise-free fitness - Fopt (1.007000000000e+01) + sum g_i+ | measured fitness | best measured fitness or single-digit g-values | x1 | x2...
1 0 +1.072149642e+05 +1.072250342e+05 +1.072250342e+05
2 0 +4.695187710e+04 +4.696194710e+04 +4.696194710e+04
7 0 +3.020735896e+04 +3.021742896e+04 +3.021742896e+04
33 0 +1.873328923e+04 +1.874335923e+04 +1.874335923e+04
43 0 +1.532125505e+04 +1.533132505e+04 +1.533132505e+04
49 0 +1.170476027e+04 +1.171483027e+04 +1.171483027e+04
65 0 +1.100536708e+04 +1.101543708e+04 +1.101543708e+04
69 0 +6.994763691e+03 +7.004833691e+03 +7.004833691e+03
74 0 +3.154547850e+03 +3.164617850e+03 +3.164617850e+03
173 0 +2.567952477e+03 +2.578022477e+03 +2.578022477e+03
226 0 +2.123882703e+03 +2.133952703e+03 +2.133952703e+03
230 0 +1.341157631e+03 +1.351227631e+03 +1.351227631e+03
264 0 +1.210057066e+03 +1.220127066e+03 +1.220127066e+03
322 0 +1.106573846e+03 +1.116643846e+03 +1.116643846e+03
334 0 +9.528509303e+02 +9.629209303e+02 +9.629209303e+02
363 0 +6.030770044e+02 +6.131470044e+02 +6.131470044e+02
370 0 +5.224918260e+02 +5.325618260e+02 +5.325618260e+02
394 0 +3.110457283e+02 +3.211157283e+02 +3.211157283e+02
480 0 +2.468510092e+02 +2.569210092e+02 +2.569210092e+02
481 0 +1.946190806e+02 +2.046890806e+02 +2.046890806e+02
502 0 +1.633361065e+02 +1.734061065e+02 +1.734061065e+02
523 0 +1.191097451e+02 +1.291797451e+02 +1.291797451e+02
544 0 +9.379014052e+01 +1.038601405e+02 +1.038601405e+02
586 0 +8.400853649e+01 +9.407853649e+01 +9.407853649e+01
607 0 +7.939839599e+01 +8.946839599e+01 +8.946839599e+01
649 0 +6.352191820e+01 +7.359191820e+01 +7.359191820e+01
670 0 +4.848196214e+01 +5.855196214e+01 +5.855196214e+01
712 0 +4.246917641e+01 +5.253917641e+01 +5.253917641e+01
754 0 +3.926483915e+01 +4.933483915e+01 +4.933483915e+01
775 0 +3.402221055e+01 +4.409221055e+01 +4.409221055e+01
796 0 +2.753704150e+01 +3.760704150e+01 +3.760704150e+01
859 0 +2.463293295e+01 +3.470293295e+01 +3.470293295e+01
880 0 +2.227870300e+01 +3.234870300e+01 +3.234870300e+01
985 0 +1.921984925e+01 +2.928984925e+01 +2.928984925e+01
1069 0 +1.772634738e+01 +2.779634738e+01 +2.779634738e+01
1426 0 +1.549845521e+01 +2.556845521e+01 +2.556845521e+01
1552 0 +1.403507470e+01 +2.410507470e+01 +2.410507470e+01
1657 0 +1.256998039e+01 +2.263998039e+01 +2.263998039e+01
1825 0 +1.099949243e+01 +2.106949243e+01 +2.106949243e+01
1888 0 +9.819483964e+00 +1.988948396e+01 +1.988948396e+01
1993 0 +8.717647327e+00 +1.878764733e+01 +1.878764733e+01
2056 0 +7.876457074e+00 +1.794645707e+01 +1.794645707e+01
2140 0 +6.952658630e+00 +1.702265863e+01 +1.702265863e+01
2182 0 +6.303906223e+00 +1.637390622e+01 +1.637390622e+01
2245 0 +5.478144681e+00 +1.554814468e+01 +1.554814468e+01
2287 0 +4.906616017e+00 +1.497661602e+01 +1.497661602e+01
2371 0 +4.199762394e+00 +1.426976239e+01 +1.426976239e+01
2392 0 +3.866716109e+00 +1.393671611e+01 +1.393671611e+01
2455 0 +3.485546584e+00 +1.355554658e+01 +1.355554658e+01
2476 0 +3.109026934e+00 +1.317902693e+01 +1.317902693e+01
2497 0 +2.634758155e+00 +1.270475816e+01 +1.270475816e+01
2518 0 +2.207508794e+00 +1.227750879e+01 +1.227750879e+01
2581 0 +1.819770198e+00 +1.188977020e+01 +1.188977020e+01
2602 0 +1.533501697e+00 +1.160350170e+01 +1.160350170e+01
2623 0 +1.237243080e+00 +1.130724308e+01 +1.130724308e+01
2644 0 +1.005493397e+00 +1.107549340e+01 +1.107549340e+01
2686 0 +8.943275152e-01 +1.096432752e+01 +1.096432752e+01
2707 0 +7.355642590e-01 +1.080556426e+01 +1.080556426e+01
2728 0 +5.626459508e-01 +1.063264595e+01 +1.063264595e+01
2749 0 +4.452643747e-01 +1.051526437e+01 +1.051526437e+01
2770 0 +3.191247398e-01 +1.038912474e+01 +1.038912474e+01
2791 0 +2.454159646e-01 +1.031541596e+01 +1.031541596e+01
2812 0 +2.213087605e-01 +1.029130876e+01 +1.029130876e+01
2854 0 +1.759078398e-01 +1.024590784e+01 +1.024590784e+01
2875 0 +1.289729649e-01 +1.019897296e+01 +1.019897296e+01
2896 0 +9.471490614e-02 +1.016471491e+01 +1.016471491e+01
2917 0 +4.877005285e-02 +1.011877005e+01 +1.011877005e+01
2938 0 +2.462067329e-02 +1.009462067e+01 +1.009462067e+01
2959 0 +1.066600180e-02 +1.008066600e+01 +1.008066600e+01
3001 0 +5.535017975e-03 +1.007553502e+01 +1.007553502e+01
3022 0 +1.953999643e-03 +1.007195400e+01 +1.007195400e+01
3043 0 +3.973989468e-04 +1.007039740e+01 +1.007039740e+01
3064 0 +1.002904581e-04 +1.007010029e+01 +1.007010029e+01
3085 0 +9.409068815e-06 +1.007000941e+01 +1.007000941e+01
3106 0 +5.965880874e-06 +1.007000597e+01 +1.007000597e+01
3127 0 +1.219510025e-06 +1.007000122e+01 +1.007000122e+01
3148 0 +1.601118029e-07 +1.007000016e+01 +1.007000016e+01
3169 0 +9.507539644e-09 +1.007000001e+01 +1.007000001e+01
115216 0 +8.224532166e-13 +1.007000000e+01 +1.007000000e+01
118604 0 +0.000000000e+00 +1.007000000e+01 +1.007000000e+01
200011 0 +0.000000000e+00 +1.007000000e+01 +1.007000000e+01
% f evaluations | g evaluations | best noise-free fitness - Fopt (-7.540000000000e+00) + sum g_i+ | measured fitness | best measured fitness or single-digit g-values | x1 | x2...
1 0 +7.905566103e+04 +7.904812103e+04 +7.904812103e+04
9 0 +3.729608216e+04 +3.728854216e+04 +3.728854216e+04
17 0 +1.767825921e+04 +1.767071921e+04 +1.767071921e+04
65 0 +1.424963584e+04 +1.424209584e+04 +1.424209584e+04
82 0 +9.605105258e+03 +9.597565258e+03 +9.597565258e+03
87 0 +8.887510619e+03 +8.879970619e+03 +8.879970619e+03
92 0 +6.413875488e+03 +6.406335488e+03 +6.406335488e+03
109 0 +5.818982701e+03 +5.811442701e+03 +5.811442701e+03
121 0 +5.622391955e+03 +5.614851955e+03 +5.614851955e+03
125 0 +4.825808494e+03 +4.818268494e+03 +4.818268494e+03
126 0 +2.882924091e+03 +2.875384091e+03 +2.875384091e+03
161 0 +2.366739685e+03 +2.359199685e+03 +2.359199685e+03
163 0 +2.020351166e+03 +2.012811166e+03 +2.012811166e+03
198 0 +1.757886006e+03 +1.750346006e+03 +1.750346006e+03
246 0 +1.581228611e+03 +1.573688611e+03 +1.573688611e+03
272 0 +1.187051475e+03 +1.179511475e+03 +1.179511475e+03
298 0 +1.067227337e+03 +1.059687337e+03 +1.059687337e+03
300 0 +7.825079257e+02 +7.749679257e+02 +7.749679257e+02
306 0 +5.621019127e+02 +5.545619127e+02 +5.545619127e+02
392 0 +4.765799095e+02 +4.690399095e+02 +4.690399095e+02
410 0 +3.510139228e+02 +3.434739228e+02 +3.434739228e+02
440 0 +3.144594962e+02 +3.069194962e+02 +3.069194962e+02
523 0 +2.304142160e+02 +2.228742160e+02 +2.228742160e+02
565 0 +2.004974432e+02 +1.929574432e+02 +1.929574432e+02
586 0 +1.853637422e+02 +1.778237422e+02 +1.778237422e+02
649 0 +1.711185164e+02 +1.635785164e+02 +1.635785164e+02
670 0 +1.547444896e+02 +1.472044896e+02 +1.472044896e+02
691 0 +1.205934534e+02 +1.130534534e+02 +1.130534534e+02
796 0 +1.106652856e+02 +1.031252856e+02 +1.031252856e+02
859 0 +9.460813484e+01 +8.706813484e+01 +8.706813484e+01
880 0 +8.167157118e+01 +7.413157118e+01 +7.413157118e+01
922 0 +7.826861061e+01 +7.072861061e+01 +7.072861061e+01
964 0 +6.655467996e+01 +5.901467996e+01 +5.901467996e+01
985 0 +5.593261049e+01 +4.839261049e+01 +4.839261049e+01
1048 0 +4.561024464e+01 +3.807024464e+01 +3.807024464e+01
1069 0 +3.711223001e+01 +2.957223001e+01 +2.957223001e+01
1111 0 +3.523251705e+01 +2.769251705e+01 +2.769251705e+01
1153 0 +2.851286787e+01 +2.097286787e+01 +2.097286787e+01
1174 0 +2.535787746e+01 +1.781787746e+01 +1.781787746e+01
1195 0 +2.080659545e+01 +1.326659545e+01 +1.326659545e+01
1321 0 +1.984622105e+01 +1.230622105e+01 +1.230622105e+01
1468 0 +1.758995454e+01 +1.004995454e+01 +1.004995454e+01
1657 0 +1.568094616e+01 +8.140946161e+00 +8.140946161e+00
1804 0 +1.401652663e+01 +6.476526626e+00 +6.476526626e+00
1930 0 +1.248418425e+01 +4.944184254e+00 +4.944184254e+00
2077 0 +1.120140942e+01 +3.661409421e+00 +3.661409421e+00
2203 0 +9.629644808e+00 +2.089644808e+00 +2.089644808e+00
2308 0 +8.753602001e+00 +1.213602001e+00 +1.213602001e+00
2413 0 +7.757976541e+00 +2.179765414e-01 +2.179765414e-01
2476 0 +6.879649202e+00 -6.603507982e-01 -6.603507982e-01
2539 0 +6.030720402e+00 -1.509279598e+00 -1.509279598e+00
2581 0 +5.317775871e+00 -2.222224129e+00 -2.222224129e+00
2602 0 +4.999290741e+00 -2.540709259e+00 -2.540709259e+00
2686 0 +4.197587482e+00 -3.342412518e+00 -3.342412518e+00
2707 0 +3.884306138e+00 -3.655693862e+00 -3.655693862e+00
2749 0 +3.501661146e+00 -4.038338854e+00 -4.038338854e+00
2833 0 +2.981357253e+00 -4.558642747e+00 -4.558642747e+00
2854 0 +2.639653637e+00 -4.900346363e+00 -4.900346363e+00
2875 0 +2.211395759e+00 -5.328604241e+00 -5.328604241e+00
2938 0 +1.755580690e+00 -5.784419310e+00 -5.784419310e+00
2959 0 +1.390354054e+00 -6.149645946e+00 -6.149645946e+00
2980 0 +1.014820929e+00 -6.525179071e+00 -6.525179071e+00
3001 0 +9.259057024e-01 -6.614094298e+00 -6.614094298e+00
3022 0 +8.006568035e-01 -6.739343196e+00 -6.739343196e+00
3043 0 +6.144234083e-01 -6.925576592e+00 -6.925576592e+00
3064 0 +4.824001382e-01 -7.057599862e+00 -7.057599862e+00
3085 0 +3.804096521e-01 -7.159590348e+00 -7.159590348e+00
3106 0 +2.635609115e-01 -7.276439089e+00 -7.276439089e+00
3148 0 +2.156489951e-01 -7.324351005e+00 -7.324351005e+00
3169 0 +1.576725161e-01 -7.382327484e+00 -7.382327484e+00
3190 0 +9.651027885e-02 -7.443489721e+00 -7.443489721e+00
3211 0 +5.576249451e-02 -7.484237505e+00 -7.484237505e+00
3253 0 +2.709453312e-02 -7.512905467e+00 -7.512905467e+00
3274 0 +2.503006565e-02 -7.514969934e+00 -7.514969934e+00
3295 0 +1.887361991e-02 -7.521126380e+00 -7.521126380e+00
3316 0 +1.170383851e-02 -7.528296161e+00 -7.528296161e+00
3337 0 +5.787620237e-03 -7.534212380e+00 -7.534212380e+00
3358 0 +1.201653249e-03 -7.538798347e+00 -7.538798347e+00
3379 0 +2.416154305e-04 -7.539758385e+00 -7.539758385e+00
3400 0 +4.964571160e-05 -7.539950354e+00 -7.539950354e+00
3421 0 +8.199955832e-06 -7.539991800e+00 -7.539991800e+00
3442 0 +5.579729754e-07 -7.539999442e+00 -7.539999442e+00
3463 0 +1.815489599e-07 -7.539999818e+00 -7.539999818e+00
3484 0 +2.466690852e-09 -7.539999998e+00 -7.539999998e+00
114614 0 +7.940315072e-13 -7.540000000e+00 -7.540000000e+00
201048 0 +8.881784197e-16 -7.540000000e+00 -7.540000000e+00
