% f evaluations | g evaluations | best noise-free fitness - Fopt (7.948000000000e+01) + sum g_i+ | measured fitness | best measured fitness or single-digit g-values | x1 | x2...
1 0 +1.346983661e+02 +2.141783661e+02 +2.141783661e+02
2 0 +1.147584453e+02 +1.942384453e+02 +1.942384453e+02
5 0 +1.033309631e+02 +1.828109631e+02 +1.828109631e+02
6 0 +8.055737830e+01 +1.600373783e+02 +1.600373783e+02
18 0 +7.423384766e+01 +1.537138477e+02 +1.537138477e+02
23 0 +6.139617306e+01 +1.408761731e+02 +1.408761731e+02
27 0 +4.445151083e+01 +1.239315108e+02 +1.239315108e+02
39 0 +2.662712371e+01 +1.061071237e+02 +1.061071237e+02
49 0 +2.087675787e+01 +1.003567579e+02 +1.003567579e+02
52 0 +1.942044544e+01 +9.890044544e+01 +9.890044544e+01
75 0 +1.644176357e+01 +9.592176357e+01 +9.592176357e+01
108 0 +1.495243715e+01 +9.443243715e+01 +9.443243715e+01
121 0 +1.374331494e+01 +9.322331494e+01 +9.322331494e+01
184 0 +1.180924941e+01 +9.128924941e+01 +9.128924941e+01
190 0 +9.782567306e+00 +8.926256731e+01 +8.926256731e+01
194 0 +7.499390511e+00 +8.697939051e+01 +8.697939051e+01
197 0 +5.404372401e+00 +8.488437240e+01 +8.488437240e+01
227 0 +3.378995647e+00 +8.285899565e+01 +8.285899565e+01
327 0 +3.077618161e+00 +8.255761816e+01 +8.255761816e+01
360 0 +1.574909041e+00 +8.105490904e+01 +8.105490904e+01
401 0 +9.103604178e-01 +8.039036042e+01 +8.039036042e+01
477 0 +7.535672072e-01 +8.023356721e+01 +8.023356721e+01
483 0 +6.367619242e-01 +8.011676192e+01 +8.011676192e+01
509 0 +5.084942068e-01 +7.998849421e+01 +7.998849421e+01
532 0 +4.381655305e-01 +7.991816553e+01 +7.991816553e+01
556 0 +3.941567259e-01 +7.987415673e+01 +7.987415673e+01
601 0 +3.136037360e-01 +7.979360374e+01 +7.979360374e+01
611 0 +2.714243512e-01 +7.975142435e+01 +7.975142435e+01
653 0 +2.082782268e-01 +7.968827823e+01 +7.968827823e+01
663 0 +1.497769192e-01 +7.962977692e+01 +7.962977692e+01
681 0 +1.408546577e-01 +7.962085466e+01 +7.962085466e+01
740 0 +5.750437475e-02 +7.953750437e+01 +7.953750437e+01
782 0 +4.952563317e-02 +7.952952563e+01 +7.952952563e+01
807 0 +4.418083351e-02 +7.952418083e+01 +7.952418083e+01
842 0 +3.262424305e-02 +7.951262424e+01 +7.951262424e+01
848 0 +2.503202277e-02 +7.950503202e+01 +7.950503202e+01
893 0 +2.205486821e-02 +7.950205487e+01 +7.950205487e+01
901 0 +1.406839865e-02 +7.949406840e+01 +7.949406840e+01
941 0 +9.115411743e-03 +7.948911541e+01 +7.948911541e+01
949 0 +8.528326535e-03 +7.948852833e+01 +7.948852833e+01
1042 0 +5.306933436e-03 +7.948530693e+01 +7.948530693e+01
1066 0 +4.289101406e-03 +7.948428910e+01 +7.948428910e+01
1082 0 +2.670378786e-03 +7.948267038e+01 +7.948267038e+01
1119 0 +2.297480427e-03 +7.948229748e+01 +7.948229748e+01
1147 0 +1.529863013e-03 +7.948152986e+01 +7.948152986e+01
1182 0 +1.248998581e-03 +7.948124900e+01 +7.948124900e+01
1229 0 +7.250134968e-04 +7.948072501e+01 +7.948072501e+01
1251 0 +6.233034646e-04 +7.948062330e+01 +7.948062330e+01
1336 0 +4.428967087e-04 +7.948044290e+01 +7.948044290e+01
1385 0 +3.067750666e-04 +7.948030678e+01 +7.948030678e+01
1397 0 +2.676284168e-04 +7.948026763e+01 +7.948026763e+01
1403 0 +2.449573349e-04 +7.948024496e+01 +7.948024496e+01
1424 0 +1.912517603e-04 +7.948019125e+01 +7.948019125e+01
1425 0 +1.563253422e-04 +7.948015633e+01 +7.948015633e+01
1448 0 +8.790702833e-05 +7.948008791e+01 +7.948008791e+01
1459 0 +7.475083174e-05 +7.948007475e+01 +7.948007475e+01
1512 0 +5.317590575e-05 +7.948005318e+01 +7.948005318e+01
1533 0 +4.857766207e-05 +7.948004858e+01 +7.948004858e+01
1580 0 +3.171353431e-05 +7.948003171e+01 +7.948003171e+01
1585 0 +2.900314070e-05 +7.948002900e+01 +7.948002900e+01
1608 0 +2.512384498e-05 +7.948002512e+01 +7.948002512e+01
1625 0 +1.815842157e-05 +7.948001816e+01 +7.948001816e+01
1649 0 +1.709128250e-05 +7.948001709e+01 +7.948001709e+01
1665 0 +1.439583248e-05 +7.948001440e+01 +7.948001440e+01
1686 0 +1.071026395e-05 +7.948001071e+01 +7.948001071e+01
1709 0 +8.356400585e-06 +7.948000836e+01 +7.948000836e+01
1765 0 +6.873056975e-06 +7.948000687e+01 +7.948000687e+01
1789 0 +6.075721473e-06 +7.948000608e+01 +7.948000608e+01
1808 0 +5.308711991e-06 +7.948000531e+01 +7.948000531e+01
1837 0 +4.976495475e-06 +7.948000498e+01 +7.948000498e+01
1845 0 +4.173619118e-06 +7.948000417e+01 +7.948000417e+01
1849 0 +3.794442961e-06 +7.948000379e+01 +7.948000379e+01
1877 0 +2.671253895e-06 +7.948000267e+01 +7.948000267e+01
1906 0 +1.747825664e-06 +7.948000175e+01 +7.948000175e+01
1937 0 +1.556611906e-06 +7.948000156e+01 +7.948000156e+01
2024 0 +1.054012557e-06 +7.948000105e+01 +7.948000105e+01
2065 0 +9.809752299e-07 +7.948000098e+01 +7.948000098e+01
2084 0 +7.650637741e-07 +7.948000077e+01 +7.948000077e+01
2098 0 +6.605397829e-07 +7.948000066e+01 +7.948000066e+01
2106 0 +5.303657673e-07 +7.948000053e+01 +7.948000053e+01
2116 0 +4.066310311e-07 +7.948000041e+01 +7.948000041e+01
2163 0 +3.844858725e-07 +7.948000038e+01 +7.948000038e+01
2168 0 +2.737481992e-07 +7.948000027e+01 +7.948000027e+01
2217 0 +2.432230986e-07 +7.948000024e+01 +7.948000024e+01
2224 0 +1.491793000e-07 +7.948000015e+01 +7.948000015e+01
2248 0 +1.349263528e-07 +7.948000013e+01 +7.948000013e+01
2266 0 +1.186936345e-07 +7.948000012e+01 +7.948000012e+01
2271 0 +9.931665090e-08 +7.948000010e+01 +7.948000010e+01
2277 0 +8.539733187e-08 +7.948000009e+01 +7.948000009e+01
2382 0 +7.278786995e-08 +7.948000007e+01 +7.948000007e+01
2389 0 +4.503368700e-08 +7.948000005e+01 +7.948000005e+01
2438 0 +4.349841731e-08 +7.948000004e+01 +7.948000004e+01
2442 0 +2.552657463e-08 +7.948000003e+01 +7.948000003e+01
2451 0 +2.444227221e-08 +7.948000002e+01 +7.948000002e+01
2494 0 +2.050492753e-08 +7.948000002e+01 +7.948000002e+01
2542 0 +1.312567122e-08 +7.948000001e+01 +7.948000001e+01
2562 0 +1.053881249e-08 +7.948000001e+01 +7.948000001e+01
2624 0 +9.214971897e-09 +7.948000001e+01 +7.948000001e+01
3718 0 +8.668621376e-13 +7.948000000e+01 +7.948000000e+01
200004 0 +1.421085472e-14 +7.948000000e+01 +7.948000000e+01
% f evaluations | g evaluations | best noise-free fitness - Fopt (3.944800000000e+02) + sum g_i+ | measured fitness | best measured fitness or single-digit g-values | x1 | x2...
1 0 +1.839654383e+02 +5.784454383e+02 +5.784454383e+02
3 0 +1.763012458e+02 +5.707812458e+02 +5.707812458e+02
8 0 +1.132164553e+02 +5.076964553e+02 +5.076964553e+02
15 0 +1.040720451e+02 +4.985520451e+02 +4.985520451e+02
23 0 +9.958347962e+01 +4.940634796e+02 +4.940634796e+02
33 0 +7.709062074e+01 +4.715706207e+02 +4.715706207e+02
38 0 +6.984311126e+01 +4.643231113e+02 +4.643231113e+02
44 0 +6.072847255e+01 +4.552084725e+02 +4.552084725e+02
51 0 +5.455514198e+01 +4.490351420e+02 +4.490351420e+02
62 0 +4.264268588e+01 +4.371226859e+02 +4.371226859e+02
76 0 +3.821808300e+01 +4.326980830e+02 +4.326980830e+02
108 0 +3.122683323e+01 +4.257068332e+02 +4.257068332e+02
109 0 +2.175725089e+01 +4.162372509e+02 +4.162372509e+02
121 0 +1.439843183e+01 +4.088784318e+02 +4.088784318e+02
141 0 +1.053080945e+01 +4.050108094e+02 +4.050108094e+02
218 0 +6.215334885e+00 +4.006953349e+02 +4.006953349e+02
298 0 +5.330415769e+00 +3.998104158e+02 +3.998104158e+02
352 0 +4.166780801e+00 +3.986467808e+02 +3.986467808e+02
385 0 +3.846608602e+00 +3.983266086e+02 +3.983266086e+02
406 0 +3.014818749e+00 +3.974948187e+02 +3.974948187e+02
440 0 +2.046058588e+00 +3.965260586e+02 +3.965260586e+02
461 0 +1.625027206e+00 +3.961050272e+02 +3.961050272e+02
469 0 +1.434164651e+00 +3.959141647e+02 +3.959141647e+02
486 0 +1.211132955e+00 +3.956911330e+02 +3.956911330e+02
505 0 +1.117980768e+00 +3.955979808e+02 +3.955979808e+02
532 0 +8.154021868e-01 +3.952954022e+02 +3.952954022e+02
554 0 +7.942054507e-01 +3.952742055e+02 +3.952742055e+02
557 0 +6.254166388e-01 +3.951054166e+02 +3.951054166e+02
573 0 +4.485893874e-01 +3.949285894e+02 +3.949285894e+02
592 0 +4.363007277e-01 +3.949163007e+02 +3.949163007e+02
673 0 +3.680148299e-01 +3.948480148e+02 +3.948480148e+02
691 0 +3.476637176e-01 +3.948276637e+02 +3.948276637e+02
702 0 +2.934720110e-01 +3.947734720e+02 +3.947734720e+02
717 0 +2.379734738e-01 +3.947179735e+02 +3.947179735e+02
740 0 +2.132827262e-01 +3.946932827e+02 +3.946932827e+02
763 0 +1.737944994e-01 +3.946537945e+02 +3.946537945e+02
779 0 +1.179415001e-01 +3.945979415e+02 +3.945979415e+02
801 0 +1.033425348e-01 +3.945833425e+02 +3.945833425e+02
806 0 +9.624767074e-02 +3.945762477e+02 +3.945762477e+02
808 0 +8.119091759e-02 +3.945611909e+02 +3.945611909e+02
825 0 +5.745654346e-02 +3.945374565e+02 +3.945374565e+02
836 0 +4.606244606e-02 +3.945260624e+02 +3.945260624e+02
916 0 +4.158934836e-02 +3.945215893e+02 +3.945215893e+02
946 0 +3.536775498e-02 +3.945153678e+02 +3.945153678e+02
984 0 +2.509351314e-02 +3.945050935e+02 +3.945050935e+02
1021 0 +1.364520219e-02 +3.944936452e+02 +3.944936452e+02
1106 0 +1.062627427e-02 +3.944906263e+02 +3.944906263e+02
1142 0 +8.961343746e-03 +3.944889613e+02 +3.944889613e+02
1156 0 +8.785794920e-03 +3.944887858e+02 +3.944887858e+02
1168 0 +7.100568482e-03 +3.944871006e+02 +3.944871006e+02
1205 0 +6.099012804e-03 +3.944860990e+02 +3.944860990e+02
1215 0 +4.688181455e-03 +3.944846882e+02 +3.944846882e+02
1225 0 +4.464254537e-03 +3.944844643e+02 +3.944844643e+02
1226 0 +3.885291552e-03 +3.944838853e+02 +3.944838853e+02
1246 0 +2.779057964e-03 +3.944827791e+02 +3.944827791e+02
1338 0 +1.302290223e-03 +3.944813023e+02 +3.944813023e+02
1342 0 +1.199426820e-03 +3.944811994e+02 +3.944811994e+02
1363 0 +1.088307581e-03 +3.944810883e+02 +3.944810883e+02
1371 0 +9.416583263e-04 +3.944809417e+02 +3.944809417e+02
1397 0 +7.077769582e-04 +3.944807078e+02 +3.944807078e+02
1428 0 +6.255913831e-04 +3.944806256e+02 +3.944806256e+02
1429 0 +5.213383108e-04 +3.944805213e+02 +3.944805213e+02
1475 0 +3.901384893e-04 +3.944803901e+02 +3.944803901e+02
1548 0 +2.439759684e-04 +3.944802440e+02 +3.944802440e+02
1574 0 +2.180580462e-04 +3.944802181e+02 +3.944802181e+02
1582 0 +1.942076835e-04 +3.944801942e+02 +3.944801942e+02
1585 0 +1.233587270e-04 +3.944801234e+02 +3.944801234e+02
1673 0 +6.660425470e-05 +3.944800666e+02 +3.944800666e+02
1678 0 +5.411762731e-05 +3.944800541e+02 +3.944800541e+02
1774 0 +4.721866952e-05 +3.944800472e+02 +3.944800472e+02
1776 0 +4.043701841e-05 +3.944800404e+02 +3.944800404e+02
1788 0 +3.912746820e-05 +3.944800391e+02 +3.944800391e+02
1790 0 +3.208165481e-05 +3.944800321e+02 +3.944800321e+02
1800 0 +2.179108634e-05 +3.944800218e+02 +3.944800218e+02
1854 0 +1.395495923e-05 +3.944800140e+02 +3.944800140e+02
1873 0 +8.911772113e-06 +3.944800089e+02 +3.944800089e+02
1977 0 +7.018508654e-06 +3.944800070e+02 +3.944800070e+02
1990 0 +6.053039101e-06 +3.944800061e+02 +3.944800061e+02
1993 0 +4.386230273e-06 +3.944800044e+02 +3.944800044e+02
2035 0 +3.561378890e-06 +3.944800036e+02 +3.944800036e+02
2069 0 +3.369309525e-06 +3.944800034e+02 +3.944800034e+02
2101 0 +2.452658691e-06 +3.944800025e+02 +3.944800025e+02
2106 0 +2.024590572e-06 +3.944800020e+02 +3.944800020e+02
2145 0 +1.945389158e-06 +3.944800019e+02 +3.944800019e+02
2165 0 +1.463158753e-06 +3.944800015e+02 +3.944800015e+02
2183 0 +9.902681199e-07 +3.944800010e+02 +3.944800010e+02
2243 0 +8.765417761e-07 +3.944800009e+02 +3.944800009e+02
2248 0 +7.865315297e-07 +3.944800008e+02 +3.944800008e+02
2249 0 +5.713143310e-07 +3.944800006e+02 +3.944800006e+02
2268 0 +5.593046239e-07 +3.944800006e+02 +3.944800006e+02
2333 0 +4.537236578e-07 +3.944800005e+02 +3.944800005e+02
2345 0 +3.304091365e-07 +3.944800003e+02 +3.944800003e+02
2352 0 +3.102565529e-07 +3.944800003e+02 +3.944800003e+02
2405 0 +2.338672971e-07 +3.944800002e+02 +3.944800002e+02
2426 0 +1.720590035e-07 +3.944800002e+02 +3.944800002e+02
2465 0 +1.131994622e-07 +3.944800001e+02 +3.944800001e+02
2515 0 +1.091402737e-07 +3.944800001e+02 +3.944800001e+02
2544 0 +8.773918125e-08 +3.944800001e+02 +3.944800001e+02
2579 0 +7.769585864e-08 +3.944800001e+02 +3.944800001e+02
2597 0 +6.407532283e-08 +3.944800001e+02 +3.944800001e+02
2611 0 +5.234750233e-08 +3.944800001e+02 +3.944800001e+02
2649 0 +4.532347475e-08 +3.944800000e+02 +3.944800000e+02
2650 0 +4.396184750e-08 +3.944800000e+02 +3.944800000e+02
2663 0 +3.764478151e-08 +3.944800000e+02 +3.944800000e+02
2668 0 +2.058112614e-08 +3.944800000e+02 +3.944800000e+02
2720 0 +1.892129831e-08 +3.944800000e+02 +3.944800000e+02
2772 0 +1.644610848e-08 +3.944800000e+02 +3.944800000e+02
2775 0 +1.146878503e-08 +3.944800000e+02 +3.944800000e+02
2788 0 +9.147981928e-09 +3.944800000e+02 +3.944800000e+02
4017 0 +8.526512829e-13 +3.944800000e+02 +3.944800000e+02
200004 0 +5.684341886e-14 +3.944800000e+02 +3.944800000e+02
% f evaluations | g evaluations | best noise-free fitness - Fopt (-2.471100000000e+02) + sum g_i+ | measured fitness | best measured fitness or single-digit g-values | x1 | x2...
1 0 +1.516832335e+02 -9.542676648e+01 -9.542676648e+01
2 0 +1.173564037e+02 -1.297535963e+02 -1.297535963e+02
4 0 +1.028820987e+02 -1.442279013e+02 -1.442279013e+02
5 0 +9.706851481e+01 -1.500414852e+02 -1.500414852e+02
13 0 +6.604722549e+01 -1.810627745e+02 -1.810627745e+02
29 0 +6.294523497e+01 -1.841647650e+02 -1.841647650e+02
43 0 +5.527254503e+01 -1.918374550e+02 -1.918374550e+02
57 0 +3.742208022e+01 -2.096879198e+02 -2.096879198e+02
67 0 +3.449515754e+01 -2.126148425e+02 -2.126148425e+02
79 0 +2.115531736e+01 -2.259546826e+02 -2.259546826e+02
108 0 +1.809010657e+01 -2.290198934e+02 -2.290198934e+02
141 0 +1.702733333e+01 -2.300826667e+02 -2.300826667e+02
146 0 +1.169105222e+01 -2.354189478e+02 -2.354189478e+02
227 0 +1.105660559e+01 -2.360533944e+02 -2.360533944e+02
275 0 +6.694500061e+00 -2.404154999e+02 -2.404154999e+02
298 0 +2.950866014e+00 -2.441591340e+02 -2.441591340e+02
402 0 +2.380891229e+00 -2.447291088e+02 -2.447291088e+02
407 0 +1.431379762e+00 -2.456786202e+02 -2.456786202e+02
443 0 +1.107627531e+00 -2.460023725e+02 -2.460023725e+02
473 0 +9.582559961e-01 -2.461517440e+02 -2.461517440e+02
486 0 +8.787652006e-01 -2.462312348e+02 -2.462312348e+02
492 0 +5.758899873e-01 -2.465341100e+02 -2.465341100e+02
551 0 +4.470131418e-01 -2.466629869e+02 -2.466629869e+02
554 0 +4.194435205e-01 -2.466905565e+02 -2.466905565e+02
599 0 +3.153519480e-01 -2.467946481e+02 -2.467946481e+02
653 0 +2.127550609e-01 -2.468972449e+02 -2.468972449e+02
729 0 +1.780396362e-01 -2.469319604e+02 -2.469319604e+02
730 0 +1.224505969e-01 -2.469875494e+02 -2.469875494e+02
758 0 +1.045384852e-01 -2.470054615e+02 -2.470054615e+02
774 0 +9.800644587e-02 -2.470119936e+02 -2.470119936e+02
782 0 +6.093206165e-02 -2.470490679e+02 -2.470490679e+02
840 0 +4.578114243e-02 -2.470642189e+02 -2.470642189e+02
857 0 +4.249624923e-02 -2.470675038e+02 -2.470675038e+02
870 0 +3.925376944e-02 -2.470707462e+02 -2.470707462e+02
889 0 +3.256857868e-02 -2.470774314e+02 -2.470774314e+02
908 0 +3.151590581e-02 -2.470784841e+02 -2.470784841e+02
919 0 +2.599402441e-02 -2.470840060e+02 -2.470840060e+02
922 0 +2.289704720e-02 -2.470871030e+02 -2.470871030e+02
942 0 +2.218393914e-02 -2.470878161e+02 -2.470878161e+02
945 0 +1.435078180e-02 -2.470956492e+02 -2.470956492e+02
949 0 +8.916374109e-03 -2.471010836e+02 -2.471010836e+02
997 0 +8.798427190e-03 -2.471012016e+02 -2.471012016e+02
1062 0 +6.392892924e-03 -2.471036071e+02 -2.471036071e+02
1077 0 +4.526658877e-03 -2.471054733e+02 -2.471054733e+02
1095 0 +4.053501861e-03 -2.471059465e+02 -2.471059465e+02
1110 0 +2.626025871e-03 -2.471073740e+02 -2.471073740e+02
1152 0 +1.874050882e-03 -2.471081259e+02 -2.471081259e+02
1201 0 +1.695293863e-03 -2.471083047e+02 -2.471083047e+02
1216 0 +1.506078511e-03 -2.471084939e+02 -2.471084939e+02
1242 0 +1.186269340e-03 -2.471088137e+02 -2.471088137e+02
1258 0 +8.333253914e-04 -2.471091667e+02 -2.471091667e+02
1333 0 +5.297145195e-04 -2.471094703e+02 -2.471094703e+02
1355 0 +3.915994664e-04 -2.471096084e+02 -2.471096084e+02
1385 0 +1.960072834e-04 -2.471098040e+02 -2.471098040e+02
1459 0 +1.665421069e-04 -2.471098335e+02 -2.471098335e+02
1502 0 +1.555920428e-04 -2.471098444e+02 -2.471098444e+02
1525 0 +1.222644511e-04 -2.471098777e+02 -2.471098777e+02
1539 0 +1.107899243e-04 -2.471098892e+02 -2.471098892e+02
1547 0 +9.731857995e-05 -2.471099027e+02 -2.471099027e+02
1564 0 +6.313535749e-05 -2.471099369e+02 -2.471099369e+02
1595 0 +6.140184178e-05 -2.471099386e+02 -2.471099386e+02
1601 0 +5.486553894e-05 -2.471099451e+02 -2.471099451e+02
1603 0 +4.964009869e-05 -2.471099504e+02 -2.471099504e+02
1643 0 +3.204411826e-05 -2.471099680e+02 -2.471099680e+02
1649 0 +2.717681386e-05 -2.471099728e+02 -2.471099728e+02
1687 0 +1.957782706e-05 -2.471099804e+02 -2.471099804e+02
1727 0 +1.699586787e-05 -2.471099830e+02 -2.471099830e+02
1743 0 +1.566715343e-05 -2.471099843e+02 -2.471099843e+02
1749 0 +1.070344123e-05 -2.471099893e+02 -2.471099893e+02
1774 0 +4.445366926e-06 -2.471099956e+02 -2.471099956e+02
1896 0 +2.443544304e-06 -2.471099976e+02 -2.471099976e+02
1900 0 +1.945576997e-06 -2.471099981e+02 -2.471099981e+02
1951 0 +1.464157208e-06 -2.471099985e+02 -2.471099985e+02
1976 0 +1.378786720e-06 -2.471099986e+02 -2.471099986e+02
1993 0 +7.184699200e-07 -2.471099993e+02 -2.471099993e+02
2040 0 +5.392192577e-07 -2.471099995e+02 -2.471099995e+02
2090 0 +4.814723980e-07 -2.471099995e+02 -2.471099995e+02
2098 0 +4.343066564e-07 -2.471099996e+02 -2.471099996e+02
2116 0 +3.671303261e-07 -2.471099996e+02 -2.471099996e+02
2126 0 +3.396393424e-07 -2.471099997e+02 -2.471099997e+02
2145 0 +2.905238148e-07 -2.471099997e+02 -2.471099997e+02
2168 0 +2.338064746e-07 -2.471099998e+02 -2.471099998e+02
2183 0 +1.402017062e-07 -2.471099999e+02 -2.471099999e+02
2249 0 +1.214160079e-07 -2.471099999e+02 -2.471099999e+02
2269 0 +1.073134683e-07 -2.471099999e+02 -2.471099999e+02
2280 0 +9.640993426e-08 -2.471099999e+02 -2.471099999e+02
2293 0 +8.221547887e-08 -2.471099999e+02 -2.471099999e+02
2295 0 +5.258874580e-08 -2.471099999e+02 -2.471099999e+02
2341 0 +3.870817977e-08 -2.471100000e+02 -2.471100000e+02
2358 0 +3.352400313e-08 -2.471100000e+02 -2.471100000e+02
2367 0 +2.759938411e-08 -2.471100000e+02 -2.471100000e+02
2413 0 +2.307768909e-08 -2.471100000e+02 -2.471100000e+02
2437 0 +1.966191121e-08 -2.471100000e+02 -2.471100000e+02
2438 0 +1.752465550e-08 -2.471100000e+02 -2.471100000e+02
2451 0 +1.517753390e-08 -2.471100000e+02 -2.471100000e+02
2465 0 +1.333933142e-08 -2.471100000e+02 -2.471100000e+02
2477 0 +1.236662683e-08 -2.471100000e+02 -2.471100000e+02
2542 0 +1.116305270e-08 -2.471100000e+02 -2.471100000e+02
2592 0 +6.599577773e-09 -2.471100000e+02 -2.471100000e+02
3642 0 +4.547473509e-13 -2.471100000e+02 -2.471100000e+02
4196 0 +0.000000000e+00 -2.471100000e+02 -2.471100000e+02
200004 0 +0.000000000e+00 -2.471100000e+02 -2.471100000e+02
% f evaluations | g evaluations | best noise-free fitness - Fopt (-1.520400000000e+02) + sum g_i+ | measured fitness | best measured fitness or single-digit g-values | x1 | x2...
1 0 +1.317372188e+02 -2.030278119e+01 -2.030278119e+01
6 0 +1.043776168e+02 -4.766238316e+01 -4.766238316e+01
8 0 +9.076943563e+01 -6.127056437e+01 -6.127056437e+01
28 0 +8.686651161e+01 -6.517348839e+01 -6.517348839e+01
40 0 +6.372891132e+01 -8.831108868e+01 -8.831108868e+01
42 0 +5.839889578e+01 -9.364110422e+01 -9.364110422e+01
61 0 +4.726852700e+01 -1.047714730e+02 -1.047714730e+02
74 0 +3.721076407e+01 -1.148292359e+02 -1.148292359e+02
93 0 +3.444076927e+01 -1.175992307e+02 -1.175992307e+02
95 0 +2.708648162e+01 -1.249535184e+02 -1.249535184e+02
129 0 +1.726203932e+01 -1.347779607e+02 -1.347779607e+02
153 0 +1.412826702e+01 -1.379117330e+02 -1.379117330e+02
182 0 +1.111511416e+01 -1.409248858e+02 -1.409248858e+02
198 0 +8.494611861e+00 -1.435453881e+02 -1.435453881e+02
265 0 +5.936563769e+00 -1.461034362e+02 -1.461034362e+02
295 0 +5.077838096e+00 -1.469621619e+02 -1.469621619e+02
296 0 +4.890227396e+00 -1.471497726e+02 -1.471497726e+02
357 0 +3.957272620e+00 -1.480827274e+02 -1.480827274e+02
362 0 +2.331686825e+00 -1.497083132e+02 -1.497083132e+02
443 0 +1.901714456e+00 -1.501382855e+02 -1.501382855e+02
455 0 +1.747648957e+00 -1.502923510e+02 -1.502923510e+02
465 0 +7.304172751e-01 -1.513095827e+02 -1.513095827e+02
533 0 +6.125334463e-01 -1.514274666e+02 -1.514274666e+02
592 0 +5.558973102e-01 -1.514841027e+02 -1.514841027e+02
649 0 +2.798719094e-01 -1.517601281e+02 -1.517601281e+02
691 0 +2.089615658e-01 -1.518310384e+02 -1.518310384e+02
694 0 +1.455472051e-01 -1.518944528e+02 -1.518944528e+02
786 0 +1.061115760e-01 -1.519338884e+02 -1.519338884e+02
801 0 +8.700233350e-02 -1.519529977e+02 -1.519529977e+02
810 0 +7.937065567e-02 -1.519606293e+02 -1.519606293e+02
841 0 +5.912524759e-02 -1.519808748e+02 -1.519808748e+02
850 0 +3.994290816e-02 -1.520000571e+02 -1.520000571e+02
915 0 +3.313416591e-02 -1.520068658e+02 -1.520068658e+02
945 0 +2.278293176e-02 -1.520172171e+02 -1.520172171e+02
950 0 +2.200930771e-02 -1.520179907e+02 -1.520179907e+02
959 0 +1.847462148e-02 -1.520215254e+02 -1.520215254e+02
989 0 +1.681681993e-02 -1.520231832e+02 -1.520231832e+02
1013 0 +1.449759159e-02 -1.520255024e+02 -1.520255024e+02
1042 0 +1.382569955e-02 -1.520261743e+02 -1.520261743e+02
1065 0 +1.025866899e-02 -1.520297413e+02 -1.520297413e+02
1110 0 +9.870702368e-03 -1.520301293e+02 -1.520301293e+02
1118 0 +6.939334494e-03 -1.520330607e+02 -1.520330607e+02
1132 0 +5.229420893e-03 -1.520347706e+02 -1.520347706e+02
1170 0 +4.206091912e-03 -1.520357939e+02 -1.520357939e+02
1209 0 +3.629748076e-03 -1.520363703e+02 -1.520363703e+02
1215 0 +3.026788370e-03 -1.520369732e+02 -1.520369732e+02
1229 0 +1.794180267e-03 -1.520382058e+02 -1.520382058e+02
1302 0 +1.699300558e-03 -1.520383007e+02 -1.520383007e+02
1307 0 +1.365978237e-03 -1.520386340e+02 -1.520386340e+02
1333 0 +1.016133443e-03 -1.520389839e+02 -1.520389839e+02
1381 0 +8.043308390e-04 -1.520391957e+02 -1.520391957e+02
1385 0 +6.947144856e-04 -1.520393053e+02 -1.520393053e+02
1402 0 +6.028296899e-04 -1.520393972e+02 -1.520393972e+02
1410 0 +2.986489559e-04 -1.520397014e+02 -1.520397014e+02
1533 0 +2.562872610e-04 -1.520397437e+02 -1.520397437e+02
1552 0 +1.963425273e-04 -1.520398037e+02 -1.520398037e+02
1582 0 +1.640903278e-04 -1.520398359e+02 -1.520398359e+02
1595 0 +1.487006040e-04 -1.520398513e+02 -1.520398513e+02
1599 0 +1.235658204e-04 -1.520398764e+02 -1.520398764e+02
1613 0 +1.015906391e-04 -1.520398984e+02 -1.520398984e+02
1642 0 +8.810888380e-05 -1.520399119e+02 -1.520399119e+02
1646 0 +7.283091401e-05 -1.520399272e+02 -1.520399272e+02
1674 0 +4.945138156e-05 -1.520399505e+02 -1.520399505e+02
1739 0 +3.731637392e-05 -1.520399627e+02 -1.520399627e+02
1774 0 +3.545788422e-05 -1.520399645e+02 -1.520399645e+02
1777 0 +2.641953628e-05 -1.520399736e+02 -1.520399736e+02
1797 0 +2.385912222e-05 -1.520399761e+02 -1.520399761e+02
1813 0 +1.959837630e-05 -1.520399804e+02 -1.520399804e+02
1832 0 +1.643502975e-05 -1.520399836e+02 -1.520399836e+02
1840 0 +1.520492242e-05 -1.520399848e+02 -1.520399848e+02
1849 0 +1.273965714e-05 -1.520399873e+02 -1.520399873e+02
1860 0 +1.255625901e-05 -1.520399874e+02 -1.520399874e+02
1866 0 +1.064372279e-05 -1.520399894e+02 -1.520399894e+02
1876 0 +9.038571420e-06 -1.520399910e+02 -1.520399910e+02
1896 0 +6.903389476e-06 -1.520399931e+02 -1.520399931e+02
1961 0 +6.302130203e-06 -1.520399937e+02 -1.520399937e+02
1963 0 +4.927656079e-06 -1.520399951e+02 -1.520399951e+02
2019 0 +2.400545611e-06 -1.520399976e+02 -1.520399976e+02
2080 0 +2.143666535e-06 -1.520399979e+02 -1.520399979e+02
2089 0 +1.648484073e-06 -1.520399984e+02 -1.520399984e+02
2115 0 +1.390844830e-06 -1.520399986e+02 -1.520399986e+02
2128 0 +1.231418111e-06 -1.520399988e+02 -1.520399988e+02
2147 0 +1.012111568e-06 -1.520399990e+02 -1.520399990e+02
2241 0 +9.918368846e-07 -1.520399990e+02 -1.520399990e+02
2242 0 +8.582309761e-07 -1.520399991e+02 -1.520399991e+02
2248 0 +4.861695118e-07 -1.520399995e+02 -1.520399995e+02
2249 0 +3.947223206e-07 -1.520399996e+02 -1.520399996e+02
2304 0 +3.052379043e-07 -1.520399997e+02 -1.520399997e+02
2348 0 +2.112888353e-07 -1.520399998e+02 -1.520399998e+02
2374 0 +1.858493306e-07 -1.520399998e+02 -1.520399998e+02
2379 0 +1.740404514e-07 -1.520399998e+02 -1.520399998e+02
2395 0 +1.063145021e-07 -1.520399999e+02 -1.520399999e+02
2445 0 +7.878952601e-08 -1.520399999e+02 -1.520399999e+02
2473 0 +4.757185934e-08 -1.520400000e+02 -1.520400000e+02
2515 0 +4.381584517e-08 -1.520400000e+02 -1.520400000e+02
2527 0 +3.281766681e-08 -1.520400000e+02 -1.520400000e+02
2540 0 +2.983645686e-08 -1.520400000e+02 -1.520400000e+02
2589 0 +2.449226599e-08 -1.520400000e+02 -1.520400000e+02
2612 0 +1.731118004e-08 -1.520400000e+02 -1.520400000e+02
2653 0 +1.276154649e-08 -1.520400000e+02 -1.520400000e+02
2670 0 +1.185983933e-08 -1.520400000e+02 -1.520400000e+02
2673 0 +8.589893241e-09 -1.520400000e+02 -1.520400000e+02
3822 0 +7.958078641e-13 -1.520400000e+02 -1.520400000e+02
200004 0 +2.842170943e-14 -1.520400000e+02 -1.520400000e+02
% f evaluations | g evaluations | best noise-free fitness - Fopt (-2.525000000000e+01) + sum g_i+ | measured fitness | best measured fitness or single-digit g-values | x1 | x2...
1 0 +7.036549252e+01 +4.511549252e+01 +4.511549252e+01
6 0 +6.892727156e+01 +4.367727156e+01 +4.367727156e+01
12 0 +6.275737569e+01 +3.750737569e+01 +3.750737569e+01
25 0 +5.275853380e+01 +2.750853380e+01 +2.750853380e+01
26 0 +4.286481872e+01 +1.761481872e+01 +1.761481872e+01
30 0 +3.392229792e+01 +8.672297917e+00 +8.672297917e+00
82 0 +2.969125872e+01 +4.441258719e+00 +4.441258719e+00
92 0 +2.796642367e+01 +2.716423669e+00 +2.716423669e+00
108 0 +2.178325972e+01 -3.466740280e+00 -3.466740280e+00
124 0 +1.815045639e+01 -7.099543608e+00 -7.099543608e+00
126 0 +1.620346473e+01 -9.046535270e+00 -9.046535270e+00
163 0 +1.485954070e+01 -1.039045930e+01 -1.039045930e+01
188 0 +1.371412853e+01 -1.153587147e+01 -1.153587147e+01
227 0 +9.539752241e+00 -1.571024776e+01 -1.571024776e+01
278 0 +8.531026598e+00 -1.671897340e+01 -1.671897340e+01
280 0 +5.471065953e+00 -1.977893405e+01 -1.977893405e+01
298 0 +4.594808659e+00 -2.065519134e+01 -2.065519134e+01
302 0 +4.441697952e+00 -2.080830205e+01 -2.080830205e+01
342 0 +3.295257916e+00 -2.195474208e+01 -2.195474208e+01
350 0 +1.970045458e+00 -2.327995454e+01 -2.327995454e+01
361 0 +1.663824213e+00 -2.358617579e+01 -2.358617579e+01
506 0 +1.260397838e+00 -2.398960216e+01 -2.398960216e+01
559 0 +1.231724898e+00 -2.401827510e+01 -2.401827510e+01
570 0 +8.667954468e-01 -2.438320455e+01 -2.438320455e+01
575 0 +7.844220198e-01 -2.446557798e+01 -2.446557798e+01
577 0 +6.932153428e-01 -2.455678466e+01 -2.455678466e+01
598 0 +5.432560113e-01 -2.470674399e+01 -2.470674399e+01
599 0 +2.840276829e-01 -2.496597232e+01 -2.496597232e+01
678 0 +2.714583371e-01 -2.497854166e+01 -2.497854166e+01
679 0 +2.304979184e-01 -2.501950208e+01 -2.501950208e+01
737 0 +1.816465840e-01 -2.506835342e+01 -2.506835342e+01
739 0 +1.630918244e-01 -2.508690818e+01 -2.508690818e+01
773 0 +1.369264869e-01 -2.511307351e+01 -2.511307351e+01
774 0 +1.121958023e-01 -2.513780420e+01 -2.513780420e+01
786 0 +7.580924907e-02 -2.517419075e+01 -2.517419075e+01
847 0 +6.437630765e-02 -2.518562369e+01 -2.518562369e+01
869 0 +6.097397548e-02 -2.518902602e+01 -2.518902602e+01
877 0 +5.189681467e-02 -2.519810319e+01 -2.519810319e+01
889 0 +4.674740272e-02 -2.520325260e+01 -2.520325260e+01
896 0 +3.287357309e-02 -2.521712643e+01 -2.521712643e+01
922 0 +2.660894797e-02 -2.522339105e+01 -2.522339105e+01
966 0 +2.232042578e-02 -2.522767957e+01 -2.522767957e+01
982 0 +1.928225512e-02 -2.523071774e+01 -2.523071774e+01
1017 0 +1.634077796e-02 -2.523365922e+01 -2.523365922e+01
1024 0 +1.432808967e-02 -2.523567191e+01 -2.523567191e+01
1042 0 +1.330399133e-02 -2.523669601e+01 -2.523669601e+01
1047 0 +6.703321125e-03 -2.524329668e+01 -2.524329668e+01
1110 0 +4.543226828e-03 -2.524545677e+01 -2.524545677e+01
1147 0 +3.921235632e-03 -2.524607876e+01 -2.524607876e+01
1216 0 +3.381854579e-03 -2.524661815e+01 -2.524661815e+01
1241 0 +3.015315268e-03 -2.524698468e+01 -2.524698468e+01
1242 0 +2.683943305e-03 -2.524731606e+01 -2.524731606e+01
1270 0 +2.418294145e-03 -2.524758171e+01 -2.524758171e+01
1289 0 +2.004062847e-03 -2.524799594e+01 -2.524799594e+01
1307 0 +1.981234685e-03 -2.524801877e+01 -2.524801877e+01
1327 0 +1.690845742e-03 -2.524830915e+01 -2.524830915e+01
1338 0 +1.451887535e-03 -2.524854811e+01 -2.524854811e+01
1347 0 +1.238234542e-03 -2.524876177e+01 -2.524876177e+01
1360 0 +9.469047085e-04 -2.524905310e+01 -2.524905310e+01
1380 0 +8.864154208e-04 -2.524911358e+01 -2.524911358e+01
1385 0 +6.490777508e-04 -2.524935092e+01 -2.524935092e+01
1429 0 +4.829875702e-04 -2.524951701e+01 -2.524951701e+01
1459 0 +2.272452205e-04 -2.524977275e+01 -2.524977275e+01
1537 0 +2.232777856e-04 -2.524977672e+01 -2.524977672e+01
1564 0 +1.564806854e-04 -2.524984352e+01 -2.524984352e+01
1592 0 +9.152580813e-05 -2.524990847e+01 -2.524990847e+01
1686 0 +8.008690800e-05 -2.524991991e+01 -2.524991991e+01
1706 0 +5.562065137e-05 -2.524994438e+01 -2.524994438e+01
1710 0 +3.968444485e-05 -2.524996032e+01 -2.524996032e+01
1760 0 +2.928757520e-05 -2.524997071e+01 -2.524997071e+01
1800 0 +2.496233193e-05 -2.524997504e+01 -2.524997504e+01
1849 0 +1.714180550e-05 -2.524998286e+01 -2.524998286e+01
1866 0 +1.521631510e-05 -2.524998478e+01 -2.524998478e+01
1887 0 +1.371166249e-05 -2.524998629e+01 -2.524998629e+01
1900 0 +6.478629178e-06 -2.524999352e+01 -2.524999352e+01
1981 0 +6.130423813e-06 -2.524999387e+01 -2.524999387e+01
2000 0 +4.965072563e-06 -2.524999503e+01 -2.524999503e+01
2021 0 +4.141982824e-06 -2.524999586e+01 -2.524999586e+01
2035 0 +3.138862589e-06 -2.524999686e+01 -2.524999686e+01
2072 0 +2.454179413e-06 -2.524999755e+01 -2.524999755e+01
2108 0 +1.851499185e-06 -2.524999815e+01 -2.524999815e+01
2130 0 +1.430477308e-06 -2.524999857e+01 -2.524999857e+01
2176 0 +1.327395687e-06 -2.524999867e+01 -2.524999867e+01
2183 0 +1.112189405e-06 -2.524999889e+01 -2.524999889e+01
2213 0 +6.440052935e-07 -2.524999936e+01 -2.524999936e+01
2267 0 +5.188588936e-07 -2.524999948e+01 -2.524999948e+01
2271 0 +4.196826673e-07 -2.524999958e+01 -2.524999958e+01
2310 0 +3.441434053e-07 -2.524999966e+01 -2.524999966e+01
2338 0 +2.872330640e-07 -2.524999971e+01 -2.524999971e+01
2341 0 +2.111891177e-07 -2.524999979e+01 -2.524999979e+01
2374 0 +1.795805851e-07 -2.524999982e+01 -2.524999982e+01
2379 0 +1.755041126e-07 -2.524999982e+01 -2.524999982e+01
2470 0 +1.570798283e-07 -2.524999984e+01 -2.524999984e+01
2500 0 +1.303328361e-07 -2.524999987e+01 -2.524999987e+01
2524 0 +1.129283440e-07 -2.524999989e+01 -2.524999989e+01
2544 0 +1.113299888e-07 -2.524999989e+01 -2.524999989e+01
2558 0 +8.872624235e-08 -2.524999991e+01 -2.524999991e+01
2569 0 +6.203176639e-08 -2.524999994e+01 -2.524999994e+01
2604 0 +5.537804526e-08 -2.524999994e+01 -2.524999994e+01
2622 0 +4.388263264e-08 -2.524999996e+01 -2.524999996e+01
2633 0 +2.792988241e-08 -2.524999997e+01 -2.524999997e+01
2673 0 +1.262300842e-08 -2.524999999e+01 -2.524999999e+01
2818 0 +1.086468515e-08 -2.524999999e+01 -2.524999999e+01
2845 0 +9.104837773e-09 -2.524999999e+01 -2.524999999e+01
3914 0 +9.734435480e-13 -2.525000000e+01 -2.525000000e+01
200004 0 +3.552713679e-15 -2.525000000e+01 -2.525000000e+01
% f evaluations | g evaluations | best noise-free fitness - Fopt (1.830100000000e+02) + sum g_i+ | measured fitness | best measured fitness or single-digit g-values | x1 | x2...
1 0 +1.740229571e+02 +3.570329571e+02 +3.570329571e+02
2 0 +1.145013068e+02 +2.975113068e+02 +2.975113068e+02
16 0 +1.116111011e+02 +2.946211011e+02 +2.946211011e+02
29 0 +9.165032266e+01 +2.746603227e+02 +2.746603227e+02
42 0 +8.750424822e+01 +2.705142482e+02 +2.705142482e+02
49 0 +6.910261582e+01 +2.521126158e+02 +2.521126158e+02
78 0 +6.297064140e+01 +2.459806414e+02 +2.459806414e+02
80 0 +5.615771576e+01 +2.391677158e+02 +2.391677158e+02
89 0 +4.929799524e+01 +2.323079952e+02 +2.323079952e+02
100 0 +3.923431879e+01 +2.222443188e+02 +2.222443188e+02
113 0 +3.120833970e+01 +2.142183397e+02 +2.142183397e+02
125 0 +2.562842947e+01 +2.086384295e+02 +2.086384295e+02
128 0 +2.124412844e+01 +2.042541284e+02 +2.042541284e+02
163 0 +1.671299498e+01 +1.997229950e+02 +1.997229950e+02
265 0 +1.473902274e+01 +1.977490227e+02 +1.977490227e+02
266 0 +1.236120985e+01 +1.953712098e+02 +1.953712098e+02
303 0 +9.817867793e+00 +1.928278678e+02 +1.928278678e+02
327 0 +3.808213431e+00 +1.868182134e+02 +1.868182134e+02
396 0 +2.942502210e+00 +1.859525022e+02 +1.859525022e+02
451 0 +2.456701924e+00 +1.854667019e+02 +1.854667019e+02
501 0 +2.081422698e+00 +1.850914227e+02 +1.850914227e+02
530 0 +1.900976256e+00 +1.849109763e+02 +1.849109763e+02
533 0 +1.680348187e+00 +1.846903482e+02 +1.846903482e+02
562 0 +1.042178841e+00 +1.840521788e+02 +1.840521788e+02
598 0 +9.049037850e-01 +1.839149038e+02 +1.839149038e+02
601 0 +8.557858098e-01 +1.838657858e+02 +1.838657858e+02
626 0 +7.470779573e-01 +1.837570780e+02 +1.837570780e+02
639 0 +6.673318422e-01 +1.836773318e+02 +1.836773318e+02
641 0 +5.632816532e-01 +1.835732817e+02 +1.835732817e+02
681 0 +5.213399487e-01 +1.835313399e+02 +1.835313399e+02
691 0 +4.308285847e-01 +1.834408286e+02 +1.834408286e+02
696 0 +2.973204480e-01 +1.833073204e+02 +1.833073204e+02
734 0 +2.083931635e-01 +1.832183932e+02 +1.832183932e+02
806 0 +1.956160516e-01 +1.832056161e+02 +1.832056161e+02
814 0 +1.760848701e-01 +1.831860849e+02 +1.831860849e+02
828 0 +1.502159517e-01 +1.831602160e+02 +1.831602160e+02
844 0 +1.190680675e-01 +1.831290681e+02 +1.831290681e+02
869 0 +8.175312943e-02 +1.830917531e+02 +1.830917531e+02
872 0 +7.708057823e-02 +1.830870806e+02 +1.830870806e+02
877 0 +5.731911681e-02 +1.830673191e+02 +1.830673191e+02
900 0 +4.830053127e-02 +1.830583005e+02 +1.830583005e+02
966 0 +2.600443713e-02 +1.830360044e+02 +1.830360044e+02
1035 0 +2.188073350e-02 +1.830318807e+02 +1.830318807e+02
1061 0 +1.978915808e-02 +1.830297892e+02 +1.830297892e+02
1095 0 +1.529828394e-02 +1.830252983e+02 +1.830252983e+02
1158 0 +9.735727679e-03 +1.830197357e+02 +1.830197357e+02
1209 0 +7.816665908e-03 +1.830178167e+02 +1.830178167e+02
1228 0 +5.985778685e-03 +1.830159858e+02 +1.830159858e+02
1233 0 +5.533518127e-03 +1.830155335e+02 +1.830155335e+02
1247 0 +4.873594433e-03 +1.830148736e+02 +1.830148736e+02
1258 0 +3.726802631e-03 +1.830137268e+02 +1.830137268e+02
1268 0 +3.094674753e-03 +1.830130947e+02 +1.830130947e+02
1323 0 +2.472094180e-03 +1.830124721e+02 +1.830124721e+02
1366 0 +2.081866816e-03 +1.830120819e+02 +1.830120819e+02
1385 0 +1.343617741e-03 +1.830113436e+02 +1.830113436e+02
1409 0 +1.109669805e-03 +1.830111097e+02 +1.830111097e+02
1421 0 +8.123523294e-04 +1.830108124e+02 +1.830108124e+02
1430 0 +6.628216940e-04 +1.830106628e+02 +1.830106628e+02
1467 0 +3.824937110e-04 +1.830103825e+02 +1.830103825e+02
1486 0 +3.205573499e-04 +1.830103206e+02 +1.830103206e+02
1512 0 +2.545989488e-04 +1.830102546e+02 +1.830102546e+02
1543 0 +2.330880267e-04 +1.830102331e+02 +1.830102331e+02
1563 0 +1.613901366e-04 +1.830101614e+02 +1.830101614e+02
1582 0 +1.562561947e-04 +1.830101563e+02 +1.830101563e+02
1585 0 +1.075987152e-04 +1.830101076e+02 +1.830101076e+02
1649 0 +5.138674871e-05 +1.830100514e+02 +1.830100514e+02
1686 0 +4.717260973e-05 +1.830100472e+02 +1.830100472e+02
1706 0 +3.484453703e-05 +1.830100348e+02 +1.830100348e+02
1740 0 +3.011122138e-05 +1.830100301e+02 +1.830100301e+02
1762 0 +2.786511149e-05 +1.830100279e+02 +1.830100279e+02
1797 0 +2.363785129e-05 +1.830100236e+02 +1.830100236e+02
1808 0 +1.413695244e-05 +1.830100141e+02 +1.830100141e+02
1812 0 +1.336002515e-05 +1.830100134e+02 +1.830100134e+02
1851 0 +1.154586349e-05 +1.830100115e+02 +1.830100115e+02
1862 0 +8.047819080e-06 +1.830100080e+02 +1.830100080e+02
1873 0 +6.957468116e-06 +1.830100070e+02 +1.830100070e+02
1900 0 +5.145070077e-06 +1.830100051e+02 +1.830100051e+02
1932 0 +4.568866188e-06 +1.830100046e+02 +1.830100046e+02
1933 0 +4.080805326e-06 +1.830100041e+02 +1.830100041e+02
1976 0 +3.039864453e-06 +1.830100030e+02 +1.830100030e+02
1983 0 +2.753854176e-06 +1.830100028e+02 +1.830100028e+02
1993 0 +2.428141272e-06 +1.830100024e+02 +1.830100024e+02
2028 0 +2.013023504e-06 +1.830100020e+02 +1.830100020e+02
2041 0 +1.976123798e-06 +1.830100020e+02 +1.830100020e+02
2054 0 +1.038620297e-06 +1.830100010e+02 +1.830100010e+02
2095 0 +7.970215279e-07 +1.830100008e+02 +1.830100008e+02
2115 0 +6.658794121e-07 +1.830100007e+02 +1.830100007e+02
2156 0 +5.844461839e-07 +1.830100006e+02 +1.830100006e+02
2167 0 +5.221544370e-07 +1.830100005e+02 +1.830100005e+02
2168 0 +4.791284880e-07 +1.830100005e+02 +1.830100005e+02
2180 0 +4.221581094e-07 +1.830100004e+02 +1.830100004e+02
2183 0 +3.565582176e-07 +1.830100004e+02 +1.830100004e+02
2189 0 +2.714959635e-07 +1.830100003e+02 +1.830100003e+02
2235 0 +2.462168993e-07 +1.830100002e+02 +1.830100002e+02
2248 0 +2.163740760e-07 +1.830100002e+02 +1.830100002e+02
2280 0 +1.901082953e-07 +1.830100002e+02 +1.830100002e+02
2300 0 +1.707055901e-07 +1.830100002e+02 +1.830100002e+02
2304 0 +1.540773553e-07 +1.830100002e+02 +1.830100002e+02
2314 0 +1.202582496e-07 +1.830100001e+02 +1.830100001e+02
2384 0 +1.104723140e-07 +1.830100001e+02 +1.830100001e+02
2389 0 +9.400548606e-08 +1.830100001e+02 +1.830100001e+02
2390 0 +7.116560141e-08 +1.830100001e+02 +1.830100001e+02
2426 0 +7.019323789e-08 +1.830100001e+02 +1.830100001e+02
2429 0 +5.086434385e-08 +1.830100001e+02 +1.830100001e+02
2442 0 +4.626929240e-08 +1.830100000e+02 +1.830100000e+02
2463 0 +4.414118848e-08 +1.830100000e+02 +1.830100000e+02
2494 0 +3.966843565e-08 +1.830100000e+02 +1.830100000e+02
2500 0 +2.851055569e-08 +1.830100000e+02 +1.830100000e+02
2576 0 +2.153447554e-08 +1.830100000e+02 +1.830100000e+02
2597 0 +1.583524067e-08 +1.830100000e+02 +1.830100000e+02
2624 0 +1.275950012e-08 +1.830100000e+02 +1.830100000e+02
2648 0 +1.245720682e-08 +1.830100000e+02 +1.830100000e+02
2649 0 +7.504098676e-09 +1.830100000e+02 +1.830100000e+02
3839 0 +9.947598301e-13 +1.830100000e+02 +1.830100000e+02
4334 0 +0.000000000e+00 +1.830100000e+02 +1.830100000e+02
200004 0 +0.000000000e+00 +1.830100000e+02 +1.830100000e+02
% f evaluations | g evaluations | best noise-free fitness - Fopt (1.835200000000e+02) + sum g_i+ | measured fitness | best measured fitness or single-digit g-values | x1 | x2...
1 0 +1.342399857e+02 +3.177599857e+02 +3.177599857e+02
7 0 +1.250332418e+02 +3.085532418e+02 +3.085532418e+02
13 0 +8.913680814e+01 +2.726568081e+02 +2.726568081e+02
34 0 +8.452269135e+01 +2.680426914e+02 +2.680426914e+02
44 0 +6.961760590e+01 +2.531376059e+02 +2.531376059e+02
75 0 +5.139381562e+01 +2.349138156e+02 +2.349138156e+02
105 0 +4.248235009e+01 +2.260023501e+02 +2.260023501e+02
109 0 +2.961781663e+01 +2.131378166e+02 +2.131378166e+02
124 0 +1.962892509e+01 +2.031489251e+02 +2.031489251e+02
147 0 +1.526206413e+01 +1.987820641e+02 +1.987820641e+02
194 0 +1.308971604e+01 +1.966097160e+02 +1.966097160e+02
198 0 +1.199474870e+01 +1.955147487e+02 +1.955147487e+02
199 0 +1.115518412e+01 +1.946751841e+02 +1.946751841e+02
306 0 +8.115721039e+00 +1.916357210e+02 +1.916357210e+02
317 0 +6.824004961e+00 +1.903440050e+02 +1.903440050e+02
350 0 +5.360849223e+00 +1.888808492e+02 +1.888808492e+02
380 0 +4.925823884e+00 +1.884458239e+02 +1.884458239e+02
402 0 +4.001516588e+00 +1.875215166e+02 +1.875215166e+02
407 0 +3.656556453e+00 +1.871765565e+02 +1.871765565e+02
436 0 +3.329641616e+00 +1.868496416e+02 +1.868496416e+02
443 0 +2.795198014e+00 +1.863151980e+02 +1.863151980e+02
468 0 +2.292974918e+00 +1.858129749e+02 +1.858129749e+02
486 0 +1.961019276e+00 +1.854810193e+02 +1.854810193e+02
505 0 +1.194154576e+00 +1.847141546e+02 +1.847141546e+02
596 0 +1.023922141e+00 +1.845439221e+02 +1.845439221e+02
604 0 +7.788132793e-01 +1.842988133e+02 +1.842988133e+02
632 0 +6.077468571e-01 +1.841277469e+02 +1.841277469e+02
643 0 +5.156003457e-01 +1.840356003e+02 +1.840356003e+02
661 0 +3.668706839e-01 +1.838868707e+02 +1.838868707e+02
673 0 +2.329754231e-01 +1.837529754e+02 +1.837529754e+02
724 0 +1.826046960e-01 +1.837026047e+02 +1.837026047e+02
739 0 +1.487750654e-01 +1.836687751e+02 +1.836687751e+02
779 0 +1.276797231e-01 +1.836476797e+02 +1.836476797e+02
786 0 +8.064421303e-02 +1.836006442e+02 +1.836006442e+02
888 0 +6.832871341e-02 +1.835883287e+02 +1.835883287e+02
889 0 +6.126591347e-02 +1.835812659e+02 +1.835812659e+02
899 0 +3.438854733e-02 +1.835543885e+02 +1.835543885e+02
949 0 +2.035260251e-02 +1.835403526e+02 +1.835403526e+02
988 0 +1.993131674e-02 +1.835399313e+02 +1.835399313e+02
1085 0 +1.713363432e-02 +1.835371336e+02 +1.835371336e+02
1090 0 +1.314189306e-02 +1.835331419e+02 +1.835331419e+02
1112 0 +8.285919477e-03 +1.835282859e+02 +1.835282859e+02
1119 0 +5.793323204e-03 +1.835257933e+02 +1.835257933e+02
1201 0 +5.424373135e-03 +1.835254244e+02 +1.835254244e+02
1223 0 +4.216436010e-03 +1.835242164e+02 +1.835242164e+02
1226 0 +3.806440314e-03 +1.835238064e+02 +1.835238064e+02
1229 0 +3.181998280e-03 +1.835231820e+02 +1.835231820e+02
1235 0 +3.049918961e-03 +1.835230499e+02 +1.835230499e+02
1241 0 +2.087638543e-03 +1.835220876e+02 +1.835220876e+02
1323 0 +1.886015559e-03 +1.835218860e+02 +1.835218860e+02
1355 0 +1.722205765e-03 +1.835217222e+02 +1.835217222e+02
1376 0 +1.518184101e-03 +1.835215182e+02 +1.835215182e+02
1396 0 +1.007167035e-03 +1.835210072e+02 +1.835210072e+02
1409 0 +9.651115906e-04 +1.835209651e+02 +1.835209651e+02
1421 0 +5.461225772e-04 +1.835205461e+02 +1.835205461e+02
1455 0 +4.977165265e-04 +1.835204977e+02 +1.835204977e+02
1470 0 +3.397200527e-04 +1.835203397e+02 +1.835203397e+02
1475 0 +2.957727290e-04 +1.835202958e+02 +1.835202958e+02
1533 0 +2.030527356e-04 +1.835202031e+02 +1.835202031e+02
1574 0 +1.908214498e-04 +1.835201908e+02 +1.835201908e+02
1585 0 +1.625756927e-04 +1.835201626e+02 +1.835201626e+02
1603 0 +1.157511050e-04 +1.835201158e+02 +1.835201158e+02
1625 0 +8.729891255e-05 +1.835200873e+02 +1.835200873e+02
1686 0 +5.899489494e-05 +1.835200590e+02 +1.835200590e+02
1709 0 +3.193894040e-05 +1.835200319e+02 +1.835200319e+02
1761 0 +2.690102417e-05 +1.835200269e+02 +1.835200269e+02
1797 0 +2.499190754e-05 +1.835200250e+02 +1.835200250e+02
1839 0 +2.197127125e-05 +1.835200220e+02 +1.835200220e+02
1849 0 +1.354454761e-05 +1.835200135e+02 +1.835200135e+02
1873 0 +7.394930691e-06 +1.835200074e+02 +1.835200074e+02
1937 0 +7.023693485e-06 +1.835200070e+02 +1.835200070e+02
1959 0 +5.668264691e-06 +1.835200057e+02 +1.835200057e+02
1961 0 +4.670859340e-06 +1.835200047e+02 +1.835200047e+02
2016 0 +3.121668328e-06 +1.835200031e+02 +1.835200031e+02
2051 0 +2.497975828e-06 +1.835200025e+02 +1.835200025e+02
2056 0 +2.009202717e-06 +1.835200020e+02 +1.835200020e+02
2080 0 +1.682571707e-06 +1.835200017e+02 +1.835200017e+02
2119 0 +1.568585475e-06 +1.835200016e+02 +1.835200016e+02
2127 0 +1.348498188e-06 +1.835200013e+02 +1.835200013e+02
2128 0 +1.190274872e-06 +1.835200012e+02 +1.835200012e+02
2177 0 +9.692380445e-07 +1.835200010e+02 +1.835200010e+02
2183 0 +8.115670767e-07 +1.835200008e+02 +1.835200008e+02
2186 0 +7.416050494e-07 +1.835200007e+02 +1.835200007e+02
2267 0 +6.911642174e-07 +1.835200007e+02 +1.835200007e+02
2269 0 +6.199888389e-07 +1.835200006e+02 +1.835200006e+02
2271 0 +4.897692918e-07 +1.835200005e+02 +1.835200005e+02
2293 0 +4.225281316e-07 +1.835200004e+02 +1.835200004e+02
2326 0 +3.791990082e-07 +1.835200004e+02 +1.835200004e+02
2329 0 +2.602703546e-07 +1.835200003e+02 +1.835200003e+02
2341 0 +2.085956510e-07 +1.835200002e+02 +1.835200002e+02
2409 0 +1.706119690e-07 +1.835200002e+02 +1.835200002e+02
2461 0 +1.069273026e-07 +1.835200001e+02 +1.835200001e+02
2479 0 +7.542340086e-08 +1.835200001e+02 +1.835200001e+02
2486 0 +6.708208389e-08 +1.835200001e+02 +1.835200001e+02
2527 0 +5.213507848e-08 +1.835200001e+02 +1.835200001e+02
2548 0 +4.860731906e-08 +1.835200000e+02 +1.835200000e+02
2611 0 +3.871437571e-08 +1.835200000e+02 +1.835200000e+02
2623 0 +3.523194891e-08 +1.835200000e+02 +1.835200000e+02
2633 0 +2.938139687e-08 +1.835200000e+02 +1.835200000e+02
2636 0 +2.394125431e-08 +1.835200000e+02 +1.835200000e+02
2673 0 +1.623524781e-08 +1.835200000e+02 +1.835200000e+02
2707 0 +1.504801617e-08 +1.835200000e+02 +1.835200000e+02
2720 0 +1.307873276e-08 +1.835200000e+02 +1.835200000e+02
2754 0 +1.207840228e-08 +1.835200000e+02 +1.835200000e+02
2775 0 +9.643144949e-09 +1.835200000e+02 +1.835200000e+02
3853 0 +9.663381206e-13 +1.835200000e+02 +1.835200000e+02
200004 0 +2.842170943e-14 +1.835200000e+02 +1.835200000e+02
% f evaluations | g evaluations | best noise-free fitness - Fopt (-5.938400000000e+02) + sum g_i+ | measured fitness | best measured fitness or single-digit g-values | x1 | x2...
1 0 +9.298257104e+01 -5.008574290e+02 -5.008574290e+02
6 0 +8.928629180e+01 -5.045537082e+02 -5.045537082e+02
14 0 +7.153517978e+01 -5.223048202e+02 -5.223048202e+02
33 0 +5.648494100e+01 -5.373550590e+02 -5.373550590e+02
40 0 +4.129859518e+01 -5.525414048e+02 -5.525414048e+02
58 0 +3.301596673e+01 -5.608240333e+02 -5.608240333e+02
71 0 +2.522619854e+01 -5.686138015e+02 -5.686138015e+02
92 0 +2.103653979e+01 -5.728034602e+02 -5.728034602e+02
108 0 +1.853880243e+01 -5.753011976e+02 -5.753011976e+02
192 0 +1.597178156e+01 -5.778682184e+02 -5.778682184e+02
223 0 +1.235085459e+01 -5.814891454e+02 -5.814891454e+02
241 0 +9.628149097e+00 -5.842118509e+02 -5.842118509e+02
277 0 +7.789234036e+00 -5.860507660e+02 -5.860507660e+02
302 0 +6.025489465e+00 -5.878145105e+02 -5.878145105e+02
303 0 +5.517612059e+00 -5.883223879e+02 -5.883223879e+02
309 0 +2.797802735e+00 -5.910421973e+02 -5.910421973e+02
417 0 +2.320466969e+00 -5.915195330e+02 -5.915195330e+02
426 0 +1.804037492e+00 -5.920359625e+02 -5.920359625e+02
478 0 +1.232800512e+00 -5.926071995e+02 -5.926071995e+02
494 0 +8.634665420e-01 -5.929765335e+02 -5.929765335e+02
542 0 +6.956932584e-01 -5.931443067e+02 -5.931443067e+02
630 0 +6.020596570e-01 -5.932379403e+02 -5.932379403e+02
647 0 +5.581190346e-01 -5.932818810e+02 -5.932818810e+02
663 0 +4.123631850e-01 -5.934276368e+02 -5.934276368e+02
673 0 +3.850739082e-01 -5.934549261e+02 -5.934549261e+02
694 0 +2.317327257e-01 -5.936082673e+02 -5.936082673e+02
754 0 +2.139332579e-01 -5.936260667e+02 -5.936260667e+02
767 0 +1.571072829e-01 -5.936828927e+02 -5.936828927e+02
786 0 +1.270431131e-01 -5.937129569e+02 -5.937129569e+02
797 0 +8.696153261e-02 -5.937530385e+02 -5.937530385e+02
817 0 +7.065275195e-02 -5.937693472e+02 -5.937693472e+02
858 0 +6.022160016e-02 -5.937797784e+02 -5.937797784e+02
870 0 +5.550966229e-02 -5.937844903e+02 -5.937844903e+02
901 0 +4.607893580e-02 -5.937939211e+02 -5.937939211e+02
912 0 +3.501216421e-02 -5.938049878e+02 -5.938049878e+02
941 0 +2.819639147e-02 -5.938118036e+02 -5.938118036e+02
949 0 +2.006789682e-02 -5.938199321e+02 -5.938199321e+02
976 0 +1.759710540e-02 -5.938224029e+02 -5.938224029e+02
999 0 +1.547225281e-02 -5.938245277e+02 -5.938245277e+02
1042 0 +1.184125253e-02 -5.938281587e+02 -5.938281587e+02
1066 0 +9.230098884e-03 -5.938307699e+02 -5.938307699e+02
1112 0 +6.928395243e-03 -5.938330716e+02 -5.938330716e+02
1119 0 +5.495754026e-03 -5.938345042e+02 -5.938345042e+02
1147 0 +3.971135271e-03 -5.938360289e+02 -5.938360289e+02
1152 0 +3.137412453e-03 -5.938368626e+02 -5.938368626e+02
1229 0 +2.523336352e-03 -5.938374767e+02 -5.938374767e+02
1234 0 +2.351819254e-03 -5.938376482e+02 -5.938376482e+02
1283 0 +1.641571961e-03 -5.938383584e+02 -5.938383584e+02
1309 0 +1.280755597e-03 -5.938387192e+02 -5.938387192e+02
1317 0 +1.255477127e-03 -5.938387445e+02 -5.938387445e+02
1355 0 +1.036394113e-03 -5.938389636e+02 -5.938389636e+02
1376 0 +9.405183450e-04 -5.938390595e+02 -5.938390595e+02
1380 0 +8.837571040e-04 -5.938391162e+02 -5.938391162e+02
1390 0 +6.300783799e-04 -5.938393699e+02 -5.938393699e+02
1409 0 +5.025960337e-04 -5.938394974e+02 -5.938394974e+02
1442 0 +4.322122334e-04 -5.938395678e+02 -5.938395678e+02
1447 0 +3.881205400e-04 -5.938396119e+02 -5.938396119e+02
1470 0 +3.392331485e-04 -5.938396608e+02 -5.938396608e+02
1482 0 +2.926645607e-04 -5.938397073e+02 -5.938397073e+02
1500 0 +2.454138976e-04 -5.938397546e+02 -5.938397546e+02
1512 0 +1.962718538e-04 -5.938398037e+02 -5.938398037e+02
1545 0 +1.733995680e-04 -5.938398266e+02 -5.938398266e+02
1574 0 +1.546001397e-04 -5.938398454e+02 -5.938398454e+02
1577 0 +1.328275173e-04 -5.938398672e+02 -5.938398672e+02
1585 0 +1.049523217e-04 -5.938398950e+02 -5.938398950e+02
1633 0 +8.068302338e-05 -5.938399193e+02 -5.938399193e+02
1646 0 +6.402183169e-05 -5.938399360e+02 -5.938399360e+02
1652 0 +5.044571230e-05 -5.938399496e+02 -5.938399496e+02
1681 0 +3.848627421e-05 -5.938399615e+02 -5.938399615e+02
1738 0 +3.518622577e-05 -5.938399648e+02 -5.938399648e+02
1749 0 +2.621582223e-05 -5.938399738e+02 -5.938399738e+02
1753 0 +2.123074876e-05 -5.938399788e+02 -5.938399788e+02
1807 0 +1.961577618e-05 -5.938399804e+02 -5.938399804e+02
1809 0 +1.330330963e-05 -5.938399867e+02 -5.938399867e+02
1845 0 +8.737825738e-06 -5.938399913e+02 -5.938399913e+02
1859 0 +7.053985087e-06 -5.938399929e+02 -5.938399929e+02
1959 0 +4.377502705e-06 -5.938399956e+02 -5.938399956e+02
1972 0 +3.543274374e-06 -5.938399965e+02 -5.938399965e+02
2005 0 +2.924468390e-06 -5.938399971e+02 -5.938399971e+02
2024 0 +2.735516659e-06 -5.938399973e+02 -5.938399973e+02
2051 0 +1.874239160e-06 -5.938399981e+02 -5.938399981e+02
2067 0 +1.750931915e-06 -5.938399982e+02 -5.938399982e+02
2098 0 +1.118740101e-06 -5.938399989e+02 -5.938399989e+02
2151 0 +8.979717450e-07 -5.938399991e+02 -5.938399991e+02
2168 0 +8.286857565e-07 -5.938399992e+02 -5.938399992e+02
2183 0 +6.683417269e-07 -5.938399993e+02 -5.938399993e+02
2248 0 +5.929465487e-07 -5.938399994e+02 -5.938399994e+02
2264 0 +4.756631142e-07 -5.938399995e+02 -5.938399995e+02
2280 0 +4.369171620e-07 -5.938399996e+02 -5.938399996e+02
2293 0 +3.703945595e-07 -5.938399996e+02 -5.938399996e+02
2308 0 +2.693724355e-07 -5.938399997e+02 -5.938399997e+02
2312 0 +2.449153271e-07 -5.938399998e+02 -5.938399998e+02
2341 0 +1.876354645e-07 -5.938399998e+02 -5.938399998e+02
2374 0 +1.107196113e-07 -5.938399999e+02 -5.938399999e+02
2442 0 +9.624443464e-08 -5.938399999e+02 -5.938399999e+02
2470 0 +7.001858648e-08 -5.938399999e+02 -5.938399999e+02
2494 0 +5.728531960e-08 -5.938399999e+02 -5.938399999e+02
2562 0 +4.191258540e-08 -5.938400000e+02 -5.938400000e+02
2574 0 +3.775801360e-08 -5.938400000e+02 -5.938400000e+02
2575 0 +3.081208888e-08 -5.938400000e+02 -5.938400000e+02
2592 0 +2.792057785e-08 -5.938400000e+02 -5.938400000e+02
2600 0 +2.314993708e-08 -5.938400000e+02 -5.938400000e+02
2628 0 +1.228784186e-08 -5.938400000e+02 -5.938400000e+02
2717 0 +1.061550847e-08 -5.938400000e+02 -5.938400000e+02
2744 0 +7.891912901e-09 -5.938400000e+02 -5.938400000e+02
3885 0 +9.094947018e-13 -5.938400000e+02 -5.938400000e+02
200004 0 +1.136868377e-13 -5.938400000e+02 -5.938400000e+02
% f evaluations | g evaluations | best noise-free fitness - Fopt (-1.000000000000e+03) + sum g_i+ | measured fitness | best measured fitness or single-digit g-values | x1 | x2...
1 0 +1.870465412e+02 -8.129534588e+02 -8.129534588e+02
2 0 +1.192391284e+02 -8.807608716e+02 -8.807608716e+02
3 0 +8.914668897e+01 -9.108533110e+02 -9.108533110e+02
14 0 +8.837523927e+01 -9.116247607e+02 -9.116247607e+02
26 0 +6.859179027e+01 -9.314082097e+02 -9.314082097e+02
42 0 +6.123227958e+01 -9.387677204e+02 -9.387677204e+02
54 0 +5.601710525e+01 -9.439828948e+02 -9.439828948e+02
62 0 +4.370202712e+01 -9.562979729e+02 -9.562979729e+02
74 0 +3.615297157e+01 -9.638470284e+02 -9.638470284e+02
105 0 +2.791744932e+01 -9.720825507e+02 -9.720825507e+02
109 0 +2.283934198e+01 -9.771606580e+02 -9.771606580e+02
123 0 +1.881241617e+01 -9.811875838e+02 -9.811875838e+02
140 0 +1.530784335e+01 -9.846921567e+02 -9.846921567e+02
192 0 +6.779667478e+00 -9.932203325e+02 -9.932203325e+02
271 0 +6.125689597e+00 -9.938743104e+02 -9.938743104e+02
286 0 +5.070892063e+00 -9.949291079e+02 -9.949291079e+02
298 0 +4.594741983e+00 -9.954052580e+02 -9.954052580e+02
310 0 +4.452278679e+00 -9.955477213e+02 -9.955477213e+02
391 0 +3.908842037e+00 -9.960911580e+02 -9.960911580e+02
407 0 +3.513280327e+00 -9.964867197e+02 -9.964867197e+02
414 0 +3.025611330e+00 -9.969743887e+02 -9.969743887e+02
437 0 +2.673247043e+00 -9.973267530e+02 -9.973267530e+02
443 0 +2.197096711e+00 -9.978029033e+02 -9.978029033e+02
478 0 +1.975253605e+00 -9.980247464e+02 -9.980247464e+02
481 0 +1.277866332e+00 -9.987221337e+02 -9.987221337e+02
509 0 +1.212822027e+00 -9.987871780e+02 -9.987871780e+02
596 0 +6.798641648e-01 -9.993201358e+02 -9.993201358e+02
615 0 +4.720073329e-01 -9.995279927e+02 -9.995279927e+02
626 0 +4.362060796e-01 -9.995637939e+02 -9.995637939e+02
670 0 +3.891288653e-01 -9.996108711e+02 -9.996108711e+02
673 0 +3.023932374e-01 -9.996976068e+02 -9.996976068e+02
714 0 +2.491104442e-01 -9.997508896e+02 -9.997508896e+02
724 0 +1.500425465e-01 -9.998499575e+02 -9.998499575e+02
782 0 +1.322580851e-01 -9.998677419e+02 -9.998677419e+02
786 0 +1.192592602e-01 -9.998807407e+02 -9.998807407e+02
820 0 +1.038542394e-01 -9.998961458e+02 -9.998961458e+02
825 0 +9.362784402e-02 -9.999063722e+02 -9.999063722e+02
840 0 +6.045114717e-02 -9.999395489e+02 -9.999395489e+02
844 0 +4.465626290e-02 -9.999553437e+02 -9.999553437e+02
873 0 +3.956163627e-02 -9.999604384e+02 -9.999604384e+02
899 0 +3.501206673e-02 -9.999649879e+02 -9.999649879e+02
945 0 +2.873213752e-02 -9.999712679e+02 -9.999712679e+02
949 0 +2.813160433e-02 -9.999718684e+02 -9.999718684e+02
966 0 +2.263441455e-02 -9.999773656e+02 -9.999773656e+02
1016 0 +2.218918739e-02 -9.999778108e+02 -9.999778108e+02
1022 0 +1.644567226e-02 -9.999835543e+02 -9.999835543e+02
1031 0 +1.312993935e-02 -9.999868701e+02 -9.999868701e+02
1052 0 +1.238152372e-02 -9.999876185e+02 -9.999876185e+02
1071 0 +1.083172130e-02 -9.999891683e+02 -9.999891683e+02
1085 0 +6.339946793e-03 -9.999936601e+02 -9.999936601e+02
1103 0 +6.300233306e-03 -9.999936998e+02 -9.999936998e+02
1128 0 +5.014099729e-03 -9.999949859e+02 -9.999949859e+02
1134 0 +4.605564649e-03 -9.999953944e+02 -9.999953944e+02
1142 0 +4.288385043e-03 -9.999957116e+02 -9.999957116e+02
1152 0 +3.868581193e-03 -9.999961314e+02 -9.999961314e+02
1156 0 +3.294092233e-03 -9.999967059e+02 -9.999967059e+02
1194 0 +3.121190733e-03 -9.999968788e+02 -9.999968788e+02
1216 0 +1.881552315e-03 -9.999981184e+02 -9.999981184e+02
1275 0 +1.746569310e-03 -9.999982534e+02 -9.999982534e+02
1281 0 +1.479977816e-03 -9.999985200e+02 -9.999985200e+02
1282 0 +1.255896076e-03 -9.999987441e+02 -9.999987441e+02
1285 0 +8.470612210e-04 -9.999991529e+02 -9.999991529e+02
1338 0 +6.825645966e-04 -9.999993174e+02 -9.999993174e+02
1408 0 +5.277426571e-04 -9.999994723e+02 -9.999994723e+02
1414 0 +4.274768963e-04 -9.999995725e+02 -9.999995725e+02
1448 0 +3.822823851e-04 -9.999996177e+02 -9.999996177e+02
1455 0 +1.983131986e-04 -9.999998017e+02 -9.999998017e+02
1475 0 +1.145221132e-04 -9.999998855e+02 -9.999998855e+02
1542 0 +9.912922110e-05 -9.999999009e+02 -9.999999009e+02
1585 0 +7.348203280e-05 -9.999999265e+02 -9.999999265e+02
1592 0 +5.036982793e-05 -9.999999496e+02 -9.999999496e+02
1601 0 +4.945481271e-05 -9.999999505e+02 -9.999999505e+02
1686 0 +4.129348338e-05 -9.999999587e+02 -9.999999587e+02
1711 0 +3.320951475e-05 -9.999999668e+02 -9.999999668e+02
1749 0 +2.698680430e-05 -9.999999730e+02 -9.999999730e+02
1765 0 +2.421590273e-05 -9.999999758e+02 -9.999999758e+02
1808 0 +1.617309692e-05 -9.999999838e+02 -9.999999838e+02
1844 0 +1.577967487e-05 -9.999999842e+02 -9.999999842e+02
1849 0 +1.207318155e-05 -9.999999879e+02 -9.999999879e+02
1866 0 +1.081747166e-05 -9.999999892e+02 -9.999999892e+02
1876 0 +6.788073847e-06 -9.999999932e+02 -9.999999932e+02
1900 0 +5.736595199e-06 -9.999999943e+02 -9.999999943e+02
1935 0 +5.326398536e-06 -9.999999947e+02 -9.999999947e+02
1937 0 +4.151958706e-06 -9.999999958e+02 -9.999999958e+02
1964 0 +3.850783060e-06 -9.999999961e+02 -9.999999961e+02
2014 0 +3.487843628e-06 -9.999999965e+02 -9.999999965e+02
2022 0 +2.503834708e-06 -9.999999975e+02 -9.999999975e+02
2047 0 +1.511160463e-06 -9.999999985e+02 -9.999999985e+02
2083 0 +1.386608346e-06 -9.999999986e+02 -9.999999986e+02
2110 0 +1.131988711e-06 -9.999999989e+02 -9.999999989e+02
2128 0 +8.026974001e-07 -9.999999992e+02 -9.999999992e+02
2134 0 +6.315211749e-07 -9.999999994e+02 -9.999999994e+02
2137 0 +6.158687711e-07 -9.999999994e+02 -9.999999994e+02
2167 0 +5.497613529e-07 -9.999999995e+02 -9.999999995e+02
2183 0 +4.834762422e-07 -9.999999995e+02 -9.999999995e+02
2206 0 +4.132965614e-07 -9.999999996e+02 -9.999999996e+02
2239 0 +3.418024335e-07 -9.999999997e+02 -9.999999997e+02
2276 0 +2.895955049e-07 -9.999999997e+02 -9.999999997e+02
2293 0 +2.506944838e-07 -9.999999997e+02 -9.999999997e+02
2341 0 +1.317810074e-07 -9.999999999e+02 -9.999999999e+02
2388 0 +1.125263225e-07 -9.999999999e+02 -9.999999999e+02
2390 0 +7.688277037e-08 -9.999999999e+02 -9.999999999e+02
2463 0 +6.515267614e-08 -9.999999999e+02 -9.999999999e+02
2491 0 +4.844412160e-08 -1.000000000e+03 -1.000000000e+03
2506 0 +4.440744306e-08 -1.000000000e+03 -1.000000000e+03
2551 0 +3.032880613e-08 -1.000000000e+03 -1.000000000e+03
2603 0 +2.743945515e-08 -1.000000000e+03 -1.000000000e+03
2608 0 +2.345018402e-08 -1.000000000e+03 -1.000000000e+03
2654 0 +2.193826276e-08 -1.000000000e+03 -1.000000000e+03
2710 0 +1.993157639e-08 -1.000000000e+03 -1.000000000e+03
2711 0 +1.315572717e-08 -1.000000000e+03 -1.000000000e+03
2750 0 +9.801851775e-09 -1.000000000e+03 -1.000000000e+03
3785 0 +9.094947018e-13 -1.000000000e+03 -1.000000000e+03
4367 0 +0.000000000e+00 -1.000000000e+03 -1.000000000e+03
200004 0 +0.000000000e+00 -1.000000000e+03 -1.000000000e+03
% f evaluations | g evaluations | best noise-free fitness - Fopt (-2.531000000000e+01) + sum g_i+ | measured fitness | best measured fitness or single-digit g-values | x1 | x2...
1 0 +1.302160656e+02 +1.049060656e+02 +1.049060656e+02
2 0 +1.240043422e+02 +9.869434224e+01 +9.869434224e+01
3 0 +1.095644491e+02 +8.425444908e+01 +8.425444908e+01
16 0 +9.812562083e+01 +7.281562083e+01 +7.281562083e+01
27 0 +8.593384850e+01 +6.062384850e+01 +6.062384850e+01
39 0 +7.770996502e+01 +5.239996502e+01 +5.239996502e+01
58 0 +6.006385433e+01 +3.475385433e+01 +3.475385433e+01
84 0 +5.614504557e+01 +3.083504557e+01 +3.083504557e+01
91 0 +4.599994010e+01 +2.068994010e+01 +2.068994010e+01
93 0 +3.569424382e+01 +1.038424382e+01 +1.038424382e+01
108 0 +3.443598359e+01 +9.125983589e+00 +9.125983589e+00
146 0 +2.790797263e+01 +2.597972630e+00 +2.597972630e+00
152 0 +2.467812782e+01 -6.318721754e-01 -6.318721754e-01
192 0 +1.961545412e+01 -5.694545885e+00 -5.694545885e+00
226 0 +1.232562759e+01 -1.298437241e+01 -1.298437241e+01
237 0 +1.053375187e+01 -1.477624813e+01 -1.477624813e+01
266 0 +8.340884078e+00 -1.696911592e+01 -1.696911592e+01
317 0 +6.562812200e+00 -1.874718780e+01 -1.874718780e+01
327 0 +5.556895086e+00 -1.975310491e+01 -1.975310491e+01
352 0 +3.420436959e+00 -2.188956304e+01 -2.188956304e+01
405 0 +2.347722632e+00 -2.296227737e+01 -2.296227737e+01
451 0 +1.792132248e+00 -2.351786775e+01 -2.351786775e+01
465 0 +1.606983270e+00 -2.370301673e+01 -2.370301673e+01
506 0 +1.320966016e+00 -2.398903398e+01 -2.398903398e+01
531 0 +1.019352965e+00 -2.429064703e+01 -2.429064703e+01
542 0 +7.296736591e-01 -2.458032634e+01 -2.458032634e+01
562 0 +6.813792893e-01 -2.462862071e+01 -2.462862071e+01
607 0 +5.626056260e-01 -2.474739437e+01 -2.474739437e+01
632 0 +4.795532393e-01 -2.483044676e+01 -2.483044676e+01
643 0 +4.230366537e-01 -2.488696335e+01 -2.488696335e+01
653 0 +3.812865430e-01 -2.492871346e+01 -2.492871346e+01
661 0 +3.401782743e-01 -2.496982173e+01 -2.496982173e+01
707 0 +2.773609682e-01 -2.503263903e+01 -2.503263903e+01
717 0 +2.214869085e-01 -2.508851309e+01 -2.508851309e+01
782 0 +1.602604152e-01 -2.514973958e+01 -2.514973958e+01
806 0 +1.343280623e-01 -2.517567194e+01 -2.517567194e+01
840 0 +1.011418644e-01 -2.520885814e+01 -2.520885814e+01
850 0 +8.637642246e-02 -2.522362358e+01 -2.522362358e+01
891 0 +6.496139820e-02 -2.524503860e+01 -2.524503860e+01
912 0 +5.738170366e-02 -2.525261830e+01 -2.525261830e+01
941 0 +4.728731525e-02 -2.526271268e+01 -2.526271268e+01
1000 0 +3.606663038e-02 -2.527393337e+01 -2.527393337e+01
1024 0 +3.003929760e-02 -2.527996070e+01 -2.527996070e+01
1037 0 +2.476565708e-02 -2.528523434e+01 -2.528523434e+01
1056 0 +1.808002232e-02 -2.529191998e+01 -2.529191998e+01
1101 0 +1.372671382e-02 -2.529627329e+01 -2.529627329e+01
1134 0 +1.013180250e-02 -2.529986820e+01 -2.529986820e+01
1142 0 +8.099069057e-03 -2.530190093e+01 -2.530190093e+01
1163 0 +7.614409572e-03 -2.530238559e+01 -2.530238559e+01
1201 0 +6.997189125e-03 -2.530300281e+01 -2.530300281e+01
1215 0 +6.180065143e-03 -2.530381993e+01 -2.530381993e+01
1226 0 +5.025697717e-03 -2.530497430e+01 -2.530497430e+01
1227 0 +4.674675325e-03 -2.530532532e+01 -2.530532532e+01
1242 0 +4.335713028e-03 -2.530566429e+01 -2.530566429e+01
1257 0 +2.226294006e-03 -2.530777371e+01 -2.530777371e+01
1347 0 +1.766332110e-03 -2.530823367e+01 -2.530823367e+01
1378 0 +1.583583159e-03 -2.530841642e+01 -2.530841642e+01
1393 0 +1.361266654e-03 -2.530863873e+01 -2.530863873e+01
1398 0 +9.759499465e-04 -2.530902405e+01 -2.530902405e+01
1409 0 +8.085190530e-04 -2.530919148e+01 -2.530919148e+01
1427 0 +7.166956608e-04 -2.530928330e+01 -2.530928330e+01
1428 0 +6.285877039e-04 -2.530937141e+01 -2.530937141e+01
1459 0 +4.812882340e-04 -2.530951871e+01 -2.530951871e+01
1470 0 +4.429843873e-04 -2.530955702e+01 -2.530955702e+01
1475 0 +3.072903667e-04 -2.530969271e+01 -2.530969271e+01
1487 0 +2.749248554e-04 -2.530972508e+01 -2.530972508e+01
1525 0 +2.242461844e-04 -2.530977575e+01 -2.530977575e+01
1540 0 +1.155163192e-04 -2.530988448e+01 -2.530988448e+01
1606 0 +8.926447051e-05 -2.530991074e+01 -2.530991074e+01
1612 0 +8.533550690e-05 -2.530991466e+01 -2.530991466e+01
1633 0 +7.231979620e-05 -2.530992768e+01 -2.530992768e+01
1646 0 +6.646104764e-05 -2.530993354e+01 -2.530993354e+01
1649 0 +4.899646185e-05 -2.530995100e+01 -2.530995100e+01
1674 0 +3.929920786e-05 -2.530996070e+01 -2.530996070e+01
1762 0 +3.170215334e-05 -2.530996830e+01 -2.530996830e+01
1776 0 +3.059508760e-05 -2.530996940e+01 -2.530996940e+01
1777 0 +2.223051282e-05 -2.530997777e+01 -2.530997777e+01
1790 0 +1.957407031e-05 -2.530998043e+01 -2.530998043e+01
1800 0 +1.699107292e-05 -2.530998301e+01 -2.530998301e+01
1849 0 +1.571117231e-05 -2.530998429e+01 -2.530998429e+01
1860 0 +1.105505574e-05 -2.530998894e+01 -2.530998894e+01
1900 0 +7.871742852e-06 -2.530999213e+01 -2.530999213e+01
1925 0 +6.069306487e-06 -2.530999393e+01 -2.530999393e+01
1976 0 +5.351046703e-06 -2.530999465e+01 -2.530999465e+01
1983 0 +4.405264381e-06 -2.530999559e+01 -2.530999559e+01
2047 0 +2.047408806e-06 -2.530999795e+01 -2.530999795e+01
2096 0 +1.965593441e-06 -2.530999803e+01 -2.530999803e+01
2103 0 +1.450882234e-06 -2.530999855e+01 -2.530999855e+01
2130 0 +1.309403444e-06 -2.530999869e+01 -2.530999869e+01
2143 0 +1.212890346e-06 -2.530999879e+01 -2.530999879e+01
2163 0 +9.072610254e-07 -2.530999909e+01 -2.530999909e+01
2183 0 +7.921427105e-07 -2.530999921e+01 -2.530999921e+01
2198 0 +6.580354110e-07 -2.530999934e+01 -2.530999934e+01
2268 0 +6.172117359e-07 -2.530999938e+01 -2.530999938e+01
2271 0 +5.314897642e-07 -2.530999947e+01 -2.530999947e+01
2285 0 +4.704195078e-07 -2.530999953e+01 -2.530999953e+01
2293 0 +4.057060288e-07 -2.530999959e+01 -2.530999959e+01
2299 0 +3.775164359e-07 -2.530999962e+01 -2.530999962e+01
2316 0 +2.852206045e-07 -2.530999971e+01 -2.530999971e+01
2341 0 +2.652065234e-07 -2.530999973e+01 -2.530999973e+01
2352 0 +2.481809709e-07 -2.530999975e+01 -2.530999975e+01
2413 0 +2.234068930e-07 -2.530999978e+01 -2.530999978e+01
2441 0 +1.486227639e-07 -2.530999985e+01 -2.530999985e+01
2473 0 +7.752779752e-08 -2.530999992e+01 -2.530999992e+01
2494 0 +5.394798919e-08 -2.530999995e+01 -2.530999995e+01
2539 0 +4.984126534e-08 -2.530999995e+01 -2.530999995e+01
2611 0 +3.971329576e-08 -2.530999996e+01 -2.530999996e+01
2636 0 +3.290762507e-08 -2.530999997e+01 -2.530999997e+01
2668 0 +3.123715686e-08 -2.530999997e+01 -2.530999997e+01
2685 0 +2.521623443e-08 -2.530999997e+01 -2.530999997e+01
2698 0 +2.447188763e-08 -2.530999998e+01 -2.530999998e+01
2707 0 +2.154964918e-08 -2.530999998e+01 -2.530999998e+01
2727 0 +1.957310403e-08 -2.530999998e+01 -2.530999998e+01
2738 0 +1.437678421e-08 -2.530999999e+01 -2.530999999e+01
2768 0 +1.043635223e-08 -2.530999999e+01 -2.530999999e+01
2785 0 +8.552053288e-09 -2.530999999e+01 -2.530999999e+01
3934 0 +8.064660051e-13 -2.531000000e+01 -2.531000000e+01
200004 0 +3.552713679e-15 -2.531000000e+01 -2.531000000e+01
% f evaluations | g evaluations | best noise-free fitness - Fopt (2.228000000000e+01) + sum g_i+ | measured fitness | best measured fitness or single-digit g-values | x1 | x2...
1 0 +9.003431618e+01 +1.123143162e+02 +1.123143162e+02
11 0 +8.589176357e+01 +1.081717636e+02 +1.081717636e+02
14 0 +7.851802491e+01 +1.007980249e+02 +1.007980249e+02
25 0 +5.799649836e+01 +8.027649836e+01 +8.027649836e+01
38 0 +5.398452143e+01 +7.626452143e+01 +7.626452143e+01
47 0 +4.711990063e+01 +6.939990063e+01 +6.939990063e+01
54 0 +4.285558854e+01 +6.513558854e+01 +6.513558854e+01
62 0 +3.443528605e+01 +5.671528605e+01 +5.671528605e+01
88 0 +2.983249667e+01 +5.211249667e+01 +5.211249667e+01
92 0 +1.988527480e+01 +4.216527480e+01 +4.216527480e+01
126 0 +1.330021864e+01 +3.558021864e+01 +3.558021864e+01
198 0 +1.033346421e+01 +3.261346421e+01 +3.261346421e+01
258 0 +9.567705271e+00 +3.184770527e+01 +3.184770527e+01
265 0 +8.507449711e+00 +3.078744971e+01 +3.078744971e+01
286 0 +5.681554039e+00 +2.796155404e+01 +2.796155404e+01
361 0 +3.295032250e+00 +2.557503225e+01 +2.557503225e+01
387 0 +3.028059107e+00 +2.530805911e+01 +2.530805911e+01
391 0 +2.457791569e+00 +2.473779157e+01 +2.473779157e+01
459 0 +2.229253633e+00 +2.450925363e+01 +2.450925363e+01
480 0 +1.780673306e+00 +2.406067331e+01 +2.406067331e+01
494 0 +1.761895367e+00 +2.404189537e+01 +2.404189537e+01
505 0 +1.524502554e+00 +2.380450255e+01 +2.380450255e+01
522 0 +9.890638502e-01 +2.326906385e+01 +2.326906385e+01
554 0 +7.047768468e-01 +2.298477685e+01 +2.298477685e+01
598 0 +5.611809580e-01 +2.284118096e+01 +2.284118096e+01
618 0 +3.996869753e-01 +2.267968698e+01 +2.267968698e+01
643 0 +3.156128184e-01 +2.259561282e+01 +2.259561282e+01
722 0 +2.793748974e-01 +2.255937490e+01 +2.255937490e+01
729 0 +2.198769653e-01 +2.249987697e+01 +2.249987697e+01
767 0 +1.985780736e-01 +2.247857807e+01 +2.247857807e+01
769 0 +1.175426489e-01 +2.239754265e+01 +2.239754265e+01
782 0 +7.226011580e-02 +2.235226012e+01 +2.235226012e+01
873 0 +5.754304146e-02 +2.233754304e+01 +2.233754304e+01
900 0 +5.574729625e-02 +2.233574730e+01 +2.233574730e+01
915 0 +4.419290707e-02 +2.232419291e+01 +2.232419291e+01
946 0 +3.467481201e-02 +2.231467481e+01 +2.231467481e+01
947 0 +2.946608008e-02 +2.230946608e+01 +2.230946608e+01
949 0 +2.600843504e-02 +2.230600844e+01 +2.230600844e+01
976 0 +2.293264503e-02 +2.230293265e+01 +2.230293265e+01
981 0 +1.996539660e-02 +2.229996540e+01 +2.229996540e+01
988 0 +1.893975893e-02 +2.229893976e+01 +2.229893976e+01
1027 0 +1.128536878e-02 +2.229128537e+01 +2.229128537e+01
1042 0 +7.886836691e-03 +2.228788684e+01 +2.228788684e+01
1105 0 +6.834297467e-03 +2.228683430e+01 +2.228683430e+01
1152 0 +5.910616289e-03 +2.228591062e+01 +2.228591062e+01
1185 0 +5.244296628e-03 +2.228524430e+01 +2.228524430e+01
1201 0 +4.561369360e-03 +2.228456137e+01 +2.228456137e+01
1204 0 +3.291254544e-03 +2.228329125e+01 +2.228329125e+01
1226 0 +2.833848872e-03 +2.228283385e+01 +2.228283385e+01
1229 0 +2.818314898e-03 +2.228281831e+01 +2.228281831e+01
1258 0 +2.240605669e-03 +2.228224061e+01 +2.228224061e+01
1269 0 +2.155760631e-03 +2.228215576e+01 +2.228215576e+01
1281 0 +1.529586216e-03 +2.228152959e+01 +2.228152959e+01
1373 0 +1.226430845e-03 +2.228122643e+01 +2.228122643e+01
1390 0 +9.546367587e-04 +2.228095464e+01 +2.228095464e+01
1408 0 +7.049712130e-04 +2.228070497e+01 +2.228070497e+01
1410 0 +4.926703536e-04 +2.228049267e+01 +2.228049267e+01
1430 0 +4.225235613e-04 +2.228042252e+01 +2.228042252e+01
1438 0 +3.952375697e-04 +2.228039524e+01 +2.228039524e+01
1470 0 +2.769959999e-04 +2.228027700e+01 +2.228027700e+01
1532 0 +2.055074087e-04 +2.228020551e+01 +2.228020551e+01
1534 0 +1.863701729e-04 +2.228018637e+01 +2.228018637e+01
1565 0 +1.770430069e-04 +2.228017704e+01 +2.228017704e+01
1576 0 +1.396703294e-04 +2.228013967e+01 +2.228013967e+01
1603 0 +9.421009798e-05 +2.228009421e+01 +2.228009421e+01
1625 0 +8.753628860e-05 +2.228008754e+01 +2.228008754e+01
1637 0 +7.441188572e-05 +2.228007441e+01 +2.228007441e+01
1649 0 +6.739881008e-05 +2.228006740e+01 +2.228006740e+01
1678 0 +5.896484905e-05 +2.228005896e+01 +2.228005896e+01
1686 0 +3.999008528e-05 +2.228003999e+01 +2.228003999e+01
1753 0 +3.137981034e-05 +2.228003138e+01 +2.228003138e+01
1758 0 +2.741824782e-05 +2.228002742e+01 +2.228002742e+01
1777 0 +2.010279022e-05 +2.228002010e+01 +2.228002010e+01
1795 0 +1.900687289e-05 +2.228001901e+01 +2.228001901e+01
1808 0 +1.432298572e-05 +2.228001432e+01 +2.228001432e+01
1853 0 +1.356451489e-05 +2.228001356e+01 +2.228001356e+01
1870 0 +1.184137320e-05 +2.228001184e+01 +2.228001184e+01
1871 0 +7.687146365e-06 +2.228000769e+01 +2.228000769e+01
1961 0 +4.801800017e-06 +2.228000480e+01 +2.228000480e+01
1996 0 +4.369058789e-06 +2.228000437e+01 +2.228000437e+01
2019 0 +3.296135620e-06 +2.228000330e+01 +2.228000330e+01
2026 0 +2.331383467e-06 +2.228000233e+01 +2.228000233e+01
2035 0 +1.994992552e-06 +2.228000199e+01 +2.228000199e+01
2041 0 +1.722600068e-06 +2.228000172e+01 +2.228000172e+01
2072 0 +1.417344198e-06 +2.228000142e+01 +2.228000142e+01
2106 0 +9.322816261e-07 +2.228000093e+01 +2.228000093e+01
2146 0 +7.782008709e-07 +2.228000078e+01 +2.228000078e+01
2245 0 +5.481114798e-07 +2.228000055e+01 +2.228000055e+01
2304 0 +4.283290984e-07 +2.228000043e+01 +2.228000043e+01
2319 0 +3.587951198e-07 +2.228000036e+01 +2.228000036e+01
2338 0 +2.757702617e-07 +2.228000028e+01 +2.228000028e+01
2416 0 +2.402972861e-07 +2.228000024e+01 +2.228000024e+01
2437 0 +1.733541026e-07 +2.228000017e+01 +2.228000017e+01
2438 0 +1.252551911e-07 +2.228000013e+01 +2.228000013e+01
2494 0 +1.094643594e-07 +2.228000011e+01 +2.228000011e+01
2500 0 +8.855585776e-08 +2.228000009e+01 +2.228000009e+01
2580 0 +6.789968410e-08 +2.228000007e+01 +2.228000007e+01
2593 0 +2.897203899e-08 +2.228000003e+01 +2.228000003e+01
2650 0 +2.036524904e-08 +2.228000002e+01 +2.228000002e+01
2698 0 +1.802645144e-08 +2.228000002e+01 +2.228000002e+01
2775 0 +1.632741231e-08 +2.228000002e+01 +2.228000002e+01
2804 0 +1.491468637e-08 +2.228000001e+01 +2.228000001e+01
2814 0 +9.672788792e-09 +2.228000001e+01 +2.228000001e+01
3968 0 +9.485745522e-13 +2.228000000e+01 +2.228000000e+01
200004 0 +3.552713679e-15 +2.228000000e+01 +2.228000000e+01
% f evaluations | g evaluations | best noise-free fitness - Fopt (3.561400000000e+02) + sum g_i+ | measured fitness | best measured fitness or single-digit g-values | x1 | x2...
1 0 +1.040772639e+02 +4.602172639e+02 +4.602172639e+02
8 0 +9.757348485e+01 +4.537134848e+02 +4.537134848e+02
16 0 +7.956524797e+01 +4.357052480e+02 +4.357052480e+02
19 0 +7.564915152e+01 +4.317891515e+02 +4.317891515e+02
28 0 +4.389787663e+01 +4.000378766e+02 +4.000378766e+02
62 0 +2.952071133e+01 +3.856607113e+02 +3.856607113e+02
74 0 +2.735976250e+01 +3.834997625e+02 +3.834997625e+02
92 0 +1.645654686e+01 +3.725965469e+02 +3.725965469e+02
139 0 +1.208067281e+01 +3.682206728e+02 +3.682206728e+02
327 0 +8.257457103e+00 +3.643974571e+02 +3.643974571e+02
345 0 +7.197604600e+00 +3.633376046e+02 +3.633376046e+02
363 0 +5.583365483e+00 +3.617233655e+02 +3.617233655e+02
463 0 +2.208092865e+00 +3.583480929e+02 +3.583480929e+02
505 0 +1.669172077e+00 +3.578091721e+02 +3.578091721e+02
563 0 +1.550049271e+00 +3.576900493e+02 +3.576900493e+02
582 0 +1.368644237e+00 +3.575086442e+02 +3.575086442e+02
598 0 +1.099796465e+00 +3.572397965e+02 +3.572397965e+02
606 0 +7.988775273e-01 +3.569388775e+02 +3.569388775e+02
630 0 +7.694016909e-01 +3.569094017e+02 +3.569094017e+02
632 0 +6.463315148e-01 +3.567863315e+02 +3.567863315e+02
655 0 +4.885415459e-01 +3.566285415e+02 +3.566285415e+02
709 0 +3.105200172e-01 +3.564505200e+02 +3.564505200e+02
745 0 +2.287331351e-01 +3.563687331e+02 +3.563687331e+02
782 0 +1.816733720e-01 +3.563216734e+02 +3.563216734e+02
792 0 +1.755616100e-01 +3.563155616e+02 +3.563155616e+02
821 0 +1.560421634e-01 +3.562960422e+02 +3.562960422e+02
846 0 +1.398012028e-01 +3.562798012e+02 +3.562798012e+02
873 0 +1.195074432e-01 +3.562595074e+02 +3.562595074e+02
916 0 +8.387645483e-02 +3.562238765e+02 +3.562238765e+02
937 0 +4.198221150e-02 +3.561819822e+02 +3.561819822e+02
1009 0 +3.794688292e-02 +3.561779469e+02 +3.561779469e+02
1021 0 +3.471571534e-02 +3.561747157e+02 +3.561747157e+02
1025 0 +2.669814832e-02 +3.561666981e+02 +3.561666981e+02
1063 0 +2.262426759e-02 +3.561626243e+02 +3.561626243e+02
1090 0 +2.009134596e-02 +3.561600913e+02 +3.561600913e+02
1095 0 +1.759777984e-02 +3.561575978e+02 +3.561575978e+02
1105 0 +1.386430842e-02 +3.561538643e+02 +3.561538643e+02
1119 0 +1.134985274e-02 +3.561513499e+02 +3.561513499e+02
1156 0 +8.379879488e-03 +3.561483799e+02 +3.561483799e+02
1174 0 +7.008171710e-03 +3.561470082e+02 +3.561470082e+02
1185 0 +5.758343020e-03 +3.561457583e+02 +3.561457583e+02
1240 0 +4.772662992e-03 +3.561447727e+02 +3.561447727e+02
1247 0 +4.326761902e-03 +3.561443268e+02 +3.561443268e+02
1297 0 +3.400107672e-03 +3.561434001e+02 +3.561434001e+02
1310 0 +1.763341533e-03 +3.561417633e+02 +3.561417633e+02
1426 0 +1.559936119e-03 +3.561415599e+02 +3.561415599e+02
1443 0 +1.280724066e-03 +3.561412807e+02 +3.561412807e+02
1448 0 +1.250215869e-03 +3.561412502e+02 +3.561412502e+02
1452 0 +8.291839255e-04 +3.561408292e+02 +3.561408292e+02
1461 0 +7.713457218e-04 +3.561407713e+02 +3.561407713e+02
1470 0 +5.186568804e-04 +3.561405187e+02 +3.561405187e+02
1512 0 +3.305493121e-04 +3.561403305e+02 +3.561403305e+02
1563 0 +2.852266861e-04 +3.561402852e+02 +3.561402852e+02
1575 0 +2.806015939e-04 +3.561402806e+02 +3.561402806e+02
1582 0 +2.139772825e-04 +3.561402140e+02 +3.561402140e+02
1613 0 +1.384705643e-04 +3.561401385e+02 +3.561401385e+02
1638 0 +9.630041313e-05 +3.561400963e+02 +3.561400963e+02
1706 0 +7.329316645e-05 +3.561400733e+02 +3.561400733e+02
1743 0 +4.319166391e-05 +3.561400432e+02 +3.561400432e+02
1774 0 +3.830286732e-05 +3.561400383e+02 +3.561400383e+02
1800 0 +2.790564139e-05 +3.561400279e+02 +3.561400279e+02
1828 0 +2.153158039e-05 +3.561400215e+02 +3.561400215e+02
1852 0 +1.884761627e-05 +3.561400188e+02 +3.561400188e+02
1866 0 +8.890491699e-06 +3.561400089e+02 +3.561400089e+02
1998 0 +6.304113356e-06 +3.561400063e+02 +3.561400063e+02
2024 0 +4.636180449e-06 +3.561400046e+02 +3.561400046e+02
2056 0 +4.419536197e-06 +3.561400044e+02 +3.561400044e+02
2065 0 +3.162636290e-06 +3.561400032e+02 +3.561400032e+02
2080 0 +1.964210185e-06 +3.561400020e+02 +3.561400020e+02
2147 0 +1.335776574e-06 +3.561400013e+02 +3.561400013e+02
2220 0 +8.146886330e-07 +3.561400008e+02 +3.561400008e+02
2223 0 +7.719805808e-07 +3.561400008e+02 +3.561400008e+02
2224 0 +6.923452815e-07 +3.561400007e+02 +3.561400007e+02
2330 0 +6.119598197e-07 +3.561400006e+02 +3.561400006e+02
2331 0 +3.493769896e-07 +3.561400003e+02 +3.561400003e+02
2341 0 +2.239627293e-07 +3.561400002e+02 +3.561400002e+02
2442 0 +2.173445068e-07 +3.561400002e+02 +3.561400002e+02
2452 0 +1.226553650e-07 +3.561400001e+02 +3.561400001e+02
2491 0 +1.105177034e-07 +3.561400001e+02 +3.561400001e+02
2494 0 +9.936172773e-08 +3.561400001e+02 +3.561400001e+02
2542 0 +6.620808790e-08 +3.561400001e+02 +3.561400001e+02
2620 0 +5.014317139e-08 +3.561400001e+02 +3.561400001e+02
2635 0 +4.846043566e-08 +3.561400000e+02 +3.561400000e+02
2649 0 +3.409678584e-08 +3.561400000e+02 +3.561400000e+02
2681 0 +2.523506737e-08 +3.561400000e+02 +3.561400000e+02
2690 0 +2.472438609e-08 +3.561400000e+02 +3.561400000e+02
2707 0 +1.954123263e-08 +3.561400000e+02 +3.561400000e+02
2711 0 +1.491190460e-08 +3.561400000e+02 +3.561400000e+02
2727 0 +8.710117072e-09 +3.561400000e+02 +3.561400000e+02
4001 0 +9.663381206e-13 +3.561400000e+02 +3.561400000e+02
200004 0 +5.684341886e-14 +3.561400000e+02 +3.561400000e+02
% f evaluations | g evaluations | best noise-free fitness - Fopt (-4.757000000000e+02) + sum g_i+ | measured fitness | best measured fitness or single-digit g-values | x1 | x2...
1 0 +1.028882572e+02 -3.728117428e+02 -3.728117428e+02
2 0 +9.794958628e+01 -3.777504137e+02 -3.777504137e+02
13 0 +7.652444931e+01 -3.991755507e+02 -3.991755507e+02
27 0 +5.820061737e+01 -4.174993826e+02 -4.174993826e+02
44 0 +4.304574632e+01 -4.326542537e+02 -4.326542537e+02
51 0 +3.965641453e+01 -4.360435855e+02 -4.360435855e+02
72 0 +3.019602427e+01 -4.455039757e+02 -4.455039757e+02
77 0 +2.600670614e+01 -4.496932939e+02 -4.496932939e+02
79 0 +2.488863111e+01 -4.508113689e+02 -4.508113689e+02
93 0 +1.844301181e+01 -4.572569882e+02 -4.572569882e+02
105 0 +1.204438281e+01 -4.636556172e+02 -4.636556172e+02
203 0 +9.000004289e+00 -4.666999957e+02 -4.666999957e+02
262 0 +7.881047799e+00 -4.678189522e+02 -4.678189522e+02
265 0 +6.916059654e+00 -4.687839403e+02 -4.687839403e+02
295 0 +6.183806600e+00 -4.695161934e+02 -4.695161934e+02
298 0 +5.341623248e+00 -4.703583768e+02 -4.703583768e+02
306 0 +4.306704139e+00 -4.713932959e+02 -4.713932959e+02
327 0 +3.596108050e+00 -4.721038919e+02 -4.721038919e+02
335 0 +3.526879241e+00 -4.721731208e+02 -4.721731208e+02
351 0 +3.056085162e+00 -4.726439148e+02 -4.726439148e+02
359 0 +2.152125646e+00 -4.735478744e+02 -4.735478744e+02
411 0 +1.867154148e+00 -4.738328459e+02 -4.738328459e+02
432 0 +1.401808014e+00 -4.742981920e+02 -4.742981920e+02
482 0 +8.938148927e-01 -4.748061851e+02 -4.748061851e+02
506 0 +8.750395153e-01 -4.748249605e+02 -4.748249605e+02
525 0 +6.117485977e-01 -4.750882514e+02 -4.750882514e+02
592 0 +5.083818378e-01 -4.751916182e+02 -4.751916182e+02
604 0 +4.387449965e-01 -4.752612550e+02 -4.752612550e+02
638 0 +3.511655577e-01 -4.753488344e+02 -4.753488344e+02
640 0 +2.689591156e-01 -4.754310409e+02 -4.754310409e+02
679 0 +2.470413708e-01 -4.754529586e+02 -4.754529586e+02
722 0 +2.077988768e-01 -4.754922011e+02 -4.754922011e+02
724 0 +1.968716398e-01 -4.755031284e+02 -4.755031284e+02
755 0 +1.538444167e-01 -4.755461556e+02 -4.755461556e+02
758 0 +8.227554584e-02 -4.756177245e+02 -4.756177245e+02
786 0 +4.018976555e-02 -4.756598102e+02 -4.756598102e+02
889 0 +2.931801269e-02 -4.756706820e+02 -4.756706820e+02
941 0 +2.461768549e-02 -4.756753823e+02 -4.756753823e+02
948 0 +2.060333313e-02 -4.756793967e+02 -4.756793967e+02
958 0 +1.831072178e-02 -4.756816893e+02 -4.756816893e+02
989 0 +1.514276884e-02 -4.756848572e+02 -4.756848572e+02
1000 0 +1.380747820e-02 -4.756861925e+02 -4.756861925e+02
1025 0 +9.209102769e-03 -4.756907909e+02 -4.756907909e+02
1065 0 +8.536378197e-03 -4.756914636e+02 -4.756914636e+02
1084 0 +7.708509540e-03 -4.756922915e+02 -4.756922915e+02
1095 0 +7.000907719e-03 -4.756929991e+02 -4.756929991e+02
1105 0 +5.173247641e-03 -4.756948268e+02 -4.756948268e+02
1185 0 +4.511958160e-03 -4.756954880e+02 -4.756954880e+02
1188 0 +4.271951022e-03 -4.756957280e+02 -4.756957280e+02
1189 0 +2.861386719e-03 -4.756971386e+02 -4.756971386e+02
1242 0 +2.552616834e-03 -4.756974474e+02 -4.756974474e+02
1248 0 +1.760567997e-03 -4.756982394e+02 -4.756982394e+02
1274 0 +1.580906512e-03 -4.756984191e+02 -4.756984191e+02
1333 0 +1.324271140e-03 -4.756986757e+02 -4.756986757e+02
1380 0 +1.242157322e-03 -4.756987578e+02 -4.756987578e+02
1398 0 +1.108542267e-03 -4.756988915e+02 -4.756988915e+02
1399 0 +8.750903530e-04 -4.756991249e+02 -4.756991249e+02
1409 0 +7.573791653e-04 -4.756992426e+02 -4.756992426e+02
1428 0 +6.814211088e-04 -4.756993186e+02 -4.756993186e+02
1431 0 +6.129237824e-04 -4.756993871e+02 -4.756993871e+02
1451 0 +3.863665775e-04 -4.756996136e+02 -4.756996136e+02
1475 0 +3.309858839e-04 -4.756996690e+02 -4.756996690e+02
1502 0 +2.820788246e-04 -4.756997179e+02 -4.756997179e+02
1517 0 +2.786209494e-04 -4.756997214e+02 -4.756997214e+02
1532 0 +1.695470613e-04 -4.756998305e+02 -4.756998305e+02
1555 0 +1.269850084e-04 -4.756998730e+02 -4.756998730e+02
1574 0 +1.232428107e-04 -4.756998768e+02 -4.756998768e+02
1585 0 +9.744152459e-05 -4.756999026e+02 -4.756999026e+02
1630 0 +6.177920375e-05 -4.756999382e+02 -4.756999382e+02
1674 0 +5.340496898e-05 -4.756999466e+02 -4.756999466e+02
1684 0 +4.700310302e-05 -4.756999530e+02 -4.756999530e+02
1706 0 +3.828590542e-05 -4.756999617e+02 -4.756999617e+02
1754 0 +3.037030814e-05 -4.756999696e+02 -4.756999696e+02
1765 0 +2.137707219e-05 -4.756999786e+02 -4.756999786e+02
1795 0 +1.285697385e-05 -4.756999871e+02 -4.756999871e+02
1871 0 +1.003719512e-05 -4.756999900e+02 -4.756999900e+02
1891 0 +8.068367151e-06 -4.756999919e+02 -4.756999919e+02
1904 0 +6.845098824e-06 -4.756999932e+02 -4.756999932e+02
1962 0 +3.640442912e-06 -4.756999964e+02 -4.756999964e+02
1976 0 +1.622451123e-06 -4.756999984e+02 -4.756999984e+02
2129 0 +1.411125254e-06 -4.756999986e+02 -4.756999986e+02
2175 0 +1.157070869e-06 -4.756999988e+02 -4.756999988e+02
2180 0 +9.809821222e-07 -4.756999990e+02 -4.756999990e+02
2190 0 +7.683690342e-07 -4.756999992e+02 -4.756999992e+02
2254 0 +6.725325647e-07 -4.756999993e+02 -4.756999993e+02
2267 0 +5.630422493e-07 -4.756999994e+02 -4.756999994e+02
2271 0 +5.403998671e-07 -4.756999995e+02 -4.756999995e+02
2272 0 +4.802713534e-07 -4.756999995e+02 -4.756999995e+02
2402 0 +2.740664513e-07 -4.756999997e+02 -4.756999997e+02
2429 0 +2.095767400e-07 -4.756999998e+02 -4.756999998e+02
2470 0 +1.790527904e-07 -4.756999998e+02 -4.756999998e+02
2479 0 +1.680028276e-07 -4.756999998e+02 -4.756999998e+02
2486 0 +1.341162488e-07 -4.756999999e+02 -4.756999999e+02
2521 0 +1.052785592e-07 -4.756999999e+02 -4.756999999e+02
2524 0 +8.640540727e-08 -4.756999999e+02 -4.756999999e+02
2542 0 +5.634876743e-08 -4.756999999e+02 -4.756999999e+02
2612 0 +3.384934644e-08 -4.757000000e+02 -4.757000000e+02
2657 0 +2.665490229e-08 -4.757000000e+02 -4.757000000e+02
2673 0 +9.587949990e-09 -4.757000000e+02 -4.757000000e+02
3758 0 +9.663381206e-13 -4.757000000e+02 -4.757000000e+02
200004 0 +5.684341886e-14 -4.757000000e+02 -4.757000000e+02
% f evaluations | g evaluations | best noise-free fitness - Fopt (-1.000000000000e+03) + sum g_i+ | measured fitness | best measured fitness or single-digit g-values | x1 | x2...
1 0 +1.611140046e+02 -8.388859954e+02 -8.388859954e+02
2 0 +1.270409104e+02 -8.729590896e+02 -8.729590896e+02
13 0 +1.194745088e+02 -8.805254912e+02 -8.805254912e+02
29 0 +1.095382851e+02 -8.904617149e+02 -8.904617149e+02
37 0 +9.986798479e+01 -9.001320152e+02 -9.001320152e+02
44 0 +8.445365413e+01 -9.155463459e+02 -9.155463459e+02
52 0 +6.767954801e+01 -9.323204520e+02 -9.323204520e+02
83 0 +6.174675485e+01 -9.382532451e+02 -9.382532451e+02
93 0 +4.922379750e+01 -9.507762025e+02 -9.507762025e+02
108 0 +4.390071501e+01 -9.560992850e+02 -9.560992850e+02
109 0 +3.666140409e+01 -9.633385959e+02 -9.633385959e+02
112 0 +3.385451605e+01 -9.661454840e+02 -9.661454840e+02
121 0 +2.888798798e+01 -9.711120120e+02 -9.711120120e+02
124 0 +2.585908885e+01 -9.741409112e+02 -9.741409112e+02
141 0 +2.348000460e+01 -9.765199954e+02 -9.765199954e+02
143 0 +2.034306749e+01 -9.796569325e+02 -9.796569325e+02
186 0 +1.507253477e+01 -9.849274652e+02 -9.849274652e+02
198 0 +9.189482623e+00 -9.908105174e+02 -9.908105174e+02
266 0 +8.359946746e+00 -9.916400533e+02 -9.916400533e+02
280 0 +7.390478325e+00 -9.926095217e+02 -9.926095217e+02
286 0 +6.205198047e+00 -9.937948020e+02 -9.937948020e+02
299 0 +5.498592972e+00 -9.945014070e+02 -9.945014070e+02
302 0 +4.995281317e+00 -9.950047187e+02 -9.950047187e+02
317 0 +4.261928629e+00 -9.957380714e+02 -9.957380714e+02
339 0 +3.650046891e+00 -9.963499531e+02 -9.963499531e+02
396 0 +2.971072529e+00 -9.970289275e+02 -9.970289275e+02
420 0 +2.215009075e+00 -9.977849909e+02 -9.977849909e+02
424 0 +1.914018081e+00 -9.980859819e+02 -9.980859819e+02
473 0 +1.766917473e+00 -9.982330825e+02 -9.982330825e+02
482 0 +1.574221420e+00 -9.984257786e+02 -9.984257786e+02
494 0 +1.235518427e+00 -9.987644816e+02 -9.987644816e+02
500 0 +1.049914489e+00 -9.989500855e+02 -9.989500855e+02
512 0 +7.298979408e-01 -9.992701021e+02 -9.992701021e+02
547 0 +6.499003376e-01 -9.993500997e+02 -9.993500997e+02
566 0 +5.660647239e-01 -9.994339353e+02 -9.994339353e+02
592 0 +5.144601764e-01 -9.994855398e+02 -9.994855398e+02
632 0 +4.988354806e-01 -9.995011645e+02 -9.995011645e+02
641 0 +3.627392723e-01 -9.996372607e+02 -9.996372607e+02
673 0 +2.792229094e-01 -9.997207771e+02 -9.997207771e+02
685 0 +2.479302385e-01 -9.997520698e+02 -9.997520698e+02
687 0 +2.091680808e-01 -9.997908319e+02 -9.997908319e+02
748 0 +1.461322719e-01 -9.998538677e+02 -9.998538677e+02
758 0 +1.144459427e-01 -9.998855541e+02 -9.998855541e+02
763 0 +8.323343859e-02 -9.999167666e+02 -9.999167666e+02
857 0 +7.642964092e-02 -9.999235704e+02 -9.999235704e+02
876 0 +4.878074539e-02 -9.999512193e+02 -9.999512193e+02
889 0 +3.387148730e-02 -9.999661285e+02 -9.999661285e+02
915 0 +2.608357121e-02 -9.999739164e+02 -9.999739164e+02
949 0 +2.355152299e-02 -9.999764485e+02 -9.999764485e+02
956 0 +2.191460360e-02 -9.999780854e+02 -9.999780854e+02
966 0 +9.264927157e-03 -9.999907351e+02 -9.999907351e+02
1095 0 +8.753223019e-03 -9.999912468e+02 -9.999912468e+02
1106 0 +7.869861789e-03 -9.999921301e+02 -9.999921301e+02
1131 0 +6.909159944e-03 -9.999930908e+02 -9.999930908e+02
1138 0 +5.289000714e-03 -9.999947110e+02 -9.999947110e+02
1142 0 +4.882637951e-03 -9.999951174e+02 -9.999951174e+02
1152 0 +3.594145414e-03 -9.999964059e+02 -9.999964059e+02
1156 0 +2.983092493e-03 -9.999970169e+02 -9.999970169e+02
1226 0 +2.656336043e-03 -9.999973437e+02 -9.999973437e+02
1253 0 +1.617917342e-03 -9.999983821e+02 -9.999983821e+02
1282 0 +1.523354062e-03 -9.999984766e+02 -9.999984766e+02
1284 0 +1.229323853e-03 -9.999987707e+02 -9.999987707e+02
1308 0 +9.784049539e-04 -9.999990216e+02 -9.999990216e+02
1333 0 +6.839837270e-04 -9.999993160e+02 -9.999993160e+02
1398 0 +6.012568468e-04 -9.999993987e+02 -9.999993987e+02
1415 0 +4.557224473e-04 -9.999995443e+02 -9.999995443e+02
1429 0 +4.229058870e-04 -9.999995771e+02 -9.999995771e+02
1452 0 +3.886127505e-04 -9.999996114e+02 -9.999996114e+02
1457 0 +2.385261266e-04 -9.999997615e+02 -9.999997615e+02
1486 0 +2.183911910e-04 -9.999997816e+02 -9.999997816e+02
1496 0 +1.989815054e-04 -9.999998010e+02 -9.999998010e+02
1501 0 +1.582633483e-04 -9.999998417e+02 -9.999998417e+02
1534 0 +1.400511554e-04 -9.999998599e+02 -9.999998599e+02
1612 0 +1.240173042e-04 -9.999998760e+02 -9.999998760e+02
1630 0 +9.800874523e-05 -9.999999020e+02 -9.999999020e+02
1642 0 +8.060774064e-05 -9.999999194e+02 -9.999999194e+02
1674 0 +5.777518879e-05 -9.999999422e+02 -9.999999422e+02
1686 0 +4.530143747e-05 -9.999999547e+02 -9.999999547e+02
1743 0 +3.581887154e-05 -9.999999642e+02 -9.999999642e+02
1761 0 +2.945698668e-05 -9.999999705e+02 -9.999999705e+02
1763 0 +2.310547359e-05 -9.999999769e+02 -9.999999769e+02
1818 0 +1.944690075e-05 -9.999999806e+02 -9.999999806e+02
1833 0 +1.602146608e-05 -9.999999840e+02 -9.999999840e+02
1849 0 +1.415948907e-05 -9.999999858e+02 -9.999999858e+02
1859 0 +1.399842370e-05 -9.999999860e+02 -9.999999860e+02
1874 0 +1.138500056e-05 -9.999999886e+02 -9.999999886e+02
1906 0 +7.819434586e-06 -9.999999922e+02 -9.999999922e+02
1912 0 +6.735689681e-06 -9.999999933e+02 -9.999999933e+02
1933 0 +5.242626571e-06 -9.999999948e+02 -9.999999948e+02
1976 0 +4.153705277e-06 -9.999999958e+02 -9.999999958e+02
1982 0 +3.637237114e-06 -9.999999964e+02 -9.999999964e+02
2021 0 +3.297652597e-06 -9.999999967e+02 -9.999999967e+02
2024 0 +2.939198794e-06 -9.999999971e+02 -9.999999971e+02
2040 0 +1.983546099e-06 -9.999999980e+02 -9.999999980e+02
2053 0 +1.382191158e-06 -9.999999986e+02 -9.999999986e+02
2106 0 +1.053628353e-06 -9.999999989e+02 -9.999999989e+02
2183 0 +5.610046401e-07 -9.999999994e+02 -9.999999994e+02
2269 0 +4.865445362e-07 -9.999999995e+02 -9.999999995e+02
2271 0 +4.029468528e-07 -9.999999996e+02 -9.999999996e+02
2273 0 +3.979225767e-07 -9.999999996e+02 -9.999999996e+02
2297 0 +3.248717348e-07 -9.999999997e+02 -9.999999997e+02
2308 0 +2.470379741e-07 -9.999999998e+02 -9.999999998e+02
2352 0 +2.021643013e-07 -9.999999998e+02 -9.999999998e+02
2365 0 +1.492066986e-07 -9.999999999e+02 -9.999999999e+02
2379 0 +1.296889423e-07 -9.999999999e+02 -9.999999999e+02
2441 0 +1.240846359e-07 -9.999999999e+02 -9.999999999e+02
2442 0 +9.822758784e-08 -9.999999999e+02 -9.999999999e+02
2477 0 +8.430038179e-08 -9.999999999e+02 -9.999999999e+02
2484 0 +7.831386029e-08 -9.999999999e+02 -9.999999999e+02
2494 0 +5.807976322e-08 -9.999999999e+02 -9.999999999e+02
2523 0 +5.456945473e-08 -9.999999999e+02 -9.999999999e+02
2524 0 +4.069670467e-08 -1.000000000e+03 -1.000000000e+03
2542 0 +3.720595032e-08 -1.000000000e+03 -1.000000000e+03
2599 0 +2.698527624e-08 -1.000000000e+03 -1.000000000e+03
2633 0 +2.465924354e-08 -1.000000000e+03 -1.000000000e+03
2661 0 +2.009949185e-08 -1.000000000e+03 -1.000000000e+03
2665 0 +1.605542366e-08 -1.000000000e+03 -1.000000000e+03
2679 0 +1.372109182e-08 -1.000000000e+03 -1.000000000e+03
2710 0 +1.052740117e-08 -1.000000000e+03 -1.000000000e+03
2727 0 +9.556742953e-09 -1.000000000e+03 -1.000000000e+03
3754 0 +9.094947018e-13 -1.000000000e+03 -1.000000000e+03
200004 0 +1.136868377e-13 -1.000000000e+03 -1.000000000e+03
% f evaluations | g evaluations | best noise-free fitness - Fopt (-4.158000000000e+01) + sum g_i+ | measured fitness | best measured fitness or single-digit g-values | x1 | x2...
1 0 +1.317736340e+02 +9.019363396e+01 +9.019363396e+01
2 0 +9.436871961e+01 +5.278871961e+01 +5.278871961e+01
4 0 +8.346180744e+01 +4.188180744e+01 +4.188180744e+01
13 0 +5.687280176e+01 +1.529280176e+01 +1.529280176e+01
21 0 +4.972907403e+01 +8.149074027e+00 +8.149074027e+00
49 0 +3.985943005e+01 -1.720569950e+00 -1.720569950e+00
54 0 +3.832241232e+01 -3.257587680e+00 -3.257587680e+00
63 0 +3.308379542e+01 -8.496204584e+00 -8.496204584e+00
71 0 +2.203577398e+01 -1.954422602e+01 -1.954422602e+01
139 0 +1.352552268e+01 -2.805447732e+01 -2.805447732e+01
141 0 +1.135556326e+01 -3.022443674e+01 -3.022443674e+01
182 0 +1.071172091e+01 -3.086827909e+01 -3.086827909e+01
189 0 +9.765383567e+00 -3.181461643e+01 -3.181461643e+01
198 0 +8.802235178e+00 -3.277776482e+01 -3.277776482e+01
221 0 +6.451856617e+00 -3.512814338e+01 -3.512814338e+01
265 0 +3.379814260e+00 -3.820018574e+01 -3.820018574e+01
352 0 +3.053890996e+00 -3.852610900e+01 -3.852610900e+01
353 0 +2.203568379e+00 -3.937643162e+01 -3.937643162e+01
361 0 +1.671184810e+00 -3.990881519e+01 -3.990881519e+01
401 0 +1.575272711e+00 -4.000472729e+01 -4.000472729e+01
407 0 +1.343922643e+00 -4.023607736e+01 -4.023607736e+01
440 0 +1.182514228e+00 -4.039748577e+01 -4.039748577e+01
469 0 +1.090319644e+00 -4.048968036e+01 -4.048968036e+01
486 0 +7.105883063e-01 -4.086941169e+01 -4.086941169e+01
504 0 +4.893825394e-01 -4.109061746e+01 -4.109061746e+01
621 0 +4.366413322e-01 -4.114335867e+01 -4.114335867e+01
640 0 +3.277199692e-01 -4.125228003e+01 -4.125228003e+01
649 0 +3.085210708e-01 -4.127147893e+01 -4.127147893e+01
703 0 +2.767873897e-01 -4.130321261e+01 -4.130321261e+01
704 0 +2.214091828e-01 -4.135859082e+01 -4.135859082e+01
714 0 +1.592329129e-01 -4.142076709e+01 -4.142076709e+01
724 0 +1.534161927e-01 -4.142658381e+01 -4.142658381e+01
748 0 +1.076454832e-01 -4.147235452e+01 -4.147235452e+01
767 0 +8.518723724e-02 -4.149481276e+01 -4.149481276e+01
787 0 +7.780154767e-02 -4.150219845e+01 -4.150219845e+01
840 0 +5.159868714e-02 -4.152840131e+01 -4.152840131e+01
877 0 +4.678795255e-02 -4.153321205e+01 -4.153321205e+01
901 0 +3.954572817e-02 -4.154045427e+01 -4.154045427e+01
922 0 +2.251455614e-02 -4.155748544e+01 -4.155748544e+01
989 0 +1.692893871e-02 -4.156307106e+01 -4.156307106e+01
1031 0 +1.330008048e-02 -4.156669992e+01 -4.156669992e+01
1056 0 +1.100615787e-02 -4.156899384e+01 -4.156899384e+01
1063 0 +7.100567897e-03 -4.157289943e+01 -4.157289943e+01
1082 0 +6.025533258e-03 -4.157397447e+01 -4.157397447e+01
1154 0 +5.407262410e-03 -4.157459274e+01 -4.157459274e+01
1162 0 +4.952411759e-03 -4.157504759e+01 -4.157504759e+01
1167 0 +4.243765544e-03 -4.157575623e+01 -4.157575623e+01
1168 0 +3.968786203e-03 -4.157603121e+01 -4.157603121e+01
1185 0 +3.520363426e-03 -4.157647964e+01 -4.157647964e+01
1205 0 +3.069236130e-03 -4.157693076e+01 -4.157693076e+01
1217 0 +2.121691494e-03 -4.157787831e+01 -4.157787831e+01
1242 0 +1.810104241e-03 -4.157818990e+01 -4.157818990e+01
1257 0 +1.691995432e-03 -4.157830800e+01 -4.157830800e+01
1275 0 +1.348511321e-03 -4.157865149e+01 -4.157865149e+01
1293 0 +1.113530549e-03 -4.157888647e+01 -4.157888647e+01
1333 0 +9.806358806e-04 -4.157901936e+01 -4.157901936e+01
1366 0 +5.082355215e-04 -4.157949176e+01 -4.157949176e+01
1378 0 +3.885989607e-04 -4.157961140e+01 -4.157961140e+01
1409 0 +2.242550084e-04 -4.157977574e+01 -4.157977574e+01
1552 0 +1.848427025e-04 -4.157981516e+01 -4.157981516e+01
1576 0 +1.354505716e-04 -4.157986455e+01 -4.157986455e+01
1585 0 +1.190827581e-04 -4.157988092e+01 -4.157988092e+01
1629 0 +1.094357037e-04 -4.157989056e+01 -4.157989056e+01
1649 0 +9.262361852e-05 -4.157990738e+01 -4.157990738e+01
1671 0 +8.476564105e-05 -4.157991523e+01 -4.157991523e+01
1687 0 +5.164286107e-05 -4.157994836e+01 -4.157994836e+01
1724 0 +4.227943904e-05 -4.157995772e+01 -4.157995772e+01
1738 0 +3.815195768e-05 -4.157996185e+01 -4.157996185e+01
1753 0 +2.118686447e-05 -4.157997881e+01 -4.157997881e+01
1765 0 +1.818051556e-05 -4.157998182e+01 -4.157998182e+01
1800 0 +1.677320873e-05 -4.157998323e+01 -4.157998323e+01
1837 0 +1.399588506e-05 -4.157998600e+01 -4.157998600e+01
1859 0 +1.103862282e-05 -4.157998896e+01 -4.157998896e+01
1872 0 +9.537418592e-06 -4.157999046e+01 -4.157999046e+01
1897 0 +7.822380923e-06 -4.157999218e+01 -4.157999218e+01
1900 0 +6.281703875e-06 -4.157999372e+01 -4.157999372e+01
1931 0 +4.389585861e-06 -4.157999561e+01 -4.157999561e+01
1937 0 +3.186323703e-06 -4.157999681e+01 -4.157999681e+01
2010 0 +3.084491965e-06 -4.157999692e+01 -4.157999692e+01
2019 0 +2.762847373e-06 -4.157999724e+01 -4.157999724e+01
2028 0 +2.004980637e-06 -4.157999800e+01 -4.157999800e+01
2035 0 +1.714111654e-06 -4.157999829e+01 -4.157999829e+01
2053 0 +1.463707093e-06 -4.157999854e+01 -4.157999854e+01
2071 0 +8.988788238e-07 -4.157999910e+01 -4.157999910e+01
2106 0 +8.353932373e-07 -4.157999916e+01 -4.157999916e+01
2163 0 +7.683438170e-07 -4.157999923e+01 -4.157999923e+01
2167 0 +6.576868827e-07 -4.157999934e+01 -4.157999934e+01
2183 0 +5.674634025e-07 -4.157999943e+01 -4.157999943e+01
2213 0 +4.764766572e-07 -4.157999952e+01 -4.157999952e+01
2220 0 +4.375269640e-07 -4.157999956e+01 -4.157999956e+01
2228 0 +3.392691355e-07 -4.157999966e+01 -4.157999966e+01
2236 0 +2.665563983e-07 -4.157999973e+01 -4.157999973e+01
2271 0 +2.417435212e-07 -4.157999976e+01 -4.157999976e+01
2304 0 +2.065920057e-07 -4.157999979e+01 -4.157999979e+01
2319 0 +1.522354651e-07 -4.157999985e+01 -4.157999985e+01
2357 0 +1.247624937e-07 -4.157999988e+01 -4.157999988e+01
2366 0 +9.984043459e-08 -4.157999990e+01 -4.157999990e+01
2445 0 +7.059417584e-08 -4.157999993e+01 -4.157999993e+01
2463 0 +4.661009712e-08 -4.157999995e+01 -4.157999995e+01
2539 0 +4.117776342e-08 -4.157999996e+01 -4.157999996e+01
2542 0 +3.313789421e-08 -4.157999997e+01 -4.157999997e+01
2575 0 +2.993917292e-08 -4.157999997e+01 -4.157999997e+01
2589 0 +2.393852583e-08 -4.157999998e+01 -4.157999998e+01
2590 0 +1.693853591e-08 -4.157999998e+01 -4.157999998e+01
2612 0 +1.324157495e-08 -4.157999999e+01 -4.157999999e+01
2668 0 +1.212752210e-08 -4.157999999e+01 -4.157999999e+01
2682 0 +9.332559614e-09 -4.157999999e+01 -4.157999999e+01
3841 0 +6.679101716e-13 -4.158000000e+01 -4.158000000e+01
200004 0 +7.105427358e-15 -4.158000000e+01 -4.158000000e+01
