% f evaluations | g evaluations | best noise-free fitness - Fopt (7.948000000000e+01) + sum g_i+ | measured fitness | best measured fitness or single-digit g-values | x1 | x2...
1 0 +1.346983661e+02 +2.141783661e+02 +2.141783661e+02
2 0 +1.147584453e+02 +1.942384453e+02 +1.942384453e+02
5 0 +1.033309631e+02 +1.828109631e+02 +1.828109631e+02
6 0 +8.055737830e+01 +1.600373783e+02 +1.600373783e+02
18 0 +7.423384766e+01 +1.537138477e+02 +1.537138477e+02
23 0 +6.139617306e+01 +1.408761731e+02 +1.408761731e+02
27 0 +4.445151083e+01 +1.239315108e+02 +1.239315108e+02
39 0 +2.662712371e+01 +1.061071237e+02 +1.061071237e+02
49 0 +2.087675787e+01 +1.003567579e+02 +1.003567579e+02
52 0 +1.942044544e+01 +9.890044544e+01 +9.890044544e+01
75 0 +1.644176357e+01 +9.592176357e+01 +9.592176357e+01
108 0 +1.495243715e+01 +9.443243715e+01 +9.443243715e+01
121 0 +1.374331494e+01 +9.322331494e+01 +9.322331494e+01
184 0 +1.180924941e+01 +9.128924941e+01 +9.128924941e+01
190 0 +9.782567306e+00 +8.926256731e+01 +8.926256731e+01
194 0 +7.499390511e+00 +8.697939051e+01 +8.697939051e+01
197 0 +5.404372401e+00 +8.488437240e+01 +8.488437240e+01
227 0 +3.378995647e+00 +8.285899565e+01 +8.285899565e+01
327 0 +3.077618161e+00 +8.255761816e+01 +8.255761816e+01
360 0 +1.574909041e+00 +8.105490904e+01 +8.105490904e+01
401 0 +9.103604178e-01 +8.039036042e+01 +8.039036042e+01
477 0 +7.535672072e-01 +8.023356721e+01 +8.023356721e+01
481 0 +6.065124469e-01 +8.008651245e+01 +8.008651245e+01
502 0 +2.037845171e-01 +7.968378452e+01 +7.968378452e+01
523 0 +5.709664951e-03 +7.948570966e+01 +7.948570966e+01
544 0 +2.122104803e-03 +7.948212210e+01 +7.948212210e+01
565 0 +6.908206014e-05 +7.948006908e+01 +7.948006908e+01
586 0 +2.154061777e-05 +7.948002154e+01 +7.948002154e+01
607 0 +1.359534068e-06 +7.948000136e+01 +7.948000136e+01
628 0 +3.488401035e-07 +7.948000035e+01 +7.948000035e+01
649 0 +3.503856760e-08 +7.948000004e+01 +7.948000004e+01
670 0 +8.636263260e-09 +7.948000001e+01 +7.948000001e+01
838 0 +8.100187188e-13 +7.948000000e+01 +7.948000000e+01
200004 0 +1.421085472e-14 +7.948000000e+01 +7.948000000e+01
% f evaluations | g evaluations | best noise-free fitness - Fopt (3.944800000000e+02) + sum g_i+ | measured fitness | best measured fitness or single-digit g-values | x1 | x2...
1 0 +1.839654383e+02 +5.784454383e+02 +5.784454383e+02
3 0 +1.763012458e+02 +5.707812458e+02 +5.707812458e+02
8 0 +1.132164553e+02 +5.076964553e+02 +5.076964553e+02
15 0 +1.040720451e+02 +4.985520451e+02 +4.985520451e+02
23 0 +9.958347962e+01 +4.940634796e+02 +4.940634796e+02
33 0 +7.709062074e+01 +4.715706207e+02 +4.715706207e+02
38 0 +6.984311126e+01 +4.643231113e+02 +4.643231113e+02
44 0 +6.072847255e+01 +4.552084725e+02 +4.552084725e+02
51 0 +5.455514198e+01 +4.490351420e+02 +4.490351420e+02
62 0 +4.264268588e+01 +4.371226859e+02 +4.371226859e+02
76 0 +3.821808300e+01 +4.326980830e+02 +4.326980830e+02
108 0 +3.122683323e+01 +4.257068332e+02 +4.257068332e+02
109 0 +2.175725089e+01 +4.162372509e+02 +4.162372509e+02
121 0 +1.439843183e+01 +4.088784318e+02 +4.088784318e+02
141 0 +1.053080945e+01 +4.050108094e+02 +4.050108094e+02
218 0 +6.215334885e+00 +4.006953349e+02 +4.006953349e+02
298 0 +5.330415769e+00 +3.998104158e+02 +3.998104158e+02
352 0 +4.166780801e+00 +3.986467808e+02 +3.986467808e+02
385 0 +3.846608602e+00 +3.983266086e+02 +3.983266086e+02
406 0 +3.014818749e+00 +3.974948187e+02 +3.974948187e+02
440 0 +2.046058588e+00 +3.965260586e+02 +3.965260586e+02
461 0 +1.625027206e+00 +3.961050272e+02 +3.961050272e+02
469 0 +1.434164651e+00 +3.959141647e+02 +3.959141647e+02
481 0 +7.066519049e-01 +3.951866519e+02 +3.951866519e+02
502 0 +2.397885312e-01 +3.947197885e+02 +3.947197885e+02
523 0 +8.867291397e-03 +3.944888673e+02 +3.944888673e+02
544 0 +2.835506564e-03 +3.944828355e+02 +3.944828355e+02
565 0 +1.928244566e-04 +3.944801928e+02 +3.944801928e+02
586 0 +3.655360797e-05 +3.944800366e+02 +3.944800366e+02
607 0 +5.595100447e-06 +3.944800056e+02 +3.944800056e+02
628 0 +1.189059844e-06 +3.944800012e+02 +3.944800012e+02
649 0 +8.956362763e-08 +3.944800001e+02 +3.944800001e+02
670 0 +1.842533948e-08 +3.944800000e+02 +3.944800000e+02
691 0 +2.487979600e-09 +3.944800000e+02 +3.944800000e+02
6083 0 +8.526512829e-13 +3.944800000e+02 +3.944800000e+02
200143 0 +5.684341886e-14 +3.944800000e+02 +3.944800000e+02
% f evaluations | g evaluations | best noise-free fitness - Fopt (-2.471100000000e+02) + sum g_i+ | measured fitness | best measured fitness or single-digit g-values | x1 | x2...
1 0 +1.516832335e+02 -9.542676648e+01 -9.542676648e+01
2 0 +1.173564037e+02 -1.297535963e+02 -1.297535963e+02
4 0 +1.028820987e+02 -1.442279013e+02 -1.442279013e+02
5 0 +9.706851481e+01 -1.500414852e+02 -1.500414852e+02
13 0 +6.604722549e+01 -1.810627745e+02 -1.810627745e+02
29 0 +6.294523497e+01 -1.841647650e+02 -1.841647650e+02
43 0 +5.527254503e+01 -1.918374550e+02 -1.918374550e+02
57 0 +3.742208022e+01 -2.096879198e+02 -2.096879198e+02
67 0 +3.449515754e+01 -2.126148425e+02 -2.126148425e+02
79 0 +2.115531736e+01 -2.259546826e+02 -2.259546826e+02
108 0 +1.809010657e+01 -2.290198934e+02 -2.290198934e+02
141 0 +1.702733333e+01 -2.300826667e+02 -2.300826667e+02
146 0 +1.169105222e+01 -2.354189478e+02 -2.354189478e+02
227 0 +1.105660559e+01 -2.360533944e+02 -2.360533944e+02
275 0 +6.694500061e+00 -2.404154999e+02 -2.404154999e+02
298 0 +2.950866014e+00 -2.441591340e+02 -2.441591340e+02
402 0 +2.380891229e+00 -2.447291088e+02 -2.447291088e+02
407 0 +1.431379762e+00 -2.456786202e+02 -2.456786202e+02
443 0 +1.107627531e+00 -2.460023725e+02 -2.460023725e+02
473 0 +9.582559961e-01 -2.461517440e+02 -2.461517440e+02
481 0 +4.942629603e-01 -2.466157370e+02 -2.466157370e+02
502 0 +1.601050072e-01 -2.469498950e+02 -2.469498950e+02
523 0 +3.936795807e-03 -2.471060632e+02 -2.471060632e+02
544 0 +1.291888854e-03 -2.471087081e+02 -2.471087081e+02
565 0 +3.816977130e-05 -2.471099618e+02 -2.471099618e+02
586 0 +1.497650996e-05 -2.471099850e+02 -2.471099850e+02
607 0 +6.891245050e-07 -2.471099993e+02 -2.471099993e+02
628 0 +2.174204212e-07 -2.471099998e+02 -2.471099998e+02
649 0 +1.938863647e-08 -2.471100000e+02 -2.471100000e+02
670 0 +4.108386520e-09 -2.471100000e+02 -2.471100000e+02
859 0 +6.821210263e-13 -2.471100000e+02 -2.471100000e+02
6157 0 +0.000000000e+00 -2.471100000e+02 -2.471100000e+02
200773 0 +0.000000000e+00 -2.471100000e+02 -2.471100000e+02
% f evaluations | g evaluations | best noise-free fitness - Fopt (-1.520400000000e+02) + sum g_i+ | measured fitness | best measured fitness or single-digit g-values | x1 | x2...
1 0 +1.317372188e+02 -2.030278119e+01 -2.030278119e+01
6 0 +1.043776168e+02 -4.766238316e+01 -4.766238316e+01
8 0 +9.076943563e+01 -6.127056437e+01 -6.127056437e+01
28 0 +8.686651161e+01 -6.517348839e+01 -6.517348839e+01
40 0 +6.372891132e+01 -8.831108868e+01 -8.831108868e+01
42 0 +5.839889578e+01 -9.364110422e+01 -9.364110422e+01
61 0 +4.726852700e+01 -1.047714730e+02 -1.047714730e+02
74 0 +3.721076407e+01 -1.148292359e+02 -1.148292359e+02
93 0 +3.444076927e+01 -1.175992307e+02 -1.175992307e+02
95 0 +2.708648162e+01 -1.249535184e+02 -1.249535184e+02
129 0 +1.726203932e+01 -1.347779607e+02 -1.347779607e+02
153 0 +1.412826702e+01 -1.379117330e+02 -1.379117330e+02
182 0 +1.111511416e+01 -1.409248858e+02 -1.409248858e+02
198 0 +8.494611861e+00 -1.435453881e+02 -1.435453881e+02
265 0 +5.936563769e+00 -1.461034362e+02 -1.461034362e+02
295 0 +5.077838096e+00 -1.469621619e+02 -1.469621619e+02
296 0 +4.890227396e+00 -1.471497726e+02 -1.471497726e+02
357 0 +3.957272620e+00 -1.480827274e+02 -1.480827274e+02
362 0 +2.331686825e+00 -1.497083132e+02 -1.497083132e+02
443 0 +1.901714456e+00 -1.501382855e+02 -1.501382855e+02
455 0 +1.747648957e+00 -1.502923510e+02 -1.502923510e+02
465 0 +7.304172751e-01 -1.513095827e+02 -1.513095827e+02
481 0 +4.620541463e-01 -1.515779459e+02 -1.515779459e+02
502 0 +1.539841946e-01 -1.518860158e+02 -1.518860158e+02
523 0 +7.924739293e-03 -1.520320753e+02 -1.520320753e+02
544 0 +3.112915912e-03 -1.520368871e+02 -1.520368871e+02
565 0 +1.053656904e-04 -1.520398946e+02 -1.520398946e+02
586 0 +3.828661937e-05 -1.520399617e+02 -1.520399617e+02
607 0 +1.468124935e-06 -1.520399985e+02 -1.520399985e+02
628 0 +2.651844113e-07 -1.520399997e+02 -1.520399997e+02
649 0 +4.207635129e-08 -1.520400000e+02 -1.520400000e+02
670 0 +8.704432730e-09 -1.520400000e+02 -1.520400000e+02
817 0 +9.663381206e-13 -1.520400000e+02 -1.520400000e+02
200001 0 +2.842170943e-14 -1.520400000e+02 -1.520400000e+02
% f evaluations | g evaluations | best noise-free fitness - Fopt (-2.525000000000e+01) + sum g_i+ | measured fitness | best measured fitness or single-digit g-values | x1 | x2...
1 0 +7.036549252e+01 +4.511549252e+01 +4.511549252e+01
6 0 +6.892727156e+01 +4.367727156e+01 +4.367727156e+01
12 0 +6.275737569e+01 +3.750737569e+01 +3.750737569e+01
25 0 +5.275853380e+01 +2.750853380e+01 +2.750853380e+01
26 0 +4.286481872e+01 +1.761481872e+01 +1.761481872e+01
30 0 +3.392229792e+01 +8.672297917e+00 +8.672297917e+00
82 0 +2.969125872e+01 +4.441258719e+00 +4.441258719e+00
92 0 +2.796642367e+01 +2.716423669e+00 +2.716423669e+00
108 0 +2.178325972e+01 -3.466740280e+00 -3.466740280e+00
124 0 +1.815045639e+01 -7.099543608e+00 -7.099543608e+00
126 0 +1.620346473e+01 -9.046535270e+00 -9.046535270e+00
163 0 +1.485954070e+01 -1.039045930e+01 -1.039045930e+01
188 0 +1.371412853e+01 -1.153587147e+01 -1.153587147e+01
227 0 +9.539752241e+00 -1.571024776e+01 -1.571024776e+01
278 0 +8.531026598e+00 -1.671897340e+01 -1.671897340e+01
280 0 +5.471065953e+00 -1.977893405e+01 -1.977893405e+01
298 0 +4.594808659e+00 -2.065519134e+01 -2.065519134e+01
302 0 +4.441697952e+00 -2.080830205e+01 -2.080830205e+01
342 0 +3.295257916e+00 -2.195474208e+01 -2.195474208e+01
350 0 +1.970045458e+00 -2.327995454e+01 -2.327995454e+01
361 0 +1.663824213e+00 -2.358617579e+01 -2.358617579e+01
481 0 +1.488959120e+00 -2.376104088e+01 -2.376104088e+01
502 0 +4.125691454e-01 -2.483743085e+01 -2.483743085e+01
523 0 +1.936654116e-02 -2.523063346e+01 -2.523063346e+01
544 0 +5.421051560e-03 -2.524457895e+01 -2.524457895e+01
565 0 +5.068372515e-04 -2.524949316e+01 -2.524949316e+01
586 0 +1.623980026e-04 -2.524983760e+01 -2.524983760e+01
607 0 +1.881584837e-05 -2.524998118e+01 -2.524998118e+01
628 0 +5.522635323e-06 -2.524999448e+01 -2.524999448e+01
649 0 +4.317155380e-07 -2.524999957e+01 -2.524999957e+01
670 0 +1.015425717e-07 -2.524999990e+01 -2.524999990e+01
691 0 +2.130052223e-08 -2.524999998e+01 -2.524999998e+01
712 0 +3.206022114e-09 -2.525000000e+01 -2.525000000e+01
796 0 +8.171241461e-13 -2.525000000e+01 -2.525000000e+01
200000 0 +3.552713679e-15 -2.525000000e+01 -2.525000000e+01
% f evaluations | g evaluations | best noise-free fitness - Fopt (1.830100000000e+02) + sum g_i+ | measured fitness | best measured fitness or single-digit g-values | x1 | x2...
1 0 +1.740229571e+02 +3.570329571e+02 +3.570329571e+02
2 0 +1.145013068e+02 +2.975113068e+02 +2.975113068e+02
16 0 +1.116111011e+02 +2.946211011e+02 +2.946211011e+02
29 0 +9.165032266e+01 +2.746603227e+02 +2.746603227e+02
42 0 +8.750424822e+01 +2.705142482e+02 +2.705142482e+02
49 0 +6.910261582e+01 +2.521126158e+02 +2.521126158e+02
78 0 +6.297064140e+01 +2.459806414e+02 +2.459806414e+02
80 0 +5.615771576e+01 +2.391677158e+02 +2.391677158e+02
89 0 +4.929799524e+01 +2.323079952e+02 +2.323079952e+02
100 0 +3.923431879e+01 +2.222443188e+02 +2.222443188e+02
113 0 +3.120833970e+01 +2.142183397e+02 +2.142183397e+02
125 0 +2.562842947e+01 +2.086384295e+02 +2.086384295e+02
128 0 +2.124412844e+01 +2.042541284e+02 +2.042541284e+02
163 0 +1.671299498e+01 +1.997229950e+02 +1.997229950e+02
265 0 +1.473902274e+01 +1.977490227e+02 +1.977490227e+02
266 0 +1.236120985e+01 +1.953712098e+02 +1.953712098e+02
303 0 +9.817867793e+00 +1.928278678e+02 +1.928278678e+02
327 0 +3.808213431e+00 +1.868182134e+02 +1.868182134e+02
396 0 +2.942502210e+00 +1.859525022e+02 +1.859525022e+02
451 0 +2.456701924e+00 +1.854667019e+02 +1.854667019e+02
481 0 +2.020292715e+00 +1.850302927e+02 +1.850302927e+02
502 0 +6.331958978e-01 +1.836431959e+02 +1.836431959e+02
523 0 +3.318476106e-02 +1.830431848e+02 +1.830431848e+02
544 0 +1.360234406e-02 +1.830236023e+02 +1.830236023e+02
565 0 +4.662431372e-04 +1.830104662e+02 +1.830104662e+02
586 0 +1.610528246e-04 +1.830101611e+02 +1.830101611e+02
607 0 +1.362478659e-05 +1.830100136e+02 +1.830100136e+02
628 0 +2.893737616e-06 +1.830100029e+02 +1.830100029e+02
649 0 +3.778947359e-07 +1.830100004e+02 +1.830100004e+02
670 0 +7.791535950e-08 +1.830100001e+02 +1.830100001e+02
691 0 +9.908518450e-09 +1.830100000e+02 +1.830100000e+02
1949 0 +9.947598301e-13 +1.830100000e+02 +1.830100000e+02
6842 0 +0.000000000e+00 +1.830100000e+02 +1.830100000e+02
200011 0 +0.000000000e+00 +1.830100000e+02 +1.830100000e+02
% f evaluations | g evaluations | best noise-free fitness - Fopt (1.835200000000e+02) + sum g_i+ | measured fitness | best measured fitness or single-digit g-values | x1 | x2...
1 0 +1.342399857e+02 +3.177599857e+02 +3.177599857e+02
7 0 +1.250332418e+02 +3.085532418e+02 +3.085532418e+02
13 0 +8.913680814e+01 +2.726568081e+02 +2.726568081e+02
34 0 +8.452269135e+01 +2.680426914e+02 +2.680426914e+02
44 0 +6.961760590e+01 +2.531376059e+02 +2.531376059e+02
75 0 +5.139381562e+01 +2.349138156e+02 +2.349138156e+02
105 0 +4.248235009e+01 +2.260023501e+02 +2.260023501e+02
109 0 +2.961781663e+01 +2.131378166e+02 +2.131378166e+02
124 0 +1.962892509e+01 +2.031489251e+02 +2.031489251e+02
147 0 +1.526206413e+01 +1.987820641e+02 +1.987820641e+02
194 0 +1.308971604e+01 +1.966097160e+02 +1.966097160e+02
198 0 +1.199474870e+01 +1.955147487e+02 +1.955147487e+02
199 0 +1.115518412e+01 +1.946751841e+02 +1.946751841e+02
306 0 +8.115721039e+00 +1.916357210e+02 +1.916357210e+02
317 0 +6.824004961e+00 +1.903440050e+02 +1.903440050e+02
350 0 +5.360849223e+00 +1.888808492e+02 +1.888808492e+02
380 0 +4.925823884e+00 +1.884458239e+02 +1.884458239e+02
402 0 +4.001516588e+00 +1.875215166e+02 +1.875215166e+02
407 0 +3.656556453e+00 +1.871765565e+02 +1.871765565e+02
436 0 +3.329641616e+00 +1.868496416e+02 +1.868496416e+02
443 0 +2.795198014e+00 +1.863151980e+02 +1.863151980e+02
468 0 +2.292974918e+00 +1.858129749e+02 +1.858129749e+02
481 0 +1.426243673e+00 +1.849462437e+02 +1.849462437e+02
502 0 +4.735786409e-01 +1.839935786e+02 +1.839935786e+02
523 0 +1.500908203e-02 +1.835350091e+02 +1.835350091e+02
544 0 +4.556111672e-03 +1.835245561e+02 +1.835245561e+02
565 0 +1.703232365e-04 +1.835201703e+02 +1.835201703e+02
586 0 +4.393907165e-05 +1.835200439e+02 +1.835200439e+02
607 0 +3.557758959e-06 +1.835200036e+02 +1.835200036e+02
628 0 +7.721528448e-07 +1.835200008e+02 +1.835200008e+02
649 0 +7.990496442e-08 +1.835200001e+02 +1.835200001e+02
670 0 +2.113461051e-08 +1.835200000e+02 +1.835200000e+02
691 0 +1.819557838e-09 +1.835200000e+02 +1.835200000e+02
1823 0 +8.810729923e-13 +1.835200000e+02 +1.835200000e+02
200007 0 +2.842170943e-14 +1.835200000e+02 +1.835200000e+02
% f evaluations | g evaluations | best noise-free fitness - Fopt (-5.938400000000e+02) + sum g_i+ | measured fitness | best measured fitness or single-digit g-values | x1 | x2...
1 0 +9.298257104e+01 -5.008574290e+02 -5.008574290e+02
6 0 +8.928629180e+01 -5.045537082e+02 -5.045537082e+02
14 0 +7.153517978e+01 -5.223048202e+02 -5.223048202e+02
33 0 +5.648494100e+01 -5.373550590e+02 -5.373550590e+02
40 0 +4.129859518e+01 -5.525414048e+02 -5.525414048e+02
58 0 +3.301596673e+01 -5.608240333e+02 -5.608240333e+02
71 0 +2.522619854e+01 -5.686138015e+02 -5.686138015e+02
92 0 +2.103653979e+01 -5.728034602e+02 -5.728034602e+02
108 0 +1.853880243e+01 -5.753011976e+02 -5.753011976e+02
192 0 +1.597178156e+01 -5.778682184e+02 -5.778682184e+02
223 0 +1.235085459e+01 -5.814891454e+02 -5.814891454e+02
241 0 +9.628149097e+00 -5.842118509e+02 -5.842118509e+02
277 0 +7.789234036e+00 -5.860507660e+02 -5.860507660e+02
302 0 +6.025489465e+00 -5.878145105e+02 -5.878145105e+02
303 0 +5.517612059e+00 -5.883223879e+02 -5.883223879e+02
309 0 +2.797802735e+00 -5.910421973e+02 -5.910421973e+02
417 0 +2.320466969e+00 -5.915195330e+02 -5.915195330e+02
426 0 +1.804037492e+00 -5.920359625e+02 -5.920359625e+02
478 0 +1.232800512e+00 -5.926071995e+02 -5.926071995e+02
502 0 +4.083925029e-01 -5.934316075e+02 -5.934316075e+02
523 0 +1.997690115e-02 -5.938200231e+02 -5.938200231e+02
544 0 +8.356404326e-03 -5.938316436e+02 -5.938316436e+02
565 0 +3.135413249e-04 -5.938396865e+02 -5.938396865e+02
586 0 +1.069110886e-04 -5.938398931e+02 -5.938398931e+02
607 0 +7.064040688e-06 -5.938399929e+02 -5.938399929e+02
628 0 +1.203121656e-06 -5.938399988e+02 -5.938399988e+02
649 0 +1.499552127e-07 -5.938399999e+02 -5.938399999e+02
670 0 +3.101581569e-08 -5.938400000e+02 -5.938400000e+02
691 0 +3.213472155e-09 -5.938400000e+02 -5.938400000e+02
5780 0 +9.094947018e-13 -5.938400000e+02 -5.938400000e+02
200008 0 +1.136868377e-13 -5.938400000e+02 -5.938400000e+02
% f evaluations | g evaluations | best noise-free fitness - Fopt (-1.000000000000e+03) + sum g_i+ | measured fitness | best measured fitness or single-digit g-values | x1 | x2...
1 0 +1.870465412e+02 -8.129534588e+02 -8.129534588e+02
2 0 +1.192391284e+02 -8.807608716e+02 -8.807608716e+02
3 0 +8.914668897e+01 -9.108533110e+02 -9.108533110e+02
14 0 +8.837523927e+01 -9.116247607e+02 -9.116247607e+02
26 0 +6.859179027e+01 -9.314082097e+02 -9.314082097e+02
42 0 +6.123227958e+01 -9.387677204e+02 -9.387677204e+02
54 0 +5.601710525e+01 -9.439828948e+02 -9.439828948e+02
62 0 +4.370202712e+01 -9.562979729e+02 -9.562979729e+02
74 0 +3.615297157e+01 -9.638470284e+02 -9.638470284e+02
105 0 +2.791744932e+01 -9.720825507e+02 -9.720825507e+02
109 0 +2.283934198e+01 -9.771606580e+02 -9.771606580e+02
123 0 +1.881241617e+01 -9.811875838e+02 -9.811875838e+02
140 0 +1.530784335e+01 -9.846921567e+02 -9.846921567e+02
192 0 +6.779667478e+00 -9.932203325e+02 -9.932203325e+02
271 0 +6.125689597e+00 -9.938743104e+02 -9.938743104e+02
286 0 +5.070892063e+00 -9.949291079e+02 -9.949291079e+02
298 0 +4.594741983e+00 -9.954052580e+02 -9.954052580e+02
310 0 +4.452278679e+00 -9.955477213e+02 -9.955477213e+02
391 0 +3.908842037e+00 -9.960911580e+02 -9.960911580e+02
407 0 +3.513280327e+00 -9.964867197e+02 -9.964867197e+02
414 0 +3.025611330e+00 -9.969743887e+02 -9.969743887e+02
437 0 +2.673247043e+00 -9.973267530e+02 -9.973267530e+02
443 0 +2.197096711e+00 -9.978029033e+02 -9.978029033e+02
478 0 +1.975253605e+00 -9.980247464e+02 -9.980247464e+02
481 0 +1.069366496e+00 -9.989306335e+02 -9.989306335e+02
502 0 +3.538139153e-01 -9.996461861e+02 -9.996461861e+02
523 0 +1.268259861e-02 -9.999873174e+02 -9.999873174e+02
544 0 +4.286502258e-03 -9.999957135e+02 -9.999957135e+02
565 0 +2.206920440e-04 -9.999997793e+02 -9.999997793e+02
586 0 +5.976506066e-05 -9.999999402e+02 -9.999999402e+02
607 0 +8.416883929e-06 -9.999999916e+02 -9.999999916e+02
628 0 +2.308636795e-06 -9.999999977e+02 -9.999999977e+02
649 0 +2.171271944e-07 -9.999999998e+02 -9.999999998e+02
670 0 +4.938476650e-08 -1.000000000e+03 -1.000000000e+03
691 0 +5.226411304e-09 -1.000000000e+03 -1.000000000e+03
5850 0 +9.094947018e-13 -1.000000000e+03 -1.000000000e+03
6476 0 +0.000000000e+00 -1.000000000e+03 -1.000000000e+03
200006 0 +0.000000000e+00 -1.000000000e+03 -1.000000000e+03
% f evaluations | g evaluations | best noise-free fitness - Fopt (-2.531000000000e+01) + sum g_i+ | measured fitness | best measured fitness or single-digit g-values | x1 | x2...
1 0 +1.302160656e+02 +1.049060656e+02 +1.049060656e+02
2 0 +1.240043422e+02 +9.869434224e+01 +9.869434224e+01
3 0 +1.095644491e+02 +8.425444908e+01 +8.425444908e+01
16 0 +9.812562083e+01 +7.281562083e+01 +7.281562083e+01
27 0 +8.593384850e+01 +6.062384850e+01 +6.062384850e+01
39 0 +7.770996502e+01 +5.239996502e+01 +5.239996502e+01
58 0 +6.006385433e+01 +3.475385433e+01 +3.475385433e+01
84 0 +5.614504557e+01 +3.083504557e+01 +3.083504557e+01
91 0 +4.599994010e+01 +2.068994010e+01 +2.068994010e+01
93 0 +3.569424382e+01 +1.038424382e+01 +1.038424382e+01
108 0 +3.443598359e+01 +9.125983589e+00 +9.125983589e+00
146 0 +2.790797263e+01 +2.597972630e+00 +2.597972630e+00
152 0 +2.467812782e+01 -6.318721754e-01 -6.318721754e-01
192 0 +1.961545412e+01 -5.694545885e+00 -5.694545885e+00
226 0 +1.232562759e+01 -1.298437241e+01 -1.298437241e+01
237 0 +1.053375187e+01 -1.477624813e+01 -1.477624813e+01
266 0 +8.340884078e+00 -1.696911592e+01 -1.696911592e+01
317 0 +6.562812200e+00 -1.874718780e+01 -1.874718780e+01
327 0 +5.556895086e+00 -1.975310491e+01 -1.975310491e+01
352 0 +3.420436959e+00 -2.188956304e+01 -2.188956304e+01
405 0 +2.347722632e+00 -2.296227737e+01 -2.296227737e+01
451 0 +1.792132248e+00 -2.351786775e+01 -2.351786775e+01
465 0 +1.606983270e+00 -2.370301673e+01 -2.370301673e+01
481 0 +8.964801167e-01 -2.441351988e+01 -2.441351988e+01
502 0 +2.993610501e-01 -2.501063895e+01 -2.501063895e+01
523 0 +8.250030664e-03 -2.530174997e+01 -2.530174997e+01
544 0 +2.279482306e-03 -2.530772052e+01 -2.530772052e+01
565 0 +1.319049774e-04 -2.530986810e+01 -2.530986810e+01
586 0 +3.411154274e-05 -2.530996589e+01 -2.530996589e+01
607 0 +5.450110844e-06 -2.530999455e+01 -2.530999455e+01
628 0 +1.434753283e-06 -2.530999857e+01 -2.530999857e+01
649 0 +1.100438745e-07 -2.530999989e+01 -2.530999989e+01
670 0 +2.621078465e-08 -2.530999997e+01 -2.530999997e+01
691 0 +3.850413322e-09 -2.531000000e+01 -2.531000000e+01
796 0 +2.842170943e-13 -2.531000000e+01 -2.531000000e+01
200007 0 +3.552713679e-15 -2.531000000e+01 -2.531000000e+01
% f evaluations | g evaluations | best noise-free fitness - Fopt (2.228000000000e+01) + sum g_i+ | measured fitness | best measured fitness or single-digit g-values | x1 | x2...
1 0 +9.003431618e+01 +1.123143162e+02 +1.123143162e+02
11 0 +8.589176357e+01 +1.081717636e+02 +1.081717636e+02
14 0 +7.851802491e+01 +1.007980249e+02 +1.007980249e+02
25 0 +5.799649836e+01 +8.027649836e+01 +8.027649836e+01
38 0 +5.398452143e+01 +7.626452143e+01 +7.626452143e+01
47 0 +4.711990063e+01 +6.939990063e+01 +6.939990063e+01
54 0 +4.285558854e+01 +6.513558854e+01 +6.513558854e+01
62 0 +3.443528605e+01 +5.671528605e+01 +5.671528605e+01
88 0 +2.983249667e+01 +5.211249667e+01 +5.211249667e+01
92 0 +1.988527480e+01 +4.216527480e+01 +4.216527480e+01
126 0 +1.330021864e+01 +3.558021864e+01 +3.558021864e+01
198 0 +1.033346421e+01 +3.261346421e+01 +3.261346421e+01
258 0 +9.567705271e+00 +3.184770527e+01 +3.184770527e+01
265 0 +8.507449711e+00 +3.078744971e+01 +3.078744971e+01
286 0 +5.681554039e+00 +2.796155404e+01 +2.796155404e+01
361 0 +3.295032250e+00 +2.557503225e+01 +2.557503225e+01
387 0 +3.028059107e+00 +2.530805911e+01 +2.530805911e+01
391 0 +2.457791569e+00 +2.473779157e+01 +2.473779157e+01
459 0 +2.229253633e+00 +2.450925363e+01 +2.450925363e+01
480 0 +1.780673306e+00 +2.406067331e+01 +2.406067331e+01
481 0 +1.238996794e+00 +2.351899679e+01 +2.351899679e+01
502 0 +3.438562468e-01 +2.262385625e+01 +2.262385625e+01
523 0 +3.604847807e-02 +2.231604848e+01 +2.231604848e+01
544 0 +1.119182786e-02 +2.229119183e+01 +2.229119183e+01
565 0 +1.117229846e-03 +2.228111723e+01 +2.228111723e+01
586 0 +3.411774966e-04 +2.228034118e+01 +2.228034118e+01
607 0 +3.515220684e-05 +2.228003515e+01 +2.228003515e+01
628 0 +7.001128569e-06 +2.228000700e+01 +2.228000700e+01
649 0 +6.842867215e-07 +2.228000068e+01 +2.228000068e+01
670 0 +1.199873729e-07 +2.228000012e+01 +2.228000012e+01
691 0 +1.911574188e-08 +2.228000002e+01 +2.228000002e+01
712 0 +3.178374897e-09 +2.228000000e+01 +2.228000000e+01
817 0 +3.481659405e-13 +2.228000000e+01 +2.228000000e+01
200005 0 +3.552713679e-15 +2.228000000e+01 +2.228000000e+01
% f evaluations | g evaluations | best noise-free fitness - Fopt (3.561400000000e+02) + sum g_i+ | measured fitness | best measured fitness or single-digit g-values | x1 | x2...
1 0 +1.040772639e+02 +4.602172639e+02 +4.602172639e+02
8 0 +9.757348485e+01 +4.537134848e+02 +4.537134848e+02
16 0 +7.956524797e+01 +4.357052480e+02 +4.357052480e+02
19 0 +7.564915152e+01 +4.317891515e+02 +4.317891515e+02
28 0 +4.389787663e+01 +4.000378766e+02 +4.000378766e+02
62 0 +2.952071133e+01 +3.856607113e+02 +3.856607113e+02
74 0 +2.735976250e+01 +3.834997625e+02 +3.834997625e+02
92 0 +1.645654686e+01 +3.725965469e+02 +3.725965469e+02
139 0 +1.208067281e+01 +3.682206728e+02 +3.682206728e+02
327 0 +8.257457103e+00 +3.643974571e+02 +3.643974571e+02
345 0 +7.197604600e+00 +3.633376046e+02 +3.633376046e+02
363 0 +5.583365483e+00 +3.617233655e+02 +3.617233655e+02
463 0 +2.208092865e+00 +3.583480929e+02 +3.583480929e+02
481 0 +9.215073155e-01 +3.570615073e+02 +3.570615073e+02
502 0 +2.930385714e-01 +3.564330386e+02 +3.564330386e+02
523 0 +2.691757234e-02 +3.561669176e+02 +3.561669176e+02
544 0 +9.232554371e-03 +3.561492326e+02 +3.561492326e+02
565 0 +4.834649926e-04 +3.561404835e+02 +3.561404835e+02
586 0 +1.366791412e-04 +3.561401367e+02 +3.561401367e+02
607 0 +2.002941926e-05 +3.561400200e+02 +3.561400200e+02
628 0 +3.269145452e-06 +3.561400033e+02 +3.561400033e+02
649 0 +3.804769335e-07 +3.561400004e+02 +3.561400004e+02
670 0 +8.197190482e-08 +3.561400001e+02 +3.561400001e+02
691 0 +8.484676073e-09 +3.561400000e+02 +3.561400000e+02
7087 0 +9.663381206e-13 +3.561400000e+02 +3.561400000e+02
200006 0 +5.684341886e-14 +3.561400000e+02 +3.561400000e+02
% f evaluations | g evaluations | best noise-free fitness - Fopt (-4.757000000000e+02) + sum g_i+ | measured fitness | best measured fitness or single-digit g-values | x1 | x2...
1 0 +1.028882572e+02 -3.728117428e+02 -3.728117428e+02
2 0 +9.794958628e+01 -3.777504137e+02 -3.777504137e+02
13 0 +7.652444931e+01 -3.991755507e+02 -3.991755507e+02
27 0 +5.820061737e+01 -4.174993826e+02 -4.174993826e+02
44 0 +4.304574632e+01 -4.326542537e+02 -4.326542537e+02
51 0 +3.965641453e+01 -4.360435855e+02 -4.360435855e+02
72 0 +3.019602427e+01 -4.455039757e+02 -4.455039757e+02
77 0 +2.600670614e+01 -4.496932939e+02 -4.496932939e+02
79 0 +2.488863111e+01 -4.508113689e+02 -4.508113689e+02
93 0 +1.844301181e+01 -4.572569882e+02 -4.572569882e+02
105 0 +1.204438281e+01 -4.636556172e+02 -4.636556172e+02
203 0 +9.000004289e+00 -4.666999957e+02 -4.666999957e+02
262 0 +7.881047799e+00 -4.678189522e+02 -4.678189522e+02
265 0 +6.916059654e+00 -4.687839403e+02 -4.687839403e+02
295 0 +6.183806600e+00 -4.695161934e+02 -4.695161934e+02
298 0 +5.341623248e+00 -4.703583768e+02 -4.703583768e+02
306 0 +4.306704139e+00 -4.713932959e+02 -4.713932959e+02
327 0 +3.596108050e+00 -4.721038919e+02 -4.721038919e+02
335 0 +3.526879241e+00 -4.721731208e+02 -4.721731208e+02
351 0 +3.056085162e+00 -4.726439148e+02 -4.726439148e+02
359 0 +2.152125646e+00 -4.735478744e+02 -4.735478744e+02
411 0 +1.867154148e+00 -4.738328459e+02 -4.738328459e+02
432 0 +1.401808014e+00 -4.742981920e+02 -4.742981920e+02
481 0 +9.190395387e-01 -4.747809605e+02 -4.747809605e+02
502 0 +3.016617628e-01 -4.753983382e+02 -4.753983382e+02
523 0 +1.712476860e-02 -4.756828752e+02 -4.756828752e+02
544 0 +6.333700332e-03 -4.756936663e+02 -4.756936663e+02
565 0 +2.096339392e-04 -4.756997904e+02 -4.756997904e+02
586 0 +7.272899194e-05 -4.756999273e+02 -4.756999273e+02
607 0 +4.693199116e-06 -4.756999953e+02 -4.756999953e+02
628 0 +1.168799429e-06 -4.756999988e+02 -4.756999988e+02
649 0 +1.847145086e-07 -4.756999998e+02 -4.756999998e+02
670 0 +4.425527322e-08 -4.757000000e+02 -4.757000000e+02
691 0 +5.310596407e-09 -4.757000000e+02 -4.757000000e+02
901 0 +9.094947018e-13 -4.757000000e+02 -4.757000000e+02
200008 0 +5.684341886e-14 -4.757000000e+02 -4.757000000e+02
% f evaluations | g evaluations | best noise-free fitness - Fopt (-1.000000000000e+03) + sum g_i+ | measured fitness | best measured fitness or single-digit g-values | x1 | x2...
1 0 +1.611140046e+02 -8.388859954e+02 -8.388859954e+02
2 0 +1.270409104e+02 -8.729590896e+02 -8.729590896e+02
13 0 +1.194745088e+02 -8.805254912e+02 -8.805254912e+02
29 0 +1.095382851e+02 -8.904617149e+02 -8.904617149e+02
37 0 +9.986798479e+01 -9.001320152e+02 -9.001320152e+02
44 0 +8.445365413e+01 -9.155463459e+02 -9.155463459e+02
52 0 +6.767954801e+01 -9.323204520e+02 -9.323204520e+02
83 0 +6.174675485e+01 -9.382532451e+02 -9.382532451e+02
93 0 +4.922379750e+01 -9.507762025e+02 -9.507762025e+02
108 0 +4.390071501e+01 -9.560992850e+02 -9.560992850e+02
109 0 +3.666140409e+01 -9.633385959e+02 -9.633385959e+02
112 0 +3.385451605e+01 -9.661454840e+02 -9.661454840e+02
121 0 +2.888798798e+01 -9.711120120e+02 -9.711120120e+02
124 0 +2.585908885e+01 -9.741409112e+02 -9.741409112e+02
141 0 +2.348000460e+01 -9.765199954e+02 -9.765199954e+02
143 0 +2.034306749e+01 -9.796569325e+02 -9.796569325e+02
186 0 +1.507253477e+01 -9.849274652e+02 -9.849274652e+02
198 0 +9.189482623e+00 -9.908105174e+02 -9.908105174e+02
266 0 +8.359946746e+00 -9.916400533e+02 -9.916400533e+02
280 0 +7.390478325e+00 -9.926095217e+02 -9.926095217e+02
286 0 +6.205198047e+00 -9.937948020e+02 -9.937948020e+02
299 0 +5.498592972e+00 -9.945014070e+02 -9.945014070e+02
302 0 +4.995281317e+00 -9.950047187e+02 -9.950047187e+02
317 0 +4.261928629e+00 -9.957380714e+02 -9.957380714e+02
339 0 +3.650046891e+00 -9.963499531e+02 -9.963499531e+02
396 0 +2.971072529e+00 -9.970289275e+02 -9.970289275e+02
420 0 +2.215009075e+00 -9.977849909e+02 -9.977849909e+02
424 0 +1.914018081e+00 -9.980859819e+02 -9.980859819e+02
473 0 +1.766917473e+00 -9.982330825e+02 -9.982330825e+02
481 0 +9.072681744e-01 -9.990927318e+02 -9.990927318e+02
502 0 +3.175811676e-01 -9.996824188e+02 -9.996824188e+02
523 0 +1.126798931e-02 -9.999887320e+02 -9.999887320e+02
544 0 +4.167712382e-03 -9.999958323e+02 -9.999958323e+02
565 0 +2.367095607e-04 -9.999997633e+02 -9.999997633e+02
586 0 +9.171429122e-05 -9.999999083e+02 -9.999999083e+02
607 0 +2.145250050e-06 -9.999999979e+02 -9.999999979e+02
628 0 +5.857473298e-07 -9.999999994e+02 -9.999999994e+02
649 0 +3.465436293e-08 -1.000000000e+03 -1.000000000e+03
670 0 +6.399886843e-09 -1.000000000e+03 -1.000000000e+03
6134 0 +9.094947018e-13 -1.000000000e+03 -1.000000000e+03
200004 0 +1.136868377e-13 -1.000000000e+03 -1.000000000e+03
% f evaluations | g evaluations | best noise-free fitness - Fopt (-4.158000000000e+01) + sum g_i+ | measured fitness | best measured fitness or single-digit g-values | x1 | x2...
1 0 +1.317736340e+02 +9.019363396e+01 +9.019363396e+01
2 0 +9.436871961e+01 +5.278871961e+01 +5.278871961e+01
4 0 +8.346180744e+01 +4.188180744e+01 +4.188180744e+01
13 0 +5.687280176e+01 +1.529280176e+01 +1.529280176e+01
21 0 +4.972907403e+01 +8.149074027e+00 +8.149074027e+00
49 0 +3.985943005e+01 -1.720569950e+00 -1.720569950e+00
54 0 +3.832241232e+01 -3.257587680e+00 -3.257587680e+00
63 0 +3.308379542e+01 -8.496204584e+00 -8.496204584e+00
71 0 +2.203577398e+01 -1.954422602e+01 -1.954422602e+01
139 0 +1.352552268e+01 -2.805447732e+01 -2.805447732e+01
141 0 +1.135556326e+01 -3.022443674e+01 -3.022443674e+01
182 0 +1.071172091e+01 -3.086827909e+01 -3.086827909e+01
189 0 +9.765383567e+00 -3.181461643e+01 -3.181461643e+01
198 0 +8.802235178e+00 -3.277776482e+01 -3.277776482e+01
221 0 +6.451856617e+00 -3.512814338e+01 -3.512814338e+01
265 0 +3.379814260e+00 -3.820018574e+01 -3.820018574e+01
352 0 +3.053890996e+00 -3.852610900e+01 -3.852610900e+01
353 0 +2.203568379e+00 -3.937643162e+01 -3.937643162e+01
361 0 +1.671184810e+00 -3.990881519e+01 -3.990881519e+01
401 0 +1.575272711e+00 -4.000472729e+01 -4.000472729e+01
407 0 +1.343922643e+00 -4.023607736e+01 -4.023607736e+01
440 0 +1.182514228e+00 -4.039748577e+01 -4.039748577e+01
469 0 +1.090319644e+00 -4.048968036e+01 -4.048968036e+01
481 0 +6.638765685e-01 -4.091612343e+01 -4.091612343e+01
502 0 +2.097629769e-01 -4.137023702e+01 -4.137023702e+01
523 0 +1.149306116e-02 -4.156850694e+01 -4.156850694e+01
544 0 +4.731048573e-03 -4.157526895e+01 -4.157526895e+01
565 0 +1.723720973e-04 -4.157982763e+01 -4.157982763e+01
586 0 +5.574492687e-05 -4.157994426e+01 -4.157994426e+01
607 0 +1.241359342e-06 -4.157999876e+01 -4.157999876e+01
628 0 +3.301993061e-07 -4.157999967e+01 -4.157999967e+01
649 0 +3.257238745e-08 -4.157999997e+01 -4.157999997e+01
670 0 +5.749328125e-09 -4.157999999e+01 -4.157999999e+01
775 0 +1.634248292e-13 -4.158000000e+01 -4.158000000e+01
200453 0 +7.105427358e-15 -4.158000000e+01 -4.158000000e+01
