% f evaluations | g evaluations | best noise-free fitness - Fopt (-5.494000000000e+01) + sum g_i+ | measured fitness | best measured fitness or single-digit g-values | x1 | x2...
1 0 +4.317792701e+06 +4.317737761e+06 +4.317737761e+06
17 0 +2.355490862e+06 +2.355435922e+06 +2.355435922e+06
25 0 +1.052914080e+06 +1.052859140e+06 +1.052859140e+06
28 0 +8.420902989e+05 +8.420353589e+05 +8.420353589e+05
31 0 +2.632626122e+05 +2.632076722e+05 +2.632076722e+05
74 0 +1.817443429e+05 +1.816894029e+05 +1.816894029e+05
76 0 +1.697779820e+05 +1.697230420e+05 +1.697230420e+05
77 0 +1.469302309e+05 +1.468752909e+05 +1.468752909e+05
133 0 +1.112228639e+05 +1.111679239e+05 +1.111679239e+05
149 0 +4.610748967e+04 +4.605254967e+04 +4.605254967e+04
245 0 +4.457336190e+04 +4.451842190e+04 +4.451842190e+04
256 0 +2.510939687e+04 +2.505445687e+04 +2.505445687e+04
278 0 +2.193530173e+04 +2.188036173e+04 +2.188036173e+04
289 0 +1.572118587e+04 +1.566624587e+04 +1.566624587e+04
300 0 +8.205068654e+03 +8.150128654e+03 +8.150128654e+03
322 0 +6.575206309e+03 +6.520266309e+03 +6.520266309e+03
333 0 +4.918593071e+03 +4.863653071e+03 +4.863653071e+03
344 0 +2.594928336e+03 +2.539988336e+03 +2.539988336e+03
355 0 +1.531396261e+03 +1.476456261e+03 +1.476456261e+03
720 0 +1.201982557e+03 +1.147042557e+03 +1.147042557e+03
731 0 +8.912886551e+02 +8.363486551e+02 +8.363486551e+02
742 0 +5.420981280e+02 +4.871581280e+02 +4.871581280e+02
753 0 +2.902203945e+02 +2.352803945e+02 +2.352803945e+02
764 0 +1.682307175e+02 +1.132907175e+02 +1.132907175e+02
775 0 +5.747757992e+01 +2.537579920e+00 +2.537579920e+00
786 0 +8.693718782e+00 -4.624628122e+01 -4.624628122e+01
808 0 +1.828365929e+00 -5.311163407e+01 -5.311163407e+01
819 0 +5.788487330e-01 -5.436115127e+01 -5.436115127e+01
830 0 +2.035413121e-01 -5.473645869e+01 -5.473645869e+01
841 0 +6.347968310e-02 -5.487652032e+01 -5.487652032e+01
852 0 +3.835071558e-02 -5.490164928e+01 -5.490164928e+01
874 0 +2.275747899e-02 -5.491724252e+01 -5.491724252e+01
885 0 +8.915108178e-03 -5.493108489e+01 -5.493108489e+01
896 0 +8.451115454e-04 -5.493915489e+01 -5.493915489e+01
907 0 +2.993890352e-04 -5.493970061e+01 -5.493970061e+01
918 0 +1.116863319e-04 -5.493988831e+01 -5.493988831e+01
929 0 +6.215945143e-05 -5.493993784e+01 -5.493993784e+01
940 0 +1.716239670e-05 -5.493998284e+01 -5.493998284e+01
951 0 +9.701720160e-06 -5.493999030e+01 -5.493999030e+01
4955 0 +5.669053671e-06 -5.493999433e+01 -5.493999433e+01
4966 0 +2.388877171e-06 -5.493999761e+01 -5.493999761e+01
4977 0 +7.780011799e-07 -5.493999922e+01 -5.493999922e+01
4988 0 +3.977155032e-07 -5.493999960e+01 -5.493999960e+01
39904 0 +1.775594427e-07 -5.493999982e+01 -5.493999982e+01
39915 0 +1.136850543e-07 -5.493999989e+01 -5.493999989e+01
39917 0 +1.121304578e-07 -5.493999989e+01 -5.493999989e+01
39926 0 +5.800784919e-08 -5.493999994e+01 -5.493999994e+01
39948 0 +5.387967406e-08 -5.493999995e+01 -5.493999995e+01
39970 0 +4.086156480e-08 -5.493999996e+01 -5.493999996e+01
39992 0 +3.776028734e-08 -5.493999996e+01 -5.493999996e+01
100009 0 +3.686282923e-08 -5.493999996e+01 -5.493999996e+01
% f evaluations | g evaluations | best noise-free fitness - Fopt (5.913000000000e+01) + sum g_i+ | measured fitness | best measured fitness or single-digit g-values | x1 | x2...
1 0 +2.335307066e+07 +2.335312979e+07 +2.335312979e+07
2 0 +3.165344115e+06 +3.165403245e+06 +3.165403245e+06
23 0 +1.979438471e+06 +1.979497601e+06 +1.979497601e+06
32 0 +1.773304181e+06 +1.773363311e+06 +1.773363311e+06
33 0 +9.457414682e+05 +9.458005982e+05 +9.458005982e+05
37 0 +7.915749007e+05 +7.916340307e+05 +7.916340307e+05
42 0 +5.254536700e+05 +5.255128000e+05 +5.255128000e+05
48 0 +2.673918899e+05 +2.674510199e+05 +2.674510199e+05
73 0 +1.816666410e+05 +1.817257710e+05 +1.817257710e+05
89 0 +1.599159934e+05 +1.599751234e+05 +1.599751234e+05
121 0 +1.188544341e+05 +1.189135641e+05 +1.189135641e+05
123 0 +9.474684819e+04 +9.480597819e+04 +9.480597819e+04
191 0 +5.267338412e+04 +5.273251412e+04 +5.273251412e+04
201 0 +4.868779533e+04 +4.874692533e+04 +4.874692533e+04
234 0 +4.093582120e+04 +4.099495120e+04 +4.099495120e+04
245 0 +3.296167970e+04 +3.302080970e+04 +3.302080970e+04
256 0 +1.980507765e+04 +1.986420765e+04 +1.986420765e+04
289 0 +1.510813966e+04 +1.516726966e+04 +1.516726966e+04
300 0 +1.361576934e+04 +1.367489934e+04 +1.367489934e+04
480 0 +4.709662244e+03 +4.768792244e+03 +4.768792244e+03
621 0 +3.299630966e+03 +3.358760966e+03 +3.358760966e+03
818 0 +2.561356605e+03 +2.620486605e+03 +2.620486605e+03
898 0 +2.162829354e+03 +2.221959354e+03 +2.221959354e+03
920 0 +1.890566534e+03 +1.949696534e+03 +1.949696534e+03
931 0 +1.632472854e+03 +1.691602854e+03 +1.691602854e+03
942 0 +1.248352072e+03 +1.307482072e+03 +1.307482072e+03
975 0 +9.700440076e+02 +1.029174008e+03 +1.029174008e+03
986 0 +5.780800970e+02 +6.372100970e+02 +6.372100970e+02
1008 0 +4.487446031e+02 +5.078746031e+02 +5.078746031e+02
1428 0 +1.645007425e+02 +2.236307425e+02 +2.236307425e+02
1439 0 +6.094663320e+01 +1.200766332e+02 +1.200766332e+02
1461 0 +3.977768897e+01 +9.890768897e+01 +9.890768897e+01
1472 0 +1.186858994e+01 +7.099858994e+01 +7.099858994e+01
1483 0 +3.334726533e+00 +6.246472653e+01 +6.246472653e+01
1494 0 +1.919378762e-01 +5.932193788e+01 +5.932193788e+01
1516 0 +4.478788032e-02 +5.917478788e+01 +5.917478788e+01
1527 0 +2.001961268e-02 +5.915001961e+01 +5.915001961e+01
1538 0 +1.970679834e-02 +5.914970680e+01 +5.914970680e+01
1560 0 +1.674903569e-02 +5.914674904e+01 +5.914674904e+01
1571 0 +1.090060230e-02 +5.914090060e+01 +5.914090060e+01
1582 0 +3.897442632e-03 +5.913389744e+01 +5.913389744e+01
1593 0 +1.916067960e-03 +5.913191607e+01 +5.913191607e+01
1604 0 +1.187923515e-03 +5.913118792e+01 +5.913118792e+01
1626 0 +9.377333491e-04 +5.913093773e+01 +5.913093773e+01
1637 0 +6.657205614e-04 +5.913066572e+01 +5.913066572e+01
1659 0 +5.162000943e-04 +5.913051620e+01 +5.913051620e+01
1681 0 +4.815949184e-04 +5.913048159e+01 +5.913048159e+01
1692 0 +4.149888586e-04 +5.913041499e+01 +5.913041499e+01
1703 0 +3.065027083e-04 +5.913030650e+01 +5.913030650e+01
1714 0 +1.663135462e-04 +5.913016631e+01 +5.913016631e+01
1725 0 +7.303307432e-05 +5.913007303e+01 +5.913007303e+01
1736 0 +3.214688781e-05 +5.913003215e+01 +5.913003215e+01
1747 0 +2.329122637e-05 +5.913002329e+01 +5.913002329e+01
1758 0 +1.854896281e-05 +5.913001855e+01 +5.913001855e+01
1769 0 +1.470941885e-05 +5.913001471e+01 +5.913001471e+01
1780 0 +1.137798741e-05 +5.913001138e+01 +5.913001138e+01
1802 0 +8.988905179e-06 +5.913000899e+01 +5.913000899e+01
1813 0 +6.341842486e-06 +5.913000634e+01 +5.913000634e+01
1824 0 +2.802291810e-06 +5.913000280e+01 +5.913000280e+01
1835 0 +1.261971114e-06 +5.913000126e+01 +5.913000126e+01
1846 0 +4.348949574e-07 +5.913000043e+01 +5.913000043e+01
1868 0 +2.329152125e-07 +5.913000023e+01 +5.913000023e+01
1879 0 +8.313136135e-08 +5.913000008e+01 +5.913000008e+01
1890 0 +4.169755385e-08 +5.913000004e+01 +5.913000004e+01
1901 0 +1.342892375e-08 +5.913000001e+01 +5.913000001e+01
2011 0 +1.107155612e-08 +5.913000001e+01 +5.913000001e+01
2022 0 +9.204093487e-09 +5.913000001e+01 +5.913000001e+01
24714 0 +5.826450433e-13 +5.913000000e+01 +5.913000000e+01
26871 0 +0.000000000e+00 +5.913000000e+01 +5.913000000e+01
100005 0 +0.000000000e+00 +5.913000000e+01 +5.913000000e+01
% f evaluations | g evaluations | best noise-free fitness - Fopt (-4.915300000000e+02) + sum g_i+ | measured fitness | best measured fitness or single-digit g-values | x1 | x2...
1 0 +5.384630752e+06 +5.384139222e+06 +5.384139222e+06
2 0 +5.295537492e+06 +5.295045962e+06 +5.295045962e+06
3 0 +1.510046194e+06 +1.509554664e+06 +1.509554664e+06
12 0 +6.007350628e+05 +6.002435328e+05 +6.002435328e+05
27 0 +2.928852953e+05 +2.923937653e+05 +2.923937653e+05
31 0 +1.843327092e+05 +1.838411792e+05 +1.838411792e+05
48 0 +1.494485146e+05 +1.489569846e+05 +1.489569846e+05
63 0 +9.871569451e+04 +9.822416451e+04 +9.822416451e+04
150 0 +4.710794979e+04 +4.661641979e+04 +4.661641979e+04
234 0 +3.755244104e+04 +3.706091104e+04 +3.706091104e+04
245 0 +2.209980890e+04 +2.160827890e+04 +2.160827890e+04
267 0 +1.619953711e+04 +1.570800711e+04 +1.570800711e+04
289 0 +1.180355291e+04 +1.131202291e+04 +1.131202291e+04
311 0 +1.103020592e+04 +1.053867592e+04 +1.053867592e+04
333 0 +8.935773360e+03 +8.444243360e+03 +8.444243360e+03
344 0 +7.742224213e+03 +7.250694213e+03 +7.250694213e+03
472 0 +6.789331542e+03 +6.297801542e+03 +6.297801542e+03
588 0 +6.094126672e+03 +5.602596672e+03 +5.602596672e+03
643 0 +5.511208933e+03 +5.019678933e+03 +5.019678933e+03
665 0 +4.647534799e+03 +4.156004799e+03 +4.156004799e+03
676 0 +3.077709373e+03 +2.586179373e+03 +2.586179373e+03
687 0 +2.071012179e+03 +1.579482179e+03 +1.579482179e+03
1019 0 +1.909752776e+03 +1.418222776e+03 +1.418222776e+03
1030 0 +1.713228440e+03 +1.221698440e+03 +1.221698440e+03
1041 0 +1.547004601e+03 +1.055474601e+03 +1.055474601e+03
1052 0 +1.252431388e+03 +7.609013878e+02 +7.609013878e+02
1063 0 +9.540023044e+02 +4.624723044e+02 +4.624723044e+02
1074 0 +5.854252441e+02 +9.389524414e+01 +9.389524414e+01
1085 0 +3.851278179e+02 -1.064021821e+02 -1.064021821e+02
1096 0 +3.269333032e+02 -1.645966968e+02 -1.645966968e+02
1107 0 +2.178337609e+02 -2.736962391e+02 -2.736962391e+02
1118 0 +6.975054308e+01 -4.217794569e+02 -4.217794569e+02
1129 0 +2.615307594e+01 -4.653769241e+02 -4.653769241e+02
1151 0 +1.929797160e+01 -4.722320284e+02 -4.722320284e+02
1162 0 +1.022396750e+01 -4.813060325e+02 -4.813060325e+02
1173 0 +9.977679878e+00 -4.815523201e+02 -4.815523201e+02
1195 0 +7.736723938e+00 -4.837932761e+02 -4.837932761e+02
1206 0 +4.140725179e+00 -4.873892748e+02 -4.873892748e+02
1217 0 +9.510539064e-01 -4.905789461e+02 -4.905789461e+02
1228 0 +1.944506239e-01 -4.913355494e+02 -4.913355494e+02
1239 0 +4.552475847e-02 -4.914844752e+02 -4.914844752e+02
1250 0 +3.651126002e-02 -4.914934887e+02 -4.914934887e+02
1261 0 +2.299215380e-02 -4.915070078e+02 -4.915070078e+02
1272 0 +9.153987778e-03 -4.915208460e+02 -4.915208460e+02
1283 0 +5.769375690e-03 -4.915242306e+02 -4.915242306e+02
1294 0 +3.826006355e-03 -4.915261740e+02 -4.915261740e+02
1305 0 +2.190929170e-03 -4.915278091e+02 -4.915278091e+02
1316 0 +1.461147258e-03 -4.915285389e+02 -4.915285389e+02
1327 0 +1.157868109e-03 -4.915288421e+02 -4.915288421e+02
1338 0 +6.923524468e-04 -4.915293076e+02 -4.915293076e+02
1349 0 +2.056246388e-04 -4.915297944e+02 -4.915297944e+02
1360 0 +1.348296711e-04 -4.915298652e+02 -4.915298652e+02
1371 0 +6.904319724e-05 -4.915299310e+02 -4.915299310e+02
1382 0 +4.639063150e-05 -4.915299536e+02 -4.915299536e+02
1393 0 +3.116223888e-05 -4.915299688e+02 -4.915299688e+02
1448 0 +2.000946034e-05 -4.915299800e+02 -4.915299800e+02
1470 0 +1.567226161e-05 -4.915299843e+02 -4.915299843e+02
1492 0 +1.345392792e-05 -4.915299865e+02 -4.915299865e+02
1503 0 +1.224157489e-05 -4.915299878e+02 -4.915299878e+02
1514 0 +1.118086340e-05 -4.915299888e+02 -4.915299888e+02
4228 0 +9.887115084e-06 -4.915299901e+02 -4.915299901e+02
4239 0 +6.857313451e-06 -4.915299931e+02 -4.915299931e+02
5739 0 +5.101860779e-06 -4.915299949e+02 -4.915299949e+02
5750 0 +4.556324825e-06 -4.915299954e+02 -4.915299954e+02
10347 0 +4.036239943e-06 -4.915299960e+02 -4.915299960e+02
11715 0 +3.439068905e-06 -4.915299966e+02 -4.915299966e+02
11737 0 +1.252747495e-06 -4.915299987e+02 -4.915299987e+02
11759 0 +1.114206157e-06 -4.915299989e+02 -4.915299989e+02
23570 0 +7.292860005e-07 -4.915299993e+02 -4.915299993e+02
23581 0 +6.546645750e-07 -4.915299993e+02 -4.915299993e+02
23592 0 +5.199470934e-07 -4.915299995e+02 -4.915299995e+02
23603 0 +3.385438845e-07 -4.915299997e+02 -4.915299997e+02
23614 0 +2.249333306e-07 -4.915299998e+02 -4.915299998e+02
23655 0 +2.233641112e-07 -4.915299998e+02 -4.915299998e+02
23724 0 +1.646739065e-07 -4.915299998e+02 -4.915299998e+02
23735 0 +1.531016665e-07 -4.915299998e+02 -4.915299998e+02
23746 0 +1.392630793e-07 -4.915299999e+02 -4.915299999e+02
23768 0 +1.224706807e-07 -4.915299999e+02 -4.915299999e+02
23790 0 +1.087354917e-07 -4.915299999e+02 -4.915299999e+02
24883 0 +8.460114032e-08 -4.915299999e+02 -4.915299999e+02
24894 0 +5.336562481e-08 -4.915299999e+02 -4.915299999e+02
24905 0 +4.568289569e-08 -4.915300000e+02 -4.915300000e+02
24913 0 +4.449435664e-08 -4.915300000e+02 -4.915300000e+02
25668 0 +2.322786941e-08 -4.915300000e+02 -4.915300000e+02
25674 0 +2.215847417e-08 -4.915300000e+02 -4.915300000e+02
25701 0 +1.746911948e-08 -4.915300000e+02 -4.915300000e+02
25712 0 +1.060641353e-08 -4.915300000e+02 -4.915300000e+02
25727 0 +9.856137240e-09 -4.915300000e+02 -4.915300000e+02
28959 0 +9.663381206e-13 -4.915300000e+02 -4.915300000e+02
29766 0 +0.000000000e+00 -4.915300000e+02 -4.915300000e+02
100002 0 +0.000000000e+00 -4.915300000e+02 -4.915300000e+02
% f evaluations | g evaluations | best noise-free fitness - Fopt (-1.702000000000e+02) + sum g_i+ | measured fitness | best measured fitness or single-digit g-values | x1 | x2...
1 0 +1.180551295e+07 +1.180534275e+07 +1.180534275e+07
8 0 +1.082259474e+07 +1.082242454e+07 +1.082242454e+07
10 0 +1.045858766e+07 +1.045841746e+07 +1.045841746e+07
12 0 +1.032477016e+07 +1.032459996e+07 +1.032459996e+07
15 0 +4.881307677e+06 +4.881137477e+06 +4.881137477e+06
25 0 +2.546188926e+06 +2.546018726e+06 +2.546018726e+06
35 0 +2.058291039e+06 +2.058120839e+06 +2.058120839e+06
36 0 +8.047244510e+05 +8.045542510e+05 +8.045542510e+05
46 0 +6.428778448e+05 +6.427076448e+05 +6.427076448e+05
53 0 +4.158292812e+05 +4.156590812e+05 +4.156590812e+05
55 0 +2.103127011e+05 +2.101425011e+05 +2.101425011e+05
65 0 +1.750913954e+05 +1.749211954e+05 +1.749211954e+05
100 0 +1.081211055e+05 +1.079509055e+05 +1.079509055e+05
110 0 +8.802747433e+04 +8.785727433e+04 +8.785727433e+04
143 0 +6.375030399e+04 +6.358010399e+04 +6.358010399e+04
183 0 +5.266790037e+04 +5.249770037e+04 +5.249770037e+04
189 0 +3.798797032e+04 +3.781777032e+04 +3.781777032e+04
223 0 +1.305248450e+04 +1.288228450e+04 +1.288228450e+04
245 0 +1.135183909e+04 +1.118163909e+04 +1.118163909e+04
256 0 +9.694800491e+03 +9.524600491e+03 +9.524600491e+03
267 0 +6.692678886e+03 +6.522478886e+03 +6.522478886e+03
300 0 +5.793933452e+03 +5.623733452e+03 +5.623733452e+03
311 0 +4.231634462e+03 +4.061434462e+03 +4.061434462e+03
333 0 +3.435662271e+03 +3.265462271e+03 +3.265462271e+03
344 0 +2.432459072e+03 +2.262259072e+03 +2.262259072e+03
720 0 +2.129344081e+03 +1.959144081e+03 +1.959144081e+03
1428 0 +1.971021055e+03 +1.800821055e+03 +1.800821055e+03
1439 0 +1.640939723e+03 +1.470739723e+03 +1.470739723e+03
1450 0 +1.221582954e+03 +1.051382954e+03 +1.051382954e+03
1461 0 +6.199255779e+02 +4.497255779e+02 +4.497255779e+02
1483 0 +3.051983491e+02 +1.349983491e+02 +1.349983491e+02
1505 0 +2.120390782e+02 +4.183907820e+01 +4.183907820e+01
1516 0 +1.423062926e+02 -2.789370736e+01 -2.789370736e+01
1527 0 +6.002628366e+01 -1.101737163e+02 -1.101737163e+02
1538 0 +2.617247603e+01 -1.440275240e+02 -1.440275240e+02
1549 0 +7.879409025e+00 -1.623205910e+02 -1.623205910e+02
1560 0 +2.489947141e+00 -1.677100529e+02 -1.677100529e+02
1571 0 +1.059746775e+00 -1.691402532e+02 -1.691402532e+02
1582 0 +2.475194255e-01 -1.699524806e+02 -1.699524806e+02
1593 0 +1.566181382e-01 -1.700433819e+02 -1.700433819e+02
1604 0 +6.326371054e-02 -1.701367363e+02 -1.701367363e+02
1615 0 +2.673272017e-02 -1.701732673e+02 -1.701732673e+02
1626 0 +9.575019627e-03 -1.701904250e+02 -1.701904250e+02
1648 0 +4.218579023e-03 -1.701957814e+02 -1.701957814e+02
1659 0 +1.806057233e-03 -1.701981939e+02 -1.701981939e+02
1670 0 +7.600219660e-04 -1.701992400e+02 -1.701992400e+02
1681 0 +3.579118314e-04 -1.701996421e+02 -1.701996421e+02
1692 0 +2.846484743e-04 -1.701997154e+02 -1.701997154e+02
1703 0 +1.439914956e-04 -1.701998560e+02 -1.701998560e+02
1714 0 +2.440323718e-05 -1.701999756e+02 -1.701999756e+02
1725 0 +5.283676501e-06 -1.701999947e+02 -1.701999947e+02
1736 0 +2.751872358e-06 -1.701999972e+02 -1.701999972e+02
1747 0 +1.780408383e-06 -1.701999982e+02 -1.701999982e+02
1758 0 +7.617707354e-07 -1.701999992e+02 -1.701999992e+02
1780 0 +6.044609222e-07 -1.701999994e+02 -1.701999994e+02
3236 0 +5.386957866e-07 -1.701999995e+02 -1.701999995e+02
3280 0 +4.262561220e-07 -1.701999996e+02 -1.701999996e+02
3291 0 +3.579605732e-07 -1.701999996e+02 -1.701999996e+02
3302 0 +3.526810417e-07 -1.701999996e+02 -1.701999996e+02
3434 0 +3.051529518e-07 -1.701999997e+02 -1.701999997e+02
3489 0 +2.805913937e-07 -1.701999997e+02 -1.701999997e+02
19616 0 +1.350924208e-07 -1.701999999e+02 -1.701999999e+02
19627 0 +9.794607081e-08 -1.701999999e+02 -1.701999999e+02
19638 0 +8.319238987e-08 -1.701999999e+02 -1.701999999e+02
19649 0 +7.592961992e-08 -1.701999999e+02 -1.701999999e+02
19660 0 +7.077355235e-08 -1.701999999e+02 -1.701999999e+02
19726 0 +6.266947139e-08 -1.701999999e+02 -1.701999999e+02
23965 0 +4.955407462e-08 -1.702000000e+02 -1.702000000e+02
23976 0 +4.178039603e-08 -1.702000000e+02 -1.702000000e+02
23987 0 +3.170066520e-08 -1.702000000e+02 -1.702000000e+02
23988 0 +3.094635304e-08 -1.702000000e+02 -1.702000000e+02
24010 0 +2.813345645e-08 -1.702000000e+02 -1.702000000e+02
24102 0 +2.499641027e-08 -1.702000000e+02 -1.702000000e+02
24146 0 +2.208693672e-08 -1.702000000e+02 -1.702000000e+02
24197 0 +1.981834430e-08 -1.702000000e+02 -1.702000000e+02
24207 0 +1.565334173e-08 -1.702000000e+02 -1.702000000e+02
24218 0 +1.368107405e-08 -1.702000000e+02 -1.702000000e+02
24871 0 +6.161599231e-09 -1.702000000e+02 -1.702000000e+02
27468 0 +9.379164112e-13 -1.702000000e+02 -1.702000000e+02
28920 0 +0.000000000e+00 -1.702000000e+02 -1.702000000e+02
100045 0 +0.000000000e+00 -1.702000000e+02 -1.702000000e+02
% f evaluations | g evaluations | best noise-free fitness - Fopt (-4.697500000000e+02) + sum g_i+ | measured fitness | best measured fitness or single-digit g-values | x1 | x2...
1 0 +4.665243982e+05 +4.660546482e+05 +4.660546482e+05
28 0 +4.327297181e+05 +4.322599681e+05 +4.322599681e+05
59 0 +1.833332708e+05 +1.828635208e+05 +1.828635208e+05
86 0 +1.735197340e+05 +1.730499840e+05 +1.730499840e+05
136 0 +1.153706269e+05 +1.149008769e+05 +1.149008769e+05
167 0 +3.552888796e+04 +3.505913796e+04 +3.505913796e+04
212 0 +3.264299396e+04 +3.217324396e+04 +3.217324396e+04
245 0 +3.103690409e+04 +3.056715409e+04 +3.056715409e+04
278 0 +2.808077266e+04 +2.761102266e+04 +2.761102266e+04
322 0 +2.477292671e+04 +2.430317671e+04 +2.430317671e+04
333 0 +1.826245355e+04 +1.779270355e+04 +1.779270355e+04
344 0 +5.359368969e+03 +4.889618969e+03 +4.889618969e+03
366 0 +3.771432980e+03 +3.301682980e+03 +3.301682980e+03
665 0 +3.002985102e+03 +2.533235102e+03 +2.533235102e+03
676 0 +2.302095404e+03 +1.832345404e+03 +1.832345404e+03
687 0 +1.164836001e+03 +6.950860007e+02 +6.950860007e+02
1008 0 +5.889838447e+02 +1.192338447e+02 +1.192338447e+02
1030 0 +2.612588298e+02 -2.084911702e+02 -2.084911702e+02
1052 0 +1.892322722e+02 -2.805177278e+02 -2.805177278e+02
1063 0 +5.323395558e+01 -4.165160444e+02 -4.165160444e+02
1085 0 +3.300575778e+01 -4.367442422e+02 -4.367442422e+02
1096 0 +1.285763265e+01 -4.568923673e+02 -4.568923673e+02
1107 0 +3.268713014e+00 -4.664812870e+02 -4.664812870e+02
1118 0 +1.682359546e+00 -4.680676405e+02 -4.680676405e+02
1129 0 +4.345453866e-01 -4.693154546e+02 -4.693154546e+02
1151 0 +8.957258802e-02 -4.696604274e+02 -4.696604274e+02
1162 0 +1.214069087e-02 -4.697378593e+02 -4.697378593e+02
1173 0 +1.236947501e-03 -4.697487631e+02 -4.697487631e+02
1184 0 +4.420799838e-04 -4.697495579e+02 -4.697495579e+02
1195 0 +6.673657873e-05 -4.697499333e+02 -4.697499333e+02
1206 0 +1.598087744e-05 -4.697499840e+02 -4.697499840e+02
1228 0 +1.527597755e-05 -4.697499847e+02 -4.697499847e+02
1239 0 +1.390420562e-05 -4.697499861e+02 -4.697499861e+02
1250 0 +1.161886280e-05 -4.697499884e+02 -4.697499884e+02
1261 0 +9.570490988e-06 -4.697499904e+02 -4.697499904e+02
1305 0 +8.905915649e-06 -4.697499911e+02 -4.697499911e+02
1327 0 +7.742799653e-06 -4.697499923e+02 -4.697499923e+02
2805 0 +6.335500473e-06 -4.697499937e+02 -4.697499937e+02
2816 0 +4.005913524e-06 -4.697499960e+02 -4.697499960e+02
2827 0 +2.661614985e-06 -4.697499973e+02 -4.697499973e+02
2838 0 +2.035049704e-06 -4.697499980e+02 -4.697499980e+02
2871 0 +1.985165397e-06 -4.697499980e+02 -4.697499980e+02
2893 0 +1.642908728e-06 -4.697499984e+02 -4.697499984e+02
2904 0 +1.433691182e-06 -4.697499986e+02 -4.697499986e+02
2915 0 +1.188747888e-06 -4.697499988e+02 -4.697499988e+02
2926 0 +9.439881978e-07 -4.697499991e+02 -4.697499991e+02
2981 0 +8.826696671e-07 -4.697499991e+02 -4.697499991e+02
3003 0 +7.735084182e-07 -4.697499992e+02 -4.697499992e+02
3025 0 +7.008852094e-07 -4.697499993e+02 -4.697499993e+02
7445 0 +5.983609981e-07 -4.697499994e+02 -4.697499994e+02
7456 0 +5.525707252e-07 -4.697499994e+02 -4.697499994e+02
7478 0 +4.966042866e-07 -4.697499995e+02 -4.697499995e+02
22286 0 +3.819700964e-07 -4.697499996e+02 -4.697499996e+02
23412 0 +3.547812071e-07 -4.697499996e+02 -4.697499996e+02
23456 0 +3.051302429e-07 -4.697499997e+02 -4.697499997e+02
23489 0 +2.335023623e-07 -4.697499998e+02 -4.697499998e+02
23500 0 +1.832361818e-07 -4.697499998e+02 -4.697499998e+02
23511 0 +1.680466539e-07 -4.697499998e+02 -4.697499998e+02
23533 0 +1.479832008e-07 -4.697499999e+02 -4.697499999e+02
23973 0 +1.364583682e-07 -4.697499999e+02 -4.697499999e+02
24082 0 +1.258821385e-07 -4.697499999e+02 -4.697499999e+02
24126 0 +1.119695412e-07 -4.697499999e+02 -4.697499999e+02
24127 0 +9.916902854e-08 -4.697499999e+02 -4.697499999e+02
24138 0 +8.002365348e-08 -4.697499999e+02 -4.697499999e+02
24139 0 +7.929583035e-08 -4.697499999e+02 -4.697499999e+02
24149 0 +6.228015081e-08 -4.697499999e+02 -4.697499999e+02
24160 0 +4.241610441e-08 -4.697500000e+02 -4.697500000e+02
24171 0 +3.031266260e-08 -4.697500000e+02 -4.697500000e+02
27138 0 +2.810861588e-08 -4.697500000e+02 -4.697500000e+02
27182 0 +2.473490213e-08 -4.697500000e+02 -4.697500000e+02
27292 0 +1.987871201e-08 -4.697500000e+02 -4.697500000e+02
27303 0 +1.494720436e-08 -4.697500000e+02 -4.697500000e+02
27336 0 +1.350963430e-08 -4.697500000e+02 -4.697500000e+02
27347 0 +1.258860038e-08 -4.697500000e+02 -4.697500000e+02
27358 0 +1.118240789e-08 -4.697500000e+02 -4.697500000e+02
29131 0 +9.003031209e-09 -4.697500000e+02 -4.697500000e+02
31772 0 +9.094947018e-13 -4.697500000e+02 -4.697500000e+02
32676 0 +0.000000000e+00 -4.697500000e+02 -4.697500000e+02
100281 0 +0.000000000e+00 -4.697500000e+02 -4.697500000e+02
% f evaluations | g evaluations | best noise-free fitness - Fopt (-5.191000000000e+01) + sum g_i+ | measured fitness | best measured fitness or single-digit g-values | x1 | x2...
1 0 +8.807458690e+06 +8.807406780e+06 +8.807406780e+06
2 0 +2.023823556e+06 +2.023771646e+06 +2.023771646e+06
3 0 +1.362965090e+06 +1.362913180e+06 +1.362913180e+06
5 0 +4.016603371e+05 +4.016084271e+05 +4.016084271e+05
33 0 +3.746221802e+05 +3.745702702e+05 +3.745702702e+05
51 0 +2.632168167e+05 +2.631649067e+05 +2.631649067e+05
69 0 +2.113014061e+05 +2.112494961e+05 +2.112494961e+05
71 0 +1.898829807e+05 +1.898310707e+05 +1.898310707e+05
105 0 +1.743351863e+05 +1.742832763e+05 +1.742832763e+05
121 0 +8.618200959e+04 +8.613009959e+04 +8.613009959e+04
191 0 +7.592481999e+04 +7.587290999e+04 +7.587290999e+04
193 0 +4.681646377e+04 +4.676455377e+04 +4.676455377e+04
201 0 +4.048507180e+04 +4.043316180e+04 +4.043316180e+04
223 0 +1.462979826e+04 +1.457788826e+04 +1.457788826e+04
245 0 +1.312329345e+04 +1.307138345e+04 +1.307138345e+04
256 0 +9.924762194e+03 +9.872852194e+03 +9.872852194e+03
267 0 +5.248525681e+03 +5.196615681e+03 +5.196615681e+03
289 0 +4.354502789e+03 +4.302592789e+03 +4.302592789e+03
322 0 +3.882177127e+03 +3.830267127e+03 +3.830267127e+03
344 0 +3.196584437e+03 +3.144674437e+03 +3.144674437e+03
355 0 +3.129637856e+03 +3.077727856e+03 +3.077727856e+03
377 0 +2.660294253e+03 +2.608384253e+03 +2.608384253e+03
432 0 +2.363247018e+03 +2.311337018e+03 +2.311337018e+03
443 0 +2.006580129e+03 +1.954670129e+03 +1.954670129e+03
454 0 +1.455845906e+03 +1.403935906e+03 +1.403935906e+03
1217 0 +1.189178799e+03 +1.137268799e+03 +1.137268799e+03
1239 0 +1.030941663e+03 +9.790316633e+02 +9.790316633e+02
1261 0 +9.445385977e+02 +8.926285977e+02 +8.926285977e+02
1272 0 +7.868529324e+02 +7.349429324e+02 +7.349429324e+02
1283 0 +4.621958479e+02 +4.102858479e+02 +4.102858479e+02
1294 0 +3.490452147e+02 +2.971352147e+02 +2.971352147e+02
1305 0 +2.635139933e+02 +2.116039933e+02 +2.116039933e+02
1316 0 +2.429455011e+02 +1.910355011e+02 +1.910355011e+02
1327 0 +2.171778851e+02 +1.652678851e+02 +1.652678851e+02
1338 0 +1.374885190e+02 +8.557851899e+01 +8.557851899e+01
1360 0 +1.248990181e+02 +7.298901813e+01 +7.298901813e+01
1382 0 +9.150298921e+01 +3.959298921e+01 +3.959298921e+01
1393 0 +7.046877737e+01 +1.855877737e+01 +1.855877737e+01
1404 0 +4.991042314e+01 -1.999576864e+00 -1.999576864e+00
1415 0 +1.491265195e+01 -3.699734805e+01 -3.699734805e+01
1426 0 +3.553249164e+00 -4.835675084e+01 -4.835675084e+01
1437 0 +1.036724153e+00 -5.087327585e+01 -5.087327585e+01
1448 0 +1.685297651e-01 -5.174147023e+01 -5.174147023e+01
1459 0 +7.784620346e-02 -5.183215380e+01 -5.183215380e+01
1481 0 +5.503829786e-02 -5.185496170e+01 -5.185496170e+01
1492 0 +2.372666391e-02 -5.188627334e+01 -5.188627334e+01
1503 0 +8.539590530e-03 -5.190146041e+01 -5.190146041e+01
1514 0 +1.410368056e-03 -5.190858963e+01 -5.190858963e+01
1536 0 +5.218709408e-04 -5.190947813e+01 -5.190947813e+01
1547 0 +2.535949033e-04 -5.190974641e+01 -5.190974641e+01
1558 0 +5.601557642e-05 -5.190994398e+01 -5.190994398e+01
1569 0 +8.678584599e-06 -5.190999132e+01 -5.190999132e+01
1580 0 +2.415062355e-06 -5.190999758e+01 -5.190999758e+01
7254 0 +2.060108940e-06 -5.190999794e+01 -5.190999794e+01
7265 0 +1.772789965e-06 -5.190999823e+01 -5.190999823e+01
11005 0 +6.626923010e-07 -5.190999934e+01 -5.190999934e+01
11016 0 +5.357924735e-07 -5.190999946e+01 -5.190999946e+01
11038 0 +4.600304422e-07 -5.190999954e+01 -5.190999954e+01
11049 0 +3.943074773e-07 -5.190999961e+01 -5.190999961e+01
11071 0 +3.184443358e-07 -5.190999968e+01 -5.190999968e+01
11082 0 +3.013130367e-07 -5.190999970e+01 -5.190999970e+01
11203 0 +2.785502602e-07 -5.190999972e+01 -5.190999972e+01
11225 0 +2.455397237e-07 -5.190999975e+01 -5.190999975e+01
11280 0 +2.215750783e-07 -5.190999978e+01 -5.190999978e+01
22000 0 +1.053495353e-07 -5.190999989e+01 -5.190999989e+01
22022 0 +9.422583247e-08 -5.190999991e+01 -5.190999991e+01
22036 0 +8.805397300e-08 -5.190999991e+01 -5.190999991e+01
22055 0 +7.605650154e-08 -5.190999992e+01 -5.190999992e+01
22066 0 +6.568045308e-08 -5.190999993e+01 -5.190999993e+01
22077 0 +5.256934799e-08 -5.190999995e+01 -5.190999995e+01
22088 0 +2.419734102e-08 -5.190999998e+01 -5.190999998e+01
26591 0 +1.621845769e-08 -5.190999998e+01 -5.190999998e+01
26647 0 +1.390917248e-08 -5.190999999e+01 -5.190999999e+01
26654 0 +8.013522290e-09 -5.190999999e+01 -5.190999999e+01
29251 0 +9.521272659e-13 -5.191000000e+01 -5.191000000e+01
31403 0 +0.000000000e+00 -5.191000000e+01 -5.191000000e+01
100565 0 +0.000000000e+00 -5.191000000e+01 -5.191000000e+01
% f evaluations | g evaluations | best noise-free fitness - Fopt (4.808000000000e+01) + sum g_i+ | measured fitness | best measured fitness or single-digit g-values | x1 | x2...
1 0 +6.062810033e+06 +6.062858113e+06 +6.062858113e+06
2 0 +2.671683255e+06 +2.671731335e+06 +2.671731335e+06
6 0 +9.659660966e+05 +9.660141766e+05 +9.660141766e+05
21 0 +3.286581088e+05 +3.287061888e+05 +3.287061888e+05
54 0 +1.728755545e+05 +1.729236345e+05 +1.729236345e+05
58 0 +1.562231686e+05 +1.562712486e+05 +1.562712486e+05
68 0 +1.024612278e+05 +1.025093078e+05 +1.025093078e+05
201 0 +7.862220829e+04 +7.867028829e+04 +7.867028829e+04
223 0 +5.518968811e+04 +5.523776811e+04 +5.523776811e+04
234 0 +4.984260589e+04 +4.989068589e+04 +4.989068589e+04
245 0 +3.564090706e+04 +3.568898706e+04 +3.568898706e+04
256 0 +3.390759803e+04 +3.395567803e+04 +3.395567803e+04
267 0 +2.131169558e+04 +2.135977558e+04 +2.135977558e+04
289 0 +1.744250442e+04 +1.749058442e+04 +1.749058442e+04
300 0 +1.299459437e+04 +1.304267437e+04 +1.304267437e+04
322 0 +1.229032720e+04 +1.233840720e+04 +1.233840720e+04
344 0 +1.007876178e+04 +1.012684178e+04 +1.012684178e+04
355 0 +8.239742133e+03 +8.287822133e+03 +8.287822133e+03
366 0 +6.155803521e+03 +6.203883521e+03 +6.203883521e+03
410 0 +5.600320515e+03 +5.648400515e+03 +5.648400515e+03
454 0 +4.876089857e+03 +4.924169857e+03 +4.924169857e+03
465 0 +2.296822824e+03 +2.344902824e+03 +2.344902824e+03
487 0 +2.058048040e+03 +2.106128040e+03 +2.106128040e+03
885 0 +1.533891321e+03 +1.581971321e+03 +1.581971321e+03
1077 0 +7.439990012e+02 +7.920790012e+02 +7.920790012e+02
1173 0 +6.458569854e+02 +6.939369854e+02 +6.939369854e+02
1195 0 +6.098108796e+02 +6.578908796e+02 +6.578908796e+02
1206 0 +5.585928109e+02 +6.066728109e+02 +6.066728109e+02
1250 0 +4.057617589e+02 +4.538417589e+02 +4.538417589e+02
1261 0 +3.283047520e+02 +3.763847520e+02 +3.763847520e+02
1272 0 +2.364493949e+02 +2.845293949e+02 +2.845293949e+02
1283 0 +1.329246312e+02 +1.810046312e+02 +1.810046312e+02
1294 0 +1.255631861e+02 +1.736431861e+02 +1.736431861e+02
1725 0 +9.054843294e+01 +1.386284329e+02 +1.386284329e+02
1736 0 +6.843897342e+01 +1.165189734e+02 +1.165189734e+02
1747 0 +4.830566593e+01 +9.638566593e+01 +9.638566593e+01
1758 0 +1.110463166e+01 +5.918463166e+01 +5.918463166e+01
1780 0 +7.867464443e+00 +5.594746444e+01 +5.594746444e+01
1791 0 +2.782120394e+00 +5.086212039e+01 +5.086212039e+01
1802 0 +1.958450738e+00 +5.003845074e+01 +5.003845074e+01
1813 0 +8.453123066e-01 +4.892531231e+01 +4.892531231e+01
1824 0 +7.882752683e-01 +4.886827527e+01 +4.886827527e+01
1835 0 +6.876700404e-01 +4.876767004e+01 +4.876767004e+01
1846 0 +5.354887813e-01 +4.861548878e+01 +4.861548878e+01
1857 0 +3.502242084e-01 +4.843022421e+01 +4.843022421e+01
1868 0 +2.689698274e-01 +4.834896983e+01 +4.834896983e+01
1879 0 +1.478048711e-01 +4.822780487e+01 +4.822780487e+01
1890 0 +5.080506732e-02 +4.813080507e+01 +4.813080507e+01
1912 0 +3.180673167e-02 +4.811180673e+01 +4.811180673e+01
1923 0 +2.423623635e-02 +4.810423624e+01 +4.810423624e+01
1934 0 +2.109576930e-02 +4.810109577e+01 +4.810109577e+01
1956 0 +1.941644812e-02 +4.809941645e+01 +4.809941645e+01
1967 0 +1.692458341e-02 +4.809692458e+01 +4.809692458e+01
1978 0 +7.046540974e-03 +4.808704654e+01 +4.808704654e+01
1989 0 +3.078488922e-03 +4.808307849e+01 +4.808307849e+01
2011 0 +2.286693426e-03 +4.808228669e+01 +4.808228669e+01
2022 0 +1.019763869e-03 +4.808101976e+01 +4.808101976e+01
2033 0 +7.554443594e-04 +4.808075544e+01 +4.808075544e+01
2044 0 +6.815937791e-04 +4.808068159e+01 +4.808068159e+01
2055 0 +5.514512216e-04 +4.808055145e+01 +4.808055145e+01
2066 0 +3.282465234e-04 +4.808032825e+01 +4.808032825e+01
2077 0 +2.983833087e-04 +4.808029838e+01 +4.808029838e+01
2088 0 +2.474266599e-04 +4.808024743e+01 +4.808024743e+01
2099 0 +1.743317351e-04 +4.808017433e+01 +4.808017433e+01
2110 0 +1.517114946e-04 +4.808015171e+01 +4.808015171e+01
2330 0 +1.051984813e-04 +4.808010520e+01 +4.808010520e+01
2352 0 +9.848575974e-05 +4.808009849e+01 +4.808009849e+01
2440 0 +8.535290512e-05 +4.808008535e+01 +4.808008535e+01
2451 0 +7.208234157e-05 +4.808007208e+01 +4.808007208e+01
2462 0 +6.992588612e-05 +4.808006993e+01 +4.808006993e+01
2506 0 +5.326639789e-05 +4.808005327e+01 +4.808005327e+01
2528 0 +4.717106923e-05 +4.808004717e+01 +4.808004717e+01
2572 0 +4.343715746e-05 +4.808004344e+01 +4.808004344e+01
2605 0 +3.944826047e-05 +4.808003945e+01 +4.808003945e+01
2660 0 +3.522611578e-05 +4.808003523e+01 +4.808003523e+01
3984 0 +1.532706150e-05 +4.808001533e+01 +4.808001533e+01
3995 0 +9.884101331e-06 +4.808000988e+01 +4.808000988e+01
4006 0 +6.631075593e-06 +4.808000663e+01 +4.808000663e+01
4017 0 +3.251497567e-06 +4.808000325e+01 +4.808000325e+01
4028 0 +9.526626030e-07 +4.808000095e+01 +4.808000095e+01
4039 0 +7.560823860e-07 +4.808000076e+01 +4.808000076e+01
5088 0 +6.149275578e-08 +4.808000006e+01 +4.808000006e+01
5132 0 +5.217426491e-08 +4.808000005e+01 +4.808000005e+01
5143 0 +4.074028226e-08 +4.808000004e+01 +4.808000004e+01
5150 0 +3.980780150e-08 +4.808000004e+01 +4.808000004e+01
5154 0 +2.946099187e-08 +4.808000003e+01 +4.808000003e+01
5200 0 +2.814354616e-08 +4.808000003e+01 +4.808000003e+01
22127 0 +1.559262586e-08 +4.808000002e+01 +4.808000002e+01
22149 0 +1.369537728e-08 +4.808000001e+01 +4.808000001e+01
22171 0 +1.235545710e-08 +4.808000001e+01 +4.808000001e+01
22182 0 +1.036560349e-08 +4.808000001e+01 +4.808000001e+01
22193 0 +8.537661245e-09 +4.808000001e+01 +4.808000001e+01
27528 0 +6.679101716e-13 +4.808000000e+01 +4.808000000e+01
29754 0 +0.000000000e+00 +4.808000000e+01 +4.808000000e+01
100015 0 +0.000000000e+00 +4.808000000e+01 +4.808000000e+01
% f evaluations | g evaluations | best noise-free fitness - Fopt (3.058000000000e+01) + sum g_i+ | measured fitness | best measured fitness or single-digit g-values | x1 | x2...
1 0 +2.073450691e+07 +2.073453749e+07 +2.073453749e+07
2 0 +1.752331744e+07 +1.752334802e+07 +1.752334802e+07
3 0 +2.116669009e+06 +2.116699589e+06 +2.116699589e+06
17 0 +1.366436204e+06 +1.366466784e+06 +1.366466784e+06
30 0 +6.639653859e+05 +6.639959659e+05 +6.639959659e+05
51 0 +2.806008837e+05 +2.806314637e+05 +2.806314637e+05
98 0 +2.082057519e+05 +2.082363319e+05 +2.082363319e+05
120 0 +1.920713339e+05 +1.921019139e+05 +1.921019139e+05
131 0 +1.741956506e+05 +1.742262306e+05 +1.742262306e+05
134 0 +1.269017651e+05 +1.269323451e+05 +1.269323451e+05
201 0 +7.197382509e+04 +7.200440509e+04 +7.200440509e+04
223 0 +5.119013303e+04 +5.122071303e+04 +5.122071303e+04
245 0 +4.355265881e+04 +4.358323881e+04 +4.358323881e+04
256 0 +3.145010497e+04 +3.148068497e+04 +3.148068497e+04
278 0 +2.742820924e+04 +2.745878924e+04 +2.745878924e+04
289 0 +2.162150950e+04 +2.165208950e+04 +2.165208950e+04
300 0 +1.383079563e+04 +1.386137563e+04 +1.386137563e+04
322 0 +1.248950737e+04 +1.252008737e+04 +1.252008737e+04
366 0 +1.088659216e+04 +1.091717216e+04 +1.091717216e+04
599 0 +9.137297337e+03 +9.167877337e+03 +9.167877337e+03
632 0 +8.680295053e+03 +8.710875053e+03 +8.710875053e+03
654 0 +7.286798410e+03 +7.317378410e+03 +7.317378410e+03
665 0 +6.808075727e+03 +6.838655727e+03 +6.838655727e+03
676 0 +6.053018425e+03 +6.083598425e+03 +6.083598425e+03
709 0 +5.548551541e+03 +5.579131541e+03 +5.579131541e+03
731 0 +3.572300935e+03 +3.602880935e+03 +3.602880935e+03
742 0 +1.422261722e+03 +1.452841722e+03 +1.452841722e+03
753 0 +6.053195903e+02 +6.358995903e+02 +6.358995903e+02
1272 0 +5.491436791e+02 +5.797236791e+02 +5.797236791e+02
1294 0 +4.676600660e+02 +4.982400660e+02 +4.982400660e+02
1305 0 +3.445632825e+02 +3.751432825e+02 +3.751432825e+02
1360 0 +3.087025221e+02 +3.392825221e+02 +3.392825221e+02
1371 0 +2.621037142e+02 +2.926837142e+02 +2.926837142e+02
1382 0 +2.488996773e+02 +2.794796773e+02 +2.794796773e+02
1404 0 +2.181061021e+02 +2.486861021e+02 +2.486861021e+02
1415 0 +1.721940680e+02 +2.027740680e+02 +2.027740680e+02
1426 0 +1.427855500e+02 +1.733655500e+02 +1.733655500e+02
1437 0 +1.134417819e+02 +1.440217819e+02 +1.440217819e+02
1448 0 +8.506454325e+01 +1.156445433e+02 +1.156445433e+02
1459 0 +6.854180347e+01 +9.912180347e+01 +9.912180347e+01
1470 0 +5.476770037e+01 +8.534770037e+01 +8.534770037e+01
1481 0 +3.069618183e+01 +6.127618183e+01 +6.127618183e+01
1492 0 +1.713648211e+01 +4.771648211e+01 +4.771648211e+01
1503 0 +8.180136820e+00 +3.876013682e+01 +3.876013682e+01
1525 0 +2.592345727e+00 +3.317234573e+01 +3.317234573e+01
1547 0 +1.757523741e+00 +3.233752374e+01 +3.233752374e+01
1558 0 +7.725741881e-01 +3.135257419e+01 +3.135257419e+01
1580 0 +6.144539460e-01 +3.119445395e+01 +3.119445395e+01
1591 0 +2.468171179e-01 +3.082681712e+01 +3.082681712e+01
1602 0 +1.033758645e-01 +3.068337586e+01 +3.068337586e+01
1613 0 +3.316247277e-02 +3.061316247e+01 +3.061316247e+01
1624 0 +1.754965218e-02 +3.059754965e+01 +3.059754965e+01
1635 0 +9.381172949e-03 +3.058938117e+01 +3.058938117e+01
1646 0 +4.023519645e-03 +3.058402352e+01 +3.058402352e+01
1657 0 +2.712797302e-03 +3.058271280e+01 +3.058271280e+01
1668 0 +1.749029326e-03 +3.058174903e+01 +3.058174903e+01
1679 0 +7.514194605e-04 +3.058075142e+01 +3.058075142e+01
1690 0 +3.831080982e-04 +3.058038311e+01 +3.058038311e+01
1701 0 +6.915489212e-05 +3.058006915e+01 +3.058006915e+01
1712 0 +1.722714547e-05 +3.058001723e+01 +3.058001723e+01
1723 0 +3.734742439e-06 +3.058000373e+01 +3.058000373e+01
1734 0 +2.188766999e-06 +3.058000219e+01 +3.058000219e+01
1756 0 +1.941721589e-06 +3.058000194e+01 +3.058000194e+01
1767 0 +1.670619827e-06 +3.058000167e+01 +3.058000167e+01
1778 0 +1.156476948e-06 +3.058000116e+01 +3.058000116e+01
1789 0 +1.022206451e-06 +3.058000102e+01 +3.058000102e+01
1800 0 +8.429347815e-07 +3.058000084e+01 +3.058000084e+01
5057 0 +3.553016086e-07 +3.058000036e+01 +3.058000036e+01
5060 0 +3.544681597e-07 +3.058000035e+01 +3.058000035e+01
5068 0 +1.507886580e-07 +3.058000015e+01 +3.058000015e+01
5178 0 +9.202519990e-08 +3.058000009e+01 +3.058000009e+01
5200 0 +7.937569180e-08 +3.058000008e+01 +3.058000008e+01
52189 0 +7.061921181e-08 +3.058000007e+01 +3.058000007e+01
52241 0 +6.277170428e-08 +3.058000006e+01 +3.058000006e+01
52252 0 +5.546616322e-08 +3.058000006e+01 +3.058000006e+01
52952 0 +2.960759460e-08 +3.058000003e+01 +3.058000003e+01
52981 0 +1.912461300e-08 +3.058000002e+01 +3.058000002e+01
52996 0 +1.374138137e-08 +3.058000001e+01 +3.058000001e+01
53026 0 +9.586880623e-09 +3.058000001e+01 +3.058000001e+01
55311 0 +9.237055565e-13 +3.058000000e+01 +3.058000000e+01
56832 0 +0.000000000e+00 +3.058000000e+01 +3.058000000e+01
100029 0 +0.000000000e+00 +3.058000000e+01 +3.058000000e+01
% f evaluations | g evaluations | best noise-free fitness - Fopt (1.000000000000e+03) + sum g_i+ | measured fitness | best measured fitness or single-digit g-values | x1 | x2...
1 0 +5.043619511e+06 +5.044619511e+06 +5.044619511e+06
7 0 +2.033792700e+06 +2.034792700e+06 +2.034792700e+06
13 0 +7.984044281e+05 +7.994044281e+05 +7.994044281e+05
22 0 +6.950119046e+05 +6.960119046e+05 +6.960119046e+05
31 0 +5.175851482e+05 +5.185851482e+05 +5.185851482e+05
41 0 +2.820835314e+05 +2.830835314e+05 +2.830835314e+05
53 0 +2.715779280e+05 +2.725779280e+05 +2.725779280e+05
58 0 +2.214928176e+05 +2.224928176e+05 +2.224928176e+05
111 0 +1.825926731e+05 +1.835926731e+05 +1.835926731e+05
144 0 +1.565283386e+05 +1.575283386e+05 +1.575283386e+05
150 0 +6.427448986e+04 +6.527448986e+04 +6.527448986e+04
152 0 +3.252777646e+04 +3.352777646e+04 +3.352777646e+04
156 0 +3.139157942e+04 +3.239157942e+04 +3.239157942e+04
223 0 +1.788970641e+04 +1.888970641e+04 +1.888970641e+04
245 0 +1.734525298e+04 +1.834525298e+04 +1.834525298e+04
267 0 +1.223083919e+04 +1.323083919e+04 +1.323083919e+04
278 0 +8.078392846e+03 +9.078392846e+03 +9.078392846e+03
289 0 +4.803875932e+03 +5.803875932e+03 +5.803875932e+03
311 0 +4.319702573e+03 +5.319702573e+03 +5.319702573e+03
322 0 +3.931644646e+03 +4.931644646e+03 +4.931644646e+03
610 0 +2.470178269e+03 +3.470178269e+03 +3.470178269e+03
761 0 +1.694356345e+03 +2.694356345e+03 +2.694356345e+03
887 0 +1.280412662e+03 +2.280412662e+03 +2.280412662e+03
898 0 +7.390054743e+02 +1.739005474e+03 +1.739005474e+03
920 0 +5.893628778e+02 +1.589362878e+03 +1.589362878e+03
931 0 +4.696033732e+02 +1.469603373e+03 +1.469603373e+03
953 0 +4.170286503e+02 +1.417028650e+03 +1.417028650e+03
964 0 +3.294286410e+02 +1.329428641e+03 +1.329428641e+03
975 0 +2.295128477e+02 +1.229512848e+03 +1.229512848e+03
986 0 +1.014222036e+02 +1.101422204e+03 +1.101422204e+03
1008 0 +6.553051625e+01 +1.065530516e+03 +1.065530516e+03
1749 0 +4.553939476e+01 +1.045539395e+03 +1.045539395e+03
1771 0 +2.780030977e+01 +1.027800310e+03 +1.027800310e+03
1793 0 +2.109204627e+01 +1.021092046e+03 +1.021092046e+03
1804 0 +1.225971016e+01 +1.012259710e+03 +1.012259710e+03
1815 0 +7.547846732e+00 +1.007547847e+03 +1.007547847e+03
1826 0 +5.803200372e+00 +1.005803200e+03 +1.005803200e+03
1837 0 +2.963796094e+00 +1.002963796e+03 +1.002963796e+03
1848 0 +2.327331048e+00 +1.002327331e+03 +1.002327331e+03
1859 0 +1.386558206e+00 +1.001386558e+03 +1.001386558e+03
1870 0 +6.237347371e-01 +1.000623735e+03 +1.000623735e+03
1881 0 +1.990309874e-01 +1.000199031e+03 +1.000199031e+03
1903 0 +4.880281657e-02 +1.000048803e+03 +1.000048803e+03
1914 0 +1.946996790e-02 +1.000019470e+03 +1.000019470e+03
1925 0 +2.946844881e-03 +1.000002947e+03 +1.000002947e+03
1936 0 +7.473012182e-04 +1.000000747e+03 +1.000000747e+03
1947 0 +2.612694694e-04 +1.000000261e+03 +1.000000261e+03
1969 0 +1.784958213e-04 +1.000000178e+03 +1.000000178e+03
1980 0 +4.019378684e-05 +1.000000040e+03 +1.000000040e+03
1991 0 +3.906226380e-05 +1.000000039e+03 +1.000000039e+03
2013 0 +3.086132608e-05 +1.000000031e+03 +1.000000031e+03
2189 0 +2.816118979e-05 +1.000000028e+03 +1.000000028e+03
4086 0 +2.233930229e-05 +1.000000022e+03 +1.000000022e+03
4097 0 +1.669872324e-05 +1.000000017e+03 +1.000000017e+03
4108 0 +1.541610720e-05 +1.000000015e+03 +1.000000015e+03
4130 0 +1.363244394e-05 +1.000000014e+03 +1.000000014e+03
4141 0 +1.123057893e-05 +1.000000011e+03 +1.000000011e+03
4144 0 +1.121804780e-05 +1.000000011e+03 +1.000000011e+03
4152 0 +7.200385426e-06 +1.000000007e+03 +1.000000007e+03
4163 0 +6.924593777e-06 +1.000000007e+03 +1.000000007e+03
4174 0 +5.799609426e-06 +1.000000006e+03 +1.000000006e+03
4185 0 +4.982041787e-06 +1.000000005e+03 +1.000000005e+03
4196 0 +4.241969123e-06 +1.000000004e+03 +1.000000004e+03
4218 0 +3.859882781e-06 +1.000000004e+03 +1.000000004e+03
4229 0 +3.522321322e-06 +1.000000004e+03 +1.000000004e+03
4240 0 +3.031831170e-06 +1.000000003e+03 +1.000000003e+03
4251 0 +2.620352120e-06 +1.000000003e+03 +1.000000003e+03
5553 0 +2.362799250e-06 +1.000000002e+03 +1.000000002e+03
5586 0 +2.154752110e-06 +1.000000002e+03 +1.000000002e+03
5597 0 +1.819479166e-06 +1.000000002e+03 +1.000000002e+03
5608 0 +1.294805088e-06 +1.000000001e+03 +1.000000001e+03
5619 0 +8.114537877e-07 +1.000000001e+03 +1.000000001e+03
5630 0 +5.942771395e-07 +1.000000001e+03 +1.000000001e+03
5641 0 +5.319594720e-07 +1.000000001e+03 +1.000000001e+03
6998 0 +4.622366987e-07 +1.000000000e+03 +1.000000000e+03
7009 0 +3.942399189e-07 +1.000000000e+03 +1.000000000e+03
7020 0 +3.481213753e-07 +1.000000000e+03 +1.000000000e+03
10262 0 +1.342888254e-07 +1.000000000e+03 +1.000000000e+03
20648 0 +9.977304671e-08 +1.000000000e+03 +1.000000000e+03
20670 0 +6.512198070e-08 +1.000000000e+03 +1.000000000e+03
20681 0 +5.778906598e-08 +1.000000000e+03 +1.000000000e+03
20706 0 +5.608114861e-08 +1.000000000e+03 +1.000000000e+03
20732 0 +5.003596470e-08 +1.000000000e+03 +1.000000000e+03
20791 0 +4.002083642e-08 +1.000000000e+03 +1.000000000e+03
20794 0 +3.977186225e-08 +1.000000000e+03 +1.000000000e+03
20813 0 +3.391346581e-08 +1.000000000e+03 +1.000000000e+03
20864 0 +3.151797046e-08 +1.000000000e+03 +1.000000000e+03
20956 0 +2.749754913e-08 +1.000000000e+03 +1.000000000e+03
20977 0 +2.481419870e-08 +1.000000000e+03 +1.000000000e+03
20988 0 +2.238220986e-08 +1.000000000e+03 +1.000000000e+03
21011 0 +1.964338026e-08 +1.000000000e+03 +1.000000000e+03
21073 0 +1.772491487e-08 +1.000000000e+03 +1.000000000e+03
21099 0 +1.552507456e-08 +1.000000000e+03 +1.000000000e+03
21121 0 +1.354123924e-08 +1.000000000e+03 +1.000000000e+03
21143 0 +1.247019554e-08 +1.000000000e+03 +1.000000000e+03
21278 0 +1.117007287e-08 +1.000000000e+03 +1.000000000e+03
21906 0 +7.109974831e-09 +1.000000000e+03 +1.000000000e+03
24782 0 +6.821210263e-13 +1.000000000e+03 +1.000000000e+03
24925 0 +0.000000000e+00 +1.000000000e+03 +1.000000000e+03
100267 0 +0.000000000e+00 +1.000000000e+03 +1.000000000e+03
% f evaluations | g evaluations | best noise-free fitness - Fopt (-4.236000000000e+01) + sum g_i+ | measured fitness | best measured fitness or single-digit g-values | x1 | x2...
1 0 +2.576356264e+06 +2.576313904e+06 +2.576313904e+06
5 0 +1.073303581e+06 +1.073261221e+06 +1.073261221e+06
10 0 +9.471383612e+05 +9.470960012e+05 +9.470960012e+05
14 0 +6.674711718e+05 +6.674288118e+05 +6.674288118e+05
19 0 +6.300563916e+05 +6.300140316e+05 +6.300140316e+05
26 0 +4.806096657e+05 +4.805673057e+05 +4.805673057e+05
42 0 +1.616641692e+05 +1.616218092e+05 +1.616218092e+05
57 0 +1.562330432e+05 +1.561906832e+05 +1.561906832e+05
63 0 +1.141200384e+05 +1.140776784e+05 +1.140776784e+05
69 0 +4.283974169e+04 +4.279738169e+04 +4.279738169e+04
150 0 +3.174007807e+04 +3.169771807e+04 +3.169771807e+04
256 0 +5.536758678e+03 +5.494398678e+03 +5.494398678e+03
311 0 +4.986010567e+03 +4.943650567e+03 +4.943650567e+03
333 0 +3.738715917e+03 +3.696355917e+03 +3.696355917e+03
344 0 +1.060005188e+03 +1.017645188e+03 +1.017645188e+03
355 0 +5.658748923e+02 +5.235148923e+02 +5.235148923e+02
366 0 +2.393321652e+02 +1.969721652e+02 +1.969721652e+02
377 0 +1.971951547e+02 +1.548351547e+02 +1.548351547e+02
388 0 +1.433924647e+02 +1.010324647e+02 +1.010324647e+02
399 0 +7.252605850e+01 +3.016605850e+01 +3.016605850e+01
410 0 +5.590366739e+01 +1.354366739e+01 +1.354366739e+01
432 0 +4.548832935e+01 +3.128329348e+00 +3.128329348e+00
443 0 +4.368800071e+01 +1.328000713e+00 +1.328000713e+00
465 0 +2.101352822e+01 -2.134647178e+01 -2.134647178e+01
487 0 +1.983846179e+01 -2.252153821e+01 -2.252153821e+01
509 0 +1.693889697e+01 -2.542110303e+01 -2.542110303e+01
520 0 +1.466235316e+01 -2.769764684e+01 -2.769764684e+01
531 0 +1.084916536e+01 -3.151083464e+01 -3.151083464e+01
542 0 +3.853596809e+00 -3.850640319e+01 -3.850640319e+01
564 0 +1.226349599e+00 -4.113365040e+01 -4.113365040e+01
575 0 +7.946630238e-01 -4.156533698e+01 -4.156533698e+01
586 0 +3.009155170e-01 -4.205908448e+01 -4.205908448e+01
597 0 +1.556662476e-01 -4.220433375e+01 -4.220433375e+01
608 0 +7.388203849e-02 -4.228611796e+01 -4.228611796e+01
619 0 +4.426779383e-02 -4.231573221e+01 -4.231573221e+01
630 0 +2.233217603e-02 -4.233766782e+01 -4.233766782e+01
641 0 +4.827496550e-03 -4.235517250e+01 -4.235517250e+01
652 0 +6.592381958e-04 -4.235934076e+01 -4.235934076e+01
663 0 +1.498440034e-04 -4.235985016e+01 -4.235985016e+01
674 0 +1.520995060e-05 -4.235998479e+01 -4.235998479e+01
685 0 +5.770513532e-06 -4.235999423e+01 -4.235999423e+01
696 0 +9.929457008e-07 -4.235999901e+01 -4.235999901e+01
707 0 +1.336095039e-07 -4.235999987e+01 -4.235999987e+01
718 0 +4.256469310e-08 -4.235999996e+01 -4.235999996e+01
39669 0 +2.734404347e-08 -4.235999997e+01 -4.235999997e+01
39691 0 +1.900446733e-08 -4.235999998e+01 -4.235999998e+01
39752 0 +1.767210733e-08 -4.235999998e+01 -4.235999998e+01
100179 0 +1.708799147e-08 -4.235999998e+01 -4.235999998e+01
% f evaluations | g evaluations | best noise-free fitness - Fopt (-7.187000000000e+01) + sum g_i+ | measured fitness | best measured fitness or single-digit g-values | x1 | x2...
1 0 +2.444676698e+07 +2.444669511e+07 +2.444669511e+07
3 0 +1.414996433e+07 +1.414989246e+07 +1.414989246e+07
5 0 +9.407243296e+06 +9.407171426e+06 +9.407171426e+06
12 0 +6.569443585e+06 +6.569371715e+06 +6.569371715e+06
13 0 +4.676546742e+06 +4.676474872e+06 +4.676474872e+06
21 0 +1.614497537e+06 +1.614425667e+06 +1.614425667e+06
31 0 +7.965963946e+05 +7.965245246e+05 +7.965245246e+05
49 0 +4.168414038e+05 +4.167695338e+05 +4.167695338e+05
54 0 +3.547311981e+05 +3.546593281e+05 +3.546593281e+05
59 0 +1.619174170e+05 +1.618455470e+05 +1.618455470e+05
98 0 +7.528638537e+04 +7.521451537e+04 +7.521451537e+04
177 0 +4.376119245e+04 +4.368932245e+04 +4.368932245e+04
245 0 +2.465558417e+04 +2.458371417e+04 +2.458371417e+04
267 0 +1.934001316e+04 +1.926814316e+04 +1.926814316e+04
289 0 +1.546580089e+04 +1.539393089e+04 +1.539393089e+04
378 0 +1.349838864e+04 +1.342651864e+04 +1.342651864e+04
414 0 +1.056791543e+04 +1.049604543e+04 +1.049604543e+04
619 0 +8.052649621e+03 +7.980779621e+03 +7.980779621e+03
626 0 +7.335156065e+03 +7.263286065e+03 +7.263286065e+03
678 0 +6.952409470e+03 +6.880539470e+03 +6.880539470e+03
706 0 +5.613823664e+03 +5.541953664e+03 +5.541953664e+03
876 0 +4.935362878e+03 +4.863492878e+03 +4.863492878e+03
920 0 +3.984921839e+03 +3.913051839e+03 +3.913051839e+03
931 0 +2.984993377e+03 +2.913123377e+03 +2.913123377e+03
953 0 +2.677203358e+03 +2.605333358e+03 +2.605333358e+03
964 0 +2.153813219e+03 +2.081943219e+03 +2.081943219e+03
975 0 +1.440536921e+03 +1.368666921e+03 +1.368666921e+03
986 0 +6.922704480e+02 +6.204004480e+02 +6.204004480e+02
997 0 +2.431577755e+02 +1.712877755e+02 +1.712877755e+02
1008 0 +9.625744784e+01 +2.438744784e+01 +2.438744784e+01
1019 0 +3.775487712e+01 -3.411512288e+01 -3.411512288e+01
1041 0 +2.209199401e+01 -4.977800599e+01 -4.977800599e+01
1052 0 +9.093504333e+00 -6.277649567e+01 -6.277649567e+01
1063 0 +4.034676022e+00 -6.783532398e+01 -6.783532398e+01
1085 0 +2.807173121e+00 -6.906282688e+01 -6.906282688e+01
1096 0 +1.448346135e+00 -7.042165387e+01 -7.042165387e+01
1107 0 +4.236069475e-01 -7.144639305e+01 -7.144639305e+01
1118 0 +6.248888371e-02 -7.180751112e+01 -7.180751112e+01
1129 0 +1.881823589e-02 -7.185118176e+01 -7.185118176e+01
1151 0 +5.364370217e-03 -7.186463563e+01 -7.186463563e+01
1162 0 +2.037777909e-03 -7.186796222e+01 -7.186796222e+01
1173 0 +1.043229832e-03 -7.186895677e+01 -7.186895677e+01
1184 0 +3.539624375e-04 -7.186964604e+01 -7.186964604e+01
1195 0 +1.014912947e-04 -7.186989851e+01 -7.186989851e+01
1206 0 +2.529472448e-05 -7.186997471e+01 -7.186997471e+01
1228 0 +9.335969793e-06 -7.186999066e+01 -7.186999066e+01
1261 0 +8.363554613e-06 -7.186999164e+01 -7.186999164e+01
6710 0 +7.719731059e-06 -7.186999228e+01 -7.186999228e+01
8594 0 +7.028990368e-06 -7.186999297e+01 -7.186999297e+01
12323 0 +5.959006046e-06 -7.186999404e+01 -7.186999404e+01
12334 0 +3.473463124e-06 -7.186999653e+01 -7.186999653e+01
13592 0 +2.271043201e-06 -7.186999773e+01 -7.186999773e+01
13603 0 +1.881018932e-06 -7.186999812e+01 -7.186999812e+01
13614 0 +1.450668535e-06 -7.186999855e+01 -7.186999855e+01
13625 0 +1.324888530e-06 -7.186999868e+01 -7.186999868e+01
15855 0 +1.101975940e-06 -7.186999890e+01 -7.186999890e+01
15910 0 +9.542863637e-07 -7.186999905e+01 -7.186999905e+01
15954 0 +8.517027936e-07 -7.186999915e+01 -7.186999915e+01
16042 0 +7.936144613e-07 -7.186999921e+01 -7.186999921e+01
16119 0 +7.003518476e-07 -7.186999930e+01 -7.186999930e+01
16166 0 +6.307945597e-07 -7.186999937e+01 -7.186999937e+01
17409 0 +5.281268614e-07 -7.186999947e+01 -7.186999947e+01
17431 0 +4.813516483e-07 -7.186999952e+01 -7.186999952e+01
17453 0 +4.034407510e-07 -7.186999960e+01 -7.186999960e+01
17464 0 +3.731020399e-07 -7.186999963e+01 -7.186999963e+01
17486 0 +3.237049668e-07 -7.186999968e+01 -7.186999968e+01
17497 0 +2.459154871e-07 -7.186999975e+01 -7.186999975e+01
20952 0 +1.962009009e-07 -7.186999980e+01 -7.186999980e+01
20962 0 +8.420332165e-08 -7.186999992e+01 -7.186999992e+01
20995 0 +7.256606693e-08 -7.186999993e+01 -7.186999993e+01
21006 0 +6.185665313e-08 -7.186999994e+01 -7.186999994e+01
21017 0 +4.973101397e-08 -7.186999995e+01 -7.186999995e+01
21094 0 +4.334388848e-08 -7.186999996e+01 -7.186999996e+01
21193 0 +3.963337747e-08 -7.186999996e+01 -7.186999996e+01
21204 0 +3.488791833e-08 -7.186999997e+01 -7.186999997e+01
21215 0 +2.888292272e-08 -7.186999997e+01 -7.186999997e+01
21226 0 +2.754084960e-08 -7.186999997e+01 -7.186999997e+01
21248 0 +2.395599097e-08 -7.186999998e+01 -7.186999998e+01
21336 0 +2.196003379e-08 -7.186999998e+01 -7.186999998e+01
22209 0 +1.628939117e-08 -7.186999998e+01 -7.186999998e+01
22231 0 +1.457561893e-08 -7.186999999e+01 -7.186999999e+01
22239 0 +1.408291439e-08 -7.186999999e+01 -7.186999999e+01
22253 0 +1.125988547e-08 -7.186999999e+01 -7.186999999e+01
22254 0 +1.112090331e-08 -7.186999999e+01 -7.186999999e+01
22898 0 +7.734257679e-09 -7.186999999e+01 -7.186999999e+01
24488 0 +9.379164112e-13 -7.187000000e+01 -7.187000000e+01
26074 0 +0.000000000e+00 -7.187000000e+01 -7.187000000e+01
100247 0 +0.000000000e+00 -7.187000000e+01 -7.187000000e+01
% f evaluations | g evaluations | best noise-free fitness - Fopt (-1.650000000000e+01) + sum g_i+ | measured fitness | best measured fitness or single-digit g-values | x1 | x2...
1 0 +2.694286653e+07 +2.694285003e+07 +2.694285003e+07
2 0 +3.271666422e+06 +3.271649922e+06 +3.271649922e+06
14 0 +2.980141724e+06 +2.980125224e+06 +2.980125224e+06
18 0 +2.055713691e+06 +2.055697191e+06 +2.055697191e+06
24 0 +6.952049512e+05 +6.951884512e+05 +6.951884512e+05
34 0 +3.532269760e+05 +3.532104760e+05 +3.532104760e+05
99 0 +2.774801737e+05 +2.774636737e+05 +2.774636737e+05
121 0 +2.303878887e+05 +2.303713887e+05 +2.303713887e+05
139 0 +1.213534314e+05 +1.213369314e+05 +1.213369314e+05
151 0 +1.055754797e+05 +1.055589797e+05 +1.055589797e+05
196 0 +6.865395185e+04 +6.863745185e+04 +6.863745185e+04
223 0 +6.197979662e+04 +6.196329662e+04 +6.196329662e+04
256 0 +5.112468060e+04 +5.110818060e+04 +5.110818060e+04
267 0 +4.032520827e+04 +4.030870827e+04 +4.030870827e+04
278 0 +2.186287481e+04 +2.184637481e+04 +2.184637481e+04
344 0 +1.744820894e+04 +1.743170894e+04 +1.743170894e+04
355 0 +1.177787125e+04 +1.176137125e+04 +1.176137125e+04
377 0 +1.029717599e+04 +1.028067599e+04 +1.028067599e+04
388 0 +7.115641917e+03 +7.099141917e+03 +7.099141917e+03
399 0 +2.798075610e+03 +2.781575610e+03 +2.781575610e+03
720 0 +1.296839167e+03 +1.280339167e+03 +1.280339167e+03
742 0 +1.017561822e+03 +1.001061822e+03 +1.001061822e+03
753 0 +7.301965517e+02 +7.136965517e+02 +7.136965517e+02
764 0 +4.437767988e+02 +4.272767988e+02 +4.272767988e+02
786 0 +3.410548289e+02 +3.245548289e+02 +3.245548289e+02
797 0 +2.541743314e+02 +2.376743314e+02 +2.376743314e+02
808 0 +1.727554637e+02 +1.562554637e+02 +1.562554637e+02
819 0 +1.002723632e+02 +8.377236316e+01 +8.377236316e+01
830 0 +6.261456960e+01 +4.611456960e+01 +4.611456960e+01
841 0 +2.398755075e+01 +7.487550750e+00 +7.487550750e+00
852 0 +1.377855468e+01 -2.721445324e+00 -2.721445324e+00
885 0 +1.096789619e+01 -5.532103812e+00 -5.532103812e+00
896 0 +7.076625372e+00 -9.423374628e+00 -9.423374628e+00
918 0 +5.824125460e+00 -1.067587454e+01 -1.067587454e+01
929 0 +5.448538306e+00 -1.105146169e+01 -1.105146169e+01
940 0 +4.973809538e+00 -1.152619046e+01 -1.152619046e+01
951 0 +3.613672757e+00 -1.288632724e+01 -1.288632724e+01
962 0 +2.137278717e+00 -1.436272128e+01 -1.436272128e+01
973 0 +1.392536030e+00 -1.510746397e+01 -1.510746397e+01
984 0 +1.212837615e+00 -1.528716238e+01 -1.528716238e+01
995 0 +9.408062322e-01 -1.555919377e+01 -1.555919377e+01
1006 0 +6.610963470e-01 -1.583890365e+01 -1.583890365e+01
1017 0 +5.417169593e-01 -1.595828304e+01 -1.595828304e+01
1028 0 +4.410028192e-01 -1.605899718e+01 -1.605899718e+01
1039 0 +3.267729134e-01 -1.617322709e+01 -1.617322709e+01
1050 0 +1.416567175e-01 -1.635834328e+01 -1.635834328e+01
1061 0 +1.039027852e-01 -1.639609721e+01 -1.639609721e+01
1072 0 +8.753533710e-02 -1.641246466e+01 -1.641246466e+01
1094 0 +7.584137285e-02 -1.642415863e+01 -1.642415863e+01
1105 0 +6.305244183e-02 -1.643694756e+01 -1.643694756e+01
1127 0 +5.522589062e-02 -1.644477411e+01 -1.644477411e+01
1160 0 +4.441546790e-02 -1.645558453e+01 -1.645558453e+01
1171 0 +3.202515922e-02 -1.646797484e+01 -1.646797484e+01
1182 0 +1.663659190e-02 -1.648336341e+01 -1.648336341e+01
1193 0 +1.148901407e-02 -1.648851099e+01 -1.648851099e+01
1204 0 +7.058490382e-03 -1.649294151e+01 -1.649294151e+01
1215 0 +4.666084943e-03 -1.649533392e+01 -1.649533392e+01
1226 0 +4.263764604e-03 -1.649573624e+01 -1.649573624e+01
1237 0 +3.738461471e-03 -1.649626154e+01 -1.649626154e+01
1259 0 +3.424373395e-03 -1.649657563e+01 -1.649657563e+01
1281 0 +3.055405789e-03 -1.649694459e+01 -1.649694459e+01
1292 0 +2.187907335e-03 -1.649781209e+01 -1.649781209e+01
1314 0 +1.887501483e-03 -1.649811250e+01 -1.649811250e+01
1325 0 +1.656130661e-03 -1.649834387e+01 -1.649834387e+01
1336 0 +1.361015141e-03 -1.649863898e+01 -1.649863898e+01
1347 0 +9.547288569e-04 -1.649904527e+01 -1.649904527e+01
1358 0 +8.249529967e-04 -1.649917505e+01 -1.649917505e+01
1369 0 +7.523284970e-04 -1.649924767e+01 -1.649924767e+01
1380 0 +5.084889264e-04 -1.649949151e+01 -1.649949151e+01
1402 0 +3.474203920e-04 -1.649965258e+01 -1.649965258e+01
1413 0 +2.332057239e-04 -1.649976679e+01 -1.649976679e+01
1424 0 +1.152373930e-04 -1.649988476e+01 -1.649988476e+01
1446 0 +7.109177603e-05 -1.649992891e+01 -1.649992891e+01
1457 0 +5.682036339e-05 -1.649994318e+01 -1.649994318e+01
1468 0 +3.807514385e-05 -1.649996192e+01 -1.649996192e+01
1479 0 +2.269636962e-05 -1.649997730e+01 -1.649997730e+01
1501 0 +1.820749322e-05 -1.649998179e+01 -1.649998179e+01
1512 0 +1.268000152e-05 -1.649998732e+01 -1.649998732e+01
1523 0 +8.030175369e-06 -1.649999197e+01 -1.649999197e+01
1534 0 +7.708059947e-06 -1.649999229e+01 -1.649999229e+01
1545 0 +6.861155871e-06 -1.649999314e+01 -1.649999314e+01
1556 0 +3.441888133e-06 -1.649999656e+01 -1.649999656e+01
1567 0 +1.272962283e-06 -1.649999873e+01 -1.649999873e+01
1578 0 +9.898497382e-07 -1.649999901e+01 -1.649999901e+01
1625 0 +8.911415357e-07 -1.649999911e+01 -1.649999911e+01
4954 0 +4.695028935e-07 -1.649999953e+01 -1.649999953e+01
4976 0 +4.197299930e-07 -1.649999958e+01 -1.649999958e+01
4987 0 +3.454942465e-07 -1.649999965e+01 -1.649999965e+01
4998 0 +2.094765748e-07 -1.649999979e+01 -1.649999979e+01
5009 0 +5.271422410e-08 -1.649999995e+01 -1.649999995e+01
5031 0 +4.182609814e-08 -1.649999996e+01 -1.649999996e+01
5042 0 +3.859510400e-08 -1.649999996e+01 -1.649999996e+01
5055 0 +3.536612070e-08 -1.649999996e+01 -1.649999996e+01
5064 0 +2.784986819e-08 -1.649999997e+01 -1.649999997e+01
5075 0 +2.265008803e-08 -1.649999998e+01 -1.649999998e+01
5082 0 +2.228302876e-08 -1.649999998e+01 -1.649999998e+01
5097 0 +1.888922441e-08 -1.649999998e+01 -1.649999998e+01
5108 0 +1.727883969e-08 -1.649999998e+01 -1.649999998e+01
5119 0 +1.583764941e-08 -1.649999998e+01 -1.649999998e+01
5208 0 +1.410455397e-08 -1.649999999e+01 -1.649999999e+01
22696 0 +1.172810471e-08 -1.649999999e+01 -1.649999999e+01
22707 0 +1.002258188e-08 -1.649999999e+01 -1.649999999e+01
22709 0 +9.956213631e-09 -1.649999999e+01 -1.649999999e+01
25580 0 +8.419931419e-13 -1.650000000e+01 -1.650000000e+01
27024 0 +0.000000000e+00 -1.650000000e+01 -1.650000000e+01
100194 0 +0.000000000e+00 -1.650000000e+01 -1.650000000e+01
% f evaluations | g evaluations | best noise-free fitness - Fopt (1.000000000000e+03) + sum g_i+ | measured fitness | best measured fitness or single-digit g-values | x1 | x2...
1 0 +6.467629317e+06 +6.468629317e+06 +6.468629317e+06
2 0 +3.035801172e+06 +3.036801172e+06 +3.036801172e+06
9 0 +2.140706265e+06 +2.141706265e+06 +2.141706265e+06
12 0 +1.653485919e+06 +1.654485919e+06 +1.654485919e+06
18 0 +1.585292935e+06 +1.586292935e+06 +1.586292935e+06
19 0 +7.061264666e+05 +7.071264666e+05 +7.071264666e+05
29 0 +5.306547320e+05 +5.316547320e+05 +5.316547320e+05
47 0 +4.108572462e+05 +4.118572462e+05 +4.118572462e+05
61 0 +1.532465724e+05 +1.542465724e+05 +1.542465724e+05
97 0 +8.064076085e+04 +8.164076085e+04 +8.164076085e+04
180 0 +3.812188752e+04 +3.912188752e+04 +3.912188752e+04
223 0 +3.351857020e+04 +3.451857020e+04 +3.451857020e+04
256 0 +2.265743273e+04 +2.365743273e+04 +2.365743273e+04
267 0 +9.516988539e+03 +1.051698854e+04 +1.051698854e+04
289 0 +8.473317648e+03 +9.473317648e+03 +9.473317648e+03
300 0 +6.045308963e+03 +7.045308963e+03 +7.045308963e+03
555 0 +4.958761335e+03 +5.958761335e+03 +5.958761335e+03
566 0 +2.959189460e+03 +3.959189460e+03 +3.959189460e+03
610 0 +2.810888662e+03 +3.810888662e+03 +3.810888662e+03
643 0 +2.408567949e+03 +3.408567949e+03 +3.408567949e+03
654 0 +1.960852384e+03 +2.960852384e+03 +2.960852384e+03
749 0 +1.739252067e+03 +2.739252067e+03 +2.739252067e+03
817 0 +7.492929373e+02 +1.749292937e+03 +1.749292937e+03
836 0 +6.766268358e+02 +1.676626836e+03 +1.676626836e+03
1006 0 +5.514852550e+02 +1.551485255e+03 +1.551485255e+03
1069 0 +4.823906928e+02 +1.482390693e+03 +1.482390693e+03
1107 0 +3.869986484e+02 +1.386998648e+03 +1.386998648e+03
1219 0 +3.431162818e+02 +1.343116282e+03 +1.343116282e+03
1252 0 +3.043091736e+02 +1.304309174e+03 +1.304309174e+03
1263 0 +2.680596633e+02 +1.268059663e+03 +1.268059663e+03
1496 0 +2.503171433e+02 +1.250317143e+03 +1.250317143e+03
1606 0 +2.235797751e+02 +1.223579775e+03 +1.223579775e+03
1617 0 +1.850275189e+02 +1.185027519e+03 +1.185027519e+03
1628 0 +1.657183954e+02 +1.165718395e+03 +1.165718395e+03
1830 0 +1.558800694e+02 +1.155880069e+03 +1.155880069e+03
1960 0 +1.384621998e+02 +1.138462200e+03 +1.138462200e+03
2967 0 +1.252725778e+02 +1.125272578e+03 +1.125272578e+03
2989 0 +1.081849726e+02 +1.108184973e+03 +1.108184973e+03
4040 0 +9.253640149e+01 +1.092536401e+03 +1.092536401e+03
9339 0 +4.187629617e+01 +1.041876296e+03 +1.041876296e+03
9361 0 +3.027478942e+01 +1.030274789e+03 +1.030274789e+03
9372 0 +1.448681377e+01 +1.014486814e+03 +1.014486814e+03
9383 0 +1.022163257e+01 +1.010221633e+03 +1.010221633e+03
9394 0 +8.161891208e+00 +1.008161891e+03 +1.008161891e+03
9416 0 +6.313872874e+00 +1.006313873e+03 +1.006313873e+03
9438 0 +5.604241894e+00 +1.005604242e+03 +1.005604242e+03
9449 0 +4.260605971e+00 +1.004260606e+03 +1.004260606e+03
9460 0 +2.461256201e+00 +1.002461256e+03 +1.002461256e+03
9471 0 +6.366131041e-01 +1.000636613e+03 +1.000636613e+03
9482 0 +1.157763190e-01 +1.000115776e+03 +1.000115776e+03
9493 0 +5.738326820e-03 +1.000005738e+03 +1.000005738e+03
9504 0 +1.075037355e-03 +1.000001075e+03 +1.000001075e+03
9515 0 +3.434929778e-04 +1.000000343e+03 +1.000000343e+03
9526 0 +1.581639158e-04 +1.000000158e+03 +1.000000158e+03
9537 0 +8.512064653e-05 +1.000000085e+03 +1.000000085e+03
9548 0 +7.675442248e-05 +1.000000077e+03 +1.000000077e+03
9559 0 +6.501479902e-05 +1.000000065e+03 +1.000000065e+03
9570 0 +4.156285866e-05 +1.000000042e+03 +1.000000042e+03
9592 0 +3.285522598e-05 +1.000000033e+03 +1.000000033e+03
9614 0 +2.256079495e-05 +1.000000023e+03 +1.000000023e+03
9625 0 +1.209156028e-05 +1.000000012e+03 +1.000000012e+03
9636 0 +8.267586736e-06 +1.000000008e+03 +1.000000008e+03
9647 0 +6.708734986e-06 +1.000000007e+03 +1.000000007e+03
9658 0 +6.293166962e-06 +1.000000006e+03 +1.000000006e+03
9680 0 +3.075482937e-06 +1.000000003e+03 +1.000000003e+03
9735 0 +2.677079806e-06 +1.000000003e+03 +1.000000003e+03
9757 0 +2.353013770e-06 +1.000000002e+03 +1.000000002e+03
9768 0 +2.126461368e-06 +1.000000002e+03 +1.000000002e+03
9779 0 +1.783644734e-06 +1.000000002e+03 +1.000000002e+03
9790 0 +1.574066232e-06 +1.000000002e+03 +1.000000002e+03
9801 0 +1.279518528e-06 +1.000000001e+03 +1.000000001e+03
9812 0 +9.136311974e-07 +1.000000001e+03 +1.000000001e+03
9823 0 +7.334476777e-07 +1.000000001e+03 +1.000000001e+03
9834 0 +7.000779760e-07 +1.000000001e+03 +1.000000001e+03
9878 0 +5.993645118e-07 +1.000000001e+03 +1.000000001e+03
11300 0 +3.991771109e-07 +1.000000000e+03 +1.000000000e+03
11301 0 +3.968546025e-07 +1.000000000e+03 +1.000000000e+03
11311 0 +2.254871561e-07 +1.000000000e+03 +1.000000000e+03
11312 0 +2.233107352e-07 +1.000000000e+03 +1.000000000e+03
11322 0 +9.329801287e-08 +1.000000000e+03 +1.000000000e+03
11344 0 +8.178585631e-08 +1.000000000e+03 +1.000000000e+03
11355 0 +7.745097719e-08 +1.000000000e+03 +1.000000000e+03
18075 0 +6.741311154e-08 +1.000000000e+03 +1.000000000e+03
18097 0 +6.239531558e-08 +1.000000000e+03 +1.000000000e+03
43125 0 +5.067613529e-08 +1.000000000e+03 +1.000000000e+03
43126 0 +5.008598691e-08 +1.000000000e+03 +1.000000000e+03
43169 0 +4.305729817e-08 +1.000000000e+03 +1.000000000e+03
43180 0 +2.866102022e-08 +1.000000000e+03 +1.000000000e+03
43191 0 +2.264675913e-08 +1.000000000e+03 +1.000000000e+03
43199 0 +2.219223916e-08 +1.000000000e+03 +1.000000000e+03
43213 0 +1.954674644e-08 +1.000000000e+03 +1.000000000e+03
43224 0 +1.563114438e-08 +1.000000000e+03 +1.000000000e+03
43246 0 +1.406556294e-08 +1.000000000e+03 +1.000000000e+03
59117 0 +9.993414096e-09 +1.000000000e+03 +1.000000000e+03
62205 0 +9.094947018e-13 +1.000000000e+03 +1.000000000e+03
63118 0 +0.000000000e+00 +1.000000000e+03 +1.000000000e+03
100006 0 +0.000000000e+00 +1.000000000e+03 +1.000000000e+03
% f evaluations | g evaluations | best noise-free fitness - Fopt (-1.000000000000e+03) + sum g_i+ | measured fitness | best measured fitness or single-digit g-values | x1 | x2...
1 0 +5.191052267e+06 +5.190052267e+06 +5.190052267e+06
2 0 +4.782041106e+06 +4.781041106e+06 +4.781041106e+06
3 0 +2.196025091e+06 +2.195025091e+06 +2.195025091e+06
6 0 +1.484113230e+06 +1.483113230e+06 +1.483113230e+06
14 0 +1.181695869e+06 +1.180695869e+06 +1.180695869e+06
18 0 +8.707845982e+05 +8.697845982e+05 +8.697845982e+05
19 0 +5.183743874e+05 +5.173743874e+05 +5.173743874e+05
22 0 +1.586352924e+05 +1.576352924e+05 +1.576352924e+05
30 0 +8.156821671e+04 +8.056821671e+04 +8.056821671e+04
36 0 +5.408258848e+04 +5.308258848e+04 +5.308258848e+04
77 0 +4.171569573e+04 +4.071569573e+04 +4.071569573e+04
311 0 +3.974353787e+04 +3.874353787e+04 +3.874353787e+04
401 0 +3.075523867e+04 +2.975523867e+04 +2.975523867e+04
440 0 +2.646953061e+04 +2.546953061e+04 +2.546953061e+04
441 0 +2.248606640e+04 +2.148606640e+04 +2.148606640e+04
462 0 +1.854241477e+04 +1.754241477e+04 +1.754241477e+04
504 0 +1.492196699e+04 +1.392196699e+04 +1.392196699e+04
599 0 +1.342729298e+04 +1.242729298e+04 +1.242729298e+04
610 0 +1.096943306e+04 +9.969433057e+03 +9.969433057e+03
942 0 +4.664553233e+03 +3.664553233e+03 +3.664553233e+03
986 0 +4.425624537e+03 +3.425624537e+03 +3.425624537e+03
997 0 +3.897699550e+03 +2.897699550e+03 +2.897699550e+03
1030 0 +3.150247533e+03 +2.150247533e+03 +2.150247533e+03
1041 0 +2.283473784e+03 +1.283473784e+03 +1.283473784e+03
1063 0 +1.328722850e+03 +3.287228501e+02 +3.287228501e+02
1074 0 +1.117853251e+03 +1.178532507e+02 +1.178532507e+02
1085 0 +9.571298297e+02 -4.287017031e+01 -4.287017031e+01
1096 0 +7.190096582e+02 -2.809903418e+02 -2.809903418e+02
1107 0 +6.101763155e+02 -3.898236845e+02 -3.898236845e+02
1140 0 +5.272165634e+02 -4.727834366e+02 -4.727834366e+02
1162 0 +4.967439362e+02 -5.032560638e+02 -5.032560638e+02
1173 0 +4.459459722e+02 -5.540540278e+02 -5.540540278e+02
1184 0 +3.475743611e+02 -6.524256389e+02 -6.524256389e+02
1195 0 +2.605216796e+02 -7.394783204e+02 -7.394783204e+02
1206 0 +1.995777493e+02 -8.004222507e+02 -8.004222507e+02
1217 0 +1.577805250e+02 -8.422194750e+02 -8.422194750e+02
1228 0 +9.362209884e+01 -9.063779012e+02 -9.063779012e+02
1239 0 +2.873182385e+01 -9.712681762e+02 -9.712681762e+02
1250 0 +9.768684090e+00 -9.902313159e+02 -9.902313159e+02
1261 0 +2.577360051e+00 -9.974226399e+02 -9.974226399e+02
1272 0 +1.189961447e+00 -9.988100386e+02 -9.988100386e+02
1283 0 +1.167739227e-01 -9.998832261e+02 -9.998832261e+02
1294 0 +5.058755821e-02 -9.999494124e+02 -9.999494124e+02
1305 0 +2.547289863e-02 -9.999745271e+02 -9.999745271e+02
1316 0 +1.135720555e-02 -9.999886428e+02 -9.999886428e+02
1327 0 +5.598627643e-03 -9.999944014e+02 -9.999944014e+02
1338 0 +2.892753471e-03 -9.999971072e+02 -9.999971072e+02
1349 0 +1.614639672e-03 -9.999983854e+02 -9.999983854e+02
1360 0 +3.797462421e-04 -9.999996203e+02 -9.999996203e+02
1371 0 +1.332119188e-04 -9.999998668e+02 -9.999998668e+02
1382 0 +9.539060056e-05 -9.999999046e+02 -9.999999046e+02
1393 0 +4.487148226e-05 -9.999999551e+02 -9.999999551e+02
1404 0 +3.193494399e-05 -9.999999681e+02 -9.999999681e+02
1415 0 +2.304953705e-05 -9.999999770e+02 -9.999999770e+02
1426 0 +1.124502444e-05 -9.999999888e+02 -9.999999888e+02
1433 0 +1.119760259e-05 -9.999999888e+02 -9.999999888e+02
1437 0 +2.942857918e-06 -9.999999971e+02 -9.999999971e+02
1448 0 +6.047069974e-07 -9.999999994e+02 -9.999999994e+02
1459 0 +4.495661869e-07 -9.999999996e+02 -9.999999996e+02
1470 0 +2.830767016e-07 -9.999999997e+02 -9.999999997e+02
1481 0 +1.841524409e-07 -9.999999998e+02 -9.999999998e+02
1503 0 +1.649215164e-07 -9.999999998e+02 -9.999999998e+02
4206 0 +1.021310254e-07 -9.999999999e+02 -9.999999999e+02
4228 0 +8.763311143e-08 -9.999999999e+02 -9.999999999e+02
11444 0 +7.482253750e-08 -9.999999999e+02 -9.999999999e+02
11488 0 +6.859932000e-08 -9.999999999e+02 -9.999999999e+02
21577 0 +3.997683962e-08 -1.000000000e+03 -1.000000000e+03
21606 0 +2.831507118e-08 -1.000000000e+03 -1.000000000e+03
21622 0 +2.363083240e-08 -1.000000000e+03 -1.000000000e+03
21646 0 +2.228796347e-08 -1.000000000e+03 -1.000000000e+03
21662 0 +1.600915311e-08 -1.000000000e+03 -1.000000000e+03
21672 0 +6.039158507e-09 -1.000000000e+03 -1.000000000e+03
23817 0 +9.094947018e-13 -1.000000000e+03 -1.000000000e+03
24610 0 +0.000000000e+00 -1.000000000e+03 -1.000000000e+03
100004 0 +0.000000000e+00 -1.000000000e+03 -1.000000000e+03
% f evaluations | g evaluations | best noise-free fitness - Fopt (-1.527400000000e+02) + sum g_i+ | measured fitness | best measured fitness or single-digit g-values | x1 | x2...
1 0 +3.938415106e+06 +3.938262366e+06 +3.938262366e+06
2 0 +1.133148319e+06 +1.132995579e+06 +1.132995579e+06
5 0 +1.084205977e+06 +1.084053237e+06 +1.084053237e+06
22 0 +8.214903508e+05 +8.213376108e+05 +8.213376108e+05
35 0 +7.540450743e+05 +7.538923343e+05 +7.538923343e+05
59 0 +6.750681117e+05 +6.749153717e+05 +6.749153717e+05
63 0 +5.902808950e+05 +5.901281550e+05 +5.901281550e+05
96 0 +5.497714760e+05 +5.496187360e+05 +5.496187360e+05
97 0 +3.941781865e+05 +3.940254465e+05 +3.940254465e+05
114 0 +3.543675093e+05 +3.542147693e+05 +3.542147693e+05
150 0 +3.124741005e+05 +3.123213605e+05 +3.123213605e+05
158 0 +2.507166238e+05 +2.505638838e+05 +2.505638838e+05
172 0 +1.700581155e+05 +1.699053755e+05 +1.699053755e+05
186 0 +1.542164341e+05 +1.540636941e+05 +1.540636941e+05
223 0 +1.371490111e+05 +1.369962711e+05 +1.369962711e+05
234 0 +1.257036167e+05 +1.255508767e+05 +1.255508767e+05
245 0 +1.065432501e+05 +1.063905101e+05 +1.063905101e+05
256 0 +8.506797916e+04 +8.491523916e+04 +8.491523916e+04
267 0 +5.342024983e+04 +5.326750983e+04 +5.326750983e+04
289 0 +4.643079329e+04 +4.627805329e+04 +4.627805329e+04
311 0 +4.328840747e+04 +4.313566747e+04 +4.313566747e+04
322 0 +3.700506616e+04 +3.685232616e+04 +3.685232616e+04
333 0 +1.974321427e+04 +1.959047427e+04 +1.959047427e+04
494 0 +1.737451566e+04 +1.722177566e+04 +1.722177566e+04
538 0 +1.220852363e+04 +1.205578363e+04 +1.205578363e+04
544 0 +1.100745189e+04 +1.085471189e+04 +1.085471189e+04
566 0 +9.457349598e+03 +9.304609598e+03 +9.304609598e+03
599 0 +8.776738709e+03 +8.623998709e+03 +8.623998709e+03
610 0 +6.976365319e+03 +6.823625319e+03 +6.823625319e+03
732 0 +5.703645736e+03 +5.550905736e+03 +5.550905736e+03
744 0 +1.425781667e+03 +1.273041667e+03 +1.273041667e+03
865 0 +1.118739653e+03 +9.659996534e+02 +9.659996534e+02
909 0 +9.480860415e+02 +7.953460415e+02 +7.953460415e+02
920 0 +8.112241660e+02 +6.584841660e+02 +6.584841660e+02
931 0 +7.104051601e+02 +5.576651601e+02 +5.576651601e+02
942 0 +5.174306724e+02 +3.646906724e+02 +3.646906724e+02
953 0 +1.611169400e+02 +8.376940027e+00 +8.376940027e+00
975 0 +1.210507517e+02 -3.168924831e+01 -3.168924831e+01
986 0 +7.360726974e+01 -7.913273026e+01 -7.913273026e+01
997 0 +2.951354403e+01 -1.232264560e+02 -1.232264560e+02
1008 0 +2.321159813e+01 -1.295284019e+02 -1.295284019e+02
1019 0 +1.645568462e+01 -1.362843154e+02 -1.362843154e+02
1041 0 +7.209039074e+00 -1.455309609e+02 -1.455309609e+02
1052 0 +7.557398379e-01 -1.519842602e+02 -1.519842602e+02
1063 0 +1.080014194e-01 -1.526319986e+02 -1.526319986e+02
1074 0 +6.139454323e-02 -1.526786055e+02 -1.526786055e+02
1096 0 +2.107181869e-02 -1.527189282e+02 -1.527189282e+02
1118 0 +1.185880881e-02 -1.527281412e+02 -1.527281412e+02
1129 0 +3.373245413e-03 -1.527366268e+02 -1.527366268e+02
1140 0 +9.312745165e-04 -1.527390687e+02 -1.527390687e+02
1151 0 +2.572528914e-04 -1.527397427e+02 -1.527397427e+02
1162 0 +5.598917585e-05 -1.527399440e+02 -1.527399440e+02
1173 0 +1.438258926e-05 -1.527399856e+02 -1.527399856e+02
1195 0 +3.795975744e-06 -1.527399962e+02 -1.527399962e+02
1239 0 +3.493513219e-06 -1.527399965e+02 -1.527399965e+02
1250 0 +3.122025902e-06 -1.527399969e+02 -1.527399969e+02
1261 0 +2.691908804e-06 -1.527399973e+02 -1.527399973e+02
1272 0 +1.947740344e-06 -1.527399981e+02 -1.527399981e+02
1283 0 +1.358894139e-06 -1.527399986e+02 -1.527399986e+02
1338 0 +1.238567336e-06 -1.527399988e+02 -1.527399988e+02
1415 0 +1.081432345e-06 -1.527399989e+02 -1.527399989e+02
1502 0 +9.999502311e-07 -1.527399990e+02 -1.527399990e+02
3114 0 +7.956087131e-07 -1.527399992e+02 -1.527399992e+02
3125 0 +3.315182369e-07 -1.527399997e+02 -1.527399997e+02
3136 0 +1.535540264e-07 -1.527399998e+02 -1.527399998e+02
15168 0 +1.336977959e-07 -1.527399999e+02 -1.527399999e+02
15267 0 +1.242112262e-07 -1.527399999e+02 -1.527399999e+02
15290 0 +1.121038906e-07 -1.527399999e+02 -1.527399999e+02
21561 0 +9.379630228e-08 -1.527399999e+02 -1.527399999e+02
21572 0 +8.188993661e-08 -1.527399999e+02 -1.527399999e+02
21583 0 +6.819882969e-08 -1.527399999e+02 -1.527399999e+02
21594 0 +5.647063972e-08 -1.527399999e+02 -1.527399999e+02
21595 0 +5.609462050e-08 -1.527399999e+02 -1.527399999e+02
22239 0 +4.432683909e-08 -1.527400000e+02 -1.527400000e+02
22247 0 +3.405259008e-08 -1.527400000e+02 -1.527400000e+02
22257 0 +1.797090476e-08 -1.527400000e+02 -1.527400000e+02
22258 0 +1.774762382e-08 -1.527400000e+02 -1.527400000e+02
22279 0 +1.482902690e-08 -1.527400000e+02 -1.527400000e+02
22290 0 +1.162845820e-08 -1.527400000e+02 -1.527400000e+02
22323 0 +1.087607870e-08 -1.527400000e+02 -1.527400000e+02
22398 0 +9.912440646e-09 -1.527400000e+02 -1.527400000e+02
25648 0 +8.810729923e-13 -1.527400000e+02 -1.527400000e+02
26367 0 +0.000000000e+00 -1.527400000e+02 -1.527400000e+02
100281 0 +0.000000000e+00 -1.527400000e+02 -1.527400000e+02
