% f evaluations | g evaluations | best noise-free fitness - Fopt (1.491500000000e+02) + sum g_i+ | measured fitness | best measured fitness or single-digit g-values | x1 | x2...
1 0 +6.124438163e+04 +6.139353163e+04 +6.139353163e+04
2 0 +5.304286173e+04 +5.319201173e+04 +5.319201173e+04
3 0 +1.274765382e+04 +1.289680382e+04 +1.289680382e+04
24 0 +8.898811063e+03 +9.047961063e+03 +9.047961063e+03
33 0 +4.071147010e+03 +4.220297010e+03 +4.220297010e+03
52 0 +2.852775319e+03 +3.001925319e+03 +3.001925319e+03
63 0 +2.164058333e+03 +2.313208333e+03 +2.313208333e+03
79 0 +1.632969722e+03 +1.782119722e+03 +1.782119722e+03
81 0 +6.903709956e+02 +8.395209956e+02 +8.395209956e+02
85 0 +4.011490544e+02 +5.502990544e+02 +5.502990544e+02
101 0 +2.562803309e+02 +4.054303309e+02 +4.054303309e+02
112 0 +1.102291558e+02 +2.593791558e+02 +2.593791558e+02
134 0 +4.493675953e+01 +1.940867595e+02 +1.940867595e+02
156 0 +2.985721800e+01 +1.790072180e+02 +1.790072180e+02
178 0 +2.160520900e+01 +1.707552090e+02 +1.707552090e+02
200 0 +1.869323866e+01 +1.678432387e+02 +1.678432387e+02
233 0 +1.726321156e+01 +1.664132116e+02 +1.664132116e+02
255 0 +1.472660344e+01 +1.638766034e+02 +1.638766034e+02
277 0 +1.411170867e+01 +1.632617087e+02 +1.632617087e+02
299 0 +1.094537982e+01 +1.600953798e+02 +1.600953798e+02
310 0 +7.955355694e+00 +1.571053557e+02 +1.571053557e+02
321 0 +6.722645497e+00 +1.558726455e+02 +1.558726455e+02
343 0 +6.002407702e+00 +1.551524077e+02 +1.551524077e+02
354 0 +5.595815221e+00 +1.547458152e+02 +1.547458152e+02
387 0 +4.956314190e+00 +1.541063142e+02 +1.541063142e+02
420 0 +4.184101026e+00 +1.533341010e+02 +1.533341010e+02
431 0 +3.969365704e+00 +1.531193657e+02 +1.531193657e+02
453 0 +3.404822700e+00 +1.525548227e+02 +1.525548227e+02
475 0 +2.977611671e+00 +1.521276117e+02 +1.521276117e+02
486 0 +2.651734225e+00 +1.518017342e+02 +1.518017342e+02
497 0 +2.163875103e+00 +1.513138751e+02 +1.513138751e+02
508 0 +1.735893523e+00 +1.508858935e+02 +1.508858935e+02
530 0 +1.423313259e+00 +1.505733133e+02 +1.505733133e+02
541 0 +1.184410779e+00 +1.503344108e+02 +1.503344108e+02
552 0 +9.455906627e-01 +1.500955907e+02 +1.500955907e+02
563 0 +6.858895264e-01 +1.498358895e+02 +1.498358895e+02
585 0 +5.761490764e-01 +1.497261491e+02 +1.497261491e+02
596 0 +4.254113657e-01 +1.495754114e+02 +1.495754114e+02
607 0 +3.033244537e-01 +1.494533245e+02 +1.494533245e+02
618 0 +2.296308762e-01 +1.493796309e+02 +1.493796309e+02
629 0 +1.183677033e-01 +1.492683677e+02 +1.492683677e+02
651 0 +8.851843403e-02 +1.492385184e+02 +1.492385184e+02
684 0 +6.337078546e-02 +1.492133708e+02 +1.492133708e+02
695 0 +4.516588569e-02 +1.491951659e+02 +1.491951659e+02
706 0 +3.393975064e-02 +1.491839398e+02 +1.491839398e+02
717 0 +1.989471008e-02 +1.491698947e+02 +1.491698947e+02
728 0 +9.479864076e-03 +1.491594799e+02 +1.491594799e+02
739 0 +5.601739870e-03 +1.491556017e+02 +1.491556017e+02
750 0 +1.703867578e-03 +1.491517039e+02 +1.491517039e+02
761 0 +6.474212246e-04 +1.491506474e+02 +1.491506474e+02
772 0 +1.424024126e-04 +1.491501424e+02 +1.491501424e+02
783 0 +4.011604148e-06 +1.491500040e+02 +1.491500040e+02
794 0 +1.875173155e-07 +1.491500002e+02 +1.491500002e+02
805 0 +4.004107268e-09 +1.491500000e+02 +1.491500000e+02
57322 0 +8.526512829e-13 +1.491500000e+02 +1.491500000e+02
100105 0 +2.842170943e-14 +1.491500000e+02 +1.491500000e+02
% f evaluations | g evaluations | best noise-free fitness - Fopt (-1.000000000000e+03) + sum g_i+ | measured fitness | best measured fitness or single-digit g-values | x1 | x2...
1 0 +7.566039691e+04 +7.466039691e+04 +7.466039691e+04
3 0 +1.305000434e+04 +1.205000434e+04 +1.205000434e+04
15 0 +1.087224641e+04 +9.872246406e+03 +9.872246406e+03
21 0 +6.448308128e+03 +5.448308128e+03 +5.448308128e+03
24 0 +6.242705586e+03 +5.242705586e+03 +5.242705586e+03
30 0 +4.680053872e+03 +3.680053872e+03 +3.680053872e+03
31 0 +3.537425215e+03 +2.537425215e+03 +2.537425215e+03
61 0 +2.143793952e+03 +1.143793952e+03 +1.143793952e+03
69 0 +1.955272767e+03 +9.552727675e+02 +9.552727675e+02
98 0 +1.599716246e+03 +5.997162464e+02 +5.997162464e+02
101 0 +1.133875023e+03 +1.338750226e+02 +1.338750226e+02
112 0 +3.417922282e+02 -6.582077718e+02 -6.582077718e+02
123 0 +2.191619341e+02 -7.808380659e+02 -7.808380659e+02
134 0 +1.016470607e+02 -8.983529393e+02 -8.983529393e+02
156 0 +8.140836219e+01 -9.185916378e+02 -9.185916378e+02
167 0 +5.807923693e+01 -9.419207631e+02 -9.419207631e+02
189 0 +4.168183709e+01 -9.583181629e+02 -9.583181629e+02
233 0 +3.972508452e+01 -9.602749155e+02 -9.602749155e+02
266 0 +3.215712452e+01 -9.678428755e+02 -9.678428755e+02
277 0 +2.485181397e+01 -9.751481860e+02 -9.751481860e+02
288 0 +1.356995132e+01 -9.864300487e+02 -9.864300487e+02
299 0 +8.124073258e+00 -9.918759267e+02 -9.918759267e+02
310 0 +6.160244850e+00 -9.938397551e+02 -9.938397551e+02
321 0 +5.329715408e+00 -9.946702846e+02 -9.946702846e+02
354 0 +4.970409514e+00 -9.950295905e+02 -9.950295905e+02
398 0 +4.260466978e+00 -9.957395330e+02 -9.957395330e+02
409 0 +3.924044780e+00 -9.960759552e+02 -9.960759552e+02
431 0 +3.164453012e+00 -9.968355470e+02 -9.968355470e+02
442 0 +2.949311183e+00 -9.970506888e+02 -9.970506888e+02
453 0 +2.677330927e+00 -9.973226691e+02 -9.973226691e+02
475 0 +2.494592862e+00 -9.975054071e+02 -9.975054071e+02
486 0 +2.220788729e+00 -9.977792113e+02 -9.977792113e+02
497 0 +1.836014442e+00 -9.981639856e+02 -9.981639856e+02
508 0 +1.469253245e+00 -9.985307468e+02 -9.985307468e+02
519 0 +1.378891795e+00 -9.986211082e+02 -9.986211082e+02
530 0 +1.237194589e+00 -9.987628054e+02 -9.987628054e+02
541 0 +1.022056493e+00 -9.989779435e+02 -9.989779435e+02
552 0 +7.243991418e-01 -9.992756009e+02 -9.992756009e+02
563 0 +4.752467281e-01 -9.995247533e+02 -9.995247533e+02
585 0 +4.010089397e-01 -9.995989911e+02 -9.995989911e+02
596 0 +2.872295320e-01 -9.997127705e+02 -9.997127705e+02
618 0 +2.305267313e-01 -9.997694733e+02 -9.997694733e+02
629 0 +1.476582811e-01 -9.998523417e+02 -9.998523417e+02
640 0 +8.354448896e-02 -9.999164555e+02 -9.999164555e+02
662 0 +6.044537469e-02 -9.999395546e+02 -9.999395546e+02
673 0 +3.994872247e-02 -9.999600513e+02 -9.999600513e+02
684 0 +1.959858586e-02 -9.999804014e+02 -9.999804014e+02
695 0 +7.746250921e-03 -9.999922537e+02 -9.999922537e+02
706 0 +3.293498033e-03 -9.999967065e+02 -9.999967065e+02
717 0 +9.434074057e-04 -9.999990566e+02 -9.999990566e+02
728 0 +9.662651928e-05 -9.999999034e+02 -9.999999034e+02
739 0 +2.847678877e-05 -9.999999715e+02 -9.999999715e+02
750 0 +2.868777983e-06 -9.999999971e+02 -9.999999971e+02
761 0 +4.466080554e-07 -9.999999996e+02 -9.999999996e+02
772 0 +1.150885964e-08 -1.000000000e+03 -1.000000000e+03
783 0 +2.783167474e-09 -1.000000000e+03 -1.000000000e+03
3902 0 +9.094947018e-13 -1.000000000e+03 -1.000000000e+03
70369 0 +0.000000000e+00 -1.000000000e+03 -1.000000000e+03
100414 0 +0.000000000e+00 -1.000000000e+03 -1.000000000e+03
% f evaluations | g evaluations | best noise-free fitness - Fopt (9.862000000000e+01) + sum g_i+ | measured fitness | best measured fitness or single-digit g-values | x1 | x2...
1 0 +6.158280700e+04 +6.168142700e+04 +6.168142700e+04
3 0 +4.197161892e+04 +4.207023892e+04 +4.207023892e+04
10 0 +1.963189717e+04 +1.973051717e+04 +1.973051717e+04
16 0 +1.307977718e+04 +1.317839718e+04 +1.317839718e+04
45 0 +4.713243379e+03 +4.811863379e+03 +4.811863379e+03
56 0 +3.263005084e+03 +3.361625084e+03 +3.361625084e+03
62 0 +2.239123952e+03 +2.337743952e+03 +2.337743952e+03
87 0 +1.935006924e+03 +2.033626924e+03 +2.033626924e+03
101 0 +1.708390910e+03 +1.807010910e+03 +1.807010910e+03
112 0 +2.561411941e+02 +3.547611941e+02 +3.547611941e+02
145 0 +1.677619053e+02 +2.663819053e+02 +2.663819053e+02
167 0 +1.371157397e+02 +2.357357397e+02 +2.357357397e+02
178 0 +1.246770974e+02 +2.232970974e+02 +2.232970974e+02
211 0 +1.105118026e+02 +2.091318026e+02 +2.091318026e+02
255 0 +9.688625191e+01 +1.955062519e+02 +1.955062519e+02
288 0 +8.503707547e+01 +1.836570755e+02 +1.836570755e+02
299 0 +7.512125540e+01 +1.737412554e+02 +1.737412554e+02
332 0 +6.666609603e+01 +1.652860960e+02 +1.652860960e+02
387 0 +6.246708951e+01 +1.610870895e+02 +1.610870895e+02
442 0 +5.503633126e+01 +1.536563313e+02 +1.536563313e+02
464 0 +4.679537839e+01 +1.454153784e+02 +1.454153784e+02
475 0 +3.823584876e+01 +1.368558488e+02 +1.368558488e+02
486 0 +3.240781652e+01 +1.310278165e+02 +1.310278165e+02
497 0 +2.481607602e+01 +1.234360760e+02 +1.234360760e+02
508 0 +1.824528991e+01 +1.168652899e+02 +1.168652899e+02
519 0 +1.454659052e+01 +1.131665905e+02 +1.131665905e+02
530 0 +1.109771118e+01 +1.097177112e+02 +1.097177112e+02
552 0 +9.528475512e+00 +1.081484755e+02 +1.081484755e+02
574 0 +8.540543477e+00 +1.071605435e+02 +1.071605435e+02
607 0 +7.892251985e+00 +1.065122520e+02 +1.065122520e+02
673 0 +6.715483284e+00 +1.053354833e+02 +1.053354833e+02
706 0 +6.022365151e+00 +1.046423652e+02 +1.046423652e+02
728 0 +5.236074370e+00 +1.038560744e+02 +1.038560744e+02
761 0 +4.772179129e+00 +1.033921791e+02 +1.033921791e+02
783 0 +4.227639459e+00 +1.028476395e+02 +1.028476395e+02
794 0 +3.969725956e+00 +1.025897260e+02 +1.025897260e+02
805 0 +3.512913671e+00 +1.021329137e+02 +1.021329137e+02
849 0 +3.008541452e+00 +1.016285415e+02 +1.016285415e+02
871 0 +2.594527389e+00 +1.012145274e+02 +1.012145274e+02
882 0 +2.261237844e+00 +1.008812378e+02 +1.008812378e+02
893 0 +1.973748073e+00 +1.005937481e+02 +1.005937481e+02
904 0 +1.768051164e+00 +1.003880512e+02 +1.003880512e+02
926 0 +1.408157289e+00 +1.000281573e+02 +1.000281573e+02
937 0 +1.208752542e+00 +9.982875254e+01 +9.982875254e+01
948 0 +1.030331715e+00 +9.965033172e+01 +9.965033172e+01
959 0 +7.925064871e-01 +9.941250649e+01 +9.941250649e+01
970 0 +5.476420331e-01 +9.916764203e+01 +9.916764203e+01
981 0 +3.767478212e-01 +9.899674782e+01 +9.899674782e+01
1003 0 +2.890299564e-01 +9.890902996e+01 +9.890902996e+01
1014 0 +2.184267095e-01 +9.883842671e+01 +9.883842671e+01
1025 0 +1.290493800e-01 +9.874904938e+01 +9.874904938e+01
1036 0 +9.095997447e-02 +9.871095997e+01 +9.871095997e+01
1047 0 +6.985617452e-02 +9.868985617e+01 +9.868985617e+01
1058 0 +4.500290048e-02 +9.866500290e+01 +9.866500290e+01
1069 0 +2.572989630e-02 +9.864572990e+01 +9.864572990e+01
1080 0 +1.354316724e-02 +9.863354317e+01 +9.863354317e+01
1091 0 +6.225938918e-03 +9.862622594e+01 +9.862622594e+01
1102 0 +3.203592765e-03 +9.862320359e+01 +9.862320359e+01
1113 0 +1.243241251e-03 +9.862124324e+01 +9.862124324e+01
1124 0 +2.972141069e-04 +9.862029721e+01 +9.862029721e+01
1135 0 +3.183491023e-05 +9.862003183e+01 +9.862003183e+01
1146 0 +2.134342566e-06 +9.862000213e+01 +9.862000213e+01
1157 0 +7.239333115e-07 +9.862000072e+01 +9.862000072e+01
1168 0 +1.106104719e-08 +9.862000001e+01 +9.862000001e+01
1179 0 +3.860492370e-09 +9.862000000e+01 +9.862000000e+01
70050 0 +7.247535905e-13 +9.862000000e+01 +9.862000000e+01
72402 0 +0.000000000e+00 +9.862000000e+01 +9.862000000e+01
100573 0 +0.000000000e+00 +9.862000000e+01 +9.862000000e+01
% f evaluations | g evaluations | best noise-free fitness - Fopt (-4.715000000000e+01) + sum g_i+ | measured fitness | best measured fitness or single-digit g-values | x1 | x2...
1 0 +3.932861034e+04 +3.928146034e+04 +3.928146034e+04
3 0 +1.849295147e+04 +1.844580147e+04 +1.844580147e+04
11 0 +1.413069690e+04 +1.408354690e+04 +1.408354690e+04
12 0 +9.874506237e+03 +9.827356237e+03 +9.827356237e+03
21 0 +3.974095294e+03 +3.926945294e+03 +3.926945294e+03
49 0 +3.053604322e+03 +3.006454322e+03 +3.006454322e+03
81 0 +6.247242025e+02 +5.775742025e+02 +5.775742025e+02
123 0 +4.207463628e+02 +3.735963628e+02 +3.735963628e+02
145 0 +3.920954442e+02 +3.449454442e+02 +3.449454442e+02
156 0 +3.399004917e+02 +2.927504917e+02 +2.927504917e+02
167 0 +2.341511014e+02 +1.870011014e+02 +1.870011014e+02
189 0 +9.818170801e+01 +5.103170801e+01 +5.103170801e+01
211 0 +5.508029405e+01 +7.930294051e+00 +7.930294051e+00
233 0 +4.965926613e+01 +2.509266130e+00 +2.509266130e+00
266 0 +4.376447300e+01 -3.385526999e+00 -3.385526999e+00
310 0 +3.713778988e+01 -1.001221012e+01 -1.001221012e+01
321 0 +2.849286243e+01 -1.865713757e+01 -1.865713757e+01
332 0 +1.882227005e+01 -2.832772995e+01 -2.832772995e+01
343 0 +1.493580517e+01 -3.221419483e+01 -3.221419483e+01
354 0 +1.094564117e+01 -3.620435883e+01 -3.620435883e+01
365 0 +9.881690113e+00 -3.726830989e+01 -3.726830989e+01
442 0 +8.718747711e+00 -3.843125229e+01 -3.843125229e+01
497 0 +7.782086008e+00 -3.936791399e+01 -3.936791399e+01
552 0 +7.057753284e+00 -4.009224672e+01 -4.009224672e+01
618 0 +6.152967033e+00 -4.099703297e+01 -4.099703297e+01
640 0 +5.393404295e+00 -4.175659570e+01 -4.175659570e+01
684 0 +4.950862249e+00 -4.219913775e+01 -4.219913775e+01
717 0 +4.304353902e+00 -4.284564610e+01 -4.284564610e+01
1754 0 +3.807159656e+00 -4.334284034e+01 -4.334284034e+01
1765 0 +3.483604356e+00 -4.366639564e+01 -4.366639564e+01
1776 0 +3.133056141e+00 -4.401694386e+01 -4.401694386e+01
1809 0 +2.661394950e+00 -4.448860505e+01 -4.448860505e+01
1831 0 +2.327746666e+00 -4.482225333e+01 -4.482225333e+01
1842 0 +1.963048781e+00 -4.518695122e+01 -4.518695122e+01
1853 0 +1.561022576e+00 -4.558897742e+01 -4.558897742e+01
1875 0 +1.407562649e+00 -4.574243735e+01 -4.574243735e+01
1886 0 +1.167314001e+00 -4.598268600e+01 -4.598268600e+01
1897 0 +9.520498171e-01 -4.619795018e+01 -4.619795018e+01
1908 0 +7.160859458e-01 -4.643391405e+01 -4.643391405e+01
1919 0 +5.858123872e-01 -4.656418761e+01 -4.656418761e+01
1930 0 +4.444520742e-01 -4.670554793e+01 -4.670554793e+01
1941 0 +3.803145236e-01 -4.676968548e+01 -4.676968548e+01
1952 0 +2.778969891e-01 -4.687210301e+01 -4.687210301e+01
1963 0 +1.553368344e-01 -4.699466317e+01 -4.699466317e+01
1974 0 +9.704135054e-02 -4.705295865e+01 -4.705295865e+01
1996 0 +7.294271583e-02 -4.707705728e+01 -4.707705728e+01
2007 0 +3.980177751e-02 -4.711019822e+01 -4.711019822e+01
2018 0 +2.984883318e-02 -4.712015117e+01 -4.712015117e+01
2029 0 +1.518495812e-02 -4.713481504e+01 -4.713481504e+01
2040 0 +4.329000388e-03 -4.714567100e+01 -4.714567100e+01
2051 0 +9.067224661e-04 -4.714909328e+01 -4.714909328e+01
2062 0 +3.294525352e-04 -4.714967055e+01 -4.714967055e+01
2073 0 +1.793583085e-05 -4.714998206e+01 -4.714998206e+01
2084 0 +1.582274393e-06 -4.714999842e+01 -4.714999842e+01
2095 0 +1.762818442e-07 -4.714999982e+01 -4.714999982e+01
2106 0 +5.544002590e-09 -4.714999999e+01 -4.714999999e+01
78522 0 +7.531752999e-13 -4.715000000e+01 -4.715000000e+01
82548 0 +0.000000000e+00 -4.715000000e+01 -4.715000000e+01
100725 0 +0.000000000e+00 -4.715000000e+01 -4.715000000e+01
% f evaluations | g evaluations | best noise-free fitness - Fopt (3.752000000000e+01) + sum g_i+ | measured fitness | best measured fitness or single-digit g-values | x1 | x2...
1 0 +2.668996667e+04 +2.672748667e+04 +2.672748667e+04
4 0 +2.455093065e+04 +2.458845065e+04 +2.458845065e+04
6 0 +1.071151437e+04 +1.074903437e+04 +1.074903437e+04
20 0 +8.450939212e+03 +8.488459212e+03 +8.488459212e+03
49 0 +5.709075499e+03 +5.746595499e+03 +5.746595499e+03
75 0 +4.981706762e+03 +5.019226762e+03 +5.019226762e+03
83 0 +1.063763879e+03 +1.101283879e+03 +1.101283879e+03
84 0 +6.723435463e+02 +7.098635463e+02 +7.098635463e+02
101 0 +3.894865176e+02 +4.270065176e+02 +4.270065176e+02
112 0 +1.930462115e+02 +2.305662115e+02 +2.305662115e+02
134 0 +9.507091067e+01 +1.325909107e+02 +1.325909107e+02
145 0 +5.297213882e+01 +9.049213882e+01 +9.049213882e+01
167 0 +4.870851852e+01 +8.622851852e+01 +8.622851852e+01
178 0 +4.342696365e+01 +8.094696365e+01 +8.094696365e+01
189 0 +3.549227816e+01 +7.301227816e+01 +7.301227816e+01
200 0 +2.461916408e+01 +6.213916408e+01 +6.213916408e+01
211 0 +2.022894958e+01 +5.774894958e+01 +5.774894958e+01
222 0 +1.507600072e+01 +5.259600072e+01 +5.259600072e+01
244 0 +1.267078593e+01 +5.019078593e+01 +5.019078593e+01
266 0 +1.231686751e+01 +4.983686751e+01 +4.983686751e+01
288 0 +1.035957881e+01 +4.787957881e+01 +4.787957881e+01
299 0 +8.275433085e+00 +4.579543309e+01 +4.579543309e+01
310 0 +7.925097923e+00 +4.544509792e+01 +4.544509792e+01
365 0 +7.078013517e+00 +4.459801352e+01 +4.459801352e+01
409 0 +6.081693093e+00 +4.360169309e+01 +4.360169309e+01
442 0 +5.475151488e+00 +4.299515149e+01 +4.299515149e+01
464 0 +4.801923900e+00 +4.232192390e+01 +4.232192390e+01
497 0 +4.210030170e+00 +4.173003017e+01 +4.173003017e+01
530 0 +3.726462197e+00 +4.124646220e+01 +4.124646220e+01
541 0 +3.383868139e+00 +4.090386814e+01 +4.090386814e+01
552 0 +3.111325404e+00 +4.063132540e+01 +4.063132540e+01
585 0 +2.723154292e+00 +4.024315429e+01 +4.024315429e+01
596 0 +2.441803952e+00 +3.996180395e+01 +3.996180395e+01
618 0 +2.070821541e+00 +3.959082154e+01 +3.959082154e+01
629 0 +1.762900730e+00 +3.928290073e+01 +3.928290073e+01
640 0 +1.358130961e+00 +3.887813096e+01 +3.887813096e+01
651 0 +1.052699404e+00 +3.857269940e+01 +3.857269940e+01
673 0 +9.011800379e-01 +3.842118004e+01 +3.842118004e+01
684 0 +6.996687409e-01 +3.821966874e+01 +3.821966874e+01
695 0 +4.962077093e-01 +3.801620771e+01 +3.801620771e+01
706 0 +3.288218749e-01 +3.784882187e+01 +3.784882187e+01
717 0 +2.796454467e-01 +3.779964545e+01 +3.779964545e+01
728 0 +2.393674401e-01 +3.775936744e+01 +3.775936744e+01
750 0 +1.951943654e-01 +3.771519437e+01 +3.771519437e+01
761 0 +1.208954085e-01 +3.764089541e+01 +3.764089541e+01
772 0 +1.065188519e-01 +3.762651885e+01 +3.762651885e+01
783 0 +9.215567348e-02 +3.761215567e+01 +3.761215567e+01
794 0 +7.579561399e-02 +3.759579561e+01 +3.759579561e+01
805 0 +5.462919818e-02 +3.757462920e+01 +3.757462920e+01
816 0 +3.387427966e-02 +3.755387428e+01 +3.755387428e+01
827 0 +1.902355311e-02 +3.753902355e+01 +3.753902355e+01
838 0 +6.256308521e-03 +3.752625631e+01 +3.752625631e+01
860 0 +3.391515640e-03 +3.752339152e+01 +3.752339152e+01
871 0 +1.050911971e-03 +3.752105091e+01 +3.752105091e+01
882 0 +2.260417596e-04 +3.752022604e+01 +3.752022604e+01
893 0 +9.417417105e-05 +3.752009417e+01 +3.752009417e+01
904 0 +4.994410077e-07 +3.752000050e+01 +3.752000050e+01
915 0 +4.566835088e-08 +3.752000005e+01 +3.752000005e+01
926 0 +1.315500953e-08 +3.752000001e+01 +3.752000001e+01
937 0 +1.366515789e-10 +3.752000000e+01 +3.752000000e+01
69764 0 +8.100187188e-13 +3.752000000e+01 +3.752000000e+01
72596 0 +0.000000000e+00 +3.752000000e+01 +3.752000000e+01
100491 0 +0.000000000e+00 +3.752000000e+01 +3.752000000e+01
% f evaluations | g evaluations | best noise-free fitness - Fopt (6.740000000000e+00) + sum g_i+ | measured fitness | best measured fitness or single-digit g-values | x1 | x2...
1 0 +5.577864792e+04 +5.578538792e+04 +5.578538792e+04
3 0 +1.194669360e+04 +1.195343360e+04 +1.195343360e+04
22 0 +8.930730681e+03 +8.937470681e+03 +8.937470681e+03
29 0 +8.419192494e+03 +8.425932494e+03 +8.425932494e+03
31 0 +4.965083172e+03 +4.971823172e+03 +4.971823172e+03
42 0 +3.688421953e+03 +3.695161953e+03 +3.695161953e+03
57 0 +3.242467735e+03 +3.249207735e+03 +3.249207735e+03
65 0 +2.989813764e+03 +2.996553764e+03 +2.996553764e+03
87 0 +1.373606613e+03 +1.380346613e+03 +1.380346613e+03
112 0 +6.987968088e+02 +7.055368088e+02 +7.055368088e+02
145 0 +6.124842293e+02 +6.192242293e+02 +6.192242293e+02
156 0 +5.515391168e+02 +5.582791168e+02 +5.582791168e+02
167 0 +4.476153224e+02 +4.543553224e+02 +4.543553224e+02
178 0 +3.263267248e+02 +3.330667248e+02 +3.330667248e+02
189 0 +2.418384904e+02 +2.485784904e+02 +2.485784904e+02
244 0 +2.051027350e+02 +2.118427350e+02 +2.118427350e+02
255 0 +1.511342800e+02 +1.578742800e+02 +1.578742800e+02
277 0 +1.386162379e+02 +1.453562379e+02 +1.453562379e+02
288 0 +1.159222918e+02 +1.226622918e+02 +1.226622918e+02
299 0 +7.855960038e+01 +8.529960038e+01 +8.529960038e+01
310 0 +2.998018712e+01 +3.672018712e+01 +3.672018712e+01
321 0 +1.665145478e+01 +2.339145478e+01 +2.339145478e+01
332 0 +1.159104649e+01 +1.833104649e+01 +1.833104649e+01
343 0 +1.048299989e+01 +1.722299989e+01 +1.722299989e+01
365 0 +9.778377985e+00 +1.651837799e+01 +1.651837799e+01
508 0 +8.875302890e+00 +1.561530289e+01 +1.561530289e+01
574 0 +7.763154741e+00 +1.450315474e+01 +1.450315474e+01
618 0 +6.924767552e+00 +1.366476755e+01 +1.366476755e+01
662 0 +6.050457451e+00 +1.279045745e+01 +1.279045745e+01
684 0 +5.506021633e+00 +1.224602163e+01 +1.224602163e+01
717 0 +4.837209663e+00 +1.157720966e+01 +1.157720966e+01
739 0 +4.216156242e+00 +1.095615624e+01 +1.095615624e+01
772 0 +3.757638563e+00 +1.049763856e+01 +1.049763856e+01
794 0 +3.281549407e+00 +1.002154941e+01 +1.002154941e+01
816 0 +3.029065227e+00 +9.769065227e+00 +9.769065227e+00
827 0 +2.773041245e+00 +9.513041245e+00 +9.513041245e+00
838 0 +2.351450297e+00 +9.091450297e+00 +9.091450297e+00
849 0 +2.212509698e+00 +8.952509698e+00 +8.952509698e+00
871 0 +1.770528493e+00 +8.510528493e+00 +8.510528493e+00
882 0 +1.578339592e+00 +8.318339592e+00 +8.318339592e+00
893 0 +1.345736998e+00 +8.085736998e+00 +8.085736998e+00
904 0 +1.049776718e+00 +7.789776718e+00 +7.789776718e+00
915 0 +7.308037236e-01 +7.470803724e+00 +7.470803724e+00
937 0 +5.780247964e-01 +7.318024796e+00 +7.318024796e+00
948 0 +5.197581143e-01 +7.259758114e+00 +7.259758114e+00
959 0 +4.356614517e-01 +7.175661452e+00 +7.175661452e+00
970 0 +3.370161157e-01 +7.077016116e+00 +7.077016116e+00
981 0 +2.481424516e-01 +6.988142452e+00 +6.988142452e+00
992 0 +1.575054874e-01 +6.897505487e+00 +6.897505487e+00
1003 0 +1.161441871e-01 +6.856144187e+00 +6.856144187e+00
1014 0 +7.646631527e-02 +6.816466315e+00 +6.816466315e+00
1025 0 +6.562355515e-02 +6.805623555e+00 +6.805623555e+00
1036 0 +5.187611271e-02 +6.791876113e+00 +6.791876113e+00
1047 0 +2.769354946e-02 +6.767693549e+00 +6.767693549e+00
1058 0 +1.446631879e-02 +6.754466319e+00 +6.754466319e+00
1069 0 +9.789918268e-03 +6.749789918e+00 +6.749789918e+00
1080 0 +3.294540874e-03 +6.743294541e+00 +6.743294541e+00
1091 0 +2.150717346e-03 +6.742150717e+00 +6.742150717e+00
1102 0 +5.883793815e-04 +6.740588379e+00 +6.740588379e+00
1113 0 +1.945377677e-04 +6.740194538e+00 +6.740194538e+00
1124 0 +7.706286793e-05 +6.740077063e+00 +6.740077063e+00
1135 0 +2.302575886e-05 +6.740023026e+00 +6.740023026e+00
1146 0 +1.899196153e-06 +6.740001899e+00 +6.740001899e+00
1157 0 +2.352839381e-07 +6.740000235e+00 +6.740000235e+00
1168 0 +1.968179575e-08 +6.740000020e+00 +6.740000020e+00
1179 0 +2.924221754e-09 +6.740000003e+00 +6.740000003e+00
62659 0 +6.403766406e-13 +6.740000000e+00 +6.740000000e+00
67158 0 +0.000000000e+00 +6.740000000e+00 +6.740000000e+00
100176 0 +0.000000000e+00 +6.740000000e+00 +6.740000000e+00
% f evaluations | g evaluations | best noise-free fitness - Fopt (-1.897900000000e+02) + sum g_i+ | measured fitness | best measured fitness or single-digit g-values | x1 | x2...
1 0 +3.140722399e+04 +3.121743399e+04 +3.121743399e+04
3 0 +8.363416360e+03 +8.173626360e+03 +8.173626360e+03
5 0 +6.381132355e+03 +6.191342355e+03 +6.191342355e+03
12 0 +2.433998369e+03 +2.244208369e+03 +2.244208369e+03
17 0 +1.754861244e+03 +1.565071244e+03 +1.565071244e+03
28 0 +1.202337298e+03 +1.012547298e+03 +1.012547298e+03
31 0 +7.768009303e+02 +5.870109303e+02 +5.870109303e+02
65 0 +5.788039858e+02 +3.890139858e+02 +3.890139858e+02
69 0 +3.380219616e+02 +1.482319616e+02 +1.482319616e+02
101 0 +1.621924748e+02 -2.759752518e+01 -2.759752518e+01
112 0 +1.007437274e+02 -8.904627258e+01 -8.904627258e+01
123 0 +7.211735941e+01 -1.176726406e+02 -1.176726406e+02
134 0 +4.183245785e+01 -1.479575422e+02 -1.479575422e+02
156 0 +3.296735950e+01 -1.568226405e+02 -1.568226405e+02
167 0 +3.003216974e+01 -1.597578303e+02 -1.597578303e+02
178 0 +2.705727143e+01 -1.627327286e+02 -1.627327286e+02
189 0 +1.941614819e+01 -1.703738518e+02 -1.703738518e+02
211 0 +1.515174583e+01 -1.746382542e+02 -1.746382542e+02
233 0 +1.402609835e+01 -1.757639017e+02 -1.757639017e+02
255 0 +1.237601358e+01 -1.774139864e+02 -1.774139864e+02
266 0 +1.114867158e+01 -1.786413284e+02 -1.786413284e+02
321 0 +9.587640071e+00 -1.802023599e+02 -1.802023599e+02
486 0 +8.886293032e+00 -1.809037070e+02 -1.809037070e+02
552 0 +7.779912199e+00 -1.820100878e+02 -1.820100878e+02
596 0 +7.058422417e+00 -1.827315776e+02 -1.827315776e+02
640 0 +6.167909720e+00 -1.836220903e+02 -1.836220903e+02
673 0 +5.385133045e+00 -1.844048670e+02 -1.844048670e+02
695 0 +4.830295203e+00 -1.849597048e+02 -1.849597048e+02
739 0 +4.397084257e+00 -1.853929157e+02 -1.853929157e+02
1907 0 +3.900942675e+00 -1.858890573e+02 -1.858890573e+02
1929 0 +3.226838724e+00 -1.865631613e+02 -1.865631613e+02
1940 0 +2.913705426e+00 -1.868762946e+02 -1.868762946e+02
1951 0 +2.739914059e+00 -1.870500859e+02 -1.870500859e+02
1962 0 +2.475280449e+00 -1.873147196e+02 -1.873147196e+02
1973 0 +2.118286680e+00 -1.876717133e+02 -1.876717133e+02
1984 0 +1.970012508e+00 -1.878199875e+02 -1.878199875e+02
1995 0 +1.731863467e+00 -1.880581365e+02 -1.880581365e+02
2006 0 +1.410455447e+00 -1.883795446e+02 -1.883795446e+02
2017 0 +1.083763188e+00 -1.887062368e+02 -1.887062368e+02
2039 0 +9.648049124e-01 -1.888251951e+02 -1.888251951e+02
2050 0 +7.767599274e-01 -1.890132401e+02 -1.890132401e+02
2061 0 +5.654607622e-01 -1.892245392e+02 -1.892245392e+02
2072 0 +3.594737823e-01 -1.894305262e+02 -1.894305262e+02
2083 0 +2.308071469e-01 -1.895591929e+02 -1.895591929e+02
2094 0 +1.527681559e-01 -1.896372318e+02 -1.896372318e+02
2105 0 +1.192203191e-01 -1.896707797e+02 -1.896707797e+02
2116 0 +6.287471300e-02 -1.897271253e+02 -1.897271253e+02
2138 0 +3.305349794e-02 -1.897569465e+02 -1.897569465e+02
2149 0 +2.192814791e-02 -1.897680719e+02 -1.897680719e+02
2160 0 +1.777794200e-02 -1.897722221e+02 -1.897722221e+02
2171 0 +1.138649053e-02 -1.897786135e+02 -1.897786135e+02
2182 0 +3.132212569e-03 -1.897868678e+02 -1.897868678e+02
2193 0 +7.221278600e-04 -1.897892779e+02 -1.897892779e+02
2215 0 +2.632229398e-04 -1.897897368e+02 -1.897897368e+02
2226 0 +1.562755097e-05 -1.897899844e+02 -1.897899844e+02
2237 0 +7.989017661e-07 -1.897899992e+02 -1.897899992e+02
2248 0 +4.208203563e-08 -1.897900000e+02 -1.897900000e+02
2259 0 +3.403499704e-10 -1.897900000e+02 -1.897900000e+02
65701 0 +8.526512829e-13 -1.897900000e+02 -1.897900000e+02
68873 0 +0.000000000e+00 -1.897900000e+02 -1.897900000e+02
100150 0 +0.000000000e+00 -1.897900000e+02 -1.897900000e+02
% f evaluations | g evaluations | best noise-free fitness - Fopt (-2.774000000000e+01) + sum g_i+ | measured fitness | best measured fitness or single-digit g-values | x1 | x2...
1 0 +3.399560041e+04 +3.396786041e+04 +3.396786041e+04
4 0 +1.745793121e+04 +1.743019121e+04 +1.743019121e+04
12 0 +1.244661822e+04 +1.241887822e+04 +1.241887822e+04
13 0 +5.709598612e+03 +5.681858612e+03 +5.681858612e+03
28 0 +4.749431828e+03 +4.721691828e+03 +4.721691828e+03
31 0 +1.643029645e+03 +1.615289645e+03 +1.615289645e+03
96 0 +1.373535380e+03 +1.345795380e+03 +1.345795380e+03
101 0 +8.539697603e+02 +8.262297603e+02 +8.262297603e+02
112 0 +3.321310738e+02 +3.043910738e+02 +3.043910738e+02
134 0 +2.159128755e+02 +1.881728755e+02 +1.881728755e+02
156 0 +1.986364394e+02 +1.708964394e+02 +1.708964394e+02
189 0 +1.555572760e+02 +1.278172760e+02 +1.278172760e+02
200 0 +1.218832566e+02 +9.414325658e+01 +9.414325658e+01
211 0 +8.607414415e+01 +5.833414415e+01 +5.833414415e+01
233 0 +6.895903835e+01 +4.121903835e+01 +4.121903835e+01
255 0 +6.300741226e+01 +3.526741226e+01 +3.526741226e+01
277 0 +4.668906958e+01 +1.894906958e+01 +1.894906958e+01
288 0 +2.874171233e+01 +1.001712333e+00 +1.001712333e+00
299 0 +1.775070349e+01 -9.989296510e+00 -9.989296510e+00
310 0 +1.068431675e+01 -1.705568325e+01 -1.705568325e+01
321 0 +8.890473713e+00 -1.884952629e+01 -1.884952629e+01
365 0 +7.936492389e+00 -1.980350761e+01 -1.980350761e+01
420 0 +6.987685089e+00 -2.075231491e+01 -2.075231491e+01
453 0 +6.153457166e+00 -2.158654283e+01 -2.158654283e+01
486 0 +5.584600831e+00 -2.215539917e+01 -2.215539917e+01
508 0 +4.990181133e+00 -2.274981887e+01 -2.274981887e+01
541 0 +4.254530123e+00 -2.348546988e+01 -2.348546988e+01
563 0 +3.712558822e+00 -2.402744118e+01 -2.402744118e+01
574 0 +3.355071527e+00 -2.438492847e+01 -2.438492847e+01
607 0 +2.852538861e+00 -2.488746114e+01 -2.488746114e+01
629 0 +2.649583198e+00 -2.509041680e+01 -2.509041680e+01
640 0 +2.430646261e+00 -2.530935374e+01 -2.530935374e+01
651 0 +2.105835513e+00 -2.563416449e+01 -2.563416449e+01
662 0 +1.775592741e+00 -2.596440726e+01 -2.596440726e+01
673 0 +1.567023706e+00 -2.617297629e+01 -2.617297629e+01
684 0 +1.269449069e+00 -2.647055093e+01 -2.647055093e+01
706 0 +1.112954207e+00 -2.662704579e+01 -2.662704579e+01
717 0 +9.449644216e-01 -2.679503558e+01 -2.679503558e+01
728 0 +7.324201890e-01 -2.700757981e+01 -2.700757981e+01
739 0 +5.490410666e-01 -2.719095893e+01 -2.719095893e+01
750 0 +4.807737404e-01 -2.725922626e+01 -2.725922626e+01
761 0 +4.223247805e-01 -2.731767522e+01 -2.731767522e+01
772 0 +3.585548948e-01 -2.738144511e+01 -2.738144511e+01
783 0 +2.898019122e-01 -2.745019809e+01 -2.745019809e+01
794 0 +2.436093941e-01 -2.749639061e+01 -2.749639061e+01
805 0 +1.799181129e-01 -2.756008189e+01 -2.756008189e+01
816 0 +1.300941028e-01 -2.760990590e+01 -2.760990590e+01
827 0 +8.277681321e-02 -2.765722319e+01 -2.765722319e+01
838 0 +4.831371144e-02 -2.769168629e+01 -2.769168629e+01
860 0 +3.026218750e-02 -2.770973781e+01 -2.770973781e+01
871 0 +1.539525563e-02 -2.772460474e+01 -2.772460474e+01
882 0 +7.577271531e-03 -2.773242273e+01 -2.773242273e+01
893 0 +4.664861732e-03 -2.773533514e+01 -2.773533514e+01
904 0 +1.084535721e-03 -2.773891546e+01 -2.773891546e+01
915 0 +3.313323948e-04 -2.773966867e+01 -2.773966867e+01
926 0 +1.052938783e-04 -2.773989471e+01 -2.773989471e+01
937 0 +3.273591826e-06 -2.773999673e+01 -2.773999673e+01
948 0 +4.677086487e-07 -2.773999953e+01 -2.773999953e+01
959 0 +3.757479305e-08 -2.773999996e+01 -2.773999996e+01
970 0 +1.311828868e-09 -2.774000000e+01 -2.774000000e+01
65096 0 +7.780442957e-13 -2.774000000e+01 -2.774000000e+01
68984 0 +0.000000000e+00 -2.774000000e+01 -2.774000000e+01
100693 0 +0.000000000e+00 -2.774000000e+01 -2.774000000e+01
% f evaluations | g evaluations | best noise-free fitness - Fopt (6.930000000000e+00) + sum g_i+ | measured fitness | best measured fitness or single-digit g-values | x1 | x2...
1 0 +4.029589843e+04 +4.030282843e+04 +4.030282843e+04
3 0 +7.971468285e+03 +7.978398285e+03 +7.978398285e+03
12 0 +7.914462848e+03 +7.921392848e+03 +7.921392848e+03
16 0 +6.401843988e+03 +6.408773988e+03 +6.408773988e+03
31 0 +5.354120729e+03 +5.361050729e+03 +5.361050729e+03
35 0 +4.734310862e+03 +4.741240862e+03 +4.741240862e+03
38 0 +3.078244498e+03 +3.085174498e+03 +3.085174498e+03
39 0 +2.307396185e+03 +2.314326185e+03 +2.314326185e+03
56 0 +1.555331870e+03 +1.562261870e+03 +1.562261870e+03
69 0 +1.285590549e+03 +1.292520549e+03 +1.292520549e+03
83 0 +1.018410783e+03 +1.025340783e+03 +1.025340783e+03
98 0 +7.521623278e+02 +7.590923278e+02 +7.590923278e+02
112 0 +1.464194720e+02 +1.533494720e+02 +1.533494720e+02
134 0 +8.470569067e+01 +9.163569067e+01 +9.163569067e+01
156 0 +6.066291860e+01 +6.759291860e+01 +6.759291860e+01
178 0 +4.641329463e+01 +5.334329463e+01 +5.334329463e+01
200 0 +4.351845166e+01 +5.044845166e+01 +5.044845166e+01
233 0 +3.862562403e+01 +4.555562403e+01 +4.555562403e+01
244 0 +3.432664466e+01 +4.125664466e+01 +4.125664466e+01
255 0 +2.697287164e+01 +3.390287164e+01 +3.390287164e+01
266 0 +2.362101479e+01 +3.055101479e+01 +3.055101479e+01
277 0 +1.885163474e+01 +2.578163474e+01 +2.578163474e+01
288 0 +1.213355423e+01 +1.906355423e+01 +1.906355423e+01
299 0 +9.099208936e+00 +1.602920894e+01 +1.602920894e+01
310 0 +8.683219117e+00 +1.561321912e+01 +1.561321912e+01
387 0 +7.654449900e+00 +1.458444990e+01 +1.458444990e+01
420 0 +6.879691362e+00 +1.380969136e+01 +1.380969136e+01
453 0 +6.056023439e+00 +1.298602344e+01 +1.298602344e+01
486 0 +5.570009015e+00 +1.250000901e+01 +1.250000901e+01
541 0 +4.881904520e+00 +1.181190452e+01 +1.181190452e+01
585 0 +4.416501762e+00 +1.134650176e+01 +1.134650176e+01
1765 0 +3.591750958e+00 +1.052175096e+01 +1.052175096e+01
1787 0 +3.391639258e+00 +1.032163926e+01 +1.032163926e+01
1798 0 +3.132647589e+00 +1.006264759e+01 +1.006264759e+01
1809 0 +2.772605933e+00 +9.702605933e+00 +9.702605933e+00
1820 0 +2.434406081e+00 +9.364406081e+00 +9.364406081e+00
1842 0 +2.064560511e+00 +8.994560511e+00 +8.994560511e+00
1853 0 +1.702605730e+00 +8.632605730e+00 +8.632605730e+00
1864 0 +1.434437608e+00 +8.364437608e+00 +8.364437608e+00
1886 0 +1.309692416e+00 +8.239692416e+00 +8.239692416e+00
1897 0 +1.115682329e+00 +8.045682329e+00 +8.045682329e+00
1908 0 +8.653479919e-01 +7.795347992e+00 +7.795347992e+00
1919 0 +6.852740901e-01 +7.615274090e+00 +7.615274090e+00
1941 0 +5.841942774e-01 +7.514194277e+00 +7.514194277e+00
1952 0 +4.383362493e-01 +7.368336249e+00 +7.368336249e+00
1963 0 +3.033271141e-01 +7.233327114e+00 +7.233327114e+00
1974 0 +2.507429018e-01 +7.180742902e+00 +7.180742902e+00
1985 0 +1.666572892e-01 +7.096657289e+00 +7.096657289e+00
2007 0 +1.171799568e-01 +7.047179957e+00 +7.047179957e+00
2018 0 +8.863072195e-02 +7.018630722e+00 +7.018630722e+00
2029 0 +7.185624580e-02 +7.001856246e+00 +7.001856246e+00
2040 0 +4.708599816e-02 +6.977085998e+00 +6.977085998e+00
2051 0 +3.565650596e-02 +6.965656506e+00 +6.965656506e+00
2062 0 +1.902473901e-02 +6.949024739e+00 +6.949024739e+00
2073 0 +7.517931185e-03 +6.937517931e+00 +6.937517931e+00
2084 0 +2.700380500e-03 +6.932700381e+00 +6.932700381e+00
2095 0 +1.041071268e-03 +6.931041071e+00 +6.931041071e+00
2106 0 +2.645253727e-04 +6.930264525e+00 +6.930264525e+00
2117 0 +7.265018280e-05 +6.930072650e+00 +6.930072650e+00
2128 0 +8.295853557e-06 +6.930008296e+00 +6.930008296e+00
2139 0 +1.316547404e-07 +6.930000132e+00 +6.930000132e+00
2150 0 +3.231854784e-09 +6.930000003e+00 +6.930000003e+00
73271 0 +7.602807273e-13 +6.930000000e+00 +6.930000000e+00
78022 0 +0.000000000e+00 +6.930000000e+00 +6.930000000e+00
100356 0 +0.000000000e+00 +6.930000000e+00 +6.930000000e+00
% f evaluations | g evaluations | best noise-free fitness - Fopt (-4.456000000000e+01) + sum g_i+ | measured fitness | best measured fitness or single-digit g-values | x1 | x2...
1 0 +3.957782809e+04 +3.953326809e+04 +3.953326809e+04
3 0 +3.385403630e+04 +3.380947630e+04 +3.380947630e+04
4 0 +2.014477540e+04 +2.010021540e+04 +2.010021540e+04
6 0 +1.691428901e+04 +1.686972901e+04 +1.686972901e+04
11 0 +1.468855847e+04 +1.464399847e+04 +1.464399847e+04
14 0 +1.312330635e+04 +1.307874635e+04 +1.307874635e+04
15 0 +6.448078315e+03 +6.403518315e+03 +6.403518315e+03
23 0 +6.203136551e+03 +6.158576551e+03 +6.158576551e+03
30 0 +2.641027637e+03 +2.596467637e+03 +2.596467637e+03
47 0 +1.228598224e+03 +1.184038224e+03 +1.184038224e+03
75 0 +8.768375482e+02 +8.322775482e+02 +8.322775482e+02
112 0 +2.010011762e+02 +1.564411762e+02 +1.564411762e+02
134 0 +8.465516020e+01 +4.009516020e+01 +4.009516020e+01
156 0 +6.111676489e+01 +1.655676489e+01 +1.655676489e+01
178 0 +5.321720682e+01 +8.657206824e+00 +8.657206824e+00
189 0 +4.714862711e+01 +2.588627110e+00 +2.588627110e+00
200 0 +4.149217362e+01 -3.067826376e+00 -3.067826376e+00
222 0 +3.896304573e+01 -5.596954275e+00 -5.596954275e+00
266 0 +3.337862814e+01 -1.118137186e+01 -1.118137186e+01
277 0 +2.914969186e+01 -1.541030814e+01 -1.541030814e+01
288 0 +2.198427737e+01 -2.257572263e+01 -2.257572263e+01
299 0 +1.239735633e+01 -3.216264367e+01 -3.216264367e+01
310 0 +9.354258265e+00 -3.520574173e+01 -3.520574173e+01
321 0 +8.313779176e+00 -3.624622082e+01 -3.624622082e+01
332 0 +7.847706517e+00 -3.671229348e+01 -3.671229348e+01
398 0 +7.015058721e+00 -3.754494128e+01 -3.754494128e+01
442 0 +6.092931375e+00 -3.846706863e+01 -3.846706863e+01
464 0 +5.280831032e+00 -3.927916897e+01 -3.927916897e+01
497 0 +4.902997825e+00 -3.965700217e+01 -3.965700217e+01
519 0 +4.318009078e+00 -4.024199092e+01 -4.024199092e+01
552 0 +3.891446237e+00 -4.066855376e+01 -4.066855376e+01
574 0 +3.298958853e+00 -4.126104115e+01 -4.126104115e+01
585 0 +3.029584923e+00 -4.153041508e+01 -4.153041508e+01
596 0 +2.790089145e+00 -4.176991085e+01 -4.176991085e+01
618 0 +2.260866434e+00 -4.229913357e+01 -4.229913357e+01
640 0 +2.053205979e+00 -4.250679402e+01 -4.250679402e+01
651 0 +1.928922399e+00 -4.263107760e+01 -4.263107760e+01
662 0 +1.724290633e+00 -4.283570937e+01 -4.283570937e+01
673 0 +1.421170518e+00 -4.313882948e+01 -4.313882948e+01
684 0 +1.381830396e+00 -4.317816960e+01 -4.317816960e+01
695 0 +1.240230265e+00 -4.331976974e+01 -4.331976974e+01
706 0 +1.016219259e+00 -4.354378074e+01 -4.354378074e+01
728 0 +9.169112326e-01 -4.364308877e+01 -4.364308877e+01
739 0 +7.602746062e-01 -4.379972539e+01 -4.379972539e+01
750 0 +5.489193517e-01 -4.401108065e+01 -4.401108065e+01
761 0 +3.928006175e-01 -4.416719938e+01 -4.416719938e+01
783 0 +3.011372224e-01 -4.425886278e+01 -4.425886278e+01
794 0 +2.468378673e-01 -4.431316213e+01 -4.431316213e+01
805 0 +1.819066274e-01 -4.437809337e+01 -4.437809337e+01
816 0 +1.332058299e-01 -4.442679417e+01 -4.442679417e+01
827 0 +7.761099435e-02 -4.448238901e+01 -4.448238901e+01
849 0 +5.417572345e-02 -4.450582428e+01 -4.450582428e+01
860 0 +2.555143669e-02 -4.453444856e+01 -4.453444856e+01
871 0 +1.272453691e-02 -4.454727546e+01 -4.454727546e+01
882 0 +4.937548365e-03 -4.455506245e+01 -4.455506245e+01
904 0 +1.377274473e-03 -4.455862273e+01 -4.455862273e+01
915 0 +4.022863776e-04 -4.455959771e+01 -4.455959771e+01
926 0 +1.149023849e-04 -4.455988510e+01 -4.455988510e+01
937 0 +1.682814332e-05 -4.455998317e+01 -4.455998317e+01
948 0 +1.320123012e-06 -4.455999868e+01 -4.455999868e+01
959 0 +3.804887854e-07 -4.455999962e+01 -4.455999962e+01
970 0 +2.380956232e-08 -4.455999998e+01 -4.455999998e+01
981 0 +5.714717588e-09 -4.455999999e+01 -4.455999999e+01
62484 0 +9.592326933e-13 -4.456000000e+01 -4.456000000e+01
65575 0 +0.000000000e+00 -4.456000000e+01 -4.456000000e+01
100065 0 +0.000000000e+00 -4.456000000e+01 -4.456000000e+01
% f evaluations | g evaluations | best noise-free fitness - Fopt (1.000000000000e+03) + sum g_i+ | measured fitness | best measured fitness or single-digit g-values | x1 | x2...
1 0 +1.203585648e+05 +1.213585648e+05 +1.213585648e+05
3 0 +2.702305659e+04 +2.802305659e+04 +2.802305659e+04
22 0 +1.843740597e+04 +1.943740597e+04 +1.943740597e+04
34 0 +1.763250735e+04 +1.863250735e+04 +1.863250735e+04
35 0 +1.355446589e+04 +1.455446589e+04 +1.455446589e+04
49 0 +8.474992228e+03 +9.474992228e+03 +9.474992228e+03
63 0 +3.673783654e+03 +4.673783654e+03 +4.673783654e+03
65 0 +3.517220201e+03 +4.517220201e+03 +4.517220201e+03
71 0 +2.850387493e+03 +3.850387493e+03 +3.850387493e+03
75 0 +1.685022227e+03 +2.685022227e+03 +2.685022227e+03
85 0 +1.548924521e+03 +2.548924521e+03 +2.548924521e+03
87 0 +1.181082187e+03 +2.181082187e+03 +2.181082187e+03
101 0 +8.290036112e+02 +1.829003611e+03 +1.829003611e+03
112 0 +3.822833903e+02 +1.382283390e+03 +1.382283390e+03
123 0 +2.878274382e+02 +1.287827438e+03 +1.287827438e+03
134 0 +1.125540364e+02 +1.112554036e+03 +1.112554036e+03
156 0 +1.002060892e+02 +1.100206089e+03 +1.100206089e+03
167 0 +7.889576428e+01 +1.078895764e+03 +1.078895764e+03
189 0 +6.992133639e+01 +1.069921336e+03 +1.069921336e+03
244 0 +6.069359002e+01 +1.060693590e+03 +1.060693590e+03
255 0 +5.583905716e+01 +1.055839057e+03 +1.055839057e+03
277 0 +4.065682405e+01 +1.040656824e+03 +1.040656824e+03
288 0 +2.600897247e+01 +1.026008972e+03 +1.026008972e+03
299 0 +1.134728364e+01 +1.011347284e+03 +1.011347284e+03
310 0 +1.054201431e+01 +1.010542014e+03 +1.010542014e+03
321 0 +9.741913928e+00 +1.009741914e+03 +1.009741914e+03
398 0 +8.857884223e+00 +1.008857884e+03 +1.008857884e+03
453 0 +7.939742777e+00 +1.007939743e+03 +1.007939743e+03
508 0 +6.915307985e+00 +1.006915308e+03 +1.006915308e+03
541 0 +6.170952184e+00 +1.006170952e+03 +1.006170952e+03
574 0 +5.405949397e+00 +1.005405949e+03 +1.005405949e+03
596 0 +4.637068666e+00 +1.004637069e+03 +1.004637069e+03
618 0 +4.390037790e+00 +1.004390038e+03 +1.004390038e+03
640 0 +3.706363075e+00 +1.003706363e+03 +1.003706363e+03
651 0 +3.362323938e+00 +1.003362324e+03 +1.003362324e+03
662 0 +2.942160421e+00 +1.002942160e+03 +1.002942160e+03
673 0 +2.740675286e+00 +1.002740675e+03 +1.002740675e+03
695 0 +2.254799971e+00 +1.002254800e+03 +1.002254800e+03
717 0 +2.060267187e+00 +1.002060267e+03 +1.002060267e+03
728 0 +1.747153563e+00 +1.001747154e+03 +1.001747154e+03
739 0 +1.352076912e+00 +1.001352077e+03 +1.001352077e+03
750 0 +1.131940180e+00 +1.001131940e+03 +1.001131940e+03
772 0 +1.021897568e+00 +1.001021898e+03 +1.001021898e+03
783 0 +8.549063005e-01 +1.000854906e+03 +1.000854906e+03
794 0 +6.169810676e-01 +1.000616981e+03 +1.000616981e+03
805 0 +5.253206137e-01 +1.000525321e+03 +1.000525321e+03
816 0 +3.820596628e-01 +1.000382060e+03 +1.000382060e+03
827 0 +2.709275833e-01 +1.000270928e+03 +1.000270928e+03
838 0 +1.523333595e-01 +1.000152333e+03 +1.000152333e+03
860 0 +1.176387007e-01 +1.000117639e+03 +1.000117639e+03
871 0 +7.881061235e-02 +1.000078811e+03 +1.000078811e+03
882 0 +4.734509963e-02 +1.000047345e+03 +1.000047345e+03
893 0 +2.722601836e-02 +1.000027226e+03 +1.000027226e+03
904 0 +1.348665033e-02 +1.000013487e+03 +1.000013487e+03
915 0 +7.338553837e-03 +1.000007339e+03 +1.000007339e+03
926 0 +3.122554330e-03 +1.000003123e+03 +1.000003123e+03
937 0 +1.117051061e-03 +1.000001117e+03 +1.000001117e+03
948 0 +6.236292583e-04 +1.000000624e+03 +1.000000624e+03
959 0 +5.973236421e-05 +1.000000060e+03 +1.000000060e+03
970 0 +1.179208084e-05 +1.000000012e+03 +1.000000012e+03
981 0 +6.365418130e-07 +1.000000001e+03 +1.000000001e+03
992 0 +4.626531336e-08 +1.000000000e+03 +1.000000000e+03
1003 0 +6.762547855e-09 +1.000000000e+03 +1.000000000e+03
100004 0 +1.068656275e-11 +1.000000000e+03 +1.000000000e+03
% f evaluations | g evaluations | best noise-free fitness - Fopt (-6.797100000000e+02) + sum g_i+ | measured fitness | best measured fitness or single-digit g-values | x1 | x2...
1 0 +3.887321776e+04 +3.819350776e+04 +3.819350776e+04
4 0 +2.320408915e+04 +2.252437915e+04 +2.252437915e+04
6 0 +1.800335874e+04 +1.732364874e+04 +1.732364874e+04
11 0 +5.039881006e+03 +4.360171006e+03 +4.360171006e+03
21 0 +4.863682302e+03 +4.183972302e+03 +4.183972302e+03
31 0 +1.802651339e+03 +1.122941339e+03 +1.122941339e+03
39 0 +1.667934290e+03 +9.882242901e+02 +9.882242901e+02
48 0 +6.921862697e+02 +1.247626972e+01 +1.247626972e+01
74 0 +4.686913602e+02 -2.110186398e+02 -2.110186398e+02
81 0 +3.882870888e+02 -2.914229112e+02 -2.914229112e+02
90 0 +3.514762145e+02 -3.282337855e+02 -3.282337855e+02
101 0 +2.705979660e+02 -4.091120340e+02 -4.091120340e+02
112 0 +1.275617841e+02 -5.521482159e+02 -5.521482159e+02
123 0 +8.337051109e+01 -5.963394889e+02 -5.963394889e+02
145 0 +6.244863124e+01 -6.172613688e+02 -6.172613688e+02
167 0 +5.318946851e+01 -6.265205315e+02 -6.265205315e+02
200 0 +4.824021203e+01 -6.314697880e+02 -6.314697880e+02
211 0 +4.263555820e+01 -6.370744418e+02 -6.370744418e+02
222 0 +3.378242826e+01 -6.459275717e+02 -6.459275717e+02
244 0 +2.900897920e+01 -6.507010208e+02 -6.507010208e+02
255 0 +2.763985910e+01 -6.520701409e+02 -6.520701409e+02
266 0 +2.497442646e+01 -6.547355735e+02 -6.547355735e+02
277 0 +1.666569315e+01 -6.630443069e+02 -6.630443069e+02
299 0 +1.324026974e+01 -6.664697303e+02 -6.664697303e+02
310 0 +9.272878050e+00 -6.704371219e+02 -6.704371219e+02
332 0 +8.744558819e+00 -6.709654412e+02 -6.709654412e+02
442 0 +7.808363726e+00 -6.719016363e+02 -6.719016363e+02
497 0 +6.895713573e+00 -6.728142864e+02 -6.728142864e+02
519 0 +6.233783802e+00 -6.734762162e+02 -6.734762162e+02
563 0 +5.555797243e+00 -6.741542028e+02 -6.741542028e+02
585 0 +4.809895191e+00 -6.749001048e+02 -6.749001048e+02
607 0 +4.418159906e+00 -6.752918401e+02 -6.752918401e+02
640 0 +3.910960745e+00 -6.757990393e+02 -6.757990393e+02
662 0 +3.267074291e+00 -6.764429257e+02 -6.764429257e+02
673 0 +2.994001595e+00 -6.767159984e+02 -6.767159984e+02
684 0 +2.626385940e+00 -6.770836141e+02 -6.770836141e+02
695 0 +2.267574955e+00 -6.774424250e+02 -6.774424250e+02
706 0 +2.117076586e+00 -6.775929234e+02 -6.775929234e+02
728 0 +1.789727220e+00 -6.779202728e+02 -6.779202728e+02
739 0 +1.528918975e+00 -6.781810810e+02 -6.781810810e+02
750 0 +1.200331500e+00 -6.785096685e+02 -6.785096685e+02
761 0 +8.771738235e-01 -6.788328262e+02 -6.788328262e+02
772 0 +6.903923291e-01 -6.790196077e+02 -6.790196077e+02
794 0 +5.832448215e-01 -6.791267552e+02 -6.791267552e+02
805 0 +4.581687473e-01 -6.792518313e+02 -6.792518313e+02
816 0 +3.475376393e-01 -6.793624624e+02 -6.793624624e+02
827 0 +2.666860379e-01 -6.794433140e+02 -6.794433140e+02
838 0 +1.958432315e-01 -6.795141568e+02 -6.795141568e+02
849 0 +1.422644580e-01 -6.795677355e+02 -6.795677355e+02
860 0 +1.046237868e-01 -6.796053762e+02 -6.796053762e+02
871 0 +9.455380647e-02 -6.796154462e+02 -6.796154462e+02
882 0 +8.027087099e-02 -6.796297291e+02 -6.796297291e+02
893 0 +4.743749508e-02 -6.796625625e+02 -6.796625625e+02
904 0 +2.522004292e-02 -6.796847800e+02 -6.796847800e+02
926 0 +1.654675106e-02 -6.796934532e+02 -6.796934532e+02
937 0 +5.592820318e-03 -6.797044072e+02 -6.797044072e+02
948 0 +1.855989531e-03 -6.797081440e+02 -6.797081440e+02
959 0 +3.398761615e-04 -6.797096601e+02 -6.797096601e+02
970 0 +1.722336426e-04 -6.797098278e+02 -6.797098278e+02
981 0 +2.978128600e-05 -6.797099702e+02 -6.797099702e+02
992 0 +1.103303862e-05 -6.797099890e+02 -6.797099890e+02
1003 0 +1.488298267e-07 -6.797099999e+02 -6.797099999e+02
1014 0 +3.777415714e-08 -6.797100000e+02 -6.797100000e+02
1025 0 +9.375753507e-10 -6.797100000e+02 -6.797100000e+02
1159 0 +9.094947018e-13 -6.797100000e+02 -6.797100000e+02
69984 0 +0.000000000e+00 -6.797100000e+02 -6.797100000e+02
100190 0 +0.000000000e+00 -6.797100000e+02 -6.797100000e+02
% f evaluations | g evaluations | best noise-free fitness - Fopt (1.000000000000e+03) + sum g_i+ | measured fitness | best measured fitness or single-digit g-values | x1 | x2...
1 0 +1.507579393e+04 +1.607579393e+04 +1.607579393e+04
3 0 +8.249775709e+03 +9.249775709e+03 +9.249775709e+03
17 0 +2.228272033e+03 +3.228272033e+03 +3.228272033e+03
39 0 +1.770776782e+03 +2.770776782e+03 +2.770776782e+03
47 0 +9.715959389e+02 +1.971595939e+03 +1.971595939e+03
78 0 +8.487478845e+02 +1.848747884e+03 +1.848747884e+03
87 0 +5.834415380e+02 +1.583441538e+03 +1.583441538e+03
96 0 +3.711594543e+02 +1.371159454e+03 +1.371159454e+03
101 0 +2.277518996e+02 +1.227751900e+03 +1.227751900e+03
112 0 +8.540936835e+01 +1.085409368e+03 +1.085409368e+03
134 0 +2.953567699e+01 +1.029535677e+03 +1.029535677e+03
156 0 +1.501260979e+01 +1.015012610e+03 +1.015012610e+03
178 0 +1.278635447e+01 +1.012786354e+03 +1.012786354e+03
211 0 +1.231378979e+01 +1.012313790e+03 +1.012313790e+03
233 0 +1.096177261e+01 +1.010961773e+03 +1.010961773e+03
310 0 +9.950476296e+00 +1.009950476e+03 +1.009950476e+03
409 0 +8.870489145e+00 +1.008870489e+03 +1.008870489e+03
464 0 +7.798511864e+00 +1.007798512e+03 +1.007798512e+03
497 0 +7.067525474e+00 +1.007067525e+03 +1.007067525e+03
530 0 +6.262709914e+00 +1.006262710e+03 +1.006262710e+03
574 0 +5.452714130e+00 +1.005452714e+03 +1.005452714e+03
596 0 +4.670956397e+00 +1.004670956e+03 +1.004670956e+03
607 0 +4.375903923e+00 +1.004375904e+03 +1.004375904e+03
640 0 +3.734388916e+00 +1.003734389e+03 +1.003734389e+03
651 0 +3.386882995e+00 +1.003386883e+03 +1.003386883e+03
662 0 +3.102826875e+00 +1.003102827e+03 +1.003102827e+03
695 0 +2.637645369e+00 +1.002637645e+03 +1.002637645e+03
706 0 +2.245797678e+00 +1.002245798e+03 +1.002245798e+03
717 0 +1.979658770e+00 +1.001979659e+03 +1.001979659e+03
728 0 +1.762866188e+00 +1.001762866e+03 +1.001762866e+03
739 0 +1.561955881e+00 +1.001561956e+03 +1.001561956e+03
750 0 +1.251046822e+00 +1.001251047e+03 +1.001251047e+03
761 0 +1.095001420e+00 +1.001095001e+03 +1.001095001e+03
772 0 +8.969212963e-01 +1.000896921e+03 +1.000896921e+03
783 0 +7.134445467e-01 +1.000713445e+03 +1.000713445e+03
794 0 +5.411695950e-01 +1.000541170e+03 +1.000541170e+03
805 0 +3.881931749e-01 +1.000388193e+03 +1.000388193e+03
816 0 +3.178232022e-01 +1.000317823e+03 +1.000317823e+03
827 0 +2.172880182e-01 +1.000217288e+03 +1.000217288e+03
838 0 +1.426655389e-01 +1.000142666e+03 +1.000142666e+03
849 0 +1.081636217e-01 +1.000108164e+03 +1.000108164e+03
860 0 +5.805855515e-02 +1.000058059e+03 +1.000058059e+03
882 0 +4.104977034e-02 +1.000041050e+03 +1.000041050e+03
893 0 +2.916732921e-02 +1.000029167e+03 +1.000029167e+03
904 0 +1.453885469e-02 +1.000014539e+03 +1.000014539e+03
915 0 +5.744525082e-03 +1.000005745e+03 +1.000005745e+03
937 0 +1.189132711e-03 +1.000001189e+03 +1.000001189e+03
948 0 +4.235909983e-04 +1.000000424e+03 +1.000000424e+03
959 0 +1.324976455e-04 +1.000000132e+03 +1.000000132e+03
970 0 +1.498017480e-05 +1.000000015e+03 +1.000000015e+03
981 0 +2.515680194e-06 +1.000000003e+03 +1.000000003e+03
992 0 +1.506568879e-07 +1.000000000e+03 +1.000000000e+03
1003 0 +1.837861419e-09 +1.000000000e+03 +1.000000000e+03
14325 0 +6.821210263e-13 +1.000000000e+03 +1.000000000e+03
72210 0 +0.000000000e+00 +1.000000000e+03 +1.000000000e+03
100088 0 +0.000000000e+00 +1.000000000e+03 +1.000000000e+03
% f evaluations | g evaluations | best noise-free fitness - Fopt (1.007000000000e+01) + sum g_i+ | measured fitness | best measured fitness or single-digit g-values | x1 | x2...
1 0 +2.715793590e+04 +2.716800590e+04 +2.716800590e+04
3 0 +1.743136023e+04 +1.744143023e+04 +1.744143023e+04
4 0 +9.921699423e+03 +9.931769423e+03 +9.931769423e+03
6 0 +5.766024533e+03 +5.776094533e+03 +5.776094533e+03
11 0 +2.272832261e+03 +2.282902261e+03 +2.282902261e+03
30 0 +1.948820159e+03 +1.958890159e+03 +1.958890159e+03
31 0 +1.754071238e+03 +1.764141238e+03 +1.764141238e+03
33 0 +3.533636117e+02 +3.634336117e+02 +3.634336117e+02
112 0 +1.851933666e+02 +1.952633666e+02 +1.952633666e+02
134 0 +1.246095221e+02 +1.346795221e+02 +1.346795221e+02
145 0 +5.772133364e+01 +6.779133364e+01 +6.779133364e+01
167 0 +3.059661246e+01 +4.066661246e+01 +4.066661246e+01
189 0 +1.363745507e+01 +2.370745507e+01 +2.370745507e+01
222 0 +1.179798762e+01 +2.186798762e+01 +2.186798762e+01
233 0 +1.057186854e+01 +2.064186854e+01 +2.064186854e+01
266 0 +9.901433847e+00 +1.997143385e+01 +1.997143385e+01
310 0 +8.812555008e+00 +1.888255501e+01 +1.888255501e+01
376 0 +7.854305821e+00 +1.792430582e+01 +1.792430582e+01
420 0 +6.840710217e+00 +1.691071022e+01 +1.691071022e+01
453 0 +6.148068611e+00 +1.621806861e+01 +1.621806861e+01
486 0 +5.361689989e+00 +1.543168999e+01 +1.543168999e+01
508 0 +4.677601911e+00 +1.474760191e+01 +1.474760191e+01
519 0 +4.209274564e+00 +1.427927456e+01 +1.427927456e+01
552 0 +3.777054889e+00 +1.384705489e+01 +1.384705489e+01
563 0 +3.471185165e+00 +1.354118516e+01 +1.354118516e+01
574 0 +3.128794086e+00 +1.319879409e+01 +1.319879409e+01
585 0 +2.817753214e+00 +1.288775321e+01 +1.288775321e+01
596 0 +2.359089903e+00 +1.242908990e+01 +1.242908990e+01
618 0 +2.122281217e+00 +1.219228122e+01 +1.219228122e+01
629 0 +1.798406412e+00 +1.186840641e+01 +1.186840641e+01
640 0 +1.599507604e+00 +1.166950760e+01 +1.166950760e+01
651 0 +1.401630542e+00 +1.147163054e+01 +1.147163054e+01
662 0 +1.120380590e+00 +1.119038059e+01 +1.119038059e+01
673 0 +8.980413616e-01 +1.096804136e+01 +1.096804136e+01
684 0 +7.467483868e-01 +1.081674839e+01 +1.081674839e+01
695 0 +5.814539993e-01 +1.065145400e+01 +1.065145400e+01
706 0 +4.740142095e-01 +1.054401421e+01 +1.054401421e+01
717 0 +3.777453139e-01 +1.044774531e+01 +1.044774531e+01
728 0 +2.764280057e-01 +1.034642801e+01 +1.034642801e+01
739 0 +2.075723832e-01 +1.027757238e+01 +1.027757238e+01
750 0 +1.271450898e-01 +1.019714509e+01 +1.019714509e+01
761 0 +7.354816273e-02 +1.014354816e+01 +1.014354816e+01
772 0 +3.609493848e-02 +1.010609494e+01 +1.010609494e+01
794 0 +2.812884539e-02 +1.009812885e+01 +1.009812885e+01
805 0 +1.632494103e-02 +1.008632494e+01 +1.008632494e+01
816 0 +5.700286156e-03 +1.007570029e+01 +1.007570029e+01
827 0 +1.946613507e-03 +1.007194661e+01 +1.007194661e+01
838 0 +2.858856184e-04 +1.007028589e+01 +1.007028589e+01
860 0 +8.653884304e-05 +1.007008654e+01 +1.007008654e+01
871 0 +2.518456686e-05 +1.007002518e+01 +1.007002518e+01
882 0 +5.210847984e-07 +1.007000052e+01 +1.007000052e+01
893 0 +1.146885094e-07 +1.007000011e+01 +1.007000011e+01
904 0 +1.010354467e-09 +1.007000000e+01 +1.007000000e+01
100004 0 +5.595168773e-11 +1.007000000e+01 +1.007000000e+01
% f evaluations | g evaluations | best noise-free fitness - Fopt (-7.540000000000e+00) + sum g_i+ | measured fitness | best measured fitness or single-digit g-values | x1 | x2...
1 0 +2.609757434e+04 +2.609003434e+04 +2.609003434e+04
2 0 +2.467577880e+04 +2.466823880e+04 +2.466823880e+04
10 0 +1.275791999e+04 +1.275037999e+04 +1.275037999e+04
17 0 +7.401041306e+03 +7.393501306e+03 +7.393501306e+03
27 0 +3.136715587e+03 +3.129175587e+03 +3.129175587e+03
60 0 +2.244824305e+03 +2.237284305e+03 +2.237284305e+03
79 0 +6.812560110e+02 +6.737160110e+02 +6.737160110e+02
101 0 +4.527292651e+02 +4.451892651e+02 +4.451892651e+02
123 0 +3.155153739e+02 +3.079753739e+02 +3.079753739e+02
134 0 +2.450438384e+02 +2.375038384e+02 +2.375038384e+02
156 0 +2.022284421e+02 +1.946884421e+02 +1.946884421e+02
167 0 +1.173744813e+02 +1.098344813e+02 +1.098344813e+02
189 0 +6.021492681e+01 +5.267492681e+01 +5.267492681e+01
211 0 +4.954366811e+01 +4.200366811e+01 +4.200366811e+01
222 0 +3.629472548e+01 +2.875472548e+01 +2.875472548e+01
244 0 +3.186501496e+01 +2.432501496e+01 +2.432501496e+01
266 0 +3.010972139e+01 +2.256972139e+01 +2.256972139e+01
277 0 +2.712710744e+01 +1.958710744e+01 +1.958710744e+01
321 0 +2.315481627e+01 +1.561481627e+01 +1.561481627e+01
332 0 +1.884352604e+01 +1.130352604e+01 +1.130352604e+01
343 0 +1.694714160e+01 +9.407141603e+00 +9.407141603e+00
354 0 +1.458612611e+01 +7.046126112e+00 +7.046126112e+00
365 0 +1.114160456e+01 +3.601604563e+00 +3.601604563e+00
376 0 +8.822251113e+00 +1.282251113e+00 +1.282251113e+00
387 0 +7.634921991e+00 +9.492199146e-02 +9.492199146e-02
398 0 +6.905693310e+00 -6.343066903e-01 -6.343066903e-01
464 0 +6.141488506e+00 -1.398511494e+00 -1.398511494e+00
508 0 +5.577447282e+00 -1.962552718e+00 -1.962552718e+00
552 0 +4.749427336e+00 -2.790572664e+00 -2.790572664e+00
574 0 +4.154533148e+00 -3.385466852e+00 -3.385466852e+00
585 0 +3.676409948e+00 -3.863590052e+00 -3.863590052e+00
596 0 +3.358582656e+00 -4.181417344e+00 -4.181417344e+00
618 0 +3.159270952e+00 -4.380729048e+00 -4.380729048e+00
640 0 +2.758275114e+00 -4.781724886e+00 -4.781724886e+00
651 0 +2.507099806e+00 -5.032900194e+00 -5.032900194e+00
662 0 +2.151112406e+00 -5.388887594e+00 -5.388887594e+00
673 0 +1.987900334e+00 -5.552099666e+00 -5.552099666e+00
695 0 +1.570888102e+00 -5.969111898e+00 -5.969111898e+00
717 0 +1.397504447e+00 -6.142495553e+00 -6.142495553e+00
728 0 +1.116928547e+00 -6.423071453e+00 -6.423071453e+00
739 0 +7.950320247e-01 -6.744967975e+00 -6.744967975e+00
750 0 +6.365183407e-01 -6.903481659e+00 -6.903481659e+00
761 0 +5.153199823e-01 -7.024680018e+00 -7.024680018e+00
772 0 +3.726115784e-01 -7.167388422e+00 -7.167388422e+00
783 0 +2.863515022e-01 -7.253648498e+00 -7.253648498e+00
794 0 +1.785016035e-01 -7.361498396e+00 -7.361498396e+00
805 0 +1.278348803e-01 -7.412165120e+00 -7.412165120e+00
816 0 +7.101968149e-02 -7.468980319e+00 -7.468980319e+00
827 0 +4.365281171e-02 -7.496347188e+00 -7.496347188e+00
838 0 +1.945422438e-02 -7.520545776e+00 -7.520545776e+00
849 0 +1.020157451e-02 -7.529798425e+00 -7.529798425e+00
860 0 +3.041893811e-03 -7.536958106e+00 -7.536958106e+00
871 0 +1.477232431e-03 -7.538522768e+00 -7.538522768e+00
882 0 +2.631508036e-04 -7.539736849e+00 -7.539736849e+00
893 0 +2.677381832e-05 -7.539973226e+00 -7.539973226e+00
904 0 +9.316153466e-07 -7.539999068e+00 -7.539999068e+00
915 0 +1.601700310e-07 -7.539999840e+00 -7.539999840e+00
926 0 +1.534095606e-08 -7.539999985e+00 -7.539999985e+00
937 0 +1.808902361e-09 -7.539999998e+00 -7.539999998e+00
57928 0 +4.742872761e-13 -7.540000000e+00 -7.540000000e+00
100129 0 +8.881784197e-16 -7.540000000e+00 -7.540000000e+00
