% f evaluations | g evaluations | best noise-free fitness - Fopt (7.948000000000e+01) + sum g_i+ | measured fitness | best measured fitness or single-digit g-values | x1 | x2...
1 0 +2.908615812e+01 +1.085661581e+02 +1.085661581e+02
4 0 +2.023263086e+01 +9.971263086e+01 +9.971263086e+01
16 0 +1.888039699e+01 +9.836039699e+01 +9.836039699e+01
28 0 +1.446842198e+01 +9.394842198e+01 +9.394842198e+01
33 0 +1.403289138e+01 +9.351289138e+01 +9.351289138e+01
49 0 +1.045939768e+01 +8.993939768e+01 +8.993939768e+01
80 0 +9.415436588e+00 +8.889543659e+01 +8.889543659e+01
81 0 +4.969274529e+00 +8.444927453e+01 +8.444927453e+01
112 0 +1.447426468e+00 +8.092742647e+01 +8.092742647e+01
123 0 +2.131628207e-13 +7.948000000e+01 +7.948000000e+01
4875 0 +0.000000000e+00 +7.948000000e+01 +7.948000000e+01
100007 0 +0.000000000e+00 +7.948000000e+01 +7.948000000e+01
% f evaluations | g evaluations | best noise-free fitness - Fopt (3.944800000000e+02) + sum g_i+ | measured fitness | best measured fitness or single-digit g-values | x1 | x2...
1 0 +9.334291116e+01 +4.878229112e+02 +4.878229112e+02
2 0 +9.159080927e+01 +4.860708093e+02 +4.860708093e+02
4 0 +8.623980284e+01 +4.807198028e+02 +4.807198028e+02
12 0 +7.707030745e+01 +4.715503074e+02 +4.715503074e+02
22 0 +5.266163877e+01 +4.471416388e+02 +4.471416388e+02
33 0 +3.425100763e+01 +4.287310076e+02 +4.287310076e+02
44 0 +2.819799815e+01 +4.226779982e+02 +4.226779982e+02
48 0 +1.702066699e+01 +4.115006670e+02 +4.115006670e+02
74 0 +9.222184221e+00 +4.037021842e+02 +4.037021842e+02
83 0 +8.562809813e+00 +4.030428098e+02 +4.030428098e+02
101 0 +3.380931241e+00 +3.978609312e+02 +3.978609312e+02
112 0 +6.867948676e-01 +3.951667949e+02 +3.951667949e+02
123 0 +1.199396138e-11 +3.944800000e+02 +3.944800000e+02
1741 0 +9.094947018e-13 +3.944800000e+02 +3.944800000e+02
4311 0 +0.000000000e+00 +3.944800000e+02 +3.944800000e+02
100001 0 +0.000000000e+00 +3.944800000e+02 +3.944800000e+02
% f evaluations | g evaluations | best noise-free fitness - Fopt (-2.471100000000e+02) + sum g_i+ | measured fitness | best measured fitness or single-digit g-values | x1 | x2...
1 0 +9.766120397e+01 -1.494487960e+02 -1.494487960e+02
3 0 +7.341778394e+01 -1.736922161e+02 -1.736922161e+02
7 0 +5.867644648e+01 -1.884335535e+02 -1.884335535e+02
9 0 +5.615356484e+01 -1.909564352e+02 -1.909564352e+02
18 0 +4.812545076e+01 -1.989845492e+02 -1.989845492e+02
20 0 +3.661723432e+01 -2.104927657e+02 -2.104927657e+02
23 0 +3.115904086e+01 -2.159509591e+02 -2.159509591e+02
31 0 +2.124162781e+01 -2.258683722e+02 -2.258683722e+02
50 0 +1.886014172e+01 -2.282498583e+02 -2.282498583e+02
58 0 +1.333651699e+01 -2.337734830e+02 -2.337734830e+02
63 0 +7.367178041e+00 -2.397428220e+02 -2.397428220e+02
101 0 +4.319275926e+00 -2.427907241e+02 -2.427907241e+02
112 0 +1.141236637e+00 -2.459687634e+02 -2.459687634e+02
123 0 +1.989519660e-12 -2.471100000e+02 -2.471100000e+02
134 0 +5.968558980e-13 -2.471100000e+02 -2.471100000e+02
4251 0 +0.000000000e+00 -2.471100000e+02 -2.471100000e+02
100009 0 +0.000000000e+00 -2.471100000e+02 -2.471100000e+02
% f evaluations | g evaluations | best noise-free fitness - Fopt (-1.520400000000e+02) + sum g_i+ | measured fitness | best measured fitness or single-digit g-values | x1 | x2...
1 0 +5.917274004e+01 -9.286725996e+01 -9.286725996e+01
2 0 +5.499438973e+01 -9.704561027e+01 -9.704561027e+01
8 0 +4.760949074e+01 -1.044305093e+02 -1.044305093e+02
12 0 +3.312563569e+01 -1.189143643e+02 -1.189143643e+02
21 0 +1.950804732e+01 -1.325319527e+02 -1.325319527e+02
24 0 +1.623648492e+01 -1.358035151e+02 -1.358035151e+02
31 0 +1.231600706e+01 -1.397239929e+02 -1.397239929e+02
58 0 +9.933323171e+00 -1.421066768e+02 -1.421066768e+02
65 0 +8.719520718e+00 -1.433204793e+02 -1.433204793e+02
68 0 +7.903687470e+00 -1.441363125e+02 -1.441363125e+02
74 0 +6.652868481e+00 -1.453871315e+02 -1.453871315e+02
83 0 +5.321401918e+00 -1.467185981e+02 -1.467185981e+02
85 0 +2.554900617e+00 -1.494850994e+02 -1.494850994e+02
101 0 +1.001431084e+00 -1.510385689e+02 -1.510385689e+02
112 0 +1.352819708e-01 -1.519047180e+02 -1.519047180e+02
123 0 +2.529532139e-12 -1.520400000e+02 -1.520400000e+02
189 0 +9.379164112e-13 -1.520400000e+02 -1.520400000e+02
3841 0 +0.000000000e+00 -1.520400000e+02 -1.520400000e+02
100008 0 +0.000000000e+00 -1.520400000e+02 -1.520400000e+02
% f evaluations | g evaluations | best noise-free fitness - Fopt (-2.525000000000e+01) + sum g_i+ | measured fitness | best measured fitness or single-digit g-values | x1 | x2...
1 0 +5.551104862e+01 +3.026104862e+01 +3.026104862e+01
2 0 +4.478807971e+01 +1.953807971e+01 +1.953807971e+01
4 0 +4.327074703e+01 +1.802074703e+01 +1.802074703e+01
11 0 +2.953407895e+01 +4.284078945e+00 +4.284078945e+00
14 0 +2.733876079e+01 +2.088760786e+00 +2.088760786e+00
25 0 +2.202428774e+01 -3.225712257e+00 -3.225712257e+00
34 0 +1.872870412e+01 -6.521295878e+00 -6.521295878e+00
35 0 +1.775574413e+01 -7.494255865e+00 -7.494255865e+00
47 0 +9.949834108e+00 -1.530016589e+01 -1.530016589e+01
72 0 +6.956366664e+00 -1.829363334e+01 -1.829363334e+01
101 0 +4.358947082e+00 -2.089105292e+01 -2.089105292e+01
112 0 +1.161672582e+00 -2.408832742e+01 -2.408832742e+01
123 0 +2.842170943e-14 -2.525000000e+01 -2.525000000e+01
2250 0 +0.000000000e+00 -2.525000000e+01 -2.525000000e+01
100000 0 +0.000000000e+00 -2.525000000e+01 -2.525000000e+01
% f evaluations | g evaluations | best noise-free fitness - Fopt (1.830100000000e+02) + sum g_i+ | measured fitness | best measured fitness or single-digit g-values | x1 | x2...
1 0 +9.991725696e+01 +2.829272570e+02 +2.829272570e+02
3 0 +5.932057800e+01 +2.423305780e+02 +2.423305780e+02
11 0 +4.005190583e+01 +2.230619058e+02 +2.230619058e+02
31 0 +3.203239356e+01 +2.150423936e+02 +2.150423936e+02
39 0 +2.889825424e+01 +2.119082542e+02 +2.119082542e+02
53 0 +2.627027146e+01 +2.092802715e+02 +2.092802715e+02
55 0 +1.906079996e+01 +2.020708000e+02 +2.020708000e+02
65 0 +1.435078554e+01 +1.973607855e+02 +1.973607855e+02
73 0 +1.308237532e+01 +1.960923753e+02 +1.960923753e+02
74 0 +1.213056573e+01 +1.951405657e+02 +1.951405657e+02
81 0 +1.042036474e+01 +1.934303647e+02 +1.934303647e+02
83 0 +4.856721354e+00 +1.878667214e+02 +1.878667214e+02
101 0 +2.378570043e+00 +1.853885700e+02 +1.853885700e+02
112 0 +3.213183599e-01 +1.833313184e+02 +1.833313184e+02
123 0 +1.762145985e-12 +1.830100000e+02 +1.830100000e+02
134 0 +3.694822226e-13 +1.830100000e+02 +1.830100000e+02
3956 0 +0.000000000e+00 +1.830100000e+02 +1.830100000e+02
100007 0 +0.000000000e+00 +1.830100000e+02 +1.830100000e+02
% f evaluations | g evaluations | best noise-free fitness - Fopt (1.835200000000e+02) + sum g_i+ | measured fitness | best measured fitness or single-digit g-values | x1 | x2...
1 0 +5.000698267e+01 +2.335269827e+02 +2.335269827e+02
6 0 +4.621463636e+01 +2.297346364e+02 +2.297346364e+02
7 0 +4.400731257e+01 +2.275273126e+02 +2.275273126e+02
14 0 +3.759437769e+01 +2.211143777e+02 +2.211143777e+02
15 0 +3.397555855e+01 +2.174955585e+02 +2.174955585e+02
18 0 +2.916280481e+01 +2.126828048e+02 +2.126828048e+02
22 0 +2.245986782e+01 +2.059798678e+02 +2.059798678e+02
31 0 +1.928314603e+01 +2.028031460e+02 +2.028031460e+02
48 0 +1.670645133e+01 +2.002264513e+02 +2.002264513e+02
54 0 +1.330954592e+01 +1.968295459e+02 +1.968295459e+02
59 0 +8.416902880e+00 +1.919369029e+02 +1.919369029e+02
81 0 +4.549618937e+00 +1.880696189e+02 +1.880696189e+02
94 0 +4.021345424e+00 +1.875413454e+02 +1.875413454e+02
98 0 +3.258385167e+00 +1.867783852e+02 +1.867783852e+02
101 0 +1.449869813e+00 +1.849698698e+02 +1.849698698e+02
112 0 +1.958614653e-01 +1.837158615e+02 +1.837158615e+02
123 0 +1.136868377e-12 +1.835200000e+02 +1.835200000e+02
145 0 +6.536993169e-13 +1.835200000e+02 +1.835200000e+02
4184 0 +0.000000000e+00 +1.835200000e+02 +1.835200000e+02
100003 0 +0.000000000e+00 +1.835200000e+02 +1.835200000e+02
% f evaluations | g evaluations | best noise-free fitness - Fopt (-5.938400000000e+02) + sum g_i+ | measured fitness | best measured fitness or single-digit g-values | x1 | x2...
1 0 +4.538451815e+01 -5.484554818e+02 -5.484554818e+02
3 0 +3.880632855e+01 -5.550336714e+02 -5.550336714e+02
11 0 +2.904215969e+01 -5.647978403e+02 -5.647978403e+02
14 0 +2.050116698e+01 -5.733388330e+02 -5.733388330e+02
22 0 +1.865679069e+01 -5.751832093e+02 -5.751832093e+02
26 0 +1.570584239e+01 -5.781341576e+02 -5.781341576e+02
31 0 +1.173146346e+01 -5.821085365e+02 -5.821085365e+02
55 0 +8.871351717e+00 -5.849686483e+02 -5.849686483e+02
98 0 +6.143652336e+00 -5.876963477e+02 -5.876963477e+02
101 0 +3.999468073e+00 -5.898405319e+02 -5.898405319e+02
112 0 +9.798367050e-01 -5.928601633e+02 -5.928601633e+02
123 0 +2.023625711e-11 -5.938400000e+02 -5.938400000e+02
3376 0 +9.094947018e-13 -5.938400000e+02 -5.938400000e+02
3561 0 +0.000000000e+00 -5.938400000e+02 -5.938400000e+02
100008 0 +0.000000000e+00 -5.938400000e+02 -5.938400000e+02
% f evaluations | g evaluations | best noise-free fitness - Fopt (-1.000000000000e+03) + sum g_i+ | measured fitness | best measured fitness or single-digit g-values | x1 | x2...
1 0 +1.100349016e+02 -8.899650984e+02 -8.899650984e+02
2 0 +7.961761112e+01 -9.203823889e+02 -9.203823889e+02
3 0 +7.861734726e+01 -9.213826527e+02 -9.213826527e+02
5 0 +4.825971599e+01 -9.517402840e+02 -9.517402840e+02
12 0 +3.926425366e+01 -9.607357463e+02 -9.607357463e+02
22 0 +2.867869964e+01 -9.713213004e+02 -9.713213004e+02
31 0 +1.888303500e+01 -9.811169650e+02 -9.811169650e+02
44 0 +1.318941772e+01 -9.868105823e+02 -9.868105823e+02
65 0 +8.480745426e+00 -9.915192546e+02 -9.915192546e+02
79 0 +5.493066605e+00 -9.945069334e+02 -9.945069334e+02
112 0 +2.188752904e+00 -9.978112471e+02 -9.978112471e+02
123 0 +2.228262019e-11 -1.000000000e+03 -1.000000000e+03
3637 0 +6.821210263e-13 -1.000000000e+03 -1.000000000e+03
3876 0 +0.000000000e+00 -1.000000000e+03 -1.000000000e+03
