% f evaluations | g evaluations | best noise-free fitness - Fopt (-1.694000000000e+01) + sum g_i+ | measured fitness | best measured fitness or single-digit g-values | x1 | x2...
1 0 +1.206570215e+02 +1.037170215e+02 +1.037170215e+02
5 0 +1.160311037e+02 +9.909110372e+01 +9.909110372e+01
6 0 +8.130286941e+01 +6.436286941e+01 +6.436286941e+01
16 0 +7.322437121e+01 +5.628437121e+01 +5.628437121e+01
24 0 +5.738953253e+01 +4.044953253e+01 +4.044953253e+01
26 0 +5.090653949e+01 +3.396653949e+01 +3.396653949e+01
42 0 +4.509411814e+01 +2.815411814e+01 +2.815411814e+01
47 0 +3.671769881e+01 +1.977769881e+01 +1.977769881e+01
82 0 +3.469941863e+01 +1.775941863e+01 +1.775941863e+01
121 0 +2.772403821e+01 +1.078403821e+01 +1.078403821e+01
188 0 +2.454154379e+01 +7.601543785e+00 +7.601543785e+00
194 0 +2.206007449e+01 +5.120074493e+00 +5.120074493e+00
283 0 +1.837746908e+01 +1.437469083e+00 +1.437469083e+00
304 0 +1.761926553e+01 +6.792655261e-01 +6.792655261e-01
346 0 +1.475983118e+01 -2.180168821e+00 -2.180168821e+00
409 0 +1.401065687e+01 -2.929343128e+00 -2.929343128e+00
598 0 +1.229299886e+01 -4.647001144e+00 -4.647001144e+00
724 0 +1.120875825e+01 -5.731241749e+00 -5.731241749e+00
3862 0 +9.906205679e+00 -7.033794321e+00 -7.033794321e+00
4094 0 +8.799508726e+00 -8.140491274e+00 -8.140491274e+00
4178 0 +7.870098382e+00 -9.069901618e+00 -9.069901618e+00
4241 0 +7.068243056e+00 -9.871756944e+00 -9.871756944e+00
4388 0 +6.282138346e+00 -1.065786165e+01 -1.065786165e+01
7632 0 +4.698464987e+00 -1.224153501e+01 -1.224153501e+01
7737 0 +4.365497499e+00 -1.257450250e+01 -1.257450250e+01
7863 0 +3.956159799e+00 -1.298384020e+01 -1.298384020e+01
7926 0 +3.448221184e+00 -1.349177882e+01 -1.349177882e+01
8031 0 +3.161948863e+00 -1.377805114e+01 -1.377805114e+01
8304 0 +2.817845180e+00 -1.412215482e+01 -1.412215482e+01
11350 0 +2.511153666e+00 -1.442884633e+01 -1.442884633e+01
11455 0 +2.233776936e+00 -1.470622306e+01 -1.470622306e+01
15151 0 +1.977324885e+00 -1.496267511e+01 -1.496267511e+01
15445 0 +1.604637196e+00 -1.533536280e+01 -1.533536280e+01
15487 0 +1.548660842e+00 -1.539133916e+01 -1.539133916e+01
15634 0 +1.382346081e+00 -1.555765392e+01 -1.555765392e+01
15739 0 +1.241073130e+00 -1.569892687e+01 -1.569892687e+01
19604 0 +1.106688469e+00 -1.583331153e+01 -1.583331153e+01
19667 0 +9.867803114e-01 -1.595321969e+01 -1.595321969e+01
19730 0 +8.783075136e-01 -1.606169249e+01 -1.606169249e+01
19814 0 +7.888263944e-01 -1.615117361e+01 -1.615117361e+01
22335 0 +6.987130163e-01 -1.624128698e+01 -1.624128698e+01
22440 0 +6.296108261e-01 -1.631038917e+01 -1.631038917e+01
25822 0 +5.542624540e-01 -1.638573755e+01 -1.638573755e+01
25927 0 +4.979249864e-01 -1.644207501e+01 -1.644207501e+01
30191 0 +4.449139971e-01 -1.649508600e+01 -1.649508600e+01
30338 0 +3.969329365e-01 -1.654306706e+01 -1.654306706e+01
30632 0 +3.516062328e-01 -1.658839377e+01 -1.658839377e+01
33593 0 +3.161229383e-01 -1.662387706e+01 -1.662387706e+01
37248 0 +2.807274919e-01 -1.665927251e+01 -1.665927251e+01
47646 0 +2.508723623e-01 -1.668912764e+01 -1.668912764e+01
48129 0 +2.230368837e-01 -1.671696312e+01 -1.671696312e+01
52288 0 +1.993201804e-01 -1.674067982e+01 -1.674067982e+01
200735 0 +1.794171756e-01 -1.676058282e+01 -1.676058282e+01
% f evaluations | g evaluations | best noise-free fitness - Fopt (1.881000000000e+01) + sum g_i+ | measured fitness | best measured fitness or single-digit g-values | x1 | x2...
1 0 +1.014631536e+02 +1.202731536e+02 +1.202731536e+02
2 0 +9.330231389e+01 +1.121123139e+02 +1.121123139e+02
3 0 +7.770362147e+01 +9.651362147e+01 +9.651362147e+01
4 0 +6.097772226e+01 +7.978772226e+01 +7.978772226e+01
14 0 +3.733186973e+01 +5.614186973e+01 +5.614186973e+01
32 0 +3.419436528e+01 +5.300436528e+01 +5.300436528e+01
76 0 +2.938601156e+01 +4.819601156e+01 +4.819601156e+01
132 0 +2.799389782e+01 +4.680389782e+01 +4.680389782e+01
183 0 +2.175617631e+01 +4.056617631e+01 +4.056617631e+01
211 0 +1.956713648e+01 +3.837713648e+01 +3.837713648e+01
304 0 +1.708805907e+01 +3.589805907e+01 +3.589805907e+01
325 0 +1.488105749e+01 +3.369105749e+01 +3.369105749e+01
451 0 +1.384142390e+01 +3.265142390e+01 +3.265142390e+01
598 0 +1.240587295e+01 +3.121587295e+01 +3.121587295e+01
787 0 +1.114110381e+01 +2.995110381e+01 +2.995110381e+01
1123 0 +9.958694261e+00 +2.876869426e+01 +2.876869426e+01
4421 0 +8.895056036e+00 +2.770505604e+01 +2.770505604e+01
4673 0 +7.881880917e+00 +2.669188092e+01 +2.669188092e+01
9040 0 +6.847720944e+00 +2.565772094e+01 +2.565772094e+01
9103 0 +5.989271009e+00 +2.479927101e+01 +2.479927101e+01
9208 0 +5.614535609e+00 +2.442453561e+01 +2.442453561e+01
9334 0 +4.922540239e+00 +2.373254024e+01 +2.373254024e+01
9397 0 +4.376642614e+00 +2.318664261e+01 +2.318664261e+01
9649 0 +3.978426343e+00 +2.278842634e+01 +2.278842634e+01
14913 0 +3.517470536e+00 +2.232747054e+01 +2.232747054e+01
15507 0 +2.976868333e+00 +2.178686833e+01 +2.178686833e+01
15633 0 +2.814809998e+00 +2.162481000e+01 +2.162481000e+01
20254 0 +2.493533235e+00 +2.130353324e+01 +2.130353324e+01
23489 0 +2.238506194e+00 +2.104850619e+01 +2.104850619e+01
23699 0 +1.914647276e+00 +2.072464728e+01 +2.072464728e+01
23888 0 +1.755887708e+00 +2.056588771e+01 +2.056588771e+01
30293 0 +1.584186590e+00 +2.039418659e+01 +2.039418659e+01
34998 0 +1.411991538e+00 +2.022199154e+01 +2.022199154e+01
40292 0 +1.252256833e+00 +2.006225683e+01 +2.006225683e+01
48611 0 +1.118451569e+00 +1.992845157e+01 +1.992845157e+01
200234 0 +1.068637865e+00 +1.987863786e+01 +1.987863786e+01
% f evaluations | g evaluations | best noise-free fitness - Fopt (2.731500000000e+02) + sum g_i+ | measured fitness | best measured fitness or single-digit g-values | x1 | x2...
1 0 +1.923528515e+02 +4.655028515e+02 +4.655028515e+02
2 0 +1.357358395e+02 +4.088858395e+02 +4.088858395e+02
17 0 +1.069506067e+02 +3.801006067e+02 +3.801006067e+02
26 0 +7.311830226e+01 +3.462683023e+02 +3.462683023e+02
41 0 +6.474800466e+01 +3.378980047e+02 +3.378980047e+02
51 0 +5.938814642e+01 +3.325381464e+02 +3.325381464e+02
52 0 +5.335019766e+01 +3.265001977e+02 +3.265001977e+02
77 0 +4.264201181e+01 +3.157920118e+02 +3.157920118e+02
78 0 +3.696519879e+01 +3.101151988e+02 +3.101151988e+02
108 0 +3.461994894e+01 +3.077699489e+02 +3.077699489e+02
117 0 +3.160821561e+01 +3.047582156e+02 +3.047582156e+02
125 0 +2.447338948e+01 +2.976233895e+02 +2.976233895e+02
146 0 +2.234073139e+01 +2.954907314e+02 +2.954907314e+02
182 0 +1.939443906e+01 +2.925444391e+02 +2.925444391e+02
325 0 +1.507756331e+01 +2.882275633e+02 +2.882275633e+02
430 0 +1.408666917e+01 +2.872366692e+02 +2.872366692e+02
745 0 +1.253778032e+01 +2.856877803e+02 +2.856877803e+02
1292 0 +1.113048289e+01 +2.842804829e+02 +2.842804829e+02
1342 0 +9.485452179e+00 +2.826354522e+02 +2.826354522e+02
1384 0 +8.326470637e+00 +2.814764706e+02 +2.814764706e+02
1489 0 +7.771392022e+00 +2.809213920e+02 +2.809213920e+02
1531 0 +7.063695601e+00 +2.802136956e+02 +2.802136956e+02
1615 0 +6.203828821e+00 +2.793538288e+02 +2.793538288e+02
1762 0 +5.606756372e+00 +2.787567564e+02 +2.787567564e+02
1951 0 +4.995222361e+00 +2.781452224e+02 +2.781452224e+02
4754 0 +4.432262288e+00 +2.775822623e+02 +2.775822623e+02
4817 0 +3.902079438e+00 +2.770520794e+02 +2.770520794e+02
5069 0 +3.539544819e+00 +2.766895448e+02 +2.766895448e+02
9732 0 +3.028414827e+00 +2.761784148e+02 +2.761784148e+02
9816 0 +2.800224392e+00 +2.759502244e+02 +2.759502244e+02
9879 0 +2.455633662e+00 +2.756056337e+02 +2.756056337e+02
10026 0 +2.237187046e+00 +2.753871870e+02 +2.753871870e+02
13618 0 +1.991593354e+00 +2.751415934e+02 +2.751415934e+02
14059 0 +1.775114751e+00 +2.749251148e+02 +2.749251148e+02
17273 0 +1.551601093e+00 +2.747016011e+02 +2.747016011e+02
17357 0 +1.372366913e+00 +2.745223669e+02 +2.745223669e+02
17483 0 +1.221180713e+00 +2.743711807e+02 +2.743711807e+02
17945 0 +1.122003312e+00 +2.742720033e+02 +2.742720033e+02
21096 0 +9.987288715e-01 +2.741487289e+02 +2.741487289e+02
21369 0 +8.907167084e-01 +2.740407167e+02 +2.740407167e+02
25759 0 +7.846802069e-01 +2.739346802e+02 +2.739346802e+02
25948 0 +6.813587971e-01 +2.738313588e+02 +2.738313588e+02
26347 0 +6.304923780e-01 +2.737804924e+02 +2.737804924e+02
33047 0 +5.470462778e-01 +2.736970463e+02 +2.736970463e+02
33236 0 +5.004408542e-01 +2.736504409e+02 +2.736504409e+02
33656 0 +4.453122026e-01 +2.735953122e+02 +2.735953122e+02
40924 0 +3.955331367e-01 +2.735455331e+02 +2.735455331e+02
47162 0 +3.547004989e-01 +2.735047005e+02 +2.735047005e+02
54828 0 +3.159925543e-01 +2.734659926e+02 +2.734659926e+02
200686 0 +2.822136683e-01 +2.734322137e+02 +2.734322137e+02
% f evaluations | g evaluations | best noise-free fitness - Fopt (3.718000000000e+01) + sum g_i+ | measured fitness | best measured fitness or single-digit g-values | x1 | x2...
1 0 +1.623025423e+02 +1.994825423e+02 +1.994825423e+02
2 0 +5.101145599e+01 +8.819145599e+01 +8.819145599e+01
4 0 +4.139988838e+01 +7.857988838e+01 +7.857988838e+01
10 0 +3.837623205e+01 +7.555623205e+01 +7.555623205e+01
32 0 +2.928560333e+01 +6.646560333e+01 +6.646560333e+01
49 0 +2.640154240e+01 +6.358154240e+01 +6.358154240e+01
118 0 +2.460731701e+01 +6.178731701e+01 +6.178731701e+01
125 0 +1.965942739e+01 +5.683942739e+01 +5.683942739e+01
190 0 +1.674135829e+01 +5.392135829e+01 +5.392135829e+01
493 0 +1.539048829e+01 +5.257048829e+01 +5.257048829e+01
640 0 +1.397597474e+01 +5.115597474e+01 +5.115597474e+01
787 0 +1.255613800e+01 +4.973613800e+01 +4.973613800e+01
4892 0 +1.092395785e+01 +4.810395785e+01 +4.810395785e+01
4934 0 +9.461252002e+00 +4.664125200e+01 +4.664125200e+01
5060 0 +8.621759513e+00 +4.580175951e+01 +4.580175951e+01
5102 0 +7.875233490e+00 +4.505523349e+01 +4.505523349e+01
5186 0 +6.910110834e+00 +4.409011083e+01 +4.409011083e+01
13482 0 +6.266264788e+00 +4.344626479e+01 +4.344626479e+01
13713 0 +5.604622468e+00 +4.278462247e+01 +4.278462247e+01
13797 0 +4.803549479e+00 +4.198354948e+01 +4.198354948e+01
13860 0 +4.452347047e+00 +4.163234705e+01 +4.163234705e+01
15192 0 +3.974902039e+00 +4.115490204e+01 +4.115490204e+01
15759 0 +3.545537528e+00 +4.072553753e+01 +4.072553753e+01
20914 0 +3.110439632e+00 +4.029043963e+01 +4.029043963e+01
21040 0 +2.769761747e+00 +3.994976175e+01 +3.994976175e+01
21208 0 +2.466851325e+00 +3.964685132e+01 +3.964685132e+01
28013 0 +2.228531197e+00 +3.940853120e+01 +3.940853120e+01
28202 0 +1.977474411e+00 +3.915747441e+01 +3.915747441e+01
31143 0 +1.695550302e+00 +3.887555030e+01 +3.887555030e+01
31290 0 +1.567851622e+00 +3.874785162e+01 +3.874785162e+01
31437 0 +1.410613404e+00 +3.859061340e+01 +3.859061340e+01
31647 0 +1.258850880e+00 +3.843885088e+01 +3.843885088e+01
35365 0 +1.106106469e+00 +3.828610647e+01 +3.828610647e+01
35428 0 +9.685103010e-01 +3.814851030e+01 +3.814851030e+01
35617 0 +8.754946203e-01 +3.805549462e+01 +3.805549462e+01
36100 0 +7.941175318e-01 +3.797411753e+01 +3.797411753e+01
39996 0 +6.973093025e-01 +3.787730930e+01 +3.787730930e+01
40164 0 +6.245027966e-01 +3.780450280e+01 +3.780450280e+01
40353 0 +5.618425662e-01 +3.774184257e+01 +3.774184257e+01
43926 0 +4.880806579e-01 +3.766808066e+01 +3.766808066e+01
44491 0 +4.425402819e-01 +3.762254028e+01 +3.762254028e+01
45877 0 +3.978390448e-01 +3.757783904e+01 +3.757783904e+01
58690 0 +3.548050381e-01 +3.753480504e+01 +3.753480504e+01
64046 0 +3.161651036e-01 +3.749616510e+01 +3.749616510e+01
200721 0 +2.964558890e-01 +3.747645589e+01 +3.747645589e+01
% f evaluations | g evaluations | best noise-free fitness - Fopt (-1.479000000000e+02) + sum g_i+ | measured fitness | best measured fitness or single-digit g-values | x1 | x2...
1 0 +6.460400424e+01 -8.329599576e+01 -8.329599576e+01
2 0 +6.407108532e+01 -8.382891468e+01 -8.382891468e+01
4 0 +5.237893449e+01 -9.552106551e+01 -9.552106551e+01
5 0 +4.665484911e+01 -1.012451509e+02 -1.012451509e+02
13 0 +3.453185615e+01 -1.133681438e+02 -1.133681438e+02
69 0 +2.675649118e+01 -1.211435088e+02 -1.211435088e+02
186 0 +2.013415614e+01 -1.277658439e+02 -1.277658439e+02
304 0 +1.794155294e+01 -1.299584471e+02 -1.299584471e+02
346 0 +1.690158408e+01 -1.309984159e+02 -1.309984159e+02
409 0 +1.583095827e+01 -1.320690417e+02 -1.320690417e+02
577 0 +1.409948574e+01 -1.338005143e+02 -1.338005143e+02
703 0 +1.237570877e+01 -1.355242912e+02 -1.355242912e+02
829 0 +1.119797427e+01 -1.367020257e+02 -1.367020257e+02
2474 0 +7.351980405e+00 -1.405480196e+02 -1.405480196e+02
2582 0 +6.675640022e+00 -1.412243600e+02 -1.412243600e+02
2666 0 +6.300967687e+00 -1.415990323e+02 -1.415990323e+02
2834 0 +5.557011103e+00 -1.423429889e+02 -1.423429889e+02
2981 0 +4.983585195e+00 -1.429164148e+02 -1.429164148e+02
3275 0 +4.434926396e+00 -1.434650736e+02 -1.434650736e+02
6750 0 +3.974546140e+00 -1.439254539e+02 -1.439254539e+02
6813 0 +3.452531647e+00 -1.444474684e+02 -1.444474684e+02
6897 0 +2.995442266e+00 -1.449045577e+02 -1.449045577e+02
6981 0 +2.750589423e+00 -1.451494106e+02 -1.451494106e+02
7254 0 +2.486977894e+00 -1.454130221e+02 -1.454130221e+02
7359 0 +2.225602809e+00 -1.456743972e+02 -1.456743972e+02
10393 0 +1.986327758e+00 -1.459136722e+02 -1.459136722e+02
15161 0 +1.401258928e+00 -1.464987411e+02 -1.464987411e+02
15287 0 +1.219980894e+00 -1.466800191e+02 -1.466800191e+02
15329 0 +1.104274404e+00 -1.467957256e+02 -1.467957256e+02
15497 0 +9.954836827e-01 -1.469045163e+02 -1.469045163e+02
15686 0 +8.833876371e-01 -1.470166124e+02 -1.470166124e+02
16190 0 +7.942249094e-01 -1.471057751e+02 -1.471057751e+02
19068 0 +6.998404407e-01 -1.472001596e+02 -1.472001596e+02
19152 0 +6.253531185e-01 -1.472746469e+02 -1.472746469e+02
19236 0 +5.381685159e-01 -1.473618315e+02 -1.473618315e+02
19635 0 +5.009957050e-01 -1.473990043e+02 -1.473990043e+02
21400 0 +4.251681047e-01 -1.474748319e+02 -1.474748319e+02
21547 0 +3.947306176e-01 -1.475052694e+02 -1.475052694e+02
21652 0 +3.479485203e-01 -1.475520515e+02 -1.475520515e+02
21799 0 +3.159365093e-01 -1.475840635e+02 -1.475840635e+02
26567 0 +2.608868127e-01 -1.476391132e+02 -1.476391132e+02
26630 0 +2.445462945e-01 -1.476554537e+02 -1.476554537e+02
26882 0 +2.232352927e-01 -1.476767647e+02 -1.476767647e+02
27113 0 +1.961900602e-01 -1.477038099e+02 -1.477038099e+02
30390 0 +1.731089079e-01 -1.477268911e+02 -1.477268911e+02
30663 0 +1.583706010e-01 -1.477416294e+02 -1.477416294e+02
30810 0 +1.399943997e-01 -1.477600056e+02 -1.477600056e+02
30936 0 +1.258757911e-01 -1.477741242e+02 -1.477741242e+02
38792 0 +1.117242796e-01 -1.477882757e+02 -1.477882757e+02
38981 0 +9.875626783e-02 -1.478012437e+02 -1.478012437e+02
44631 0 +8.804732654e-02 -1.478119527e+02 -1.478119527e+02
46143 0 +7.925744229e-02 -1.478207426e+02 -1.478207426e+02
49294 0 +6.877184153e-02 -1.478312282e+02 -1.478312282e+02
49378 0 +6.245495472e-02 -1.478375450e+02 -1.478375450e+02
49483 0 +5.583056167e-02 -1.478441694e+02 -1.478441694e+02
59019 0 +4.997331938e-02 -1.478500267e+02 -1.478500267e+02
65047 0 +4.417029556e-02 -1.478558297e+02 -1.478558297e+02
68539 0 +3.969950012e-02 -1.478603005e+02 -1.478603005e+02
74016 0 +3.526130124e-02 -1.478647387e+02 -1.478647387e+02
77587 0 +3.161172646e-02 -1.478683883e+02 -1.478683883e+02
200048 0 +3.010272351e-02 -1.478698973e+02 -1.478698973e+02
% f evaluations | g evaluations | best noise-free fitness - Fopt (4.817100000000e+02) + sum g_i+ | measured fitness | best measured fitness or single-digit g-values | x1 | x2...
1 0 +6.339057873e+01 +5.451005787e+02 +5.451005787e+02
4 0 +3.842463289e+01 +5.201346329e+02 +5.201346329e+02
6 0 +2.136411278e+01 +5.030741128e+02 +5.030741128e+02
22 0 +1.927666651e+01 +5.009866665e+02 +5.009866665e+02
95 0 +1.582328287e+01 +4.975332829e+02 +4.975332829e+02
129 0 +1.349274069e+01 +4.952027407e+02 +4.952027407e+02
181 0 +1.134817892e+01 +4.930581789e+02 +4.930581789e+02
194 0 +1.078675686e+01 +4.924967569e+02 +4.924967569e+02
304 0 +9.675339350e+00 +4.913853394e+02 +4.913853394e+02
472 0 +8.317959121e+00 +4.900279591e+02 +4.900279591e+02
493 0 +7.431352403e+00 +4.891413524e+02 +4.891413524e+02
556 0 +6.744638301e+00 +4.884546383e+02 +4.884546383e+02
619 0 +6.251869397e+00 +4.879618694e+02 +4.879618694e+02
766 0 +5.496133090e+00 +4.872061331e+02 +4.872061331e+02
5196 0 +3.571497264e+00 +4.852814973e+02 +4.852814973e+02
5259 0 +3.387370395e+00 +4.850973704e+02 +4.850973704e+02
5322 0 +3.077103301e+00 +4.847871033e+02 +4.847871033e+02
5448 0 +2.740546029e+00 +4.844505460e+02 +4.844505460e+02
5511 0 +2.498767535e+00 +4.842087675e+02 +4.842087675e+02
5679 0 +2.211227158e+00 +4.839212272e+02 +4.839212272e+02
5868 0 +1.971473580e+00 +4.836814736e+02 +4.836814736e+02
8734 0 +1.769482747e+00 +4.834794827e+02 +4.834794827e+02
8881 0 +1.583653431e+00 +4.832936534e+02 +4.832936534e+02
9028 0 +1.384050622e+00 +4.830940506e+02 +4.830940506e+02
14426 0 +1.248803106e+00 +4.829588031e+02 +4.829588031e+02
14573 0 +1.100055087e+00 +4.828100551e+02 +4.828100551e+02
18458 0 +9.836300917e-01 +4.826936301e+02 +4.826936301e+02
18521 0 +8.706853096e-01 +4.825806853e+02 +4.825806853e+02
18605 0 +7.934586252e-01 +4.825034586e+02 +4.825034586e+02
18920 0 +6.970366853e-01 +4.824070367e+02 +4.824070367e+02
22533 0 +6.300700097e-01 +4.823400700e+02 +4.823400700e+02
22743 0 +5.444229641e-01 +4.822544230e+02 +4.822544230e+02
22764 0 +4.975577841e-01 +4.822075578e+02 +4.822075578e+02
22932 0 +4.396744360e-01 +4.821496744e+02 +4.821496744e+02
25684 0 +3.955773286e-01 +4.821055773e+02 +4.821055773e+02
25789 0 +3.548087302e-01 +4.820648087e+02 +4.820648087e+02
26104 0 +3.116959922e-01 +4.820216960e+02 +4.820216960e+02
26209 0 +2.767263188e-01 +4.819867263e+02 +4.819867263e+02
28688 0 +2.402627200e-01 +4.819502627e+02 +4.819502627e+02
29045 0 +2.232031393e-01 +4.819332031e+02 +4.819332031e+02
29297 0 +1.993809340e-01 +4.819093809e+02 +4.819093809e+02
31839 0 +1.759529931e-01 +4.818859530e+02 +4.818859530e+02
34906 0 +1.580941021e-01 +4.818680941e+02 +4.818680941e+02
35074 0 +1.372993755e-01 +4.818472994e+02 +4.818472994e+02
35515 0 +1.238979640e-01 +4.818338980e+02 +4.818338980e+02
35746 0 +1.117412207e-01 +4.818217412e+02 +4.818217412e+02
45240 0 +9.883447808e-02 +4.818088345e+02 +4.818088345e+02
50891 0 +8.903057210e-02 +4.817990306e+02 +4.817990306e+02
56835 0 +7.939986874e-02 +4.817893999e+02 +4.817893999e+02
200313 0 +7.839391864e-02 +4.817883939e+02 +4.817883939e+02
% f evaluations | g evaluations | best noise-free fitness - Fopt (-3.646000000000e+01) + sum g_i+ | measured fitness | best measured fitness or single-digit g-values | x1 | x2...
1 0 +5.005120368e+01 +1.359120368e+01 +1.359120368e+01
4 0 +3.826437121e+01 +1.804371209e+00 +1.804371209e+00
61 0 +2.331131073e+01 -1.314868927e+01 -1.314868927e+01
76 0 +1.880039951e+01 -1.765960049e+01 -1.765960049e+01
283 0 +1.500575488e+01 -2.145424512e+01 -2.145424512e+01
325 0 +1.338910949e+01 -2.307089051e+01 -2.307089051e+01
388 0 +1.251377120e+01 -2.394622880e+01 -2.394622880e+01
451 0 +9.576522020e+00 -2.688347798e+01 -2.688347798e+01
661 0 +8.882474091e+00 -2.757752591e+01 -2.757752591e+01
5459 0 +7.760766642e+00 -2.869923336e+01 -2.869923336e+01
5606 0 +7.073509557e+00 -2.938649044e+01 -2.938649044e+01
5774 0 +6.186371518e+00 -3.027362848e+01 -3.027362848e+01
8437 0 +4.278167709e+00 -3.218183229e+01 -3.218183229e+01
8577 0 +3.860210897e+00 -3.259978910e+01 -3.259978910e+01
8619 0 +3.489364532e+00 -3.297063547e+01 -3.297063547e+01
8724 0 +3.158752432e+00 -3.330124757e+01 -3.330124757e+01
8808 0 +2.745693664e+00 -3.371430634e+01 -3.371430634e+01
8913 0 +2.484725395e+00 -3.397527461e+01 -3.397527461e+01
16475 0 +2.208415000e+00 -3.425158500e+01 -3.425158500e+01
16706 0 +1.989447137e+00 -3.447055286e+01 -3.447055286e+01
19930 0 +1.775362710e+00 -3.468463729e+01 -3.468463729e+01
19941 0 +1.247043620e+00 -3.521295638e+01 -3.521295638e+01
20088 0 +1.066189782e+00 -3.539381022e+01 -3.539381022e+01
20424 0 +9.999125107e-01 -3.546008749e+01 -3.546008749e+01
20571 0 +8.826649331e-01 -3.557733507e+01 -3.557733507e+01
27938 0 +7.783406787e-01 -3.568165932e+01 -3.568165932e+01
28279 0 +7.034825305e-01 -3.575651747e+01 -3.575651747e+01
28426 0 +6.182251372e-01 -3.584177486e+01 -3.584177486e+01
28531 0 +5.602339504e-01 -3.589976605e+01 -3.589976605e+01
32373 0 +4.938280773e-01 -3.596617192e+01 -3.596617192e+01
35125 0 +4.455856329e-01 -3.601441437e+01 -3.601441437e+01
35482 0 +3.980775126e-01 -3.606192249e+01 -3.606192249e+01
43233 0 +3.539138565e-01 -3.610608614e+01 -3.610608614e+01
43653 0 +3.160227438e-01 -3.614397726e+01 -3.614397726e+01
65181 0 +2.817303759e-01 -3.617826962e+01 -3.617826962e+01
200681 0 +2.739839599e-01 -3.618601604e+01 -3.618601604e+01
% f evaluations | g evaluations | best noise-free fitness - Fopt (3.920000000000e+01) + sum g_i+ | measured fitness | best measured fitness or single-digit g-values | x1 | x2...
1 0 +1.539717636e+02 +1.931717636e+02 +1.931717636e+02
2 0 +8.928465178e+01 +1.284846518e+02 +1.284846518e+02
3 0 +8.269137372e+01 +1.218913737e+02 +1.218913737e+02
14 0 +7.409077130e+01 +1.132907713e+02 +1.132907713e+02
16 0 +6.788668209e+01 +1.070866821e+02 +1.070866821e+02
37 0 +4.873738089e+01 +8.793738089e+01 +8.793738089e+01
57 0 +3.668715816e+01 +7.588715816e+01 +7.588715816e+01
94 0 +3.151304343e+01 +7.071304343e+01 +7.071304343e+01
103 0 +2.404637923e+01 +6.324637923e+01 +6.324637923e+01
113 0 +2.193984218e+01 +6.113984218e+01 +6.113984218e+01
123 0 +1.765530933e+01 +5.685530933e+01 +5.685530933e+01
189 0 +1.508052637e+01 +5.428052637e+01 +5.428052637e+01
241 0 +1.349072989e+01 +5.269072989e+01 +5.269072989e+01
304 0 +1.219653631e+01 +5.139653631e+01 +5.139653631e+01
388 0 +1.113292800e+01 +5.033292800e+01 +5.033292800e+01
661 0 +9.985071042e+00 +4.918507104e+01 +4.918507104e+01
787 0 +8.869038344e+00 +4.806903834e+01 +4.806903834e+01
913 0 +7.854629926e+00 +4.705462993e+01 +4.705462993e+01
1144 0 +7.073332709e+00 +4.627333271e+01 +4.627333271e+01
4526 0 +6.131948382e+00 +4.533194838e+01 +4.533194838e+01
4631 0 +5.564681939e+00 +4.476468194e+01 +4.476468194e+01
4736 0 +4.650835885e+00 +4.385083588e+01 +4.385083588e+01
4778 0 +4.367528817e+00 +4.356752882e+01 +4.356752882e+01
4841 0 +3.940738891e+00 +4.314073889e+01 +4.314073889e+01
4946 0 +3.513179364e+00 +4.271317936e+01 +4.271317936e+01
7635 0 +3.024442662e+00 +4.222444266e+01 +4.222444266e+01
7761 0 +2.806042607e+00 +4.200604261e+01 +4.200604261e+01
12046 0 +2.463512456e+00 +4.166351246e+01 +4.166351246e+01
12634 0 +2.237915036e+00 +4.143791504e+01 +4.143791504e+01
15386 0 +1.593164979e+00 +4.079316498e+01 +4.079316498e+01
15407 0 +1.512492670e+00 +4.071249267e+01 +4.071249267e+01
15449 0 +1.392308938e+00 +4.059230894e+01 +4.059230894e+01
15638 0 +1.234685136e+00 +4.043468514e+01 +4.043468514e+01
15806 0 +1.112581914e+00 +4.031258191e+01 +4.031258191e+01
15932 0 +9.966896780e-01 +4.019668968e+01 +4.019668968e+01
19398 0 +8.907544110e-01 +4.009075441e+01 +4.009075441e+01
19524 0 +7.887224509e-01 +3.998872245e+01 +3.998872245e+01
23011 0 +6.810078757e-01 +3.988100788e+01 +3.988100788e+01
23179 0 +6.276844464e-01 +3.982768445e+01 +3.982768445e+01
26120 0 +5.541299603e-01 +3.975412996e+01 +3.975412996e+01
26288 0 +5.010432989e-01 +3.970104330e+01 +3.970104330e+01
27023 0 +4.462483034e-01 +3.964624830e+01 +3.964624830e+01
29775 0 +3.945225226e-01 +3.959452252e+01 +3.959452252e+01
29943 0 +3.512835614e-01 +3.955128356e+01 +3.955128356e+01
32275 0 +3.160660166e-01 +3.951606602e+01 +3.951606602e+01
37648 0 +2.653424793e-01 +3.946534248e+01 +3.946534248e+01
37841 0 +2.471457561e-01 +3.944714576e+01 +3.944714576e+01
38282 0 +2.225303152e-01 +3.942253032e+01 +3.942253032e+01
41433 0 +1.991478054e-01 +3.939914781e+01 +3.939914781e+01
43785 0 +1.764349874e-01 +3.937643499e+01 +3.937643499e+01
200132 0 +1.616243469e-01 +3.936162435e+01 +3.936162435e+01
% f evaluations | g evaluations | best noise-free fitness - Fopt (-3.225000000000e+01) + sum g_i+ | measured fitness | best measured fitness or single-digit g-values | x1 | x2...
1 0 +5.022255712e+02 +4.699755712e+02 +4.699755712e+02
2 0 +2.332228044e+02 +2.009728044e+02 +2.009728044e+02
4 0 +6.861308913e+01 +3.636308913e+01 +3.636308913e+01
28 0 +5.922868022e+01 +2.697868022e+01 +2.697868022e+01
48 0 +5.447777353e+01 +2.222777353e+01 +2.222777353e+01
55 0 +4.994598747e+01 +1.769598747e+01 +1.769598747e+01
69 0 +3.927399770e+01 +7.023997702e+00 +7.023997702e+00
99 0 +2.700752072e+01 -5.242479275e+00 -5.242479275e+00
171 0 +2.315982068e+01 -9.090179316e+00 -9.090179316e+00
195 0 +2.172619296e+01 -1.052380704e+01 -1.052380704e+01
198 0 +1.857956001e+01 -1.367043999e+01 -1.367043999e+01
241 0 +1.230130254e+01 -1.994869746e+01 -1.994869746e+01
388 0 +1.100817615e+01 -2.124182385e+01 -2.124182385e+01
451 0 +9.859767910e+00 -2.239023209e+01 -2.239023209e+01
577 0 +8.744174880e+00 -2.350582512e+01 -2.350582512e+01
787 0 +7.902085373e+00 -2.434791463e+01 -2.434791463e+01
3758 0 +6.104961304e+00 -2.614503870e+01 -2.614503870e+01
3800 0 +5.491395946e+00 -2.675860405e+01 -2.675860405e+01
3863 0 +4.669232749e+00 -2.758076725e+01 -2.758076725e+01
3884 0 +3.908242002e+00 -2.834175800e+01 -2.834175800e+01
3947 0 +3.517135694e+00 -2.873286431e+01 -2.873286431e+01
4031 0 +3.128708473e+00 -2.912129153e+01 -2.912129153e+01
4220 0 +2.773218384e+00 -2.947678162e+01 -2.947678162e+01
6762 0 +1.692329078e+00 -3.055767092e+01 -3.055767092e+01
6888 0 +1.569893562e+00 -3.068010644e+01 -3.068010644e+01
6972 0 +1.357910533e+00 -3.089208947e+01 -3.089208947e+01
7056 0 +1.217951019e+00 -3.103204898e+01 -3.103204898e+01
7203 0 +1.116827037e+00 -3.113317296e+01 -3.113317296e+01
13147 0 +9.981793784e-01 -3.125182062e+01 -3.125182062e+01
16592 0 +8.723510951e-01 -3.137764890e+01 -3.137764890e+01
16697 0 +7.612308107e-01 -3.148876919e+01 -3.148876919e+01
16760 0 +7.041278258e-01 -3.154587217e+01 -3.154587217e+01
16844 0 +6.206849032e-01 -3.162931510e+01 -3.162931510e+01
16886 0 +5.574492184e-01 -3.169255078e+01 -3.169255078e+01
24175 0 +4.231478988e-01 -3.182685210e+01 -3.182685210e+01
24343 0 +3.894348176e-01 -3.186056518e+01 -3.186056518e+01
24385 0 +3.495346288e-01 -3.190046537e+01 -3.190046537e+01
24490 0 +3.086231372e-01 -3.194137686e+01 -3.194137686e+01
24721 0 +2.818058076e-01 -3.196819419e+01 -3.196819419e+01
30127 0 +2.375686539e-01 -3.201243135e+01 -3.201243135e+01
30351 0 +2.220609135e-01 -3.202793909e+01 -3.202793909e+01
30582 0 +1.942353049e-01 -3.205576470e+01 -3.205576470e+01
30792 0 +1.765580821e-01 -3.207344192e+01 -3.207344192e+01
36840 0 +1.534657112e-01 -3.209653429e+01 -3.209653429e+01
37029 0 +1.401925362e-01 -3.210980746e+01 -3.210980746e+01
41776 0 +1.253835465e-01 -3.212461645e+01 -3.212461645e+01
48644 0 +1.120554602e-01 -3.213794454e+01 -3.213794454e+01
51375 0 +9.963291387e-02 -3.215036709e+01 -3.215036709e+01
200162 0 +9.171255612e-02 -3.215828744e+01 -3.215828744e+01
% f evaluations | g evaluations | best noise-free fitness - Fopt (3.681200000000e+02) + sum g_i+ | measured fitness | best measured fitness or single-digit g-values | x1 | x2...
1 0 +6.482800389e+01 +4.329480039e+02 +4.329480039e+02
7 0 +4.793893487e+01 +4.160589349e+02 +4.160589349e+02
14 0 +4.254833633e+01 +4.106683363e+02 +4.106683363e+02
39 0 +3.436240190e+01 +4.024824019e+02 +4.024824019e+02
74 0 +3.010709915e+01 +3.982270991e+02 +3.982270991e+02
116 0 +2.547093062e+01 +3.935909306e+02 +3.935909306e+02
148 0 +2.272750021e+01 +3.908475002e+02 +3.908475002e+02
163 0 +1.978940052e+01 +3.879094005e+02 +3.879094005e+02
174 0 +1.760266696e+01 +3.857226670e+02 +3.857226670e+02
283 0 +1.529766231e+01 +3.834176623e+02 +3.834176623e+02
304 0 +1.287209050e+01 +3.809920905e+02 +3.809920905e+02
325 0 +1.165859772e+01 +3.797785977e+02 +3.797785977e+02
409 0 +1.121394865e+01 +3.793339487e+02 +3.793339487e+02
577 0 +9.901903317e+00 +3.780219033e+02 +3.780219033e+02
703 0 +8.481431835e+00 +3.766014318e+02 +3.766014318e+02
766 0 +7.822412309e+00 +3.759424123e+02 +3.759424123e+02
955 0 +7.068675352e+00 +3.751886754e+02 +3.751886754e+02
5702 0 +6.303216458e+00 +3.744232165e+02 +3.744232165e+02
8631 0 +5.479075887e+00 +3.735990759e+02 +3.735990759e+02
8715 0 +4.888173591e+00 +3.730081736e+02 +3.730081736e+02
8736 0 +4.451832059e+00 +3.725718321e+02 +3.725718321e+02
9030 0 +3.956945983e+00 +3.720769460e+02 +3.720769460e+02
13714 0 +3.485988423e+00 +3.716059884e+02 +3.716059884e+02
13756 0 +3.084494316e+00 +3.712044943e+02 +3.712044943e+02
13861 0 +2.818311293e+00 +3.709383113e+02 +3.709383113e+02
14008 0 +2.396715070e+00 +3.705167151e+02 +3.705167151e+02
14239 0 +2.224051888e+00 +3.703440519e+02 +3.703440519e+02
18923 0 +1.977880272e+00 +3.700978803e+02 +3.700978803e+02
19175 0 +1.759139374e+00 +3.698791394e+02 +3.698791394e+02
21933 0 +1.535264931e+00 +3.696552649e+02 +3.696552649e+02
22115 0 +1.363833686e+00 +3.694838337e+02 +3.694838337e+02
22241 0 +1.253227891e+00 +3.693732279e+02 +3.693732279e+02
22346 0 +1.085882031e+00 +3.692058820e+02 +3.692058820e+02
22451 0 +9.738200941e-01 +3.690938201e+02 +3.690938201e+02
22577 0 +8.879444853e-01 +3.690079445e+02 +3.690079445e+02
26420 0 +7.915683708e-01 +3.689115684e+02 +3.689115684e+02
26714 0 +7.034914391e-01 +3.688234914e+02 +3.688234914e+02
29003 0 +6.296122269e-01 +3.687496122e+02 +3.687496122e+02
31881 0 +5.587588696e-01 +3.686787589e+02 +3.686787589e+02
36083 0 +4.797598162e-01 +3.685997598e+02 +3.685997598e+02
38940 0 +4.465700195e-01 +3.685665700e+02 +3.685665700e+02
200595 0 +4.197688669e-01 +3.685397689e+02 +3.685397689e+02
% f evaluations | g evaluations | best noise-free fitness - Fopt (4.739000000000e+01) + sum g_i+ | measured fitness | best measured fitness or single-digit g-values | x1 | x2...
1 0 +1.089595825e+02 +1.563495825e+02 +1.563495825e+02
2 0 +8.645215894e+01 +1.338421589e+02 +1.338421589e+02
3 0 +4.319946467e+01 +9.058946467e+01 +9.058946467e+01
20 0 +3.753794808e+01 +8.492794808e+01 +8.492794808e+01
32 0 +3.407647228e+01 +8.146647228e+01 +8.146647228e+01
74 0 +2.449459736e+01 +7.188459736e+01 +7.188459736e+01
206 0 +2.176364176e+01 +6.915364176e+01 +6.915364176e+01
283 0 +1.897446061e+01 +6.636446061e+01 +6.636446061e+01
325 0 +1.764518886e+01 +6.503518886e+01 +6.503518886e+01
388 0 +1.574081532e+01 +6.313081532e+01 +6.313081532e+01
514 0 +1.387758717e+01 +6.126758717e+01 +6.126758717e+01
640 0 +1.249513876e+01 +5.988513876e+01 +5.988513876e+01
1081 0 +1.119758959e+01 +5.858758959e+01 +5.858758959e+01
3118 0 +7.111750603e+00 +5.450175060e+01 +5.450175060e+01
3139 0 +6.322716087e+00 +5.371271609e+01 +5.371271609e+01
3160 0 +5.731845918e+00 +5.312184592e+01 +5.312184592e+01
3202 0 +5.572615232e+00 +5.296261523e+01 +5.296261523e+01
3244 0 +4.998349866e+00 +5.238834987e+01 +5.238834987e+01
3286 0 +4.434615855e+00 +5.182461585e+01 +5.182461585e+01
3538 0 +3.971620711e+00 +5.136162071e+01 +5.136162071e+01
9344 0 +3.517683714e+00 +5.090768371e+01 +5.090768371e+01
9491 0 +3.119759488e+00 +5.050975949e+01 +5.050975949e+01
9680 0 +2.781162030e+00 +5.017116203e+01 +5.017116203e+01
12747 0 +2.506528715e+00 +4.989652872e+01 +4.989652872e+01
17557 0 +1.195730920e+00 +4.858573092e+01 +4.858573092e+01
17788 0 +1.049596150e+00 +4.843959615e+01 +4.843959615e+01
17914 0 +9.905411881e-01 +4.838054119e+01 +4.838054119e+01
18355 0 +8.909716634e-01 +4.828097166e+01 +4.828097166e+01
22998 0 +7.269711471e-01 +4.811697115e+01 +4.811697115e+01
23040 0 +6.893430703e-01 +4.807934307e+01 +4.807934307e+01
23061 0 +6.296703252e-01 +4.801967033e+01 +4.801967033e+01
23271 0 +5.534239650e-01 +4.794342396e+01 +4.794342396e+01
23544 0 +4.902068134e-01 +4.788020681e+01 +4.788020681e+01
26674 0 +4.427788891e-01 +4.783277889e+01 +4.783277889e+01
26968 0 +3.904840881e-01 +4.778048409e+01 +4.778048409e+01
27010 0 +3.496096719e-01 +4.773960967e+01 +4.773960967e+01
27073 0 +3.050621126e-01 +4.769506211e+01 +4.769506211e+01
29384 0 +2.807584646e-01 +4.767075846e+01 +4.767075846e+01
29804 0 +2.507913708e-01 +4.764079137e+01 +4.764079137e+01
34509 0 +2.234721289e-01 +4.761347213e+01 +4.761347213e+01
36379 0 +1.985319221e-01 +4.758853192e+01 +4.758853192e+01
36568 0 +1.766733870e-01 +4.756667339e+01 +4.756667339e+01
39340 0 +1.581933711e-01 +4.754819337e+01 +4.754819337e+01
41672 0 +1.409603647e-01 +4.753096036e+01 +4.753096036e+01
47974 0 +1.255434693e-01 +4.751554347e+01 +4.751554347e+01
200483 0 +1.199912349e-01 +4.750999123e+01 +4.750999123e+01
% f evaluations | g evaluations | best noise-free fitness - Fopt (-3.428900000000e+02) + sum g_i+ | measured fitness | best measured fitness or single-digit g-values | x1 | x2...
1 0 +8.936494576e+01 -2.535250542e+02 -2.535250542e+02
2 0 +6.218642776e+01 -2.807035722e+02 -2.807035722e+02
10 0 +4.563967758e+01 -2.972503224e+02 -2.972503224e+02
13 0 +4.307448443e+01 -2.998155156e+02 -2.998155156e+02
15 0 +3.775347909e+01 -3.051365209e+02 -3.051365209e+02
31 0 +2.771753226e+01 -3.151724677e+02 -3.151724677e+02
80 0 +2.444834528e+01 -3.184416547e+02 -3.184416547e+02
141 0 +2.136475398e+01 -3.215252460e+02 -3.215252460e+02
262 0 +1.664839144e+01 -3.262416086e+02 -3.262416086e+02
346 0 +1.425216378e+01 -3.286378362e+02 -3.286378362e+02
388 0 +1.389299499e+01 -3.289970050e+02 -3.289970050e+02
451 0 +1.199118487e+01 -3.308988151e+02 -3.308988151e+02
535 0 +1.104153694e+01 -3.318484631e+02 -3.318484631e+02
787 0 +9.935771952e+00 -3.329542280e+02 -3.329542280e+02
2930 0 +7.572434500e+00 -3.353175655e+02 -3.353175655e+02
2993 0 +6.921425295e+00 -3.359685747e+02 -3.359685747e+02
3182 0 +6.028474594e+00 -3.368615254e+02 -3.368615254e+02
3371 0 +5.549571888e+00 -3.373404281e+02 -3.373404281e+02
3602 0 +4.966982118e+00 -3.379230179e+02 -3.379230179e+02
5565 0 +4.319750742e+00 -3.385702493e+02 -3.385702493e+02
5628 0 +3.807995873e+00 -3.390820041e+02 -3.390820041e+02
5775 0 +3.505124225e+00 -3.393848758e+02 -3.393848758e+02
7971 0 +3.087160788e+00 -3.398028392e+02 -3.398028392e+02
8179 0 +2.618961059e+00 -3.402710389e+02 -3.402710389e+02
8221 0 +2.476884685e+00 -3.404131153e+02 -3.404131153e+02
8326 0 +2.170782115e+00 -3.407192179e+02 -3.407192179e+02
8410 0 +1.987243353e+00 -3.409027566e+02 -3.409027566e+02
8620 0 +1.762450992e+00 -3.411275490e+02 -3.411275490e+02
12326 0 +1.578440329e+00 -3.413115597e+02 -3.413115597e+02
12515 0 +1.304332249e+00 -3.415856678e+02 -3.415856678e+02
12557 0 +1.251923856e+00 -3.416380761e+02 -3.416380761e+02
16296 0 +1.117906957e+00 -3.417720930e+02 -3.417720930e+02
16422 0 +9.944530875e-01 -3.418955469e+02 -3.418955469e+02
16569 0 +8.815628606e-01 -3.420084371e+02 -3.420084371e+02
16716 0 +7.850664442e-01 -3.421049336e+02 -3.421049336e+02
16863 0 +7.031419821e-01 -3.421868580e+02 -3.421868580e+02
19510 0 +6.213483010e-01 -3.422686517e+02 -3.422686517e+02
21825 0 +4.895727163e-01 -3.424004273e+02 -3.424004273e+02
22408 0 +4.400994155e-01 -3.424499006e+02 -3.424499006e+02
22555 0 +3.965659845e-01 -3.424934340e+02 -3.424934340e+02
26882 0 +3.441229141e-01 -3.425458771e+02 -3.425458771e+02
26966 0 +3.138366851e-01 -3.425761633e+02 -3.425761633e+02
32745 0 +2.811267926e-01 -3.426088732e+02 -3.426088732e+02
33014 0 +2.450388509e-01 -3.426449611e+02 -3.426449611e+02
33266 0 +2.228327777e-01 -3.426671672e+02 -3.426671672e+02
33560 0 +1.993050413e-01 -3.426906950e+02 -3.426906950e+02
36942 0 +1.776563025e-01 -3.427123437e+02 -3.427123437e+02
45191 0 +1.575112112e-01 -3.427324888e+02 -3.427324888e+02
45865 0 +1.412053095e-01 -3.427487947e+02 -3.427487947e+02
51600 0 +1.258213664e-01 -3.427641786e+02 -3.427641786e+02
200812 0 +1.241454104e-01 -3.427658546e+02 -3.427658546e+02
% f evaluations | g evaluations | best noise-free fitness - Fopt (9.102000000000e+01) + sum g_i+ | measured fitness | best measured fitness or single-digit g-values | x1 | x2...
1 0 +7.691164707e+01 +1.679316471e+02 +1.679316471e+02
5 0 +7.684144981e+01 +1.678614498e+02 +1.678614498e+02
13 0 +5.370571560e+01 +1.447257156e+02 +1.447257156e+02
25 0 +4.309049338e+01 +1.341104934e+02 +1.341104934e+02
29 0 +3.292984390e+01 +1.239498439e+02 +1.239498439e+02
58 0 +2.938947858e+01 +1.204094786e+02 +1.204094786e+02
76 0 +2.681534942e+01 +1.178353494e+02 +1.178353494e+02
137 0 +2.197437184e+01 +1.129943718e+02 +1.129943718e+02
186 0 +1.742635976e+01 +1.084463598e+02 +1.084463598e+02
200 0 +1.488984333e+01 +1.059098433e+02 +1.059098433e+02
283 0 +1.170040655e+01 +1.027204066e+02 +1.027204066e+02
304 0 +1.064832978e+01 +1.016683298e+02 +1.016683298e+02
325 0 +9.506028895e+00 +1.005260289e+02 +1.005260289e+02
346 0 +8.791652060e+00 +9.981165206e+01 +9.981165206e+01
451 0 +7.930680811e+00 +9.895068081e+01 +9.895068081e+01
535 0 +7.077906089e+00 +9.809790609e+01 +9.809790609e+01
1522 0 +6.309528561e+00 +9.732952856e+01 +9.732952856e+01
8243 0 +5.483548678e+00 +9.650354868e+01 +9.650354868e+01
8348 0 +5.001545112e+00 +9.602154511e+01 +9.602154511e+01
8579 0 +4.466336783e+00 +9.548633678e+01 +9.548633678e+01
12549 0 +3.653284998e+00 +9.467328500e+01 +9.467328500e+01
12591 0 +3.342787127e+00 +9.436278713e+01 +9.436278713e+01
12612 0 +2.932852341e+00 +9.395285234e+01 +9.395285234e+01
12717 0 +2.764373137e+00 +9.378437314e+01 +9.378437314e+01
15994 0 +2.501145756e+00 +9.352114576e+01 +9.352114576e+01
16162 0 +2.236282030e+00 +9.325628203e+01 +9.325628203e+01
16246 0 +1.871368578e+00 +9.289136858e+01 +9.289136858e+01
16393 0 +1.774577279e+00 +9.279457728e+01 +9.279457728e+01
23480 0 +1.578806588e+00 +9.259880659e+01 +9.259880659e+01
23585 0 +1.320261073e+00 +9.234026107e+01 +9.234026107e+01
23711 0 +1.254830142e+00 +9.227483014e+01 +9.227483014e+01
23900 0 +1.112808937e+00 +9.213280894e+01 +9.213280894e+01
27177 0 +9.994485067e-01 +9.201944851e+01 +9.201944851e+01
27345 0 +8.869354776e-01 +9.190693548e+01 +9.190693548e+01
33940 0 +7.215322295e-01 +9.174153223e+01 +9.174153223e+01
34003 0 +7.061815531e-01 +9.172618155e+01 +9.172618155e+01
34171 0 +6.258211233e-01 +9.164582112e+01 +9.164582112e+01
37573 0 +5.576689778e-01 +9.157766898e+01 +9.157766898e+01
38014 0 +4.967994947e-01 +9.151679949e+01 +9.151679949e+01
42342 0 +4.453119899e-01 +9.146531199e+01 +9.146531199e+01
43056 0 +3.981010175e-01 +9.141810102e+01 +9.141810102e+01
48307 0 +3.542577299e-01 +9.137425773e+01 +9.137425773e+01
200960 0 +3.270875757e-01 +9.134708758e+01 +9.134708758e+01
% f evaluations | g evaluations | best noise-free fitness - Fopt (7.324200000000e+02) + sum g_i+ | measured fitness | best measured fitness or single-digit g-values | x1 | x2...
1 0 +9.710738995e+01 +8.295273899e+02 +8.295273899e+02
2 0 +4.809303017e+01 +7.805130302e+02 +7.805130302e+02
47 0 +4.415569368e+01 +7.765756937e+02 +7.765756937e+02
62 0 +3.955775366e+01 +7.719777537e+02 +7.719777537e+02
68 0 +2.897427953e+01 +7.613942795e+02 +7.613942795e+02
95 0 +2.332893463e+01 +7.557489346e+02 +7.557489346e+02
139 0 +2.114488153e+01 +7.535648815e+02 +7.535648815e+02
169 0 +1.947589816e+01 +7.518958982e+02 +7.518958982e+02
196 0 +1.641448234e+01 +7.488344823e+02 +7.488344823e+02
197 0 +1.200206297e+01 +7.444220630e+02 +7.444220630e+02
472 0 +1.119163617e+01 +7.436116362e+02 +7.436116362e+02
682 0 +9.973810401e+00 +7.423938104e+02 +7.423938104e+02
4476 0 +8.688685790e+00 +7.411086858e+02 +7.411086858e+02
4496 0 +7.284833319e+00 +7.397048333e+02 +7.397048333e+02
4541 0 +6.317211267e+00 +7.387372113e+02 +7.387372113e+02
4661 0 +6.165919978e+00 +7.385859200e+02 +7.385859200e+02
4703 0 +5.520481263e+00 +7.379404813e+02 +7.379404813e+02
4808 0 +4.848299931e+00 +7.372682999e+02 +7.372682999e+02
4850 0 +4.400312393e+00 +7.368203124e+02 +7.368203124e+02
5018 0 +3.879479359e+00 +7.362994794e+02 +7.362994794e+02
5102 0 +3.521261383e+00 +7.359412614e+02 +7.359412614e+02
6828 0 +3.105650641e+00 +7.355256506e+02 +7.355256506e+02
7023 0 +2.753102381e+00 +7.351731024e+02 +7.351731024e+02
7065 0 +2.408354518e+00 +7.348283545e+02 +7.348283545e+02
7170 0 +2.223494318e+00 +7.346434943e+02 +7.346434943e+02
7317 0 +1.949961606e+00 +7.343699616e+02 +7.343699616e+02
7653 0 +1.777403735e+00 +7.341974037e+02 +7.341974037e+02
10267 0 +1.560287915e+00 +7.339802879e+02 +7.339802879e+02
10603 0 +1.411664211e+00 +7.338316642e+02 +7.338316642e+02
13017 0 +1.177205510e+00 +7.335972055e+02 +7.335972055e+02
13175 0 +1.108895625e+00 +7.335288956e+02 +7.335288956e+02
13343 0 +9.845996226e-01 +7.334045996e+02 +7.334045996e+02
13532 0 +8.838185070e-01 +7.333038185e+02 +7.333038185e+02
13700 0 +7.866391292e-01 +7.332066391e+02 +7.332066391e+02
13868 0 +7.024724259e-01 +7.331224724e+02 +7.331224724e+02
15595 0 +5.350717196e-01 +7.329550717e+02 +7.329550717e+02
15747 0 +4.958311489e-01 +7.329158311e+02 +7.329158311e+02
15894 0 +4.237437128e-01 +7.328437437e+02 +7.328437437e+02
15999 0 +3.931284414e-01 +7.328131284e+02 +7.328131284e+02
16251 0 +3.521965359e-01 +7.327721965e+02 +7.327721965e+02
16734 0 +3.161232610e-01 +7.327361233e+02 +7.327361233e+02
22760 0 +2.677982279e-01 +7.326877982e+02 +7.326877982e+02
22865 0 +2.509313877e-01 +7.326709314e+02 +7.326709314e+02
23222 0 +2.192304888e-01 +7.326392305e+02 +7.326392305e+02
23327 0 +1.972786091e-01 +7.326172786e+02 +7.326172786e+02
25995 0 +1.744062494e-01 +7.325944062e+02 +7.325944062e+02
26289 0 +1.572163826e-01 +7.325772164e+02 +7.325772164e+02
26352 0 +1.393688026e-01 +7.325593688e+02 +7.325593688e+02
29272 0 +1.244695260e-01 +7.325444695e+02 +7.325444695e+02
32738 0 +1.121304871e-01 +7.325321305e+02 +7.325321305e+02
33179 0 +9.998627917e-02 +7.325199863e+02 +7.325199863e+02
36897 0 +8.912381225e-02 +7.325091238e+02 +7.325091238e+02
40951 0 +7.939280121e-02 +7.324993928e+02 +7.324993928e+02
49709 0 +7.062195265e-02 +7.324906220e+02 +7.324906220e+02
200227 0 +6.781834531e-02 +7.324878183e+02 +7.324878183e+02
% f evaluations | g evaluations | best noise-free fitness - Fopt (3.542000000000e+01) + sum g_i+ | measured fitness | best measured fitness or single-digit g-values | x1 | x2...
1 0 +6.508479886e+01 +1.005047989e+02 +1.005047989e+02
4 0 +5.753790386e+01 +9.295790386e+01 +9.295790386e+01
6 0 +3.556865581e+01 +7.098865581e+01 +7.098865581e+01
27 0 +3.020012776e+01 +6.562012776e+01 +6.562012776e+01
101 0 +2.772934939e+01 +6.314934939e+01 +6.314934939e+01
110 0 +2.157060607e+01 +5.699060607e+01 +5.699060607e+01
180 0 +1.989718018e+01 +5.531718018e+01 +5.531718018e+01
237 0 +1.692301955e+01 +5.234301955e+01 +5.234301955e+01
451 0 +1.517232603e+01 +5.059232603e+01 +5.059232603e+01
556 0 +1.401742658e+01 +4.943742658e+01 +4.943742658e+01
640 0 +1.183184046e+01 +4.725184046e+01 +4.725184046e+01
829 0 +1.119399102e+01 +4.661399102e+01 +4.661399102e+01
2851 0 +9.668461017e+00 +4.508846102e+01 +4.508846102e+01
2941 0 +7.828540618e+00 +4.324854062e+01 +4.324854062e+01
3139 0 +6.816081285e+00 +4.223608129e+01 +4.223608129e+01
3244 0 +6.253990887e+00 +4.167399089e+01 +4.167399089e+01
3475 0 +5.606458269e+00 +4.102645827e+01 +4.102645827e+01
3916 0 +5.002435713e+00 +4.042243571e+01 +4.042243571e+01
7151 0 +3.722777821e+00 +3.914277782e+01 +3.914277782e+01
7256 0 +3.390284379e+00 +3.881028438e+01 +3.881028438e+01
7319 0 +3.140228765e+00 +3.856022877e+01 +3.856022877e+01
7487 0 +2.810202202e+00 +3.823020220e+01 +3.823020220e+01
13158 0 +2.381238568e+00 +3.780123857e+01 +3.780123857e+01
13179 0 +2.172805496e+00 +3.759280550e+01 +3.759280550e+01
13284 0 +1.986251971e+00 +3.740625197e+01 +3.740625197e+01
13368 0 +1.706157150e+00 +3.712615715e+01 +3.712615715e+01
20382 0 +1.583057592e+00 +3.700305759e+01 +3.700305759e+01
24142 0 +1.409025071e+00 +3.682902507e+01 +3.682902507e+01
24205 0 +1.250410140e+00 +3.667041014e+01 +3.667041014e+01
24373 0 +1.116256853e+00 +3.653625685e+01 +3.653625685e+01
24562 0 +9.994951921e-01 +3.641949519e+01 +3.641949519e+01
26777 0 +8.503225821e-01 +3.627032258e+01 +3.627032258e+01
26840 0 +7.928370066e-01 +3.621283701e+01 +3.621283701e+01
27092 0 +7.025474056e-01 +3.612254741e+01 +3.612254741e+01
27281 0 +6.236652932e-01 +3.604366529e+01 +3.604366529e+01
27428 0 +5.544396602e-01 +3.597443966e+01 +3.597443966e+01
27512 0 +5.004221326e-01 +3.592042213e+01 +3.592042213e+01
35116 0 +4.352425799e-01 +3.585524258e+01 +3.585524258e+01
35641 0 +3.980420834e-01 +3.581804208e+01 +3.581804208e+01
38981 0 +3.528632604e-01 +3.577286326e+01 +3.577286326e+01
42447 0 +3.139874103e-01 +3.573398741e+01 +3.573398741e+01
46500 0 +2.781323989e-01 +3.569813240e+01 +3.569813240e+01
46857 0 +2.487147864e-01 +3.566871479e+01 +3.566871479e+01
54502 0 +2.238602145e-01 +3.564386021e+01 +3.564386021e+01
64416 0 +1.995234918e-01 +3.561952349e+01 +3.561952349e+01
70128 0 +1.775190892e-01 +3.559751909e+01 +3.559751909e+01
200932 0 +1.644553774e-01 +3.558445538e+01 +3.558445538e+01
