% f evaluations | g evaluations | best noise-free fitness - Fopt (7.135000000000e+01) + sum g_i+ | measured fitness | best measured fitness or single-digit g-values | x1 | x2...
1 0 +1.104266938e+02 +1.817766938e+02 +1.817766938e+02
2 0 +5.962514649e+01 +1.309751465e+02 +1.309751465e+02
19 0 +5.434697577e+01 +1.256969758e+02 +1.256969758e+02
28 0 +4.518818761e+01 +1.165381876e+02 +1.165381876e+02
33 0 +3.220344855e+01 +1.035534486e+02 +1.035534486e+02
128 0 +3.116941152e+01 +1.025194115e+02 +1.025194115e+02
2148 0 +2.542813447e+01 +9.677813447e+01 +9.677813447e+01
2166 0 +2.203170061e+01 +9.338170061e+01 +9.338170061e+01
5097 0 +1.607917814e+01 +8.742917814e+01 +8.742917814e+01
6181 0 +1.438574624e+01 +8.573574624e+01 +8.573574624e+01
6188 0 +1.083112080e+01 +8.218112080e+01 +8.218112080e+01
7384 0 +8.871112838e+00 +8.022111284e+01 +8.022111284e+01
8503 0 +4.582474097e+00 +7.593247410e+01 +7.593247410e+01
9478 0 +4.172548202e+00 +7.552254820e+01 +7.552254820e+01
12765 0 +3.789301505e+00 +7.513930151e+01 +7.513930151e+01
13963 0 +3.162908790e+00 +7.451290879e+01 +7.451290879e+01
15131 0 +2.846682345e+00 +7.419668234e+01 +7.419668234e+01
16080 0 +2.808929048e+00 +7.415892905e+01 +7.415892905e+01
16108 0 +2.400297145e+00 +7.375029715e+01 +7.375029715e+01
16119 0 +1.876210400e+00 +7.322621040e+01 +7.322621040e+01
17318 0 +1.648744342e+00 +7.299874434e+01 +7.299874434e+01
17362 0 +1.505804613e+00 +7.285580461e+01 +7.285580461e+01
18393 0 +1.379547176e+00 +7.272954718e+01 +7.272954718e+01
22261 0 +1.248517187e+00 +7.259851719e+01 +7.259851719e+01
23401 0 +1.075085763e+00 +7.242508576e+01 +7.242508576e+01
26681 0 +9.638082118e-01 +7.231380821e+01 +7.231380821e+01
28691 0 +8.879381906e-01 +7.223793819e+01 +7.223793819e+01
31998 0 +7.943197168e-01 +7.214431972e+01 +7.214431972e+01
100214 0 +7.156622913e-01 +7.206566229e+01 +7.206566229e+01
% f evaluations | g evaluations | best noise-free fitness - Fopt (-3.552200000000e+02) + sum g_i+ | measured fitness | best measured fitness or single-digit g-values | x1 | x2...
1 0 +6.522939312e+01 -2.899906069e+02 -2.899906069e+02
4 0 +6.473330908e+01 -2.904866909e+02 -2.904866909e+02
14 0 +3.613477433e+01 -3.190852257e+02 -3.190852257e+02
35 0 +2.564468851e+01 -3.295753115e+02 -3.295753115e+02
1902 0 +1.864465920e+01 -3.365753408e+02 -3.365753408e+02
5281 0 +1.345094356e+01 -3.417690564e+02 -3.417690564e+02
5325 0 +1.246567467e+01 -3.427543253e+02 -3.427543253e+02
9794 0 +1.107158364e+01 -3.441484164e+02 -3.441484164e+02
9795 0 +9.322271513e+00 -3.458977285e+02 -3.458977285e+02
10717 0 +6.906055348e+00 -3.483139447e+02 -3.483139447e+02
13128 0 +5.881197505e+00 -3.493388025e+02 -3.493388025e+02
13161 0 +4.410562784e+00 -3.508094372e+02 -3.508094372e+02
14341 0 +3.561669770e+00 -3.516583302e+02 -3.516583302e+02
14348 0 +3.307847499e+00 -3.519121525e+02 -3.519121525e+02
14368 0 +2.759736636e+00 -3.524602634e+02 -3.524602634e+02
15218 0 +2.061187418e+00 -3.531588126e+02 -3.531588126e+02
16164 0 +1.990244075e+00 -3.532297559e+02 -3.532297559e+02
17186 0 +1.702838572e+00 -3.535171614e+02 -3.535171614e+02
18421 0 +1.259750626e+00 -3.539602494e+02 -3.539602494e+02
18476 0 +1.210234715e+00 -3.540097653e+02 -3.540097653e+02
19494 0 +9.217417363e-01 -3.542982583e+02 -3.542982583e+02
19501 0 +8.570771332e-01 -3.543629229e+02 -3.543629229e+02
19524 0 +7.459215126e-01 -3.544740785e+02 -3.544740785e+02
22049 0 +6.996812541e-01 -3.545203187e+02 -3.545203187e+02
23195 0 +6.058959961e-01 -3.546141040e+02 -3.546141040e+02
23265 0 +4.749200455e-01 -3.547450800e+02 -3.547450800e+02
24928 0 +3.686355498e-01 -3.548513645e+02 -3.548513645e+02
25972 0 +3.131937302e-01 -3.549068063e+02 -3.549068063e+02
27144 0 +2.530198477e-01 -3.549669802e+02 -3.549669802e+02
27145 0 +1.838448161e-01 -3.550361552e+02 -3.550361552e+02
27255 0 +1.777377530e-01 -3.550422622e+02 -3.550422622e+02
31741 0 +1.558136436e-01 -3.550641864e+02 -3.550641864e+02
35183 0 +1.360269291e-01 -3.550839731e+02 -3.550839731e+02
35191 0 +1.220697280e-01 -3.550979303e+02 -3.550979303e+02
35214 0 +1.105029128e-01 -3.551094971e+02 -3.551094971e+02
35295 0 +9.921231613e-02 -3.551207877e+02 -3.551207877e+02
38311 0 +8.886755671e-02 -3.551311324e+02 -3.551311324e+02
41591 0 +7.805517144e-02 -3.551419448e+02 -3.551419448e+02
45717 0 +7.074464926e-02 -3.551492554e+02 -3.551492554e+02
100288 0 +6.451077007e-02 -3.551554892e+02 -3.551554892e+02
% f evaluations | g evaluations | best noise-free fitness - Fopt (9.917000000000e+01) + sum g_i+ | measured fitness | best measured fitness or single-digit g-values | x1 | x2...
1 0 +8.130502770e+01 +1.804750277e+02 +1.804750277e+02
2 0 +5.406465927e+01 +1.532346593e+02 +1.532346593e+02
15 0 +3.308046159e+01 +1.322504616e+02 +1.322504616e+02
23 0 +3.131143759e+01 +1.304814376e+02 +1.304814376e+02
26 0 +2.627706773e+01 +1.254470677e+02 +1.254470677e+02
62 0 +2.270318435e+01 +1.218731844e+02 +1.218731844e+02
238 0 +2.238461928e+01 +1.215546193e+02 +1.215546193e+02
4338 0 +1.510341649e+01 +1.142734165e+02 +1.142734165e+02
6342 0 +9.518535617e+00 +1.086885356e+02 +1.086885356e+02
7313 0 +8.669079809e+00 +1.078390798e+02 +1.078390798e+02
8197 0 +7.045707071e+00 +1.062157071e+02 +1.062157071e+02
9146 0 +6.009815569e+00 +1.051798156e+02 +1.051798156e+02
9180 0 +5.425587353e+00 +1.045955874e+02 +1.045955874e+02
10292 0 +4.901091710e+00 +1.040710917e+02 +1.040710917e+02
11318 0 +3.915431925e+00 +1.030854319e+02 +1.030854319e+02
12165 0 +2.661734399e+00 +1.018317344e+02 +1.018317344e+02
12186 0 +2.108543050e+00 +1.012785430e+02 +1.012785430e+02
13400 0 +1.752654413e+00 +1.009226544e+02 +1.009226544e+02
14546 0 +1.563417887e+00 +1.007334179e+02 +1.007334179e+02
14584 0 +1.318356502e+00 +1.004883565e+02 +1.004883565e+02
15533 0 +9.641612588e-01 +1.001341613e+02 +1.001341613e+02
16598 0 +8.056228596e-01 +9.997562286e+01 +9.997562286e+01
18227 0 +7.821820252e-01 +9.995218203e+01 +9.995218203e+01
18230 0 +5.966924441e-01 +9.976669244e+01 +9.976669244e+01
18267 0 +5.327942248e-01 +9.970279422e+01 +9.970279422e+01
19649 0 +4.163473160e-01 +9.958634732e+01 +9.958634732e+01
20814 0 +3.874327068e-01 +9.955743271e+01 +9.955743271e+01
20900 0 +3.545095215e-01 +9.952450952e+01 +9.952450952e+01
22223 0 +2.507611272e-01 +9.942076113e+01 +9.942076113e+01
22250 0 +2.124297716e-01 +9.938242977e+01 +9.938242977e+01
22305 0 +1.833736764e-01 +9.935337368e+01 +9.935337368e+01
22492 0 +1.772204229e-01 +9.934722042e+01 +9.934722042e+01
25342 0 +1.335180276e-01 +9.930351803e+01 +9.930351803e+01
28213 0 +1.219668140e-01 +9.929196681e+01 +9.929196681e+01
28290 0 +1.098546981e-01 +9.927985470e+01 +9.927985470e+01
29705 0 +9.996993050e-02 +9.926996993e+01 +9.926996993e+01
30109 0 +8.820711047e-02 +9.925820711e+01 +9.925820711e+01
32396 0 +7.935253906e-02 +9.924935254e+01 +9.924935254e+01
34693 0 +6.998117151e-02 +9.923998117e+01 +9.923998117e+01
43733 0 +6.304602814e-02 +9.923304603e+01 +9.923304603e+01
100001 0 +5.627715472e-02 +9.922627715e+01 +9.922627715e+01
% f evaluations | g evaluations | best noise-free fitness - Fopt (-5.179100000000e+02) + sum g_i+ | measured fitness | best measured fitness or single-digit g-values | x1 | x2...
1 0 +6.965765182e+01 -4.482523482e+02 -4.482523482e+02
2 0 +5.855374484e+01 -4.593562552e+02 -4.593562552e+02
11 0 +3.429602365e+01 -4.836139764e+02 -4.836139764e+02
40 0 +2.530665776e+01 -4.926033422e+02 -4.926033422e+02
2268 0 +2.156719322e+01 -4.963428068e+02 -4.963428068e+02
16060 0 +1.437022779e+01 -5.035397722e+02 -5.035397722e+02
16104 0 +1.384580687e+01 -5.040641931e+02 -5.040641931e+02
18451 0 +1.246763464e+01 -5.054423654e+02 -5.054423654e+02
19468 0 +1.036126535e+01 -5.075487346e+02 -5.075487346e+02
19477 0 +9.592206268e+00 -5.083177937e+02 -5.083177937e+02
21998 0 +8.045281191e+00 -5.098647188e+02 -5.098647188e+02
22012 0 +6.193517114e+00 -5.117164829e+02 -5.117164829e+02
22018 0 +5.337078168e+00 -5.125729218e+02 -5.125729218e+02
22035 0 +4.085863401e+00 -5.138241366e+02 -5.138241366e+02
22453 0 +3.980202674e+00 -5.139297973e+02 -5.139297973e+02
27174 0 +3.460184714e+00 -5.144498153e+02 -5.144498153e+02
29358 0 +2.789037282e+00 -5.151209627e+02 -5.151209627e+02
30388 0 +2.481470331e+00 -5.154285297e+02 -5.154285297e+02
32383 0 +2.231415445e+00 -5.156785846e+02 -5.156785846e+02
33409 0 +1.789894065e+00 -5.161201059e+02 -5.161201059e+02
33424 0 +1.612283520e+00 -5.162977165e+02 -5.162977165e+02
37589 0 +1.545672266e+00 -5.163643277e+02 -5.163643277e+02
38761 0 +1.265097318e+00 -5.166449027e+02 -5.166449027e+02
38806 0 +1.253215060e+00 -5.166567849e+02 -5.166567849e+02
42260 0 +1.109038386e+00 -5.168009616e+02 -5.168009616e+02
45662 0 +9.969806713e-01 -5.169130193e+02 -5.169130193e+02
50232 0 +8.896652191e-01 -5.170203348e+02 -5.170203348e+02
56039 0 +7.941116454e-01 -5.171158884e+02 -5.171158884e+02
100162 0 +7.418715310e-01 -5.171681285e+02 -5.171681285e+02
% f evaluations | g evaluations | best noise-free fitness - Fopt (-5.721000000000e+01) + sum g_i+ | measured fitness | best measured fitness or single-digit g-values | x1 | x2...
1 0 +9.950499199e+01 +4.229499199e+01 +4.229499199e+01
4 0 +8.197435796e+01 +2.476435796e+01 +2.476435796e+01
7 0 +6.681763545e+01 +9.607635449e+00 +9.607635449e+00
9 0 +5.752685662e+01 +3.168566245e-01 +3.168566245e-01
10 0 +4.146151092e+01 -1.574848908e+01 -1.574848908e+01
35 0 +3.877969590e+01 -1.843030410e+01 -1.843030410e+01
1201 0 +3.339265644e+01 -2.381734356e+01 -2.381734356e+01
2193 0 +2.157861387e+01 -3.563138613e+01 -3.563138613e+01
3220 0 +9.793848317e+00 -4.741615168e+01 -4.741615168e+01
12029 0 +7.317388019e+00 -4.989261198e+01 -4.989261198e+01
19183 0 +6.069832269e+00 -5.114016773e+01 -5.114016773e+01
19192 0 +5.076791914e+00 -5.213320809e+01 -5.213320809e+01
21528 0 +4.283174988e+00 -5.292682501e+01 -5.292682501e+01
21593 0 +3.965813971e+00 -5.324418603e+01 -5.324418603e+01
22720 0 +3.494093989e+00 -5.371590601e+01 -5.371590601e+01
22726 0 +3.098696396e+00 -5.411130360e+01 -5.411130360e+01
22832 0 +2.721324506e+00 -5.448867549e+01 -5.448867549e+01
24443 0 +2.490946205e+00 -5.471905380e+01 -5.471905380e+01
26540 0 +2.191598905e+00 -5.501840110e+01 -5.501840110e+01
30076 0 +1.984442938e+00 -5.522555706e+01 -5.522555706e+01
31320 0 +1.608473562e+00 -5.560152644e+01 -5.560152644e+01
31749 0 +1.584888279e+00 -5.562511172e+01 -5.562511172e+01
37636 0 +1.364489281e+00 -5.584551072e+01 -5.584551072e+01
43677 0 +1.233224485e+00 -5.597677551e+01 -5.597677551e+01
100280 0 +1.132369648e+00 -5.607763035e+01 -5.607763035e+01
% f evaluations | g evaluations | best noise-free fitness - Fopt (6.626000000000e+01) + sum g_i+ | measured fitness | best measured fitness or single-digit g-values | x1 | x2...
1 0 +4.023816695e+01 +1.064981669e+02 +1.064981669e+02
2 0 +3.561371207e+01 +1.018737121e+02 +1.018737121e+02
21 0 +3.309902379e+01 +9.935902379e+01 +9.935902379e+01
22 0 +2.509552169e+01 +9.135552169e+01 +9.135552169e+01
2379 0 +1.970111894e+01 +8.596111894e+01 +8.596111894e+01
3610 0 +1.709050673e+01 +8.335050673e+01 +8.335050673e+01
3624 0 +8.806572022e+00 +7.506657202e+01 +7.506657202e+01
12474 0 +7.599288761e+00 +7.385928876e+01 +7.385928876e+01
12475 0 +2.522389817e+00 +6.878238982e+01 +6.878238982e+01
16991 0 +2.087362907e+00 +6.834736291e+01 +6.834736291e+01
18023 0 +1.983233646e+00 +6.824323365e+01 +6.824323365e+01
18844 0 +1.233234161e+00 +6.749323416e+01 +6.749323416e+01
19647 0 +9.252419466e-01 +6.718524195e+01 +6.718524195e+01
19680 0 +8.432895803e-01 +6.710328958e+01 +6.710328958e+01
20600 0 +5.372880870e-01 +6.679728809e+01 +6.679728809e+01
21991 0 +4.488855312e-01 +6.670888553e+01 +6.670888553e+01
21994 0 +3.622729831e-01 +6.662227298e+01 +6.662227298e+01
22060 0 +3.422335957e-01 +6.660223360e+01 +6.660223360e+01
22836 0 +2.453027822e-01 +6.650530278e+01 +6.650530278e+01
24870 0 +1.749741024e-01 +6.643497410e+01 +6.643497410e+01
26214 0 +1.485106666e-01 +6.640851067e+01 +6.640851067e+01
26219 0 +1.264422393e-01 +6.638644224e+01 +6.638644224e+01
26224 0 +1.183985228e-01 +6.637839852e+01 +6.637839852e+01
26227 0 +9.351863164e-02 +6.635351863e+01 +6.635351863e+01
26348 0 +8.908413933e-02 +6.634908414e+01 +6.634908414e+01
27202 0 +7.725095870e-02 +6.633725096e+01 +6.633725096e+01
27230 0 +6.688034195e-02 +6.632688034e+01 +6.632688034e+01
28370 0 +5.998271214e-02 +6.631998271e+01 +6.631998271e+01
28401 0 +4.085322853e-02 +6.630085323e+01 +6.630085323e+01
28410 0 +2.196014278e-02 +6.628196014e+01 +6.628196014e+01
28487 0 +1.961406208e-02 +6.627961406e+01 +6.627961406e+01
31712 0 +1.539748053e-02 +6.627539748e+01 +6.627539748e+01
31789 0 +1.342013726e-02 +6.627342014e+01 +6.627342014e+01
32766 0 +1.178415544e-02 +6.627178416e+01 +6.627178416e+01
32791 0 +6.730223367e-03 +6.626673022e+01 +6.626673022e+01
33667 0 +5.890755960e-03 +6.626589076e+01 +6.626589076e+01
37533 0 +3.703198071e-03 +6.626370320e+01 +6.626370320e+01
38543 0 +2.474634606e-03 +6.626247463e+01 +6.626247463e+01
39466 0 +2.108206802e-03 +6.626210821e+01 +6.626210821e+01
39506 0 +1.559359770e-03 +6.626155936e+01 +6.626155936e+01
39512 0 +8.972850400e-04 +6.626089729e+01 +6.626089729e+01
39578 0 +7.904279893e-04 +6.626079043e+01 +6.626079043e+01
41375 0 +5.076831502e-04 +6.626050768e+01 +6.626050768e+01
41419 0 +4.967771148e-04 +6.626049678e+01 +6.626049678e+01
41727 0 +4.459574867e-04 +6.626044596e+01 +6.626044596e+01
42522 0 +2.945379982e-04 +6.626029454e+01 +6.626029454e+01
43547 0 +2.648427425e-04 +6.626026484e+01 +6.626026484e+01
44321 0 +2.415694757e-04 +6.626024157e+01 +6.626024157e+01
44347 0 +2.032969111e-04 +6.626020330e+01 +6.626020330e+01
44391 0 +1.934286157e-04 +6.626019343e+01 +6.626019343e+01
44468 0 +1.777176694e-04 +6.626017772e+01 +6.626017772e+01
44501 0 +1.494791480e-04 +6.626014948e+01 +6.626014948e+01
44534 0 +1.364739103e-04 +6.626013647e+01 +6.626013647e+01
44732 0 +1.249195420e-04 +6.626012492e+01 +6.626012492e+01
46970 0 +1.121101746e-04 +6.626011211e+01 +6.626011211e+01
46992 0 +9.523033046e-05 +6.626009523e+01 +6.626009523e+01
47113 0 +8.790908704e-05 +6.626008791e+01 +6.626008791e+01
47256 0 +7.881682026e-05 +6.626007882e+01 +6.626007882e+01
49986 0 +6.096897384e-05 +6.626006097e+01 +6.626006097e+01
50008 0 +5.461398284e-05 +6.626005461e+01 +6.626005461e+01
50052 0 +4.826254946e-05 +6.626004826e+01 +6.626004826e+01
50217 0 +4.459157826e-05 +6.626004459e+01 +6.626004459e+01
52300 0 +3.957800395e-05 +6.626003958e+01 +6.626003958e+01
53023 0 +3.470215991e-05 +6.626003470e+01 +6.626003470e+01
53342 0 +3.117190701e-05 +6.626003117e+01 +6.626003117e+01
53386 0 +2.797451771e-05 +6.626002797e+01 +6.626002797e+01
53584 0 +2.506912089e-05 +6.626002507e+01 +6.626002507e+01
55117 0 +2.149734449e-05 +6.626002150e+01 +6.626002150e+01
55249 0 +1.976811261e-05 +6.626001977e+01 +6.626001977e+01
55872 0 +1.751864818e-05 +6.626001752e+01 +6.626001752e+01
60543 0 +1.571045495e-05 +6.626001571e+01 +6.626001571e+01
100474 0 +1.546305559e-05 +6.626001546e+01 +6.626001546e+01
% f evaluations | g evaluations | best noise-free fitness - Fopt (-1.386200000000e+02) + sum g_i+ | measured fitness | best measured fitness or single-digit g-values | x1 | x2...
1 0 +4.754243173e+01 -9.107756827e+01 -9.107756827e+01
2 0 +3.556505958e+01 -1.030549404e+02 -1.030549404e+02
16 0 +2.469245644e+01 -1.139275436e+02 -1.139275436e+02
1213 0 +1.920482456e+01 -1.194151754e+02 -1.194151754e+02
17461 0 +1.489830365e+01 -1.237216964e+02 -1.237216964e+02
19712 0 +1.396590425e+01 -1.246540958e+02 -1.246540958e+02
20969 0 +1.244132484e+01 -1.261786752e+02 -1.261786752e+02
21909 0 +9.872009082e+00 -1.287479909e+02 -1.287479909e+02
21919 0 +8.640731099e+00 -1.299792689e+02 -1.299792689e+02
21933 0 +5.785205448e+00 -1.328347946e+02 -1.328347946e+02
22994 0 +2.991784821e+00 -1.356282152e+02 -1.356282152e+02
26177 0 +2.707877898e+00 -1.359121221e+02 -1.359121221e+02
26232 0 +2.365461153e+00 -1.362545388e+02 -1.362545388e+02
27216 0 +1.835818533e+00 -1.367841815e+02 -1.367841815e+02
29239 0 +1.545808114e+00 -1.370741919e+02 -1.370741919e+02
29265 0 +1.151084252e+00 -1.374689157e+02 -1.374689157e+02
32650 0 +9.588584457e-01 -1.376611416e+02 -1.376611416e+02
33794 0 +7.095467137e-01 -1.379104533e+02 -1.379104533e+02
33849 0 +5.272619031e-01 -1.380927381e+02 -1.380927381e+02
35115 0 +4.983182435e-01 -1.381216818e+02 -1.381216818e+02
35134 0 +4.324370866e-01 -1.381875629e+02 -1.381875629e+02
35155 0 +3.243287873e-01 -1.382956712e+02 -1.382956712e+02
35221 0 +3.012123304e-01 -1.383187877e+02 -1.383187877e+02
37887 0 +2.600286380e-01 -1.383599714e+02 -1.383599714e+02
37964 0 +2.499744554e-01 -1.383700255e+02 -1.383700255e+02
39083 0 +2.237864160e-01 -1.383962136e+02 -1.383962136e+02
40004 0 +1.949891747e-01 -1.384250108e+02 -1.384250108e+02
41034 0 +1.728075521e-01 -1.384471924e+02 -1.384471924e+02
44730 0 +1.552152349e-01 -1.384647848e+02 -1.384647848e+02
44929 0 +1.412468237e-01 -1.384787532e+02 -1.384787532e+02
46716 0 +1.209200644e-01 -1.384990799e+02 -1.384990799e+02
47638 0 +1.111092356e-01 -1.385088908e+02 -1.385088908e+02
49659 0 +9.725770149e-02 -1.385227423e+02 -1.385227423e+02
51991 0 +8.905311037e-02 -1.385309469e+02 -1.385309469e+02
57739 0 +7.933919352e-02 -1.385406608e+02 -1.385406608e+02
73406 0 +7.078671024e-02 -1.385492133e+02 -1.385492133e+02
100458 0 +7.064176125e-02 -1.385493582e+02 -1.385493582e+02
% f evaluations | g evaluations | best noise-free fitness - Fopt (7.313900000000e+02) + sum g_i+ | measured fitness | best measured fitness or single-digit g-values | x1 | x2...
1 0 +1.151342829e+02 +8.465242829e+02 +8.465242829e+02
2 0 +6.136741888e+01 +7.927574189e+02 +7.927574189e+02
29 0 +4.697751754e+01 +7.783675175e+02 +7.783675175e+02
30 0 +3.502793009e+01 +7.664179301e+02 +7.664179301e+02
32 0 +3.017789052e+01 +7.615678905e+02 +7.615678905e+02
42 0 +2.444277821e+01 +7.558327782e+02 +7.558327782e+02
7099 0 +1.817740672e+01 +7.495674067e+02 +7.495674067e+02
14002 0 +1.510835293e+01 +7.464983529e+02 +7.464983529e+02
15388 0 +1.142903021e+01 +7.428190302e+02 +7.428190302e+02
15399 0 +1.088180591e+01 +7.422718059e+02 +7.422718059e+02
16320 0 +9.476319892e+00 +7.408663199e+02 +7.408663199e+02
16331 0 +8.804761089e+00 +7.401947611e+02 +7.401947611e+02
17999 0 +7.942537623e+00 +7.393325376e+02 +7.393325376e+02
18589 0 +5.418039701e+00 +7.368080397e+02 +7.368080397e+02
18603 0 +4.882757778e+00 +7.362727578e+02 +7.362727578e+02
19609 0 +3.220901688e+00 +7.346109017e+02 +7.346109017e+02
19620 0 +3.030362035e+00 +7.344203620e+02 +7.344203620e+02
24324 0 +2.090942488e+00 +7.334809425e+02 +7.334809425e+02
26743 0 +1.782331753e+00 +7.331723318e+02 +7.331723318e+02
27693 0 +1.776091396e+00 +7.331660914e+02 +7.331660914e+02
28865 0 +1.418778487e+00 +7.328087785e+02 +7.328087785e+02
28904 0 +1.354105871e+00 +7.327441059e+02 +7.327441059e+02
28907 0 +1.196548697e+00 +7.325865487e+02 +7.325865487e+02
28910 0 +1.114307170e+00 +7.325043072e+02 +7.325043072e+02
28987 0 +9.962098853e-01 +7.323862099e+02 +7.323862099e+02
32247 0 +7.214533812e-01 +7.321114534e+02 +7.321114534e+02
32267 0 +6.296857829e-01 +7.320196858e+02 +7.320196858e+02
33396 0 +5.126573784e-01 +7.319026574e+02 +7.319026574e+02
35324 0 +4.742887581e-01 +7.318642888e+02 +7.318642888e+02
36412 0 +4.406774453e-01 +7.318306774e+02 +7.318306774e+02
38193 0 +3.911261224e-01 +7.317811261e+02 +7.317811261e+02
43747 0 +3.528235385e-01 +7.317428235e+02 +7.317428235e+02
100472 0 +3.379172888e-01 +7.317279173e+02 +7.317279173e+02
% f evaluations | g evaluations | best noise-free fitness - Fopt (7.526000000000e+01) + sum g_i+ | measured fitness | best measured fitness or single-digit g-values | x1 | x2...
1 0 +4.241711817e+01 +1.176771182e+02 +1.176771182e+02
5 0 +3.134462655e+01 +1.066046265e+02 +1.066046265e+02
21 0 +2.188426263e+01 +9.714426263e+01 +9.714426263e+01
4522 0 +1.992374594e+01 +9.518374594e+01 +9.518374594e+01
8343 0 +1.065520446e+01 +8.591520446e+01 +8.591520446e+01
9438 0 +9.853868480e+00 +8.511386848e+01 +8.511386848e+01
9453 0 +5.761442089e+00 +8.102144209e+01 +8.102144209e+01
11379 0 +4.741877202e+00 +8.000187720e+01 +8.000187720e+01
12235 0 +4.438753568e+00 +7.969875357e+01 +7.969875357e+01
12249 0 +2.318839459e+00 +7.757883946e+01 +7.757883946e+01
14538 0 +1.961199351e+00 +7.722119935e+01 +7.722119935e+01
14555 0 +1.390736065e+00 +7.665073607e+01 +7.665073607e+01
16759 0 +1.161873819e+00 +7.642187382e+01 +7.642187382e+01
18290 0 +1.083600833e+00 +7.634360083e+01 +7.634360083e+01
18366 0 +9.060829199e-01 +7.616608292e+01 +7.616608292e+01
18377 0 +8.748319227e-01 +7.613483192e+01 +7.613483192e+01
19514 0 +7.102866111e-01 +7.597028661e+01 +7.597028661e+01
19518 0 +7.013299579e-01 +7.596132996e+01 +7.596132996e+01
20952 0 +5.229750818e-01 +7.578297508e+01 +7.578297508e+01
22141 0 +4.744865173e-01 +7.573448652e+01 +7.573448652e+01
23046 0 +4.307908654e-01 +7.569079087e+01 +7.569079087e+01
23954 0 +3.699482347e-01 +7.562994823e+01 +7.562994823e+01
25013 0 +3.053395493e-01 +7.556533955e+01 +7.556533955e+01
27138 0 +2.675585945e-01 +7.552755859e+01 +7.552755859e+01
27165 0 +2.263813671e-01 +7.548638137e+01 +7.548638137e+01
27243 0 +2.213458732e-01 +7.548134587e+01 +7.548134587e+01
29186 0 +1.894404388e-01 +7.544944044e+01 +7.544944044e+01
29195 0 +1.594630883e-01 +7.541946309e+01 +7.541946309e+01
29283 0 +1.582385814e-01 +7.541823858e+01 +7.541823858e+01
32253 0 +1.397304676e-01 +7.539973047e+01 +7.539973047e+01
32254 0 +1.221847815e-01 +7.538218478e+01 +7.538218478e+01
36146 0 +1.093835767e-01 +7.536938358e+01 +7.536938358e+01
40647 0 +9.937399557e-02 +7.535937400e+01 +7.535937400e+01
44999 0 +8.882281365e-02 +7.534882281e+01 +7.534882281e+01
51943 0 +7.943075426e-02 +7.533943075e+01 +7.533943075e+01
100230 0 +7.384457174e-02 +7.533384457e+01 +7.533384457e+01
% f evaluations | g evaluations | best noise-free fitness - Fopt (-4.913000000000e+01) + sum g_i+ | measured fitness | best measured fitness or single-digit g-values | x1 | x2...
1 0 +1.568571705e+02 +1.077271705e+02 +1.077271705e+02
2 0 +8.655316935e+01 +3.742316935e+01 +3.742316935e+01
9 0 +7.288659876e+01 +2.375659876e+01 +2.375659876e+01
10 0 +5.715848779e+01 +8.028487787e+00 +8.028487787e+00
11 0 +5.248262244e+01 +3.352622437e+00 +3.352622437e+00
22 0 +4.801186264e+01 -1.118137359e+00 -1.118137359e+00
25 0 +3.225610148e+01 -1.687389852e+01 -1.687389852e+01
1220 0 +3.138414912e+01 -1.774585088e+01 -1.774585088e+01
1241 0 +2.447678288e+01 -2.465321712e+01 -2.465321712e+01
3636 0 +1.657926175e+01 -3.255073825e+01 -3.255073825e+01
4672 0 +1.375845801e+01 -3.537154199e+01 -3.537154199e+01
4678 0 +9.526992820e+00 -3.960300718e+01 -3.960300718e+01
6669 0 +4.162041899e+00 -4.496795810e+01 -4.496795810e+01
8976 0 +3.842812028e+00 -4.528718797e+01 -4.528718797e+01
10816 0 +3.180131351e+00 -4.594986865e+01 -4.594986865e+01
10821 0 +1.562388169e+00 -4.756761183e+01 -4.756761183e+01
11783 0 +1.171744768e+00 -4.795825523e+01 -4.795825523e+01
12742 0 +6.548922756e-01 -4.847510772e+01 -4.847510772e+01
12758 0 +5.286096171e-01 -4.860139038e+01 -4.860139038e+01
15269 0 +4.898227815e-01 -4.864017722e+01 -4.864017722e+01
16292 0 +2.665219388e-01 -4.886347806e+01 -4.886347806e+01
16310 0 +2.090330785e-01 -4.892096692e+01 -4.892096692e+01
16420 0 +1.989467651e-01 -4.893105323e+01 -4.893105323e+01
18021 0 +1.028220366e-01 -4.902717796e+01 -4.902717796e+01
18050 0 +9.700930425e-02 -4.903299070e+01 -4.903299070e+01
18083 0 +8.092613654e-02 -4.904907386e+01 -4.904907386e+01
18094 0 +7.446906916e-02 -4.905553093e+01 -4.905553093e+01
18960 0 +3.070731873e-02 -4.909929268e+01 -4.909929268e+01
18982 0 +2.606726859e-02 -4.910393273e+01 -4.910393273e+01
19956 0 +2.356618157e-02 -4.910643382e+01 -4.910643382e+01
20024 0 +2.119648919e-02 -4.910880351e+01 -4.910880351e+01
20802 0 +1.940418154e-02 -4.911059582e+01 -4.911059582e+01
21777 0 +1.674331825e-02 -4.911325668e+01 -4.911325668e+01
21784 0 +1.532033915e-02 -4.911467966e+01 -4.911467966e+01
21789 0 +1.403418306e-02 -4.911596582e+01 -4.911596582e+01
22784 0 +1.158368852e-02 -4.911841631e+01 -4.911841631e+01
23690 0 +7.809676135e-03 -4.912219032e+01 -4.912219032e+01
23700 0 +6.183267416e-03 -4.912381673e+01 -4.912381673e+01
23706 0 +4.217264599e-03 -4.912578274e+01 -4.912578274e+01
23805 0 +3.944896753e-03 -4.912605510e+01 -4.912605510e+01
26098 0 +3.133404936e-03 -4.912686660e+01 -4.912686660e+01
26100 0 +2.176957233e-03 -4.912782304e+01 -4.912782304e+01
26142 0 +1.948893349e-03 -4.912805111e+01 -4.912805111e+01
26538 0 +1.773583273e-03 -4.912822642e+01 -4.912822642e+01
27335 0 +1.238706648e-03 -4.912876129e+01 -4.912876129e+01
27404 0 +7.759608737e-04 -4.912922404e+01 -4.912922404e+01
28149 0 +6.264028676e-04 -4.912937360e+01 -4.912937360e+01
28193 0 +5.552752611e-04 -4.912944472e+01 -4.912944472e+01
29996 0 +4.969069603e-04 -4.912950309e+01 -4.912950309e+01
30112 0 +4.443094002e-04 -4.912955569e+01 -4.912955569e+01
31138 0 +3.350315353e-04 -4.912966497e+01 -4.912966497e+01
31418 0 +2.908641912e-04 -4.912970914e+01 -4.912970914e+01
31451 0 +2.760643145e-04 -4.912972394e+01 -4.912972394e+01
31627 0 +2.511684730e-04 -4.912974883e+01 -4.912974883e+01
32174 0 +1.995979962e-04 -4.912980040e+01 -4.912980040e+01
32240 0 +1.966646815e-04 -4.912980334e+01 -4.912980334e+01
32963 0 +1.673716696e-04 -4.912983263e+01 -4.912983263e+01
32974 0 +1.566296689e-04 -4.912984337e+01 -4.912984337e+01
33634 0 +1.405410003e-04 -4.912985946e+01 -4.912985946e+01
35014 0 +1.081139226e-04 -4.912989189e+01 -4.912989189e+01
35146 0 +9.977395859e-05 -4.912990023e+01 -4.912990023e+01
36265 0 +8.894052318e-05 -4.912991106e+01 -4.912991106e+01
36331 0 +7.740203958e-05 -4.912992260e+01 -4.912992260e+01
39864 0 +6.669882968e-05 -4.912993330e+01 -4.912993330e+01
39985 0 +6.307907539e-05 -4.912993692e+01 -4.912993692e+01
41674 0 +4.829439974e-05 -4.912995171e+01 -4.912995171e+01
41915 0 +4.440215368e-05 -4.912995560e+01 -4.912995560e+01
42135 0 +3.977841337e-05 -4.912996022e+01 -4.912996022e+01
44241 0 +3.543057473e-05 -4.912996457e+01 -4.912996457e+01
45217 0 +3.114129145e-05 -4.912996886e+01 -4.912996886e+01
45404 0 +2.817448075e-05 -4.912997183e+01 -4.912997183e+01
47389 0 +2.508030333e-05 -4.912997492e+01 -4.912997492e+01
100237 0 +2.277548681e-05 -4.912997722e+01 -4.912997722e+01
% f evaluations | g evaluations | best noise-free fitness - Fopt (-1.418900000000e+02) + sum g_i+ | measured fitness | best measured fitness or single-digit g-values | x1 | x2...
1 0 +1.532864162e+02 +1.139641622e+01 +1.139641622e+01
2 0 +5.946482836e+01 -8.242517164e+01 -8.242517164e+01
12 0 +2.832622470e+01 -1.135637753e+02 -1.135637753e+02
1135 0 +2.441604524e+01 -1.174739548e+02 -1.174739548e+02
1162 0 +1.888809071e+01 -1.230019093e+02 -1.230019093e+02
5691 0 +1.319856619e+01 -1.286914338e+02 -1.286914338e+02
6641 0 +9.278596849e+00 -1.326114032e+02 -1.326114032e+02
8759 0 +8.428195397e+00 -1.334618046e+02 -1.334618046e+02
9872 0 +7.097804349e+00 -1.347921957e+02 -1.347921957e+02
11804 0 +6.403733613e+00 -1.354862664e+02 -1.354862664e+02
13020 0 +6.270537706e+00 -1.356194623e+02 -1.356194623e+02
13985 0 +4.405737513e+00 -1.374842625e+02 -1.374842625e+02
15026 0 +3.808660160e+00 -1.380813398e+02 -1.380813398e+02
15052 0 +3.457979539e+00 -1.384320205e+02 -1.384320205e+02
17093 0 +2.267521361e+00 -1.396224786e+02 -1.396224786e+02
17132 0 +1.852787203e+00 -1.400372128e+02 -1.400372128e+02
19378 0 +1.599519592e+00 -1.402904804e+02 -1.402904804e+02
19422 0 +1.173784647e+00 -1.407162154e+02 -1.407162154e+02
19433 0 +1.054054330e+00 -1.408359457e+02 -1.408359457e+02
23786 0 +7.353244777e-01 -1.411546755e+02 -1.411546755e+02
24160 0 +7.071164107e-01 -1.411828836e+02 -1.411828836e+02
26967 0 +6.267481969e-01 -1.412632518e+02 -1.412632518e+02
26971 0 +5.378591973e-01 -1.413521408e+02 -1.413521408e+02
26984 0 +3.433657392e-01 -1.415466343e+02 -1.415466343e+02
29385 0 +3.023305824e-01 -1.415876694e+02 -1.415876694e+02
29413 0 +2.482566773e-01 -1.416417433e+02 -1.416417433e+02
29457 0 +1.290455417e-01 -1.417609545e+02 -1.417609545e+02
29556 0 +1.256203685e-01 -1.417643796e+02 -1.417643796e+02
32588 0 +8.572970950e-02 -1.418042703e+02 -1.418042703e+02
32602 0 +6.120761564e-02 -1.418287924e+02 -1.418287924e+02
32660 0 +5.520561675e-02 -1.418347944e+02 -1.418347944e+02
35564 0 +4.880356077e-02 -1.418411964e+02 -1.418411964e+02
35570 0 +4.376063506e-02 -1.418462394e+02 -1.418462394e+02
35579 0 +3.669273221e-02 -1.418533073e+02 -1.418533073e+02
35584 0 +2.166582013e-02 -1.418683342e+02 -1.418683342e+02
35609 0 +1.341108758e-02 -1.418765889e+02 -1.418765889e+02
35642 0 +1.245170773e-02 -1.418775483e+02 -1.418775483e+02
37803 0 +8.990496705e-03 -1.418810095e+02 -1.418810095e+02
37836 0 +8.871405869e-03 -1.418811286e+02 -1.418811286e+02
38713 0 +5.799884911e-03 -1.418842001e+02 -1.418842001e+02
38823 0 +5.596959796e-03 -1.418844030e+02 -1.418844030e+02
39897 0 +4.529932753e-03 -1.418854701e+02 -1.418854701e+02
40007 0 +4.462134685e-03 -1.418855379e+02 -1.418855379e+02
41013 0 +2.911644940e-03 -1.418870884e+02 -1.418870884e+02
41060 0 +2.545883975e-03 -1.418874541e+02 -1.418874541e+02
41071 0 +2.419070929e-03 -1.418875809e+02 -1.418875809e+02
41841 0 +2.154995805e-03 -1.418878450e+02 -1.418878450e+02
41849 0 +1.792903906e-03 -1.418882071e+02 -1.418882071e+02
41882 0 +1.522390617e-03 -1.418884776e+02 -1.418884776e+02
42594 0 +1.398035198e-03 -1.418886020e+02 -1.418886020e+02
42660 0 +1.255617725e-03 -1.418887444e+02 -1.418887444e+02
43669 0 +1.039174834e-03 -1.418889608e+02 -1.418889608e+02
43713 0 +9.995362696e-04 -1.418890005e+02 -1.418890005e+02
44319 0 +8.664704002e-04 -1.418891335e+02 -1.418891335e+02
44348 0 +6.160896326e-04 -1.418893839e+02 -1.418893839e+02
44392 0 +5.339279363e-04 -1.418894661e+02 -1.418894661e+02
44436 0 +4.969023839e-04 -1.418895031e+02 -1.418895031e+02
46011 0 +3.185528517e-04 -1.418896814e+02 -1.418896814e+02
46101 0 +2.699215424e-04 -1.418897301e+02 -1.418897301e+02
46145 0 +2.451616504e-04 -1.418897548e+02 -1.418897548e+02
46244 0 +2.238517557e-04 -1.418897761e+02 -1.418897761e+02
47110 0 +1.964117661e-04 -1.418898036e+02 -1.418898036e+02
47209 0 +1.776030711e-04 -1.418898224e+02 -1.418898224e+02
47407 0 +1.564639756e-04 -1.418898435e+02 -1.418898435e+02
47561 0 +1.399156285e-04 -1.418898601e+02 -1.418898601e+02
48834 0 +1.252161723e-04 -1.418898748e+02 -1.418898748e+02
51531 0 +1.088439555e-04 -1.418898912e+02 -1.418898912e+02
52496 0 +9.978408002e-05 -1.418899002e+02 -1.418899002e+02
52837 0 +8.862465978e-05 -1.418899114e+02 -1.418899114e+02
100028 0 +8.374100045e-05 -1.418899163e+02 -1.418899163e+02
% f evaluations | g evaluations | best noise-free fitness - Fopt (1.095700000000e+02) + sum g_i+ | measured fitness | best measured fitness or single-digit g-values | x1 | x2...
1 0 +1.407266106e+02 +2.502966106e+02 +2.502966106e+02
2 0 +6.363107802e+01 +1.732010780e+02 +1.732010780e+02
10 0 +4.610591780e+01 +1.556759178e+02 +1.556759178e+02
13 0 +2.961287414e+01 +1.391828741e+02 +1.391828741e+02
1377 0 +2.727550280e+01 +1.368455028e+02 +1.368455028e+02
3318 0 +1.626059848e+01 +1.258305985e+02 +1.258305985e+02
12016 0 +1.353575946e+01 +1.231057595e+02 +1.231057595e+02
12028 0 +9.569731859e+00 +1.191397319e+02 +1.191397319e+02
13078 0 +8.332734512e+00 +1.179027345e+02 +1.179027345e+02
13099 0 +7.374976369e+00 +1.169449764e+02 +1.169449764e+02
14136 0 +6.828611101e+00 +1.163986111e+02 +1.163986111e+02
14153 0 +5.644402961e+00 +1.152144030e+02 +1.152144030e+02
15395 0 +4.992751150e+00 +1.145627512e+02 +1.145627512e+02
15467 0 +4.455544530e+00 +1.140255445e+02 +1.140255445e+02
16376 0 +3.438566843e+00 +1.130085668e+02 +1.130085668e+02
19555 0 +3.155688898e+00 +1.127256889e+02 +1.127256889e+02
21876 0 +2.347720465e+00 +1.119177205e+02 +1.119177205e+02
23952 0 +2.213763745e+00 +1.117837637e+02 +1.117837637e+02
23970 0 +1.982988395e+00 +1.115529884e+02 +1.115529884e+02
23982 0 +1.693364105e+00 +1.112633641e+02 +1.112633641e+02
24037 0 +1.565473425e+00 +1.111354734e+02 +1.111354734e+02
24947 0 +1.215037225e+00 +1.107850372e+02 +1.107850372e+02
25897 0 +1.089769601e+00 +1.106597696e+02 +1.106597696e+02
26911 0 +9.519814569e-01 +1.105219815e+02 +1.105219815e+02
26986 0 +8.846862543e-01 +1.104546863e+02 +1.104546863e+02
28148 0 +7.592963899e-01 +1.103292964e+02 +1.103292964e+02
29344 0 +7.071026051e-01 +1.102771026e+02 +1.102771026e+02
31382 0 +6.205447907e-01 +1.101905448e+02 +1.101905448e+02
31404 0 +4.719474780e-01 +1.100419475e+02 +1.100419475e+02
37805 0 +4.430017889e-01 +1.100130018e+02 +1.100130018e+02
39815 0 +3.934774510e-01 +1.099634775e+02 +1.099634775e+02
43976 0 +3.512177931e-01 +1.099212178e+02 +1.099212178e+02
100046 0 +3.176152789e-01 +1.098876153e+02 +1.098876153e+02
% f evaluations | g evaluations | best noise-free fitness - Fopt (7.836000000000e+01) + sum g_i+ | measured fitness | best measured fitness or single-digit g-values | x1 | x2...
1 0 +1.312392362e+02 +2.095992362e+02 +2.095992362e+02
2 0 +5.763364425e+01 +1.359936443e+02 +1.359936443e+02
14 0 +4.334999119e+01 +1.217099912e+02 +1.217099912e+02
15 0 +3.391842083e+01 +1.122784208e+02 +1.122784208e+02
1027 0 +3.132470715e+01 +1.096847072e+02 +1.096847072e+02
2135 0 +2.552371423e+01 +1.038837142e+02 +1.038837142e+02
4122 0 +2.482780821e+01 +1.031878082e+02 +1.031878082e+02
4130 0 +1.644519494e+01 +9.480519494e+01 +9.480519494e+01
5458 0 +1.554311999e+01 +9.390311999e+01 +9.390311999e+01
5490 0 +1.402116592e+01 +9.238116592e+01 +9.238116592e+01
5491 0 +1.256623345e+01 +9.092623345e+01 +9.092623345e+01
5498 0 +9.414914234e+00 +8.777491423e+01 +8.777491423e+01
7570 0 +8.720207582e+00 +8.708020758e+01 +8.708020758e+01
7589 0 +7.464298093e+00 +8.582429809e+01 +8.582429809e+01
8877 0 +6.198884071e+00 +8.455888407e+01 +8.455888407e+01
9855 0 +4.933542280e+00 +8.329354228e+01 +8.329354228e+01
10756 0 +3.951307873e+00 +8.231130787e+01 +8.231130787e+01
10765 0 +3.505958586e+00 +8.186595859e+01 +8.186595859e+01
11732 0 +3.065266418e+00 +8.142526642e+01 +8.142526642e+01
12840 0 +1.123603630e+00 +7.948360363e+01 +7.948360363e+01
16783 0 +9.716301287e-01 +7.933163013e+01 +7.933163013e+01
18148 0 +7.543353190e-01 +7.911433532e+01 +7.911433532e+01
18169 0 +6.848289144e-01 +7.904482891e+01 +7.904482891e+01
18254 0 +5.884350133e-01 +7.894843501e+01 +7.894843501e+01
19358 0 +5.318905970e-01 +7.889189060e+01 +7.889189060e+01
19393 0 +4.837286349e-01 +7.884372863e+01 +7.884372863e+01
19395 0 +4.204357828e-01 +7.878043578e+01 +7.878043578e+01
20377 0 +3.638990850e-01 +7.872389908e+01 +7.872389908e+01
20393 0 +3.507941795e-01 +7.871079418e+01 +7.871079418e+01
20811 0 +3.143542998e-01 +7.867435430e+01 +7.867435430e+01
23948 0 +2.816689518e-01 +7.864166895e+01 +7.864166895e+01
24829 0 +2.426142853e-01 +7.860261429e+01 +7.860261429e+01
26416 0 +2.236926786e-01 +7.858369268e+01 +7.858369268e+01
27213 0 +1.954116446e-01 +7.855541164e+01 +7.855541164e+01
27268 0 +1.727434019e-01 +7.853274340e+01 +7.853274340e+01
29635 0 +1.567308972e-01 +7.851673090e+01 +7.851673090e+01
31588 0 +1.396196439e-01 +7.849961964e+01 +7.849961964e+01
32847 0 +1.232190786e-01 +7.848321908e+01 +7.848321908e+01
34930 0 +1.055503324e-01 +7.846555033e+01 +7.846555033e+01
36015 0 +9.986201598e-02 +7.845986202e+01 +7.845986202e+01
39245 0 +8.613699300e-02 +7.844613699e+01 +7.844613699e+01
41849 0 +7.939913099e-02 +7.843939913e+01 +7.843939913e+01
100000 0 +7.085148006e-02 +7.843085148e+01 +7.843085148e+01
% f evaluations | g evaluations | best noise-free fitness - Fopt (1.140900000000e+02) + sum g_i+ | measured fitness | best measured fitness or single-digit g-values | x1 | x2...
1 0 +6.708439618e+01 +1.811743962e+02 +1.811743962e+02
5 0 +6.533860916e+01 +1.794286092e+02 +1.794286092e+02
6 0 +4.462833777e+01 +1.587183378e+02 +1.587183378e+02
12 0 +3.443222488e+01 +1.485222249e+02 +1.485222249e+02
1243 0 +2.762268940e+01 +1.417126894e+02 +1.417126894e+02
3615 0 +2.375308022e+01 +1.378430802e+02 +1.378430802e+02
4673 0 +2.218204780e+01 +1.362720478e+02 +1.362720478e+02
4678 0 +1.961933033e+01 +1.337093303e+02 +1.337093303e+02
4713 0 +1.508433377e+01 +1.291743338e+02 +1.291743338e+02
5667 0 +9.190985571e+00 +1.232809856e+02 +1.232809856e+02
6851 0 +6.331496176e+00 +1.204214962e+02 +1.204214962e+02
7082 0 +6.309449697e+00 +1.203994497e+02 +1.203994497e+02
8201 0 +5.313388016e+00 +1.194033880e+02 +1.194033880e+02
8212 0 +4.562001007e+00 +1.186520010e+02 +1.186520010e+02
8223 0 +4.397329972e+00 +1.184873300e+02 +1.184873300e+02
8300 0 +3.918479082e+00 +1.180084791e+02 +1.180084791e+02
8322 0 +2.899876247e+00 +1.169898762e+02 +1.169898762e+02
8344 0 +2.806806972e+00 +1.168968070e+02 +1.168968070e+02
9331 0 +2.346891982e+00 +1.164368920e+02 +1.164368920e+02
9353 0 +2.237787245e+00 +1.163277872e+02 +1.163277872e+02
10251 0 +1.614485688e+00 +1.157044857e+02 +1.157044857e+02
10614 0 +1.584710648e+00 +1.156747106e+02 +1.156747106e+02
11780 0 +1.254176040e+00 +1.153441760e+02 +1.153441760e+02
13241 0 +9.096726065e-01 +1.149996726e+02 +1.149996726e+02
13312 0 +8.807318757e-01 +1.149707319e+02 +1.149707319e+02
14306 0 +5.082710016e-01 +1.145982710e+02 +1.145982710e+02
15514 0 +4.776338126e-01 +1.145676338e+02 +1.145676338e+02
15517 0 +2.392984663e-01 +1.143292985e+02 +1.143292985e+02
16592 0 +2.123180224e-01 +1.143023180e+02 +1.143023180e+02
16911 0 +1.989950379e-01 +1.142889950e+02 +1.142889950e+02
17797 0 +1.750367991e-01 +1.142650368e+02 +1.142650368e+02
17843 0 +1.298983797e-01 +1.142198984e+02 +1.142198984e+02
17887 0 +1.181519649e-01 +1.142081520e+02 +1.142081520e+02
19701 0 +1.100686569e-01 +1.142000687e+02 +1.142000687e+02
19703 0 +7.337749595e-02 +1.141633775e+02 +1.141633775e+02
19737 0 +5.708416106e-02 +1.141470842e+02 +1.141470842e+02
19740 0 +4.546329152e-02 +1.141354633e+02 +1.141354633e+02
19784 0 +4.321034795e-02 +1.141332103e+02 +1.141332103e+02
22995 0 +3.411703111e-02 +1.141241170e+02 +1.141241170e+02
23182 0 +3.137347373e-02 +1.141213735e+02 +1.141213735e+02
26252 0 +2.351183762e-02 +1.141135118e+02 +1.141135118e+02
26637 0 +2.238038010e-02 +1.141123804e+02 +1.141123804e+02
27248 0 +1.949373773e-02 +1.141094937e+02 +1.141094937e+02
29697 0 +1.745551829e-02 +1.141074555e+02 +1.141074555e+02
31341 0 +1.574180030e-02 +1.141057418e+02 +1.141057418e+02
32625 0 +1.406685850e-02 +1.141040669e+02 +1.141040669e+02
35773 0 +1.252661950e-02 +1.141025266e+02 +1.141025266e+02
38524 0 +1.087856782e-02 +1.141008786e+02 +1.141008786e+02
41562 0 +9.993485379e-03 +1.140999935e+02 +1.140999935e+02
48109 0 +8.909477246e-03 +1.140989095e+02 +1.140989095e+02
100087 0 +8.857398511e-03 +1.140988574e+02 +1.140988574e+02
% f evaluations | g evaluations | best noise-free fitness - Fopt (-5.445900000000e+02) + sum g_i+ | measured fitness | best measured fitness or single-digit g-values | x1 | x2...
1 0 +8.114006168e+01 -4.634499383e+02 -4.634499383e+02
3 0 +5.305878693e+01 -4.915312131e+02 -4.915312131e+02
26 0 +3.613844164e+01 -5.084515584e+02 -5.084515584e+02
32 0 +2.120498101e+01 -5.233850190e+02 -5.233850190e+02
2132 0 +1.153887434e+01 -5.330511257e+02 -5.330511257e+02
2165 0 +9.321808334e+00 -5.352681917e+02 -5.352681917e+02
3213 0 +7.956411975e+00 -5.366335880e+02 -5.366335880e+02
7352 0 +7.798730626e+00 -5.367912694e+02 -5.367912694e+02
7374 0 +6.127079298e+00 -5.384629207e+02 -5.384629207e+02
9565 0 +5.583885698e+00 -5.390061143e+02 -5.390061143e+02
10365 0 +4.899304461e+00 -5.396906955e+02 -5.396906955e+02
11233 0 +3.685447345e+00 -5.409045527e+02 -5.409045527e+02
13521 0 +3.324324382e+00 -5.412656756e+02 -5.412656756e+02
13545 0 +3.056338186e+00 -5.415336618e+02 -5.415336618e+02
13622 0 +2.810528313e+00 -5.417794717e+02 -5.417794717e+02
14925 0 +1.946812049e+00 -5.426431880e+02 -5.426431880e+02
18807 0 +1.486892425e+00 -5.431031076e+02 -5.431031076e+02
20183 0 +1.294009098e+00 -5.432959909e+02 -5.432959909e+02
22603 0 +1.094536445e+00 -5.434954636e+02 -5.434954636e+02
25041 0 +9.402802184e-01 -5.436497198e+02 -5.436497198e+02
26171 0 +8.817152067e-01 -5.437082848e+02 -5.437082848e+02
27446 0 +7.704103069e-01 -5.438195897e+02 -5.438195897e+02
30473 0 +7.068816728e-01 -5.438831183e+02 -5.438831183e+02
35565 0 +6.304790822e-01 -5.439595209e+02 -5.439595209e+02
42924 0 +5.622356271e-01 -5.440277644e+02 -5.440277644e+02
100320 0 +5.528624293e-01 -5.440371376e+02 -5.440371376e+02
