% f evaluations | g evaluations | best noise-free fitness - Fopt (7.135000000000e+01) + sum g_i+ | measured fitness | best measured fitness or single-digit g-values | x1 | x2...
1 0 +1.104266938e+02 +1.817766938e+02 +1.817766938e+02
2 0 +5.962514649e+01 +1.309751465e+02 +1.309751465e+02
19 0 +5.434697577e+01 +1.256969758e+02 +1.256969758e+02
28 0 +4.518818761e+01 +1.165381876e+02 +1.165381876e+02
33 0 +3.220344855e+01 +1.035534486e+02 +1.035534486e+02
110 0 +3.118823744e+01 +1.025382374e+02 +1.025382374e+02
133 0 +2.542813447e+01 +9.677813447e+01 +9.677813447e+01
178 0 +2.221985529e+01 +9.356985529e+01 +9.356985529e+01
284 0 +1.607917814e+01 +8.742917814e+01 +8.742917814e+01
344 0 +1.438574624e+01 +8.573574624e+01 +8.573574624e+01
395 0 +1.131506905e+01 +8.266506905e+01 +8.266506905e+01
397 0 +1.013559882e+01 +8.148559882e+01 +8.148559882e+01
451 0 +9.553524752e+00 +8.090352475e+01 +8.090352475e+01
454 0 +6.774621682e+00 +7.812462168e+01 +7.812462168e+01
467 0 +4.172548202e+00 +7.552254820e+01 +7.552254820e+01
635 0 +3.789301505e+00 +7.513930151e+01 +7.513930151e+01
699 0 +3.162908790e+00 +7.451290879e+01 +7.451290879e+01
701 0 +2.846682345e+00 +7.419668234e+01 +7.419668234e+01
758 0 +2.808929048e+00 +7.415892905e+01 +7.415892905e+01
786 0 +2.400297145e+00 +7.375029715e+01 +7.375029715e+01
797 0 +1.876210400e+00 +7.322621040e+01 +7.322621040e+01
879 0 +1.743519686e+00 +7.309351969e+01 +7.309351969e+01
971 0 +1.559717091e+00 +7.290971709e+01 +7.290971709e+01
991 0 +1.402280184e+00 +7.275228018e+01 +7.275228018e+01
1089 0 +1.248517187e+00 +7.259851719e+01 +7.259851719e+01
1150 0 +1.075085763e+00 +7.242508576e+01 +7.242508576e+01
1306 0 +9.391389301e-01 +7.228913893e+01 +7.228913893e+01
1382 0 +8.879381906e-01 +7.223793819e+01 +7.223793819e+01
1619 0 +7.922586436e-01 +7.214225864e+01 +7.214225864e+01
100000 0 +7.156622913e-01 +7.206566229e+01 +7.206566229e+01
% f evaluations | g evaluations | best noise-free fitness - Fopt (-3.552200000000e+02) + sum g_i+ | measured fitness | best measured fitness or single-digit g-values | x1 | x2...
1 0 +6.522939312e+01 -2.899906069e+02 -2.899906069e+02
4 0 +6.473330908e+01 -2.904866909e+02 -2.904866909e+02
14 0 +3.613477433e+01 -3.190852257e+02 -3.190852257e+02
35 0 +2.564468851e+01 -3.295753115e+02 -3.295753115e+02
116 0 +1.864465920e+01 -3.365753408e+02 -3.365753408e+02
338 0 +1.595236667e+01 -3.392676333e+02 -3.392676333e+02
350 0 +1.381153380e+01 -3.414084662e+02 -3.414084662e+02
369 0 +1.191074141e+01 -3.433092586e+02 -3.433092586e+02
500 0 +1.107158364e+01 -3.441484164e+02 -3.441484164e+02
511 0 +9.509883948e+00 -3.457101161e+02 -3.457101161e+02
519 0 +6.906055348e+00 -3.483139447e+02 -3.483139447e+02
667 0 +6.077167039e+00 -3.491428330e+02 -3.491428330e+02
674 0 +3.561669770e+00 -3.516583302e+02 -3.516583302e+02
681 0 +3.307847499e+00 -3.519121525e+02 -3.519121525e+02
711 0 +2.972534338e+00 -3.522474657e+02 -3.522474657e+02
737 0 +2.061187418e+00 -3.531588126e+02 -3.531588126e+02
811 0 +1.702838572e+00 -3.535171614e+02 -3.535171614e+02
906 0 +9.217417363e-01 -3.542982583e+02 -3.542982583e+02
913 0 +8.570771332e-01 -3.543629229e+02 -3.543629229e+02
936 0 +7.459215126e-01 -3.544740785e+02 -3.544740785e+02
1064 0 +6.058959961e-01 -3.546141040e+02 -3.546141040e+02
1150 0 +5.114490542e-01 -3.547085509e+02 -3.547085509e+02
1176 0 +3.686355498e-01 -3.548513645e+02 -3.548513645e+02
1260 0 +3.283929476e-01 -3.548916071e+02 -3.548916071e+02
1300 0 +2.530198477e-01 -3.549669802e+02 -3.549669802e+02
1373 0 +2.500884554e-01 -3.549699115e+02 -3.549699115e+02
1433 0 +2.070225588e-01 -3.550129774e+02 -3.550129774e+02
1444 0 +1.927431159e-01 -3.550272569e+02 -3.550272569e+02
1491 0 +1.687897661e-01 -3.550512102e+02 -3.550512102e+02
1605 0 +1.462685494e-01 -3.550737315e+02 -3.550737315e+02
1616 0 +1.360269291e-01 -3.550839731e+02 -3.550839731e+02
1624 0 +1.220697280e-01 -3.550979303e+02 -3.550979303e+02
1647 0 +1.105029128e-01 -3.551094971e+02 -3.551094971e+02
1765 0 +9.207142870e-02 -3.551279286e+02 -3.551279286e+02
1802 0 +8.543141412e-02 -3.551345686e+02 -3.551345686e+02
1998 0 +7.773090346e-02 -3.551422691e+02 -3.551422691e+02
2219 0 +7.023734822e-02 -3.551497627e+02 -3.551497627e+02
100000 0 +6.476663665e-02 -3.551552334e+02 -3.551552334e+02
% f evaluations | g evaluations | best noise-free fitness - Fopt (9.917000000000e+01) + sum g_i+ | measured fitness | best measured fitness or single-digit g-values | x1 | x2...
1 0 +8.130502770e+01 +1.804750277e+02 +1.804750277e+02
2 0 +5.406465927e+01 +1.532346593e+02 +1.532346593e+02
15 0 +3.308046159e+01 +1.322504616e+02 +1.322504616e+02
23 0 +3.131143759e+01 +1.304814376e+02 +1.304814376e+02
26 0 +2.627706773e+01 +1.254470677e+02 +1.254470677e+02
66 0 +2.024413251e+01 +1.194141325e+02 +1.194141325e+02
232 0 +1.510341649e+01 +1.142734165e+02 +1.142734165e+02
319 0 +9.518535617e+00 +1.086885356e+02 +1.086885356e+02
386 0 +8.669079809e+00 +1.078390798e+02 +1.078390798e+02
443 0 +7.045707071e+00 +1.062157071e+02 +1.062157071e+02
467 0 +6.009815569e+00 +1.051798156e+02 +1.051798156e+02
522 0 +4.901091710e+00 +1.040710917e+02 +1.040710917e+02
621 0 +2.661734399e+00 +1.018317344e+02 +1.018317344e+02
642 0 +2.108543050e+00 +1.012785430e+02 +1.012785430e+02
702 0 +1.563417887e+00 +1.007334179e+02 +1.007334179e+02
740 0 +1.318356502e+00 +1.004883565e+02 +1.004883565e+02
798 0 +9.641612588e-01 +1.001341613e+02 +1.001341613e+02
818 0 +8.056228596e-01 +9.997562286e+01 +9.997562286e+01
861 0 +7.821820252e-01 +9.995218203e+01 +9.995218203e+01
864 0 +5.966924441e-01 +9.976669244e+01 +9.976669244e+01
923 0 +5.424200304e-01 +9.971242003e+01 +9.971242003e+01
966 0 +4.944384340e-01 +9.966443843e+01 +9.966443843e+01
992 0 +3.874327068e-01 +9.955743271e+01 +9.955743271e+01
1017 0 +3.541426335e-01 +9.952414263e+01 +9.952414263e+01
1024 0 +2.507611272e-01 +9.942076113e+01 +9.942076113e+01
1107 0 +2.185829606e-01 +9.938858296e+01 +9.938858296e+01
1146 0 +1.969362928e-01 +9.936693629e+01 +9.936693629e+01
1164 0 +1.679184133e-01 +9.933791841e+01 +9.933791841e+01
1168 0 +1.335180276e-01 +9.930351803e+01 +9.930351803e+01
1318 0 +1.219668140e-01 +9.929196681e+01 +9.929196681e+01
1373 0 +1.067328855e-01 +9.927673289e+01 +9.927673289e+01
1434 0 +9.715757974e-02 +9.926715758e+01 +9.926715758e+01
1489 0 +8.850160717e-02 +9.925850161e+01 +9.925850161e+01
1524 0 +7.935253906e-02 +9.924935254e+01 +9.924935254e+01
1786 0 +7.049513205e-02 +9.924049513e+01 +9.924049513e+01
2083 0 +6.255205810e-02 +9.923255206e+01 +9.923255206e+01
100000 0 +5.644957775e-02 +9.922644958e+01 +9.922644958e+01
% f evaluations | g evaluations | best noise-free fitness - Fopt (-5.179100000000e+02) + sum g_i+ | measured fitness | best measured fitness or single-digit g-values | x1 | x2...
1 0 +6.965765182e+01 -4.482523482e+02 -4.482523482e+02
2 0 +5.855374484e+01 -4.593562552e+02 -4.593562552e+02
11 0 +3.429602365e+01 -4.836139764e+02 -4.836139764e+02
40 0 +2.530665776e+01 -4.926033422e+02 -4.926033422e+02
119 0 +2.156719322e+01 -4.963428068e+02 -4.963428068e+02
766 0 +1.398807392e+01 -5.039219261e+02 -5.039219261e+02
855 0 +1.036126535e+01 -5.075487346e+02 -5.075487346e+02
864 0 +9.592206268e+00 -5.083177937e+02 -5.083177937e+02
964 0 +8.045281191e+00 -5.098647188e+02 -5.098647188e+02
978 0 +6.193517114e+00 -5.117164829e+02 -5.117164829e+02
984 0 +5.337078168e+00 -5.125729218e+02 -5.125729218e+02
1085 0 +4.544587273e+00 -5.133654127e+02 -5.133654127e+02
1119 0 +4.026344162e+00 -5.138836558e+02 -5.138836558e+02
1226 0 +3.899905153e+00 -5.140100948e+02 -5.140100948e+02
1238 0 +3.460184714e+00 -5.144498153e+02 -5.144498153e+02
1331 0 +2.789037282e+00 -5.151209627e+02 -5.151209627e+02
1369 0 +2.481470331e+00 -5.154285297e+02 -5.154285297e+02
1480 0 +2.231415445e+00 -5.156785846e+02 -5.156785846e+02
1536 0 +1.789894065e+00 -5.161201059e+02 -5.161201059e+02
1572 0 +1.625021484e+00 -5.162849785e+02 -5.162849785e+02
1707 0 +1.545672266e+00 -5.163643277e+02 -5.163643277e+02
1756 0 +1.265097318e+00 -5.166449027e+02 -5.166449027e+02
1901 0 +1.223618310e+00 -5.166863817e+02 -5.166863817e+02
2053 0 +1.104022617e+00 -5.168059774e+02 -5.168059774e+02
2069 0 +9.969806713e-01 -5.169130193e+02 -5.169130193e+02
2275 0 +8.896652191e-01 -5.170203348e+02 -5.170203348e+02
2586 0 +7.897382077e-01 -5.171202618e+02 -5.171202618e+02
100000 0 +7.418715310e-01 -5.171681285e+02 -5.171681285e+02
% f evaluations | g evaluations | best noise-free fitness - Fopt (-5.721000000000e+01) + sum g_i+ | measured fitness | best measured fitness or single-digit g-values | x1 | x2...
1 0 +9.950499199e+01 +4.229499199e+01 +4.229499199e+01
4 0 +8.197435796e+01 +2.476435796e+01 +2.476435796e+01
7 0 +6.681763545e+01 +9.607635449e+00 +9.607635449e+00
9 0 +5.752685662e+01 +3.168566245e-01 +3.168566245e-01
10 0 +4.146151092e+01 -1.574848908e+01 -1.574848908e+01
35 0 +3.877969590e+01 -1.843030410e+01 -1.843030410e+01
101 0 +2.157861387e+01 -3.563138613e+01 -3.563138613e+01
181 0 +9.793848317e+00 -4.741615168e+01 -4.741615168e+01
753 0 +8.430094183e+00 -4.877990582e+01 -4.877990582e+01
921 0 +6.069832269e+00 -5.114016773e+01 -5.114016773e+01
930 0 +5.076791914e+00 -5.213320809e+01 -5.213320809e+01
1019 0 +4.283174988e+00 -5.292682501e+01 -5.292682501e+01
1065 0 +3.898685433e+00 -5.331131457e+01 -5.331131457e+01
1077 0 +3.494093989e+00 -5.371590601e+01 -5.371590601e+01
1083 0 +3.098696396e+00 -5.411130360e+01 -5.411130360e+01
1133 0 +2.521684047e+00 -5.468831595e+01 -5.468831595e+01
1236 0 +2.482628569e+00 -5.472737143e+01 -5.472737143e+01
1281 0 +2.191598905e+00 -5.501840110e+01 -5.501840110e+01
1423 0 +1.984442938e+00 -5.522555706e+01 -5.522555706e+01
1534 0 +1.689448828e+00 -5.552055117e+01 -5.552055117e+01
1688 0 +1.561784931e+00 -5.564821507e+01 -5.564821507e+01
1830 0 +1.408168985e+00 -5.580183101e+01 -5.580183101e+01
2094 0 +1.233224485e+00 -5.597677551e+01 -5.597677551e+01
100000 0 +1.134076157e+00 -5.607592384e+01 -5.607592384e+01
% f evaluations | g evaluations | best noise-free fitness - Fopt (6.626000000000e+01) + sum g_i+ | measured fitness | best measured fitness or single-digit g-values | x1 | x2...
1 0 +4.023816695e+01 +1.064981669e+02 +1.064981669e+02
2 0 +3.561371207e+01 +1.018737121e+02 +1.018737121e+02
21 0 +3.309902379e+01 +9.935902379e+01 +9.935902379e+01
22 0 +2.509552169e+01 +9.135552169e+01 +9.135552169e+01
112 0 +1.970111894e+01 +8.596111894e+01 +8.596111894e+01
198 0 +1.709050673e+01 +8.335050673e+01 +8.335050673e+01
260 0 +1.568478500e+01 +8.194478500e+01 +8.194478500e+01
280 0 +1.397838251e+01 +8.023838251e+01 +8.023838251e+01
476 0 +1.216544836e+01 +7.842544836e+01 +7.842544836e+01
504 0 +9.649903057e+00 +7.590990306e+01 +7.590990306e+01
556 0 +7.599288761e+00 +7.385928876e+01 +7.385928876e+01
557 0 +2.522389817e+00 +6.878238982e+01 +6.878238982e+01
753 0 +2.087362907e+00 +6.834736291e+01 +6.834736291e+01
848 0 +1.983233646e+00 +6.824323365e+01 +6.824323365e+01
865 0 +1.233234161e+00 +6.749323416e+01 +6.749323416e+01
918 0 +9.252419466e-01 +6.718524195e+01 +6.718524195e+01
953 0 +7.997413411e-01 +6.705974134e+01 +6.705974134e+01
957 0 +5.372880870e-01 +6.679728809e+01 +6.679728809e+01
1048 0 +4.488855312e-01 +6.670888553e+01 +6.670888553e+01
1053 0 +3.862166056e-01 +6.664621661e+01 +6.664621661e+01
1066 0 +3.524437316e-01 +6.661244373e+01 +6.661244373e+01
1067 0 +2.453027822e-01 +6.650530278e+01 +6.650530278e+01
1183 0 +1.749741024e-01 +6.643497410e+01 +6.643497410e+01
1238 0 +1.485106666e-01 +6.640851067e+01 +6.640851067e+01
1243 0 +1.264422393e-01 +6.638644224e+01 +6.638644224e+01
1248 0 +1.183985228e-01 +6.637839852e+01 +6.637839852e+01
1254 0 +1.078856386e-01 +6.636788564e+01 +6.636788564e+01
1266 0 +9.782144818e-02 +6.635782145e+01 +6.635782145e+01
1267 0 +7.725095870e-02 +6.633725096e+01 +6.633725096e+01
1295 0 +6.688034195e-02 +6.632688034e+01 +6.632688034e+01
1311 0 +5.998271214e-02 +6.631998271e+01 +6.631998271e+01
1342 0 +4.085322853e-02 +6.630085323e+01 +6.630085323e+01
1357 0 +3.069315100e-02 +6.629069315e+01 +6.629069315e+01
1409 0 +2.683339073e-02 +6.628683339e+01 +6.628683339e+01
1479 0 +2.333443358e-02 +6.628333443e+01 +6.628333443e+01
1480 0 +1.837427314e-02 +6.627837427e+01 +6.627837427e+01
1506 0 +1.527577312e-02 +6.627527577e+01 +6.627527577e+01
1509 0 +1.344191563e-02 +6.627344192e+01 +6.627344192e+01
1519 0 +1.178415544e-02 +6.627178416e+01 +6.627178416e+01
1544 0 +6.730223367e-03 +6.626673022e+01 +6.626673022e+01
1571 0 +5.890755960e-03 +6.626589076e+01 +6.626589076e+01
1746 0 +3.703198071e-03 +6.626370320e+01 +6.626370320e+01
1786 0 +2.474634606e-03 +6.626247463e+01 +6.626247463e+01
1805 0 +2.108206802e-03 +6.626210821e+01 +6.626210821e+01
1845 0 +1.559359770e-03 +6.626155936e+01 +6.626155936e+01
1891 0 +1.158770844e-03 +6.626115877e+01 +6.626115877e+01
1899 0 +7.380837774e-04 +6.626073808e+01 +6.626073808e+01
1962 0 +6.455299755e-04 +6.626064553e+01 +6.626064553e+01
1964 0 +4.542763565e-04 +6.626045428e+01 +6.626045428e+01
1974 0 +2.945379982e-04 +6.626029454e+01 +6.626029454e+01
2075 0 +2.415694757e-04 +6.626024157e+01 +6.626024157e+01
2111 0 +2.081849900e-04 +6.626020818e+01 +6.626020818e+01
2123 0 +1.476864106e-04 +6.626014769e+01 +6.626014769e+01
2211 0 +1.321605311e-04 +6.626013216e+01 +6.626013216e+01
2267 0 +9.065640185e-05 +6.626009066e+01 +6.626009066e+01
2365 0 +8.312997446e-05 +6.626008313e+01 +6.626008313e+01
2378 0 +6.396549584e-05 +6.626006397e+01 +6.626006397e+01
2431 0 +5.508214680e-05 +6.626005508e+01 +6.626005508e+01
2453 0 +4.708096013e-05 +6.626004708e+01 +6.626004708e+01
2483 0 +4.060871362e-05 +6.626004061e+01 +6.626004061e+01
2523 0 +3.664288319e-05 +6.626003664e+01 +6.626003664e+01
2550 0 +3.434488818e-05 +6.626003434e+01 +6.626003434e+01
2556 0 +2.929353624e-05 +6.626002929e+01 +6.626002929e+01
2562 0 +2.684446677e-05 +6.626002684e+01 +6.626002684e+01
2644 0 +2.498566576e-05 +6.626002499e+01 +6.626002499e+01
2737 0 +2.224147578e-05 +6.626002224e+01 +6.626002224e+01
2864 0 +1.994675439e-05 +6.626001995e+01 +6.626001995e+01
2910 0 +1.743144922e-05 +6.626001743e+01 +6.626001743e+01
3063 0 +1.584084488e-05 +6.626001584e+01 +6.626001584e+01
100000 0 +1.546305559e-05 +6.626001546e+01 +6.626001546e+01
% f evaluations | g evaluations | best noise-free fitness - Fopt (-1.386200000000e+02) + sum g_i+ | measured fitness | best measured fitness or single-digit g-values | x1 | x2...
1 0 +4.754243173e+01 -9.107756827e+01 -9.107756827e+01
2 0 +3.556505958e+01 -1.030549404e+02 -1.030549404e+02
16 0 +2.469245644e+01 -1.139275436e+02 -1.139275436e+02
363 0 +2.176427898e+01 -1.168557210e+02 -1.168557210e+02
811 0 +1.848097547e+01 -1.201390245e+02 -1.201390245e+02
860 0 +1.489830365e+01 -1.237216964e+02 -1.237216964e+02
963 0 +1.396590425e+01 -1.246540958e+02 -1.246540958e+02
1041 0 +1.244132484e+01 -1.261786752e+02 -1.261786752e+02
1077 0 +9.872009082e+00 -1.287479909e+02 -1.287479909e+02
1087 0 +8.640731099e+00 -1.299792689e+02 -1.299792689e+02
1113 0 +7.291113650e+00 -1.313288863e+02 -1.313288863e+02
1116 0 +2.991784821e+00 -1.356282152e+02 -1.356282152e+02
1339 0 +1.835818533e+00 -1.367841815e+02 -1.367841815e+02
1403 0 +1.545808114e+00 -1.370741919e+02 -1.370741919e+02
1429 0 +1.151084252e+00 -1.374689157e+02 -1.374689157e+02
1586 0 +9.588584457e-01 -1.376611416e+02 -1.376611416e+02
1661 0 +4.983182435e-01 -1.381216818e+02 -1.381216818e+02
1680 0 +4.324370866e-01 -1.381875629e+02 -1.381875629e+02
1751 0 +3.413808053e-01 -1.382786192e+02 -1.382786192e+02
1788 0 +2.975605454e-01 -1.383224395e+02 -1.383224395e+02
1802 0 +2.465447863e-01 -1.383734552e+02 -1.383734552e+02
1915 0 +2.024886965e-01 -1.384175113e+02 -1.384175113e+02
1916 0 +1.974896225e-01 -1.384225104e+02 -1.384225104e+02
1917 0 +1.728075521e-01 -1.384471924e+02 -1.384471924e+02
2067 0 +1.552152349e-01 -1.384647848e+02 -1.384647848e+02
2117 0 +1.387883208e-01 -1.384812117e+02 -1.384812117e+02
2190 0 +1.209200644e-01 -1.384990799e+02 -1.384990799e+02
2231 0 +1.111092356e-01 -1.385088908e+02 -1.385088908e+02
2312 0 +9.725770149e-02 -1.385227423e+02 -1.385227423e+02
2591 0 +8.873325561e-02 -1.385312667e+02 -1.385312667e+02
2791 0 +7.869182441e-02 -1.385413082e+02 -1.385413082e+02
3595 0 +7.078397547e-02 -1.385492160e+02 -1.385492160e+02
100000 0 +7.064176125e-02 -1.385493582e+02 -1.385493582e+02
% f evaluations | g evaluations | best noise-free fitness - Fopt (7.313900000000e+02) + sum g_i+ | measured fitness | best measured fitness or single-digit g-values | x1 | x2...
1 0 +1.151342829e+02 +8.465242829e+02 +8.465242829e+02
2 0 +6.136741888e+01 +7.927574189e+02 +7.927574189e+02
29 0 +4.697751754e+01 +7.783675175e+02 +7.783675175e+02
30 0 +3.502793009e+01 +7.664179301e+02 +7.664179301e+02
32 0 +3.017789052e+01 +7.615678905e+02 +7.615678905e+02
42 0 +2.444277821e+01 +7.558327782e+02 +7.558327782e+02
304 0 +1.817740672e+01 +7.495674067e+02 +7.495674067e+02
653 0 +1.510835293e+01 +7.464983529e+02 +7.464983529e+02
764 0 +1.312140344e+01 +7.445114034e+02 +7.445114034e+02
798 0 +1.250390391e+01 +7.438939039e+02 +7.438939039e+02
803 0 +1.097209802e+01 +7.423620980e+02 +7.423620980e+02
839 0 +8.965465954e+00 +7.403554660e+02 +7.403554660e+02
858 0 +8.853213318e+00 +7.402432133e+02 +7.402432133e+02
867 0 +5.418039701e+00 +7.368080397e+02 +7.368080397e+02
881 0 +4.882757778e+00 +7.362727578e+02 +7.362727578e+02
1054 0 +2.857992162e+00 +7.342479922e+02 +7.342479922e+02
1150 0 +2.090942488e+00 +7.334809425e+02 +7.334809425e+02
1234 0 +1.782331753e+00 +7.331723318e+02 +7.331723318e+02
1280 0 +1.776091396e+00 +7.331660914e+02 +7.331660914e+02
1306 0 +1.418778487e+00 +7.328087785e+02 +7.328087785e+02
1345 0 +1.354105871e+00 +7.327441059e+02 +7.327441059e+02
1348 0 +1.196548697e+00 +7.325865487e+02 +7.325865487e+02
1371 0 +9.296711819e-01 +7.323196712e+02 +7.323196712e+02
1460 0 +7.214533812e-01 +7.321114534e+02 +7.321114534e+02
1480 0 +6.296857829e-01 +7.320196858e+02 +7.320196858e+02
1558 0 +5.380243372e-01 +7.319280243e+02 +7.319280243e+02
1616 0 +4.742887581e-01 +7.318642888e+02 +7.318642888e+02
1691 0 +4.406774453e-01 +7.318306774e+02 +7.318306774e+02
1775 0 +3.911261224e-01 +7.317811261e+02 +7.317811261e+02
2083 0 +3.531220721e-01 +7.317431221e+02 +7.317431221e+02
100000 0 +3.383838014e-01 +7.317283838e+02 +7.317283838e+02
% f evaluations | g evaluations | best noise-free fitness - Fopt (7.526000000000e+01) + sum g_i+ | measured fitness | best measured fitness or single-digit g-values | x1 | x2...
1 0 +4.241711817e+01 +1.176771182e+02 +1.176771182e+02
5 0 +3.134462655e+01 +1.066046265e+02 +1.066046265e+02
21 0 +2.188426263e+01 +9.714426263e+01 +9.714426263e+01
220 0 +1.992374594e+01 +9.518374594e+01 +9.518374594e+01
405 0 +1.065520446e+01 +8.591520446e+01 +8.591520446e+01
486 0 +9.853868480e+00 +8.511386848e+01 +8.511386848e+01
501 0 +7.403016202e+00 +8.266301620e+01 +8.266301620e+01
560 0 +6.897078138e+00 +8.215707814e+01 +8.215707814e+01
572 0 +5.906705914e+00 +8.116670591e+01 +8.116670591e+01
586 0 +4.741877202e+00 +8.000187720e+01 +8.000187720e+01
604 0 +4.438753568e+00 +7.969875357e+01 +7.969875357e+01
618 0 +2.318839459e+00 +7.757883946e+01 +7.757883946e+01
726 0 +1.961199351e+00 +7.722119935e+01 +7.722119935e+01
743 0 +1.390736065e+00 +7.665073607e+01 +7.665073607e+01
811 0 +1.161873819e+00 +7.642187382e+01 +7.642187382e+01
891 0 +1.083600833e+00 +7.634360083e+01 +7.634360083e+01
936 0 +8.237239869e-01 +7.608372399e+01 +7.608372399e+01
947 0 +7.102866111e-01 +7.597028661e+01 +7.597028661e+01
971 0 +6.619218563e-01 +7.592192186e+01 +7.592192186e+01
1018 0 +5.229750818e-01 +7.578297508e+01 +7.578297508e+01
1094 0 +4.744865173e-01 +7.573448652e+01 +7.573448652e+01
1151 0 +4.005829327e-01 +7.566058293e+01 +7.566058293e+01
1157 0 +3.699482347e-01 +7.562994823e+01 +7.562994823e+01
1204 0 +3.053395493e-01 +7.556533955e+01 +7.556533955e+01
1323 0 +2.675585945e-01 +7.552755859e+01 +7.552755859e+01
1350 0 +2.263813671e-01 +7.548638137e+01 +7.548638137e+01
1439 0 +2.002773896e-01 +7.546027739e+01 +7.546027739e+01
1442 0 +1.894404388e-01 +7.544944044e+01 +7.544944044e+01
1468 0 +1.708640602e-01 +7.543086406e+01 +7.543086406e+01
1571 0 +1.569846643e-01 +7.541698466e+01 +7.541698466e+01
1600 0 +1.397304676e-01 +7.539973047e+01 +7.539973047e+01
1680 0 +1.207974260e-01 +7.538079743e+01 +7.538079743e+01
1752 0 +1.093835767e-01 +7.536938358e+01 +7.536938358e+01
2019 0 +9.763255601e-02 +7.535763256e+01 +7.535763256e+01
2179 0 +8.882281365e-02 +7.534882281e+01 +7.534882281e+01
2564 0 +7.876633236e-02 +7.533876633e+01 +7.533876633e+01
100000 0 +7.384457174e-02 +7.533384457e+01 +7.533384457e+01
% f evaluations | g evaluations | best noise-free fitness - Fopt (-4.913000000000e+01) + sum g_i+ | measured fitness | best measured fitness or single-digit g-values | x1 | x2...
1 0 +1.568571705e+02 +1.077271705e+02 +1.077271705e+02
2 0 +8.655316935e+01 +3.742316935e+01 +3.742316935e+01
9 0 +7.288659876e+01 +2.375659876e+01 +2.375659876e+01
10 0 +5.715848779e+01 +8.028487787e+00 +8.028487787e+00
11 0 +5.248262244e+01 +3.352622437e+00 +3.352622437e+00
22 0 +4.801186264e+01 -1.118137359e+00 -1.118137359e+00
25 0 +3.225610148e+01 -1.687389852e+01 -1.687389852e+01
75 0 +3.138414912e+01 -1.774585088e+01 -1.774585088e+01
96 0 +2.447678288e+01 -2.465321712e+01 -2.465321712e+01
214 0 +2.201039672e+01 -2.711960328e+01 -2.711960328e+01
244 0 +1.969904913e+01 -2.943095087e+01 -2.943095087e+01
245 0 +1.375845801e+01 -3.537154199e+01 -3.537154199e+01
341 0 +1.216514366e+01 -3.696485634e+01 -3.696485634e+01
343 0 +1.095182150e+01 -3.817817850e+01 -3.817817850e+01
347 0 +4.162041899e+00 -4.496795810e+01 -4.496795810e+01
507 0 +3.689356579e+00 -4.544064342e+01 -4.544064342e+01
518 0 +3.180131351e+00 -4.594986865e+01 -4.594986865e+01
523 0 +1.562388169e+00 -4.756761183e+01 -4.756761183e+01
581 0 +1.171744768e+00 -4.795825523e+01 -4.795825523e+01
603 0 +6.548922756e-01 -4.847510772e+01 -4.847510772e+01
619 0 +5.286096171e-01 -4.860139038e+01 -4.860139038e+01
762 0 +4.622588534e-01 -4.866774115e+01 -4.866774115e+01
783 0 +2.665219388e-01 -4.886347806e+01 -4.886347806e+01
864 0 +2.480923346e-01 -4.888190767e+01 -4.888190767e+01
872 0 +1.028220366e-01 -4.902717796e+01 -4.902717796e+01
953 0 +9.369844640e-02 -4.903630155e+01 -4.903630155e+01
959 0 +6.733707929e-02 -4.906266292e+01 -4.906266292e+01
971 0 +3.928354942e-02 -4.909071645e+01 -4.909071645e+01
983 0 +3.536630451e-02 -4.909463370e+01 -4.909463370e+01
999 0 +2.356618157e-02 -4.910643382e+01 -4.910643382e+01
1064 0 +2.041265308e-02 -4.910958735e+01 -4.910958735e+01
1089 0 +1.674331825e-02 -4.911325668e+01 -4.911325668e+01
1096 0 +1.532033915e-02 -4.911467966e+01 -4.911467966e+01
1101 0 +1.351062873e-02 -4.911648937e+01 -4.911648937e+01
1105 0 +1.158368852e-02 -4.911841631e+01 -4.911841631e+01
1185 0 +7.809676135e-03 -4.912219032e+01 -4.912219032e+01
1195 0 +6.183267416e-03 -4.912381673e+01 -4.912381673e+01
1221 0 +5.075006198e-03 -4.912492499e+01 -4.912492499e+01
1252 0 +4.958675339e-03 -4.912504132e+01 -4.912504132e+01
1253 0 +3.682092628e-03 -4.912631791e+01 -4.912631791e+01
1290 0 +3.133404936e-03 -4.912686660e+01 -4.912686660e+01
1292 0 +2.176957233e-03 -4.912782304e+01 -4.912782304e+01
1315 0 +1.238706648e-03 -4.912876129e+01 -4.912876129e+01
1373 0 +8.415214372e-04 -4.912915848e+01 -4.912915848e+01
1387 0 +7.436729294e-04 -4.912925633e+01 -4.912925633e+01
1417 0 +5.536276047e-04 -4.912944637e+01 -4.912944637e+01
1495 0 +4.969069603e-04 -4.912950309e+01 -4.912950309e+01
1535 0 +3.350315353e-04 -4.912966497e+01 -4.912966497e+01
1558 0 +2.709003802e-04 -4.912972910e+01 -4.912972910e+01
1600 0 +2.493054203e-04 -4.912975069e+01 -4.912975069e+01
1634 0 +1.887854236e-04 -4.912981121e+01 -4.912981121e+01
1713 0 +1.568888339e-04 -4.912984311e+01 -4.912984311e+01
1782 0 +1.252323354e-04 -4.912987477e+01 -4.912987477e+01
1824 0 +1.004448187e-04 -4.912989956e+01 -4.912989956e+01
1930 0 +9.693046111e-05 -4.912990307e+01 -4.912990307e+01
1935 0 +8.558350653e-05 -4.912991442e+01 -4.912991442e+01
1999 0 +7.868406420e-05 -4.912992132e+01 -4.912992132e+01
2028 0 +5.769356571e-05 -4.912994231e+01 -4.912994231e+01
2041 0 +4.829439974e-05 -4.912995171e+01 -4.912995171e+01
2167 0 +4.286666498e-05 -4.912995713e+01 -4.912995713e+01
2245 0 +3.790430799e-05 -4.912996210e+01 -4.912996210e+01
2293 0 +3.286600020e-05 -4.912996713e+01 -4.912996713e+01
2348 0 +3.019447922e-05 -4.912996981e+01 -4.912996981e+01
2435 0 +2.817029431e-05 -4.912997183e+01 -4.912997183e+01
2514 0 +2.470256840e-05 -4.912997530e+01 -4.912997530e+01
100000 0 +2.277548681e-05 -4.912997722e+01 -4.912997722e+01
% f evaluations | g evaluations | best noise-free fitness - Fopt (-1.418900000000e+02) + sum g_i+ | measured fitness | best measured fitness or single-digit g-values | x1 | x2...
1 0 +1.532864162e+02 +1.139641622e+01 +1.139641622e+01
2 0 +5.946482836e+01 -8.242517164e+01 -8.242517164e+01
12 0 +2.832622470e+01 -1.135637753e+02 -1.135637753e+02
56 0 +2.441604524e+01 -1.174739548e+02 -1.174739548e+02
83 0 +1.888809071e+01 -1.230019093e+02 -1.230019093e+02
283 0 +1.319856619e+01 -1.286914338e+02 -1.286914338e+02
413 0 +1.244650922e+01 -1.294434908e+02 -1.294434908e+02
422 0 +8.428195397e+00 -1.334618046e+02 -1.334618046e+02
478 0 +7.097804349e+00 -1.347921957e+02 -1.347921957e+02
581 0 +6.403733613e+00 -1.354862664e+02 -1.354862664e+02
679 0 +4.405737513e+00 -1.374842625e+02 -1.374842625e+02
717 0 +3.808660160e+00 -1.380813398e+02 -1.380813398e+02
743 0 +3.457979539e+00 -1.384320205e+02 -1.384320205e+02
845 0 +2.267521361e+00 -1.396224786e+02 -1.396224786e+02
913 0 +1.968415180e+00 -1.399215848e+02 -1.399215848e+02
1002 0 +1.745024888e+00 -1.401449751e+02 -1.401449751e+02
1047 0 +1.229769524e+00 -1.406602305e+02 -1.406602305e+02
1145 0 +1.044658764e+00 -1.408453412e+02 -1.408453412e+02
1154 0 +9.866357567e-01 -1.409033642e+02 -1.409033642e+02
1213 0 +7.851612827e-01 -1.411048387e+02 -1.411048387e+02
1268 0 +6.267481969e-01 -1.412632518e+02 -1.412632518e+02
1272 0 +5.378591973e-01 -1.413521408e+02 -1.413521408e+02
1285 0 +3.433657392e-01 -1.415466343e+02 -1.415466343e+02
1373 0 +3.023305824e-01 -1.415876694e+02 -1.415876694e+02
1433 0 +1.907037879e-01 -1.416992962e+02 -1.416992962e+02
1506 0 +1.649712769e-01 -1.417250287e+02 -1.417250287e+02
1514 0 +1.480826620e-01 -1.417419173e+02 -1.417419173e+02
1528 0 +1.362407957e-01 -1.417537592e+02 -1.417537592e+02
1534 0 +8.572970950e-02 -1.418042703e+02 -1.418042703e+02
1548 0 +6.120761564e-02 -1.418287924e+02 -1.418287924e+02
1656 0 +4.880356077e-02 -1.418411964e+02 -1.418411964e+02
1662 0 +4.376063506e-02 -1.418462394e+02 -1.418462394e+02
1671 0 +3.669273221e-02 -1.418533073e+02 -1.418533073e+02
1676 0 +2.166582013e-02 -1.418683342e+02 -1.418683342e+02
1716 0 +1.243545693e-02 -1.418775645e+02 -1.418775645e+02
1819 0 +8.749227827e-03 -1.418812508e+02 -1.418812508e+02
1869 0 +7.789125958e-03 -1.418822109e+02 -1.418822109e+02
1904 0 +4.802930676e-03 -1.418851971e+02 -1.418851971e+02
1915 0 +4.231295211e-03 -1.418857687e+02 -1.418857687e+02
1948 0 +2.911644940e-03 -1.418870884e+02 -1.418870884e+02
1990 0 +2.530226958e-03 -1.418874698e+02 -1.418874698e+02
1993 0 +2.154995805e-03 -1.418878450e+02 -1.418878450e+02
2049 0 +1.676718832e-03 -1.418883233e+02 -1.418883233e+02
2062 0 +1.455274477e-03 -1.418885447e+02 -1.418885447e+02
2094 0 +1.190909141e-03 -1.418888091e+02 -1.418888091e+02
2103 0 +9.832937716e-04 -1.418890167e+02 -1.418890167e+02
2111 0 +8.664704002e-04 -1.418891335e+02 -1.418891335e+02
2140 0 +6.160896326e-04 -1.418893839e+02 -1.418893839e+02
2218 0 +5.088990361e-04 -1.418894911e+02 -1.418894911e+02
2227 0 +3.185528517e-04 -1.418896814e+02 -1.418896814e+02
2254 0 +3.054165848e-04 -1.418896946e+02 -1.418896946e+02
2284 0 +2.618247223e-04 -1.418897382e+02 -1.418897382e+02
2304 0 +2.455768849e-04 -1.418897544e+02 -1.418897544e+02
2342 0 +2.193894621e-04 -1.418897806e+02 -1.418897806e+02
2416 0 +1.963873977e-04 -1.418898036e+02 -1.418898036e+02
2448 0 +1.612775521e-04 -1.418898387e+02 -1.418898387e+02
2477 0 +1.576034922e-04 -1.418898424e+02 -1.418898424e+02
2482 0 +1.363266515e-04 -1.418898637e+02 -1.418898637e+02
2533 0 +1.184227000e-04 -1.418898816e+02 -1.418898816e+02
2619 0 +1.039968282e-04 -1.418898960e+02 -1.418898960e+02
2641 0 +9.772976594e-05 -1.418899023e+02 -1.418899023e+02
2923 0 +8.823660013e-05 -1.418899118e+02 -1.418899118e+02
100000 0 +8.374100045e-05 -1.418899163e+02 -1.418899163e+02
% f evaluations | g evaluations | best noise-free fitness - Fopt (1.095700000000e+02) + sum g_i+ | measured fitness | best measured fitness or single-digit g-values | x1 | x2...
1 0 +1.407266106e+02 +2.502966106e+02 +2.502966106e+02
2 0 +6.363107802e+01 +1.732010780e+02 +1.732010780e+02
10 0 +4.610591780e+01 +1.556759178e+02 +1.556759178e+02
13 0 +2.961287414e+01 +1.391828741e+02 +1.391828741e+02
67 0 +2.727550280e+01 +1.368455028e+02 +1.368455028e+02
137 0 +1.626059848e+01 +1.258305985e+02 +1.258305985e+02
532 0 +1.353575946e+01 +1.231057595e+02 +1.231057595e+02
544 0 +9.569731859e+00 +1.191397319e+02 +1.191397319e+02
580 0 +8.332734512e+00 +1.179027345e+02 +1.179027345e+02
603 0 +6.828611101e+00 +1.163986111e+02 +1.163986111e+02
620 0 +5.644402961e+00 +1.152144030e+02 +1.152144030e+02
695 0 +4.992751150e+00 +1.145627512e+02 +1.145627512e+02
765 0 +4.392344617e+00 +1.139623446e+02 +1.139623446e+02
835 0 +3.859966229e+00 +1.134299662e+02 +1.134299662e+02
859 0 +3.155688898e+00 +1.127256889e+02 +1.127256889e+02
955 0 +2.347720465e+00 +1.119177205e+02 +1.119177205e+02
1071 0 +2.213763745e+00 +1.117837637e+02 +1.117837637e+02
1089 0 +1.982988395e+00 +1.115529884e+02 +1.115529884e+02
1118 0 +1.630939983e+00 +1.112009400e+02 +1.112009400e+02
1158 0 +1.377877088e+00 +1.109478771e+02 +1.109478771e+02
1198 0 +1.089769601e+00 +1.106597696e+02 +1.106597696e+02
1242 0 +9.519814569e-01 +1.105219815e+02 +1.105219815e+02
1294 0 +8.522440782e-01 +1.104222441e+02 +1.104222441e+02
1335 0 +7.760735584e-01 +1.103460736e+02 +1.103460736e+02
1361 0 +6.848647404e-01 +1.102548647e+02 +1.102548647e+02
1429 0 +6.205447907e-01 +1.101905448e+02 +1.101905448e+02
1480 0 +5.454491373e-01 +1.101154491e+02 +1.101154491e+02
1572 0 +4.976508456e-01 +1.100676508e+02 +1.100676508e+02
1737 0 +4.430017889e-01 +1.100130018e+02 +1.100130018e+02
1842 0 +3.934774510e-01 +1.099634775e+02 +1.099634775e+02
2048 0 +3.512177931e-01 +1.099212178e+02 +1.099212178e+02
100000 0 +3.176152789e-01 +1.098876153e+02 +1.098876153e+02
% f evaluations | g evaluations | best noise-free fitness - Fopt (7.836000000000e+01) + sum g_i+ | measured fitness | best measured fitness or single-digit g-values | x1 | x2...
1 0 +1.312392362e+02 +2.095992362e+02 +2.095992362e+02
2 0 +5.763364425e+01 +1.359936443e+02 +1.359936443e+02
14 0 +4.334999119e+01 +1.217099912e+02 +1.217099912e+02
15 0 +3.391842083e+01 +1.122784208e+02 +1.122784208e+02
79 0 +3.132470715e+01 +1.096847072e+02 +1.096847072e+02
130 0 +2.552371423e+01 +1.038837142e+02 +1.038837142e+02
232 0 +2.482780821e+01 +1.031878082e+02 +1.031878082e+02
240 0 +1.644519494e+01 +9.480519494e+01 +9.480519494e+01
258 0 +1.554311999e+01 +9.390311999e+01 +9.390311999e+01
290 0 +1.402116592e+01 +9.238116592e+01 +9.238116592e+01
291 0 +1.256623345e+01 +9.092623345e+01 +9.092623345e+01
298 0 +9.414914234e+00 +8.777491423e+01 +8.777491423e+01
376 0 +8.720207582e+00 +8.708020758e+01 +8.708020758e+01
395 0 +7.464298093e+00 +8.582429809e+01 +8.582429809e+01
449 0 +6.198884071e+00 +8.455888407e+01 +8.455888407e+01
469 0 +4.933542280e+00 +8.329354228e+01 +8.329354228e+01
532 0 +3.951307873e+00 +8.231130787e+01 +8.231130787e+01
541 0 +3.505958586e+00 +8.186595859e+01 +8.186595859e+01
571 0 +3.065266418e+00 +8.142526642e+01 +8.142526642e+01
621 0 +1.123603630e+00 +7.948360363e+01 +7.948360363e+01
767 0 +9.716301287e-01 +7.933163013e+01 +7.933163013e+01
811 0 +7.543353190e-01 +7.911433532e+01 +7.911433532e+01
832 0 +6.848289144e-01 +7.904482891e+01 +7.904482891e+01
864 0 +5.318905970e-01 +7.889189060e+01 +7.889189060e+01
899 0 +4.837286349e-01 +7.884372863e+01 +7.884372863e+01
935 0 +3.638990850e-01 +7.872389908e+01 +7.872389908e+01
1021 0 +3.282146294e-01 +7.868821463e+01 +7.868821463e+01
1078 0 +3.046391090e-01 +7.866463911e+01 +7.866463911e+01
1111 0 +2.695424935e-01 +7.862954249e+01 +7.862954249e+01
1123 0 +2.426142853e-01 +7.860261429e+01 +7.860261429e+01
1208 0 +2.202368615e-01 +7.858023686e+01 +7.858023686e+01
1253 0 +1.658879180e-01 +7.852588792e+01 +7.852588792e+01
1392 0 +1.474129531e-01 +7.850741295e+01 +7.850741295e+01
1409 0 +1.396196439e-01 +7.849961964e+01 +7.849961964e+01
1571 0 +1.227872644e-01 +7.848278726e+01 +7.848278726e+01
1611 0 +1.058679499e-01 +7.846586795e+01 +7.846586795e+01
1661 0 +9.320600581e-02 +7.845320601e+01 +7.845320601e+01
1797 0 +8.613699300e-02 +7.844613699e+01 +7.844613699e+01
1932 0 +7.917395720e-02 +7.843917396e+01 +7.843917396e+01
100000 0 +7.085148006e-02 +7.843085148e+01 +7.843085148e+01
% f evaluations | g evaluations | best noise-free fitness - Fopt (1.140900000000e+02) + sum g_i+ | measured fitness | best measured fitness or single-digit g-values | x1 | x2...
1 0 +6.708439618e+01 +1.811743962e+02 +1.811743962e+02
5 0 +6.533860916e+01 +1.794286092e+02 +1.794286092e+02
6 0 +4.462833777e+01 +1.587183378e+02 +1.587183378e+02
12 0 +3.443222488e+01 +1.485222249e+02 +1.485222249e+02
54 0 +2.762268940e+01 +1.417126894e+02 +1.417126894e+02
178 0 +2.375308022e+01 +1.378430802e+02 +1.378430802e+02
244 0 +2.218204780e+01 +1.362720478e+02 +1.362720478e+02
249 0 +1.961933033e+01 +1.337093303e+02 +1.337093303e+02
280 0 +9.190985571e+00 +1.232809856e+02 +1.232809856e+02
416 0 +4.809379429e+00 +1.188993794e+02 +1.188993794e+02
481 0 +3.477700615e+00 +1.175677006e+02 +1.175677006e+02
543 0 +1.254176040e+00 +1.153441760e+02 +1.153441760e+02
574 0 +9.096726065e-01 +1.149996726e+02 +1.149996726e+02
603 0 +5.082710016e-01 +1.145982710e+02 +1.145982710e+02
698 0 +4.776338126e-01 +1.145676338e+02 +1.145676338e+02
711 0 +3.713109846e-01 +1.144613110e+02 +1.144613110e+02
731 0 +3.469722315e-01 +1.144369722e+02 +1.144369722e+02
740 0 +2.825905173e-01 +1.143725905e+02 +1.143725905e+02
755 0 +1.750367991e-01 +1.142650368e+02 +1.142650368e+02
835 0 +1.483741819e-01 +1.142383742e+02 +1.142383742e+02
853 0 +1.262454809e-01 +1.142162455e+02 +1.142162455e+02
860 0 +1.134604990e-01 +1.142034605e+02 +1.142034605e+02
862 0 +1.100686569e-01 +1.142000687e+02 +1.142000687e+02
864 0 +7.337749595e-02 +1.141633775e+02 +1.141633775e+02
898 0 +5.708416106e-02 +1.141470842e+02 +1.141470842e+02
979 0 +5.282178039e-02 +1.141428218e+02 +1.141428218e+02
997 0 +4.162136152e-02 +1.141316214e+02 +1.141316214e+02
1057 0 +3.370936336e-02 +1.141237094e+02 +1.141237094e+02
1131 0 +3.052245187e-02 +1.141205225e+02 +1.141205225e+02
1216 0 +1.949373773e-02 +1.141094937e+02 +1.141094937e+02
1387 0 +1.695083256e-02 +1.141069508e+02 +1.141069508e+02
1479 0 +1.515057902e-02 +1.141051506e+02 +1.141051506e+02
1611 0 +1.377120723e-02 +1.141037712e+02 +1.141037712e+02
1659 0 +1.256883912e-02 +1.141025688e+02 +1.141025688e+02
1804 0 +1.108066883e-02 +1.141010807e+02 +1.141010807e+02
1957 0 +9.795017702e-03 +1.140997950e+02 +1.140997950e+02
2535 0 +8.895303771e-03 +1.140988953e+02 +1.140988953e+02
100000 0 +8.857398511e-03 +1.140988574e+02 +1.140988574e+02
% f evaluations | g evaluations | best noise-free fitness - Fopt (-5.445900000000e+02) + sum g_i+ | measured fitness | best measured fitness or single-digit g-values | x1 | x2...
1 0 +8.114006168e+01 -4.634499383e+02 -4.634499383e+02
3 0 +5.305878693e+01 -4.915312131e+02 -4.915312131e+02
26 0 +3.613844164e+01 -5.084515584e+02 -5.084515584e+02
32 0 +2.120498101e+01 -5.233850190e+02 -5.233850190e+02
177 0 +1.849972679e+01 -5.260902732e+02 -5.260902732e+02
184 0 +1.535503716e+01 -5.292349628e+02 -5.292349628e+02
196 0 +7.956411975e+00 -5.366335880e+02 -5.366335880e+02
504 0 +6.209652077e+00 -5.383803479e+02 -5.383803479e+02
510 0 +5.327402449e+00 -5.392625976e+02 -5.392625976e+02
571 0 +3.685447345e+00 -5.409045527e+02 -5.409045527e+02
677 0 +3.324324382e+00 -5.412656756e+02 -5.412656756e+02
713 0 +2.819402708e+00 -5.417705973e+02 -5.417705973e+02
721 0 +2.720679858e+00 -5.418693201e+02 -5.418693201e+02
737 0 +1.946812049e+00 -5.426431880e+02 -5.426431880e+02
864 0 +1.486892425e+00 -5.431031076e+02 -5.431031076e+02
1022 0 +1.271810971e+00 -5.433181890e+02 -5.433181890e+02
1046 0 +1.094536445e+00 -5.434954636e+02 -5.434954636e+02
1115 0 +9.402802184e-01 -5.436497198e+02 -5.436497198e+02
1154 0 +8.817152067e-01 -5.437082848e+02 -5.437082848e+02
1303 0 +7.586995943e-01 -5.438313004e+02 -5.438313004e+02
1491 0 +6.974739829e-01 -5.438925260e+02 -5.438925260e+02
1633 0 +6.304790822e-01 -5.439595209e+02 -5.439595209e+02
2163 0 +5.586079746e-01 -5.440313920e+02 -5.440313920e+02
100000 0 +5.528624293e-01 -5.440371376e+02 -5.440371376e+02
