% f evaluations | g evaluations | best noise-free fitness - Fopt (-1.694000000000e+01) + sum g_i+ | measured fitness | best measured fitness or single-digit g-values | x1 | x2...
1 0 +2.879304147e+01 +1.185304147e+01 +1.185304147e+01
5 0 +2.448683661e+01 +7.546836608e+00 +7.546836608e+00
14 0 +1.920852394e+01 +2.268523938e+00 +2.268523938e+00
17 0 +1.288606094e+01 -4.053939061e+00 -4.053939061e+00
31 0 +9.437840996e+00 -7.502159004e+00 -7.502159004e+00
71 0 +8.185452090e+00 -8.754547910e+00 -8.754547910e+00
108 0 +7.670338797e+00 -9.269661203e+00 -9.269661203e+00
118 0 +6.422348050e+00 -1.051765195e+01 -1.051765195e+01
139 0 +5.192839723e+00 -1.174716028e+01 -1.174716028e+01
218 0 +4.056295613e+00 -1.288370439e+01 -1.288370439e+01
241 0 +3.184167511e+00 -1.375583249e+01 -1.375583249e+01
283 0 +3.159912230e+00 -1.378008777e+01 -1.378008777e+01
346 0 +2.786586484e+00 -1.415341352e+01 -1.415341352e+01
367 0 +2.466864107e+00 -1.447313589e+01 -1.447313589e+01
451 0 +2.234456209e+00 -1.470554379e+01 -1.470554379e+01
577 0 +1.964241851e+00 -1.497575815e+01 -1.497575815e+01
787 0 +1.773477006e+00 -1.516652299e+01 -1.516652299e+01
5870 0 +1.457949078e+00 -1.548205092e+01 -1.548205092e+01
5891 0 +1.263938063e+00 -1.567606194e+01 -1.567606194e+01
5933 0 +1.179046012e+00 -1.576095399e+01 -1.576095399e+01
6101 0 +1.105735183e+00 -1.583426482e+01 -1.583426482e+01
6311 0 +9.968192195e-01 -1.594318078e+01 -1.594318078e+01
8715 0 +8.830211043e-01 -1.605697890e+01 -1.605697890e+01
8799 0 +7.426996836e-01 -1.619730032e+01 -1.619730032e+01
8841 0 +7.042034420e-01 -1.623579656e+01 -1.623579656e+01
8946 0 +6.228868496e-01 -1.631711315e+01 -1.631711315e+01
9135 0 +5.547737961e-01 -1.638522620e+01 -1.638522620e+01
11602 0 +4.143083838e-01 -1.652569162e+01 -1.652569162e+01
11644 0 +3.889192175e-01 -1.655108078e+01 -1.655108078e+01
11665 0 +3.511114100e-01 -1.658888859e+01 -1.658888859e+01
11749 0 +3.149929974e-01 -1.662500700e+01 -1.662500700e+01
11854 0 +2.737445340e-01 -1.666625547e+01 -1.666625547e+01
11980 0 +2.486958757e-01 -1.669130412e+01 -1.669130412e+01
15341 0 +1.683750519e-01 -1.677162495e+01 -1.677162495e+01
15404 0 +1.287346073e-01 -1.681126539e+01 -1.681126539e+01
15425 0 +1.181320870e-01 -1.682186791e+01 -1.682186791e+01
15446 0 +1.062379370e-01 -1.683376206e+01 -1.683376206e+01
15488 0 +9.986245270e-02 -1.684013755e+01 -1.684013755e+01
15635 0 +8.907334371e-02 -1.685092666e+01 -1.685092666e+01
25276 0 +7.619398976e-02 -1.686380601e+01 -1.686380601e+01
25297 0 +6.858560951e-02 -1.687141439e+01 -1.687141439e+01
25465 0 +6.154615659e-02 -1.687845384e+01 -1.687845384e+01
25549 0 +5.562977752e-02 -1.688437022e+01 -1.688437022e+01
25633 0 +4.959319861e-02 -1.689040680e+01 -1.689040680e+01
25780 0 +4.360042643e-02 -1.689639957e+01 -1.689639957e+01
27890 0 +3.580891954e-02 -1.690419108e+01 -1.690419108e+01
27932 0 +3.307304717e-02 -1.690692695e+01 -1.690692695e+01
27953 0 +3.139865550e-02 -1.690860134e+01 -1.690860134e+01
27995 0 +2.796421486e-02 -1.691203579e+01 -1.691203579e+01
28247 0 +2.508729459e-02 -1.691491271e+01 -1.691491271e+01
28541 0 +2.237475393e-02 -1.691762525e+01 -1.691762525e+01
31692 0 +1.966357226e-02 -1.692033643e+01 -1.692033643e+01
31881 0 +1.774261605e-02 -1.692225738e+01 -1.692225738e+01
35283 0 +1.578076650e-02 -1.692421923e+01 -1.692421923e+01
35619 0 +1.412370384e-02 -1.692587630e+01 -1.692587630e+01
40220 0 +1.185368055e-02 -1.692814632e+01 -1.692814632e+01
40451 0 +1.112914730e-02 -1.692887085e+01 -1.692887085e+01
52151 0 +9.996861749e-03 -1.693000314e+01 -1.693000314e+01
200780 0 +9.540978080e-03 -1.693045902e+01 -1.693045902e+01
% f evaluations | g evaluations | best noise-free fitness - Fopt (1.881000000000e+01) + sum g_i+ | measured fitness | best measured fitness or single-digit g-values | x1 | x2...
1 0 +2.198677347e+01 +4.079677347e+01 +4.079677347e+01
2 0 +1.950405479e+01 +3.831405479e+01 +3.831405479e+01
3 0 +1.233292538e+01 +3.114292538e+01 +3.114292538e+01
4 0 +1.117600194e+01 +2.998600194e+01 +2.998600194e+01
14 0 +7.329409766e+00 +2.613940977e+01 +2.613940977e+01
44 0 +7.055147382e+00 +2.586514738e+01 +2.586514738e+01
112 0 +5.947635321e+00 +2.475763532e+01 +2.475763532e+01
198 0 +5.186591580e+00 +2.399659158e+01 +2.399659158e+01
241 0 +4.358162368e+00 +2.316816237e+01 +2.316816237e+01
325 0 +3.886042796e+00 +2.269604280e+01 +2.269604280e+01
346 0 +3.544861723e+00 +2.235486172e+01 +2.235486172e+01
493 0 +2.982829970e+00 +2.179282997e+01 +2.179282997e+01
514 0 +2.811553032e+00 +2.162155303e+01 +2.162155303e+01
682 0 +2.488451918e+00 +2.129845192e+01 +2.129845192e+01
850 0 +2.228054952e+00 +2.103805495e+01 +2.103805495e+01
4514 0 +1.945254874e+00 +2.075525487e+01 +2.075525487e+01
4556 0 +1.773122627e+00 +2.058312263e+01 +2.058312263e+01
9387 0 +1.573339165e+00 +2.038333917e+01 +2.038333917e+01
10737 0 +1.374572230e+00 +2.018457223e+01 +2.018457223e+01
10785 0 +1.227230166e+00 +2.003723017e+01 +2.003723017e+01
10795 0 +1.022431396e+00 +1.983243140e+01 +1.983243140e+01
10858 0 +8.594856759e-01 +1.966948568e+01 +1.966948568e+01
10963 0 +7.903915592e-01 +1.960039156e+01 +1.960039156e+01
11005 0 +6.396913184e-01 +1.944969132e+01 +1.944969132e+01
11047 0 +5.953280201e-01 +1.940532802e+01 +1.940532802e+01
11110 0 +5.422064390e-01 +1.935220644e+01 +1.935220644e+01
11278 0 +4.941420965e-01 +1.930414210e+01 +1.930414210e+01
19423 0 +4.201577920e-01 +1.923015779e+01 +1.923015779e+01
19553 0 +3.884681037e-01 +1.919846810e+01 +1.919846810e+01
19679 0 +3.446872232e-01 +1.915468722e+01 +1.915468722e+01
19742 0 +3.158027651e-01 +1.912580277e+01 +1.912580277e+01
19931 0 +2.816068396e-01 +1.909160684e+01 +1.909160684e+01
22053 0 +2.442623254e-01 +1.905426233e+01 +1.905426233e+01
22095 0 +2.236288833e-01 +1.903362888e+01 +1.903362888e+01
22221 0 +1.982516807e-01 +1.900825168e+01 +1.900825168e+01
25792 0 +1.697681430e-01 +1.897976814e+01 +1.897976814e+01
25876 0 +1.543212653e-01 +1.896432127e+01 +1.896432127e+01
26002 0 +1.399189682e-01 +1.894991897e+01 +1.894991897e+01
26317 0 +1.243598907e-01 +1.893435989e+01 +1.893435989e+01
32891 0 +1.118943041e-01 +1.892189430e+01 +1.892189430e+01
36798 0 +9.027786029e-02 +1.890027786e+01 +1.890027786e+01
36840 0 +8.673782109e-02 +1.889673782e+01 +1.889673782e+01
37113 0 +7.928702617e-02 +1.888928703e+01 +1.888928703e+01
39487 0 +6.964930694e-02 +1.887964931e+01 +1.887964931e+01
42134 0 +6.296961411e-02 +1.887296961e+01 +1.887296961e+01
42449 0 +5.617897053e-02 +1.886617897e+01 +1.886617897e+01
45306 0 +4.969981228e-02 +1.885969981e+01 +1.885969981e+01
200188 0 +4.654968718e-02 +1.885654969e+01 +1.885654969e+01
% f evaluations | g evaluations | best noise-free fitness - Fopt (2.731500000000e+02) + sum g_i+ | measured fitness | best measured fitness or single-digit g-values | x1 | x2...
1 0 +3.301060494e+01 +3.061606049e+02 +3.061606049e+02
2 0 +3.121827140e+01 +3.043682714e+02 +3.043682714e+02
15 0 +2.629380267e+01 +2.994438027e+02 +2.994438027e+02
25 0 +1.937591220e+01 +2.925259122e+02 +2.925259122e+02
38 0 +1.646005989e+01 +2.896100599e+02 +2.896100599e+02
43 0 +1.206389080e+01 +2.852138908e+02 +2.852138908e+02
74 0 +7.180924963e+00 +2.803309250e+02 +2.803309250e+02
77 0 +6.759517264e+00 +2.799095173e+02 +2.799095173e+02
175 0 +6.059625113e+00 +2.792096251e+02 +2.792096251e+02
241 0 +4.908201905e+00 +2.780582019e+02 +2.780582019e+02
262 0 +4.028446952e+00 +2.771784470e+02 +2.771784470e+02
304 0 +3.925898020e+00 +2.770758980e+02 +2.770758980e+02
346 0 +3.454385198e+00 +2.766043852e+02 +2.766043852e+02
514 0 +3.136021810e+00 +2.762860218e+02 +2.762860218e+02
619 0 +2.724572752e+00 +2.758745728e+02 +2.758745728e+02
682 0 +2.487525021e+00 +2.756375250e+02 +2.756375250e+02
2804 0 +2.197391215e+00 +2.753473912e+02 +2.753473912e+02
2846 0 +1.961225498e+00 +2.751112255e+02 +2.751112255e+02
2909 0 +1.750894715e+00 +2.749008947e+02 +2.749008947e+02
2951 0 +1.505797514e+00 +2.746557975e+02 +2.746557975e+02
3035 0 +1.349213763e+00 +2.744992138e+02 +2.744992138e+02
3098 0 +1.249247146e+00 +2.743992471e+02 +2.743992471e+02
4593 0 +1.079031656e+00 +2.742290317e+02 +2.742290317e+02
4620 0 +8.838761645e-01 +2.740338762e+02 +2.740338762e+02
4746 0 +7.589462795e-01 +2.739089463e+02 +2.739089463e+02
4767 0 +7.059034849e-01 +2.738559035e+02 +2.738559035e+02
5124 0 +6.293637156e-01 +2.737793637e+02 +2.737793637e+02
5796 0 +5.622683307e-01 +2.737122683e+02 +2.737122683e+02
8212 0 +4.937577971e-01 +2.736437578e+02 +2.736437578e+02
12506 0 +4.239945677e-01 +2.735739946e+02 +2.735739946e+02
12569 0 +3.973557769e-01 +2.735473558e+02 +2.735473558e+02
14979 0 +3.241178472e-01 +2.734741178e+02 +2.734741178e+02
14993 0 +2.756453994e-01 +2.734256454e+02 +2.734256454e+02
15132 0 +2.403343970e-01 +2.733903344e+02 +2.733903344e+02
15195 0 +2.186960773e-01 +2.733686961e+02 +2.733686961e+02
15300 0 +1.875867278e-01 +2.733375867e+02 +2.733375867e+02
15384 0 +1.775570717e-01 +2.733275571e+02 +2.733275571e+02
15552 0 +1.584407529e-01 +2.733084408e+02 +2.733084408e+02
18461 0 +1.256352816e-01 +2.732756353e+02 +2.732756353e+02
18493 0 +1.042722989e-01 +2.732542723e+02 +2.732542723e+02
18598 0 +7.831230013e-02 +2.732283123e+02 +2.732283123e+02
18640 0 +6.913282922e-02 +2.732191328e+02 +2.732191328e+02
18724 0 +6.227100936e-02 +2.732122710e+02 +2.732122710e+02
19354 0 +5.620030057e-02 +2.732062003e+02 +2.732062003e+02
21989 0 +4.307070415e-02 +2.731930707e+02 +2.731930707e+02
22031 0 +3.707579343e-02 +2.731870758e+02 +2.731870758e+02
22052 0 +3.495120429e-02 +2.731849512e+02 +2.731849512e+02
22073 0 +3.058798671e-02 +2.731805880e+02 +2.731805880e+02
22283 0 +2.747500352e-02 +2.731774750e+02 +2.731774750e+02
22640 0 +2.511212506e-02 +2.731751121e+02 +2.731751121e+02
26799 0 +2.212985766e-02 +2.731721299e+02 +2.731721299e+02
26988 0 +1.987580291e-02 +2.731698758e+02 +2.731698758e+02
29929 0 +1.732963355e-02 +2.731673296e+02 +2.731673296e+02
30055 0 +1.499606396e-02 +2.731649961e+02 +2.731649961e+02
30202 0 +1.384378286e-02 +2.731638438e+02 +2.731638438e+02
30412 0 +1.257965681e-02 +2.731625797e+02 +2.731625797e+02
33878 0 +1.103396758e-02 +2.731610340e+02 +2.731610340e+02
34046 0 +9.969228356e-03 +2.731599692e+02 +2.731599692e+02
36131 0 +7.570957709e-03 +2.731575710e+02 +2.731575710e+02
36294 0 +6.575212486e-03 +2.731565752e+02 +2.731565752e+02
36336 0 +5.987570652e-03 +2.731559876e+02 +2.731559876e+02
36357 0 +5.364773541e-03 +2.731553648e+02 +2.731553648e+02
36420 0 +4.909424399e-03 +2.731549094e+02 +2.731549094e+02
36588 0 +4.366497404e-03 +2.731543665e+02 +2.731543665e+02
36735 0 +3.862917738e-03 +2.731538629e+02 +2.731538629e+02
36798 0 +3.486355678e-03 +2.731534864e+02 +2.731534864e+02
38719 0 +2.908977644e-03 +2.731529090e+02 +2.731529090e+02
38761 0 +2.778241808e-03 +2.731527782e+02 +2.731527782e+02
41303 0 +2.223179891e-03 +2.731522232e+02 +2.731522232e+02
41471 0 +1.700676406e-03 +2.731517007e+02 +2.731517007e+02
41555 0 +1.557508841e-03 +2.731515575e+02 +2.731515575e+02
47416 0 +1.240164985e-03 +2.731512402e+02 +2.731512402e+02
47647 0 +1.112626670e-03 +2.731511126e+02 +2.731511126e+02
47731 0 +9.870118239e-04 +2.731509870e+02 +2.731509870e+02
48256 0 +8.897642242e-04 +2.731508898e+02 +2.731508898e+02
200328 0 +8.860860868e-04 +2.731508861e+02 +2.731508861e+02
% f evaluations | g evaluations | best noise-free fitness - Fopt (3.718000000000e+01) + sum g_i+ | measured fitness | best measured fitness or single-digit g-values | x1 | x2...
1 0 +3.312281660e+01 +7.030281660e+01 +7.030281660e+01
2 0 +9.475720999e+00 +4.665572100e+01 +4.665572100e+01
39 0 +8.336685957e+00 +4.551668596e+01 +4.551668596e+01
88 0 +7.612528732e+00 +4.479252873e+01 +4.479252873e+01
95 0 +6.766384295e+00 +4.394638429e+01 +4.394638429e+01
101 0 +6.241663958e+00 +4.342166396e+01 +4.342166396e+01
102 0 +5.380715253e+00 +4.256071525e+01 +4.256071525e+01
158 0 +4.749083765e+00 +4.192908377e+01 +4.192908377e+01
217 0 +4.144244436e+00 +4.132424444e+01 +4.132424444e+01
231 0 +3.334398656e+00 +4.051439866e+01 +4.051439866e+01
304 0 +2.932623180e+00 +4.011262318e+01 +4.011262318e+01
325 0 +2.666995668e+00 +3.984699567e+01 +3.984699567e+01
430 0 +2.487777582e+00 +3.966777758e+01 +3.966777758e+01
3667 0 +2.175570175e+00 +3.935557018e+01 +3.935557018e+01
3679 0 +1.914112702e+00 +3.909411270e+01 +3.909411270e+01
3811 0 +1.358778042e+00 +3.853877804e+01 +3.853877804e+01
3853 0 +1.236957480e+00 +3.841695748e+01 +3.841695748e+01
3874 0 +1.055019108e+00 +3.823501911e+01 +3.823501911e+01
3895 0 +9.395035080e-01 +3.811950351e+01 +3.811950351e+01
4042 0 +8.567110682e-01 +3.803671107e+01 +3.803671107e+01
4126 0 +7.877643125e-01 +3.796776431e+01 +3.796776431e+01
10331 0 +6.954652260e-01 +3.787546523e+01 +3.787546523e+01
12642 0 +5.635509770e-01 +3.774355098e+01 +3.774355098e+01
12924 0 +5.456201137e-01 +3.772562011e+01 +3.772562011e+01
13050 0 +4.950625444e-01 +3.767506254e+01 +3.767506254e+01
13092 0 +4.451313733e-01 +3.762513137e+01 +3.762513137e+01
13218 0 +3.916710846e-01 +3.757167108e+01 +3.757167108e+01
15140 0 +2.927001421e-01 +3.747270014e+01 +3.747270014e+01
15319 0 +2.447215093e-01 +3.742472151e+01 +3.742472151e+01
15340 0 +2.065598359e-01 +3.738655984e+01 +3.738655984e+01
15361 0 +1.873529210e-01 +3.736735292e+01 +3.736735292e+01
15382 0 +1.601173930e-01 +3.734011739e+01 +3.734011739e+01
15445 0 +1.568219129e-01 +3.733682191e+01 +3.733682191e+01
15949 0 +1.411031964e-01 +3.732110320e+01 +3.732110320e+01
19793 0 +1.232226237e-01 +3.730322262e+01 +3.730322262e+01
19877 0 +1.053053091e-01 +3.728530531e+01 +3.728530531e+01
20024 0 +9.907260524e-02 +3.727907261e+01 +3.727907261e+01
20360 0 +8.911192468e-02 +3.726911192e+01 +3.726911192e+01
23238 0 +7.710322258e-02 +3.725710322e+01 +3.725710322e+01
23280 0 +6.878427731e-02 +3.724878428e+01 +3.724878428e+01
23322 0 +6.263988658e-02 +3.724263989e+01 +3.724263989e+01
23364 0 +5.547645905e-02 +3.723547646e+01 +3.723547646e+01
23511 0 +4.944465443e-02 +3.722944465e+01 +3.722944465e+01
26284 0 +4.307471478e-02 +3.722307471e+01 +3.722307471e+01
26347 0 +3.973875024e-02 +3.721973875e+01 +3.721973875e+01
26746 0 +3.537643437e-02 +3.721537643e+01 +3.721537643e+01
28867 0 +3.011433970e-02 +3.721011434e+01 +3.721011434e+01
29066 0 +2.773235502e-02 +3.720773236e+01 +3.720773236e+01
29213 0 +2.502908177e-02 +3.720502908e+01 +3.720502908e+01
29423 0 +2.219110360e-02 +3.720219110e+01 +3.720219110e+01
29570 0 +1.952021042e-02 +3.719952021e+01 +3.719952021e+01
32637 0 +1.766093380e-02 +3.719766093e+01 +3.719766093e+01
32868 0 +1.573669629e-02 +3.719573670e+01 +3.719573670e+01
35641 0 +1.409076589e-02 +3.719409077e+01 +3.719409077e+01
35662 0 +1.242634851e-02 +3.719242635e+01 +3.719242635e+01
39233 0 +1.119040742e-02 +3.719119041e+01 +3.719119041e+01
41733 0 +9.747440534e-03 +3.718974744e+01 +3.718974744e+01
43708 0 +8.912326798e-03 +3.718891233e+01 +3.718891233e+01
46670 0 +7.933840049e-03 +3.718793384e+01 +3.718793384e+01
200002 0 +7.347981404e-03 +3.718734798e+01 +3.718734798e+01
% f evaluations | g evaluations | best noise-free fitness - Fopt (-1.479000000000e+02) + sum g_i+ | measured fitness | best measured fitness or single-digit g-values | x1 | x2...
1 0 +1.323337192e+01 -1.346666281e+02 -1.346666281e+02
13 0 +1.161663535e+01 -1.362833646e+02 -1.362833646e+02
28 0 +1.047496538e+01 -1.374250346e+02 -1.374250346e+02
42 0 +9.792253208e+00 -1.381077468e+02 -1.381077468e+02
72 0 +6.877534444e+00 -1.410224656e+02 -1.410224656e+02
122 0 +5.920938935e+00 -1.419790611e+02 -1.419790611e+02
148 0 +5.149160388e+00 -1.427508396e+02 -1.427508396e+02
183 0 +4.403370060e+00 -1.434966299e+02 -1.434966299e+02
430 0 +3.667508632e+00 -1.442324914e+02 -1.442324914e+02
472 0 +3.516498647e+00 -1.443835014e+02 -1.443835014e+02
535 0 +3.102681646e+00 -1.447973184e+02 -1.447973184e+02
640 0 +2.805739223e+00 -1.450942608e+02 -1.450942608e+02
2162 0 +2.496523038e+00 -1.454034770e+02 -1.454034770e+02
2225 0 +2.145775148e+00 -1.457542249e+02 -1.457542249e+02
2246 0 +1.907311986e+00 -1.459926880e+02 -1.459926880e+02
2330 0 +1.764029828e+00 -1.461359702e+02 -1.461359702e+02
2477 0 +1.562749969e+00 -1.463372500e+02 -1.463372500e+02
5070 0 +1.403094863e+00 -1.464969051e+02 -1.464969051e+02
5175 0 +1.257723643e+00 -1.466422764e+02 -1.466422764e+02
6208 0 +9.954539421e-01 -1.469045461e+02 -1.469045461e+02
6234 0 +8.535663982e-01 -1.470464336e+02 -1.470464336e+02
6253 0 +7.623853209e-01 -1.471376147e+02 -1.471376147e+02
6340 0 +6.914078677e-01 -1.472085921e+02 -1.472085921e+02
6361 0 +6.113557206e-01 -1.472886443e+02 -1.472886443e+02
6382 0 +5.302404417e-01 -1.473697596e+02 -1.473697596e+02
6424 0 +4.968922451e-01 -1.474031078e+02 -1.474031078e+02
6487 0 +4.451585673e-01 -1.474548414e+02 -1.474548414e+02
6613 0 +3.973139861e-01 -1.475026860e+02 -1.475026860e+02
9533 0 +3.490156913e-01 -1.475509843e+02 -1.475509843e+02
9617 0 +3.123876004e-01 -1.475876124e+02 -1.475876124e+02
9701 0 +2.813274701e-01 -1.476186725e+02 -1.476186725e+02
12348 0 +1.770546606e-01 -1.477229453e+02 -1.477229453e+02
12432 0 +1.542753971e-01 -1.477457246e+02 -1.477457246e+02
12495 0 +1.341631673e-01 -1.477658368e+02 -1.477658368e+02
12558 0 +1.233636612e-01 -1.477766363e+02 -1.477766363e+02
12915 0 +1.113684377e-01 -1.477886316e+02 -1.477886316e+02
21106 0 +8.171973335e-02 -1.478182803e+02 -1.478182803e+02
21148 0 +7.647065583e-02 -1.478235293e+02 -1.478235293e+02
21253 0 +7.023015557e-02 -1.478297698e+02 -1.478297698e+02
24215 0 +5.970129878e-02 -1.478402987e+02 -1.478402987e+02
24377 0 +5.325508683e-02 -1.478467449e+02 -1.478467449e+02
24509 0 +4.853829807e-02 -1.478514617e+02 -1.478514617e+02
24593 0 +4.455064932e-02 -1.478554494e+02 -1.478554494e+02
25034 0 +3.949734663e-02 -1.478605027e+02 -1.478605027e+02
27249 0 +3.426725769e-02 -1.478657327e+02 -1.478657327e+02
27417 0 +3.122451966e-02 -1.478687755e+02 -1.478687755e+02
27753 0 +2.808094393e-02 -1.478719191e+02 -1.478719191e+02
32447 0 +2.504211357e-02 -1.478749579e+02 -1.478749579e+02
32804 0 +2.236521315e-02 -1.478776348e+02 -1.478776348e+02
36842 0 +1.992342903e-02 -1.478800766e+02 -1.478800766e+02
37048 0 +1.742865528e-02 -1.478825713e+02 -1.478825713e+02
37321 0 +1.583388043e-02 -1.478841661e+02 -1.478841661e+02
200923 0 +1.493583668e-02 -1.478850642e+02 -1.478850642e+02
% f evaluations | g evaluations | best noise-free fitness - Fopt (4.817100000000e+02) + sum g_i+ | measured fitness | best measured fitness or single-digit g-values | x1 | x2...
1 0 +1.880588563e+01 +5.005158856e+02 +5.005158856e+02
2 0 +1.798748655e+01 +4.996974866e+02 +4.996974866e+02
4 0 +9.462998088e+00 +4.911729981e+02 +4.911729981e+02
6 0 +8.125229015e+00 +4.898352290e+02 +4.898352290e+02
52 0 +7.200847605e+00 +4.889108476e+02 +4.889108476e+02
57 0 +6.819661336e+00 +4.885296613e+02 +4.885296613e+02
81 0 +6.098565603e+00 +4.878085656e+02 +4.878085656e+02
190 0 +5.507616393e+00 +4.872176164e+02 +4.872176164e+02
194 0 +4.620571528e+00 +4.863305715e+02 +4.863305715e+02
229 0 +3.852876016e+00 +4.855628760e+02 +4.855628760e+02
535 0 +3.539560767e+00 +4.852495608e+02 +4.852495608e+02
598 0 +3.147723368e+00 +4.848577234e+02 +4.848577234e+02
682 0 +2.750982243e+00 +4.844609822e+02 +4.844609822e+02
1123 0 +2.511824598e+00 +4.842218246e+02 +4.842218246e+02
4409 0 +2.197961685e+00 +4.839079617e+02 +4.839079617e+02
4472 0 +1.864787960e+00 +4.835747880e+02 +4.835747880e+02
4514 0 +1.694000926e+00 +4.834040009e+02 +4.834040009e+02
4577 0 +1.552563588e+00 +4.832625636e+02 +4.832625636e+02
4661 0 +1.377040638e+00 +4.830870406e+02 +4.830870406e+02
9975 0 +1.149439650e+00 +4.828594397e+02 +4.828594397e+02
10080 0 +1.090949369e+00 +4.828009494e+02 +4.828009494e+02
10290 0 +9.935990793e-01 +4.827035991e+02 +4.827035991e+02
12043 0 +5.698621331e-01 +4.822798621e+02 +4.822798621e+02
12106 0 +5.523522871e-01 +4.822623523e+02 +4.822623523e+02
12148 0 +4.523616820e-01 +4.821623617e+02 +4.821623617e+02
12169 0 +4.022103267e-01 +4.821122103e+02 +4.821122103e+02
12253 0 +3.945024739e-01 +4.821045025e+02 +4.821045025e+02
12316 0 +3.502238695e-01 +4.820602239e+02 +4.820602239e+02
12610 0 +3.155138126e-01 +4.820255138e+02 +4.820255138e+02
16988 0 +2.736875380e-01 +4.819836875e+02 +4.819836875e+02
17177 0 +2.500920587e-01 +4.819600921e+02 +4.819600921e+02
18657 0 +2.158956561e-01 +4.819258957e+02 +4.819258957e+02
18699 0 +1.885026669e-01 +4.818985027e+02 +4.818985027e+02
18741 0 +1.726213332e-01 +4.818826213e+02 +4.818826213e+02
18825 0 +1.551682404e-01 +4.818651682e+02 +4.818651682e+02
18867 0 +1.410118561e-01 +4.818510119e+02 +4.818510119e+02
18972 0 +1.223872201e-01 +4.818323872e+02 +4.818323872e+02
20914 0 +8.791568176e-02 +4.817979157e+02 +4.817979157e+02
20956 0 +7.767145168e-02 +4.817876715e+02 +4.817876715e+02
21250 0 +6.997616580e-02 +4.817799762e+02 +4.817799762e+02
21397 0 +6.207305820e-02 +4.817720731e+02 +4.817720731e+02
24263 0 +5.389863548e-02 +4.817638986e+02 +4.817638986e+02
24431 0 +4.954635972e-02 +4.817595464e+02 +4.817595464e+02
30153 0 +4.361665962e-02 +4.817536167e+02 +4.817536167e+02
30321 0 +3.964051132e-02 +4.817496405e+02 +4.817496405e+02
36212 0 +3.177648584e-02 +4.817417765e+02 +4.817417765e+02
36254 0 +2.903567693e-02 +4.817390357e+02 +4.817390357e+02
36317 0 +2.793954109e-02 +4.817379395e+02 +4.817379395e+02
36716 0 +2.487415792e-02 +4.817348742e+02 +4.817348742e+02
39215 0 +2.063403465e-02 +4.817306340e+02 +4.817306340e+02
39321 0 +1.431209079e-02 +4.817243121e+02 +4.817243121e+02
39363 0 +1.389524859e-02 +4.817238952e+02 +4.817238952e+02
39405 0 +1.251489022e-02 +4.817225149e+02 +4.817225149e+02
39531 0 +1.111508102e-02 +4.817211151e+02 +4.817211151e+02
39804 0 +9.982480397e-03 +4.817199825e+02 +4.817199825e+02
47837 0 +8.780711429e-03 +4.817187807e+02 +4.817187807e+02
47942 0 +7.926057824e-03 +4.817179261e+02 +4.817179261e+02
55156 0 +7.059754713e-03 +4.817170598e+02 +4.817170598e+02
59522 0 +6.309250198e-03 +4.817163093e+02 +4.817163093e+02
200158 0 +5.771799229e-03 +4.817157718e+02 +4.817157718e+02
% f evaluations | g evaluations | best noise-free fitness - Fopt (-3.646000000000e+01) + sum g_i+ | measured fitness | best measured fitness or single-digit g-values | x1 | x2...
1 0 +1.412722186e+01 -2.233277814e+01 -2.233277814e+01
4 0 +1.393503512e+01 -2.252496488e+01 -2.252496488e+01
10 0 +1.223154028e+01 -2.422845972e+01 -2.422845972e+01
11 0 +1.069175672e+01 -2.576824328e+01 -2.576824328e+01
37 0 +9.821040138e+00 -2.663895986e+01 -2.663895986e+01
61 0 +8.494250745e+00 -2.796574925e+01 -2.796574925e+01
71 0 +7.563116469e+00 -2.889688353e+01 -2.889688353e+01
73 0 +6.742773819e+00 -2.971722618e+01 -2.971722618e+01
112 0 +6.231042053e+00 -3.022895795e+01 -3.022895795e+01
138 0 +5.549223051e+00 -3.091077695e+01 -3.091077695e+01
198 0 +4.866064349e+00 -3.159393565e+01 -3.159393565e+01
325 0 +4.362539980e+00 -3.209746002e+01 -3.209746002e+01
367 0 +3.532216773e+00 -3.292778323e+01 -3.292778323e+01
409 0 +3.135464976e+00 -3.332453502e+01 -3.332453502e+01
451 0 +2.759649857e+00 -3.370035014e+01 -3.370035014e+01
472 0 +2.483157367e+00 -3.397684263e+01 -3.397684263e+01
493 0 +2.205424942e+00 -3.425457506e+01 -3.425457506e+01
577 0 +1.950119469e+00 -3.450988053e+01 -3.450988053e+01
3842 0 +1.746372404e+00 -3.471362760e+01 -3.471362760e+01
3905 0 +1.582991139e+00 -3.487700886e+01 -3.487700886e+01
6798 0 +1.318287682e+00 -3.514171232e+01 -3.514171232e+01
6928 0 +1.212971686e+00 -3.524702831e+01 -3.524702831e+01
6981 0 +1.119321820e+00 -3.534067818e+01 -3.534067818e+01
7044 0 +9.804595608e-01 -3.547954044e+01 -3.547954044e+01
7128 0 +8.094342240e-01 -3.565056578e+01 -3.565056578e+01
7170 0 +7.787324390e-01 -3.568126756e+01 -3.568126756e+01
7611 0 +7.072579412e-01 -3.575274206e+01 -3.575274206e+01
9710 0 +5.771165004e-01 -3.588288350e+01 -3.588288350e+01
9721 0 +5.012705433e-01 -3.595872946e+01 -3.595872946e+01
9763 0 +4.952256083e-01 -3.596477439e+01 -3.596477439e+01
9805 0 +4.458468124e-01 -3.601415319e+01 -3.601415319e+01
9847 0 +3.789247084e-01 -3.608107529e+01 -3.608107529e+01
9931 0 +3.513262330e-01 -3.610867377e+01 -3.610867377e+01
9973 0 +3.095009313e-01 -3.615049907e+01 -3.615049907e+01
10036 0 +2.733051757e-01 -3.618669482e+01 -3.618669482e+01
10141 0 +2.466296361e-01 -3.621337036e+01 -3.621337036e+01
12410 0 +2.213804175e-01 -3.623861958e+01 -3.623861958e+01
12452 0 +1.827481465e-01 -3.627725185e+01 -3.627725185e+01
12578 0 +1.775640995e-01 -3.628243590e+01 -3.628243590e+01
12725 0 +1.556631449e-01 -3.630433686e+01 -3.630433686e+01
12914 0 +1.409001176e-01 -3.631909988e+01 -3.631909988e+01
15939 0 +1.242619947e-01 -3.633573801e+01 -3.633573801e+01
16044 0 +1.092300089e-01 -3.635076999e+01 -3.635076999e+01
16170 0 +9.983100940e-02 -3.636016899e+01 -3.636016899e+01
19331 0 +8.351399957e-02 -3.637648600e+01 -3.637648600e+01
19363 0 +6.940107752e-02 -3.639059892e+01 -3.639059892e+01
19468 0 +5.820784134e-02 -3.640179216e+01 -3.640179216e+01
19489 0 +4.901643481e-02 -3.641098357e+01 -3.641098357e+01
19657 0 +4.460567760e-02 -3.641539432e+01 -3.641539432e+01
19888 0 +3.974722357e-02 -3.642025278e+01 -3.642025278e+01
27988 0 +3.544689158e-02 -3.642455311e+01 -3.642455311e+01
28165 0 +3.125365053e-02 -3.642874635e+01 -3.642874635e+01
28186 0 +2.658697155e-02 -3.643341303e+01 -3.643341303e+01
28270 0 +2.484759480e-02 -3.643515241e+01 -3.643515241e+01
28501 0 +2.224426758e-02 -3.643775573e+01 -3.643775573e+01
28774 0 +1.921562149e-02 -3.644078438e+01 -3.644078438e+01
31967 0 +1.774200250e-02 -3.644225800e+01 -3.644225800e+01
35601 0 +1.436462610e-02 -3.644563537e+01 -3.644563537e+01
35643 0 +1.385776567e-02 -3.644614223e+01 -3.644614223e+01
36021 0 +1.248667926e-02 -3.644751332e+01 -3.644751332e+01
38983 0 +1.121099305e-02 -3.644878901e+01 -3.644878901e+01
41378 0 +9.989520494e-03 -3.645001048e+01 -3.645001048e+01
44256 0 +8.863646900e-03 -3.645113635e+01 -3.645113635e+01
47449 0 +7.900887713e-03 -3.645209911e+01 -3.645209911e+01
200132 0 +7.391003978e-03 -3.645260900e+01 -3.645260900e+01
% f evaluations | g evaluations | best noise-free fitness - Fopt (3.920000000000e+01) + sum g_i+ | measured fitness | best measured fitness or single-digit g-values | x1 | x2...
1 0 +3.767651363e+01 +7.687651363e+01 +7.687651363e+01
2 0 +2.320359657e+01 +6.240359657e+01 +6.240359657e+01
3 0 +2.038840924e+01 +5.958840924e+01 +5.958840924e+01
6 0 +1.669610034e+01 +5.589610034e+01 +5.589610034e+01
21 0 +1.532742988e+01 +5.452742988e+01 +5.452742988e+01
33 0 +1.373594514e+01 +5.293594514e+01 +5.293594514e+01
58 0 +1.126909289e+01 +5.046909289e+01 +5.046909289e+01
66 0 +9.954260138e+00 +4.915426014e+01 +4.915426014e+01
80 0 +8.650216565e+00 +4.785021657e+01 +4.785021657e+01
130 0 +7.671789608e+00 +4.687178961e+01 +4.687178961e+01
203 0 +6.771054033e+00 +4.597105403e+01 +4.597105403e+01
325 0 +6.186541535e+00 +4.538654154e+01 +4.538654154e+01
388 0 +5.377796731e+00 +4.457779673e+01 +4.457779673e+01
451 0 +4.860897156e+00 +4.406089716e+01 +4.406089716e+01
598 0 +4.422054716e+00 +4.362205472e+01 +4.362205472e+01
3465 0 +3.560054167e+00 +4.276005417e+01 +4.276005417e+01
3582 0 +3.128693047e+00 +4.232869305e+01 +4.232869305e+01
3624 0 +2.689133747e+00 +4.188913375e+01 +4.188913375e+01
3637 0 +2.304728499e+00 +4.150472850e+01 +4.150472850e+01
3638 0 +1.972098440e+00 +4.117209844e+01 +4.117209844e+01
3716 0 +1.745678438e+00 +4.094567844e+01 +4.094567844e+01
3737 0 +1.579610396e+00 +4.077961040e+01 +4.077961040e+01
3842 0 +1.357467289e+00 +4.055746729e+01 +4.055746729e+01
3863 0 +1.217233939e+00 +4.041723394e+01 +4.041723394e+01
3968 0 +1.092216593e+00 +4.029221659e+01 +4.029221659e+01
4010 0 +9.912755083e-01 +4.019127551e+01 +4.019127551e+01
4199 0 +8.908432041e-01 +4.009084320e+01 +4.009084320e+01
6720 0 +7.630986103e-01 +3.996309861e+01 +3.996309861e+01
6825 0 +6.931442696e-01 +3.989314427e+01 +3.989314427e+01
8359 0 +5.402017577e-01 +3.974020176e+01 +3.974020176e+01
8443 0 +4.918850748e-01 +3.969188507e+01 +3.969188507e+01
8527 0 +4.377708119e-01 +3.963777081e+01 +3.963777081e+01
8737 0 +3.948106480e-01 +3.959481065e+01 +3.959481065e+01
9073 0 +3.529478964e-01 +3.955294790e+01 +3.955294790e+01
10586 0 +3.080917596e-01 +3.950809176e+01 +3.950809176e+01
10628 0 +2.577047940e-01 +3.945770479e+01 +3.945770479e+01
10670 0 +2.461511609e-01 +3.944615116e+01 +3.944615116e+01
10796 0 +2.204358395e-01 +3.942043584e+01 +3.942043584e+01
10985 0 +1.972259118e-01 +3.939722591e+01 +3.939722591e+01
14283 0 +1.777389012e-01 +3.937773890e+01 +3.937773890e+01
16825 0 +1.567740336e-01 +3.935677403e+01 +3.935677403e+01
16930 0 +1.409273448e-01 +3.934092734e+01 +3.934092734e+01
17014 0 +1.237976738e-01 +3.932379767e+01 +3.932379767e+01
17308 0 +1.119094837e-01 +3.931190948e+01 +3.931190948e+01
20354 0 +9.997544009e-02 +3.929997544e+01 +3.929997544e+01
20564 0 +8.761433990e-02 +3.928761434e+01 +3.928761434e+01
26614 0 +7.926548449e-02 +3.927926548e+01 +3.927926548e+01
31277 0 +7.075665442e-02 +3.927075665e+01 +3.927075665e+01
31865 0 +6.285812018e-02 +3.926285812e+01 +3.926285812e+01
40098 0 +5.615223898e-02 +3.925615224e+01 +3.925615224e+01
44951 0 +5.004862199e-02 +3.925004862e+01 +3.925004862e+01
200238 0 +4.632089148e-02 +3.924632089e+01 +3.924632089e+01
% f evaluations | g evaluations | best noise-free fitness - Fopt (-3.225000000000e+01) + sum g_i+ | measured fitness | best measured fitness or single-digit g-values | x1 | x2...
1 0 +1.428850385e+02 +1.106350385e+02 +1.106350385e+02
2 0 +7.585604705e+01 +4.360604705e+01 +4.360604705e+01
3 0 +5.199948037e+01 +1.974948037e+01 +1.974948037e+01
4 0 +1.863389584e+01 -1.361610416e+01 -1.361610416e+01
17 0 +1.586354066e+01 -1.638645934e+01 -1.638645934e+01
41 0 +1.506412471e+01 -1.718587529e+01 -1.718587529e+01
65 0 +1.395771498e+01 -1.829228502e+01 -1.829228502e+01
74 0 +1.242441963e+01 -1.982558037e+01 -1.982558037e+01
92 0 +1.121782910e+01 -2.103217090e+01 -2.103217090e+01
109 0 +9.909015680e+00 -2.234098432e+01 -2.234098432e+01
127 0 +8.238575945e+00 -2.401142405e+01 -2.401142405e+01
147 0 +6.962642979e+00 -2.528735702e+01 -2.528735702e+01
201 0 +5.585312268e+00 -2.666468773e+01 -2.666468773e+01
619 0 +4.879961711e+00 -2.737003829e+01 -2.737003829e+01
682 0 +4.311491528e+00 -2.793850847e+01 -2.793850847e+01
766 0 +3.938842323e+00 -2.831115768e+01 -2.831115768e+01
2699 0 +3.275497412e+00 -2.897450259e+01 -2.897450259e+01
2748 0 +2.932629355e+00 -2.931737064e+01 -2.931737064e+01
2762 0 +2.485398755e+00 -2.976460124e+01 -2.976460124e+01
2876 0 +1.850125933e+00 -3.039987407e+01 -3.039987407e+01
2918 0 +1.602174595e+00 -3.064782541e+01 -3.064782541e+01
2939 0 +1.552238515e+00 -3.069776148e+01 -3.069776148e+01
2981 0 +1.408152229e+00 -3.084184777e+01 -3.084184777e+01
3044 0 +1.223474463e+00 -3.102652554e+01 -3.102652554e+01
3086 0 +1.068603166e+00 -3.118139683e+01 -3.118139683e+01
7728 0 +9.346717603e-01 -3.131532824e+01 -3.131532824e+01
7770 0 +8.839717632e-01 -3.136602824e+01 -3.136602824e+01
7812 0 +7.243471434e-01 -3.152565286e+01 -3.152565286e+01
7854 0 +6.946647502e-01 -3.155533525e+01 -3.155533525e+01
7959 0 +5.985020871e-01 -3.165149791e+01 -3.165149791e+01
8064 0 +5.469536618e-01 -3.170304634e+01 -3.170304634e+01
8211 0 +4.994487339e-01 -3.175055127e+01 -3.175055127e+01
10006 0 +4.311126471e-01 -3.181888735e+01 -3.181888735e+01
10111 0 +3.930075130e-01 -3.185699249e+01 -3.185699249e+01
10636 0 +3.533182246e-01 -3.189668178e+01 -3.189668178e+01
13409 0 +2.718835178e-01 -3.197811648e+01 -3.197811648e+01
13430 0 +2.417909356e-01 -3.200820906e+01 -3.200820906e+01
13535 0 +2.151981917e-01 -3.203480181e+01 -3.203480181e+01
13640 0 +1.956082317e-01 -3.205439177e+01 -3.205439177e+01
13787 0 +1.766899180e-01 -3.207331008e+01 -3.207331008e+01
14102 0 +1.578143767e-01 -3.209218562e+01 -3.209218562e+01
18156 0 +1.406976796e-01 -3.210930232e+01 -3.210930232e+01
21895 0 +1.137270221e-01 -3.213627298e+01 -3.213627298e+01
21937 0 +1.070498888e-01 -3.214295011e+01 -3.214295011e+01
21979 0 +9.914006298e-02 -3.215085994e+01 -3.215085994e+01
22168 0 +8.838514420e-02 -3.216161486e+01 -3.216161486e+01
22273 0 +7.745605011e-02 -3.217254395e+01 -3.217254395e+01
22441 0 +7.072762345e-02 -3.217927238e+01 -3.217927238e+01
25823 0 +6.168596383e-02 -3.218831404e+01 -3.218831404e+01
25928 0 +5.582219924e-02 -3.219417780e+01 -3.219417780e+01
26033 0 +4.993082003e-02 -3.220006918e+01 -3.220006918e+01
28869 0 +4.427656271e-02 -3.220572344e+01 -3.220572344e+01
28974 0 +3.930204204e-02 -3.221069796e+01 -3.221069796e+01
31966 0 +3.527163064e-02 -3.221472837e+01 -3.221472837e+01
32029 0 +3.152880684e-02 -3.221847119e+01 -3.221847119e+01
32281 0 +2.781718460e-02 -3.222218282e+01 -3.222218282e+01
35327 0 +2.500994603e-02 -3.222499005e+01 -3.222499005e+01
37785 0 +2.237359434e-02 -3.222762641e+01 -3.222762641e+01
39886 0 +1.989483101e-02 -3.223010517e+01 -3.223010517e+01
40096 0 +1.762028338e-02 -3.223237972e+01 -3.223237972e+01
40537 0 +1.566234404e-02 -3.223433766e+01 -3.223433766e+01
48687 0 +1.404265688e-02 -3.223595734e+01 -3.223595734e+01
200968 0 +1.325565942e-02 -3.223674434e+01 -3.223674434e+01
% f evaluations | g evaluations | best noise-free fitness - Fopt (3.681200000000e+02) + sum g_i+ | measured fitness | best measured fitness or single-digit g-values | x1 | x2...
1 0 +1.350711103e+01 +3.816271110e+02 +3.816271110e+02
22 0 +1.332433085e+01 +3.814443308e+02 +3.814443308e+02
24 0 +1.027518224e+01 +3.783951822e+02 +3.783951822e+02
26 0 +9.278646723e+00 +3.773986467e+02 +3.773986467e+02
38 0 +8.214529219e+00 +3.763345292e+02 +3.763345292e+02
51 0 +7.847873435e+00 +3.759678734e+02 +3.759678734e+02
77 0 +6.319119783e+00 +3.744391198e+02 +3.744391198e+02
139 0 +6.148415273e+00 +3.742684153e+02 +3.742684153e+02
157 0 +5.480753131e+00 +3.736007531e+02 +3.736007531e+02
197 0 +4.172702495e+00 +3.722927025e+02 +3.722927025e+02
283 0 +3.416127077e+00 +3.715361271e+02 +3.715361271e+02
325 0 +3.104270376e+00 +3.712242704e+02 +3.712242704e+02
346 0 +2.723513831e+00 +3.708435138e+02 +3.708435138e+02
451 0 +2.464277159e+00 +3.705842772e+02 +3.705842772e+02
493 0 +2.193104514e+00 +3.703131045e+02 +3.703131045e+02
661 0 +1.989414990e+00 +3.701094150e+02 +3.701094150e+02
3568 0 +1.711335361e+00 +3.698313354e+02 +3.698313354e+02
3632 0 +1.507415938e+00 +3.696274159e+02 +3.696274159e+02
3695 0 +1.341181634e+00 +3.694611816e+02 +3.694611816e+02
3716 0 +1.243363793e+00 +3.693633638e+02 +3.693633638e+02
3884 0 +1.109333926e+00 +3.692293339e+02 +3.692293339e+02
7443 0 +9.187522344e-01 +3.690387522e+02 +3.690387522e+02
7506 0 +8.482699849e-01 +3.689682700e+02 +3.689682700e+02
7527 0 +7.639210013e-01 +3.688839210e+02 +3.688839210e+02
7569 0 +6.951686281e-01 +3.688151686e+02 +3.688151686e+02
7611 0 +6.279800858e-01 +3.687479801e+02 +3.687479801e+02
7716 0 +5.409015287e-01 +3.686609015e+02 +3.686609015e+02
7779 0 +4.921622004e-01 +3.686121622e+02 +3.686121622e+02
7884 0 +4.429946710e-01 +3.685629947e+02 +3.685629947e+02
11182 0 +3.567145964e-01 +3.684767146e+02 +3.684767146e+02
11245 0 +2.839012902e-01 +3.684039013e+02 +3.684039013e+02
11266 0 +2.698300704e-01 +3.683898301e+02 +3.683898301e+02
11287 0 +2.371050890e-01 +3.683571051e+02 +3.683571051e+02
11350 0 +1.822123301e-01 +3.683022123e+02 +3.683022123e+02
11392 0 +1.757456279e-01 +3.682957456e+02 +3.682957456e+02
11518 0 +1.565254866e-01 +3.682765255e+02 +3.682765255e+02
13901 0 +1.296645304e-01 +3.682496645e+02 +3.682496645e+02
13985 0 +1.229998537e-01 +3.682429999e+02 +3.682429999e+02
14090 0 +1.113852646e-01 +3.682313853e+02 +3.682313853e+02
15927 0 +9.654455908e-02 +3.682165446e+02 +3.682165446e+02
16053 0 +8.628936634e-02 +3.682062894e+02 +3.682062894e+02
16116 0 +7.797122121e-02 +3.681979712e+02 +3.681979712e+02
16221 0 +6.983537142e-02 +3.681898354e+02 +3.681898354e+02
16368 0 +6.281715526e-02 +3.681828172e+02 +3.681828172e+02
19990 0 +5.548489149e-02 +3.681754849e+02 +3.681754849e+02
20095 0 +4.883764303e-02 +3.681688376e+02 +3.681688376e+02
20200 0 +4.466346566e-02 +3.681646635e+02 +3.681646635e+02
20410 0 +3.942911478e-02 +3.681594291e+02 +3.681594291e+02
27363 0 +3.511477995e-02 +3.681551148e+02 +3.681551148e+02
27657 0 +3.134831426e-02 +3.681513483e+02 +3.681513483e+02
30523 0 +2.761409092e-02 +3.681476141e+02 +3.681476141e+02
30892 0 +2.511462039e-02 +3.681451146e+02 +3.681451146e+02
31228 0 +2.216044259e-02 +3.681421604e+02 +3.681421604e+02
34535 0 +1.849465663e-02 +3.681384947e+02 +3.681384947e+02
34640 0 +1.773036467e-02 +3.681377304e+02 +3.681377304e+02
38673 0 +1.580606629e-02 +3.681358061e+02 +3.681358061e+02
40816 0 +1.401097737e-02 +3.681340110e+02 +3.681340110e+02
41173 0 +1.255289536e-02 +3.681325529e+02 +3.681325529e+02
47768 0 +1.116393379e-02 +3.681311639e+02 +3.681311639e+02
200294 0 +1.063017613e-02 +3.681306302e+02 +3.681306302e+02
% f evaluations | g evaluations | best noise-free fitness - Fopt (4.739000000000e+01) + sum g_i+ | measured fitness | best measured fitness or single-digit g-values | x1 | x2...
1 0 +3.139924408e+01 +7.878924408e+01 +7.878924408e+01
2 0 +2.505283805e+01 +7.244283805e+01 +7.244283805e+01
3 0 +1.064623639e+01 +5.803623639e+01 +5.803623639e+01
37 0 +9.980574255e+00 +5.737057426e+01 +5.737057426e+01
73 0 +8.517642546e+00 +5.590764255e+01 +5.590764255e+01
91 0 +7.819429998e+00 +5.520943000e+01 +5.520943000e+01
124 0 +6.317672368e+00 +5.370767237e+01 +5.370767237e+01
141 0 +5.735780145e+00 +5.312578015e+01 +5.312578015e+01
181 0 +5.448941438e+00 +5.283894144e+01 +5.283894144e+01
201 0 +4.976061560e+00 +5.236606156e+01 +5.236606156e+01
346 0 +4.142524952e+00 +5.153252495e+01 +5.153252495e+01
367 0 +3.636586587e+00 +5.102658659e+01 +5.102658659e+01
409 0 +3.471893720e+00 +5.086189372e+01 +5.086189372e+01
493 0 +3.078160329e+00 +5.046816033e+01 +5.046816033e+01
577 0 +2.796435006e+00 +5.018643501e+01 +5.018643501e+01
3758 0 +2.474714991e+00 +4.986471499e+01 +4.986471499e+01
7128 0 +1.976906837e+00 +4.936690684e+01 +4.936690684e+01
7212 0 +1.740810454e+00 +4.913081045e+01 +4.913081045e+01
7338 0 +1.583613492e+00 +4.897361349e+01 +4.897361349e+01
7464 0 +1.390964400e+00 +4.878096440e+01 +4.878096440e+01
7632 0 +1.249240604e+00 +4.863924060e+01 +4.863924060e+01
11702 0 +1.119082212e+00 +4.850908221e+01 +4.850908221e+01
11791 0 +9.500299599e-01 +4.834002996e+01 +4.834002996e+01
11833 0 +8.611561630e-01 +4.825115616e+01 +4.825115616e+01
11854 0 +7.850386415e-01 +4.817503864e+01 +4.817503864e+01
11938 0 +6.891113666e-01 +4.807911137e+01 +4.807911137e+01
12043 0 +6.234484039e-01 +4.801344840e+01 +4.801344840e+01
14300 0 +5.513848648e-01 +4.794138486e+01 +4.794138486e+01
14363 0 +4.984637180e-01 +4.788846372e+01 +4.788846372e+01
14489 0 +4.453374958e-01 +4.783533750e+01 +4.783533750e+01
14594 0 +3.935652338e-01 +4.778356523e+01 +4.778356523e+01
18670 0 +3.240934247e-01 +4.771409342e+01 +4.771409342e+01
18678 0 +2.860989807e-01 +4.767609898e+01 +4.767609898e+01
18762 0 +2.348661926e-01 +4.762486619e+01 +4.762486619e+01
18804 0 +2.184274921e-01 +4.760842749e+01 +4.760842749e+01
18993 0 +1.964037263e-01 +4.758640373e+01 +4.758640373e+01
19203 0 +1.758387413e-01 +4.756583874e+01 +4.756583874e+01
21313 0 +1.582661265e-01 +4.754826613e+01 +4.754826613e+01
21418 0 +1.402629267e-01 +4.753026293e+01 +4.753026293e+01
21586 0 +1.229055170e-01 +4.751290552e+01 +4.751290552e+01
23591 0 +1.106866827e-01 +4.750068668e+01 +4.750068668e+01
23864 0 +9.981007274e-02 +4.748981007e+01 +4.748981007e+01
24368 0 +8.903552607e-02 +4.747903553e+01 +4.747903553e+01
33946 0 +7.767670118e-02 +4.746767670e+01 +4.746767670e+01
37601 0 +7.044899017e-02 +4.746044899e+01 +4.746044899e+01
200781 0 +6.366911505e-02 +4.745366912e+01 +4.745366912e+01
% f evaluations | g evaluations | best noise-free fitness - Fopt (-3.428900000000e+02) + sum g_i+ | measured fitness | best measured fitness or single-digit g-values | x1 | x2...
1 0 +2.044609515e+01 -3.224439048e+02 -3.224439048e+02
5 0 +1.941168055e+01 -3.234783195e+02 -3.234783195e+02
10 0 +1.103901567e+01 -3.318509843e+02 -3.318509843e+02
51 0 +9.959173469e+00 -3.329308265e+02 -3.329308265e+02
76 0 +8.803814283e+00 -3.340861857e+02 -3.340861857e+02
79 0 +7.734181780e+00 -3.351558182e+02 -3.351558182e+02
121 0 +6.776280571e+00 -3.361137194e+02 -3.361137194e+02
130 0 +5.172349883e+00 -3.377176501e+02 -3.377176501e+02
138 0 +4.519350011e+00 -3.383706500e+02 -3.383706500e+02
180 0 +4.386204220e+00 -3.385037958e+02 -3.385037958e+02
198 0 +3.081109782e+00 -3.398088902e+02 -3.398088902e+02
388 0 +2.809220295e+00 -3.400807797e+02 -3.400807797e+02
430 0 +2.480495142e+00 -3.404095049e+02 -3.404095049e+02
598 0 +2.237399565e+00 -3.406526004e+02 -3.406526004e+02
3989 0 +1.888850820e+00 -3.410011492e+02 -3.410011492e+02
4010 0 +1.700214103e+00 -3.411897859e+02 -3.411897859e+02
4031 0 +1.449312653e+00 -3.414406873e+02 -3.414406873e+02
4073 0 +1.393798355e+00 -3.414962016e+02 -3.414962016e+02
4157 0 +1.236822370e+00 -3.416531776e+02 -3.416531776e+02
4283 0 +1.118232839e+00 -3.417717672e+02 -3.417717672e+02
8970 0 +9.896607415e-01 -3.419003393e+02 -3.419003393e+02
9081 0 +8.568679377e-01 -3.420331321e+02 -3.420331321e+02
9144 0 +7.426066664e-01 -3.421473933e+02 -3.421473933e+02
9165 0 +6.450606018e-01 -3.422449394e+02 -3.422449394e+02
9207 0 +6.208149115e-01 -3.422691851e+02 -3.422691851e+02
9333 0 +5.556299563e-01 -3.423343700e+02 -3.423343700e+02
9711 0 +5.001367185e-01 -3.423898633e+02 -3.423898633e+02
11548 0 +3.873315739e-01 -3.425026684e+02 -3.425026684e+02
11569 0 +3.322301822e-01 -3.425577698e+02 -3.425577698e+02
11611 0 +2.916223266e-01 -3.425983777e+02 -3.425983777e+02
11674 0 +2.801531501e-01 -3.426098468e+02 -3.426098468e+02
11821 0 +2.453194047e-01 -3.426446806e+02 -3.426446806e+02
11905 0 +2.211790553e-01 -3.426688209e+02 -3.426688209e+02
11947 0 +1.938536317e-01 -3.426961464e+02 -3.426961464e+02
16736 0 +1.778224352e-01 -3.427121776e+02 -3.427121776e+02
18732 0 +1.479998101e-01 -3.427420002e+02 -3.427420002e+02
18816 0 +1.406468145e-01 -3.427493532e+02 -3.427493532e+02
18942 0 +1.227209372e-01 -3.427672791e+02 -3.427672791e+02
19089 0 +1.120406086e-01 -3.427779594e+02 -3.427779594e+02
19404 0 +9.982566874e-02 -3.427901743e+02 -3.427901743e+02
21895 0 +7.490986432e-02 -3.428150901e+02 -3.428150901e+02
22030 0 +7.045525477e-02 -3.428195447e+02 -3.428195447e+02
22114 0 +6.294317557e-02 -3.428270568e+02 -3.428270568e+02
22156 0 +5.214204835e-02 -3.428378580e+02 -3.428378580e+02
22219 0 +5.004334107e-02 -3.428399567e+02 -3.428399567e+02
22429 0 +4.466613026e-02 -3.428453339e+02 -3.428453339e+02
22849 0 +3.979341256e-02 -3.428502066e+02 -3.428502066e+02
29958 0 +3.540790175e-02 -3.428545921e+02 -3.428545921e+02
30997 0 +3.011662448e-02 -3.428598834e+02 -3.428598834e+02
31165 0 +2.715046515e-02 -3.428628495e+02 -3.428628495e+02
31228 0 +2.475509429e-02 -3.428652449e+02 -3.428652449e+02
31543 0 +2.229273813e-02 -3.428677073e+02 -3.428677073e+02
34463 0 +1.975858942e-02 -3.428702414e+02 -3.428702414e+02
34736 0 +1.767460463e-02 -3.428723254e+02 -3.428723254e+02
37362 0 +1.557285353e-02 -3.428744271e+02 -3.428744271e+02
37719 0 +1.409094635e-02 -3.428759091e+02 -3.428759091e+02
46815 0 +1.251354133e-02 -3.428774865e+02 -3.428774865e+02
200801 0 +1.133909219e-02 -3.428786609e+02 -3.428786609e+02
% f evaluations | g evaluations | best noise-free fitness - Fopt (9.102000000000e+01) + sum g_i+ | measured fitness | best measured fitness or single-digit g-values | x1 | x2...
1 0 +2.412945059e+01 +1.151494506e+02 +1.151494506e+02
3 0 +2.389657996e+01 +1.149165800e+02 +1.149165800e+02
4 0 +2.200395624e+01 +1.130239562e+02 +1.130239562e+02
5 0 +1.661211128e+01 +1.076321113e+02 +1.076321113e+02
24 0 +1.063626712e+01 +1.016562671e+02 +1.016562671e+02
43 0 +8.935304075e+00 +9.995530408e+01 +9.995530408e+01
94 0 +7.938673382e+00 +9.895867338e+01 +9.895867338e+01
124 0 +7.062373650e+00 +9.808237365e+01 +9.808237365e+01
137 0 +5.857780865e+00 +9.687778087e+01 +9.687778087e+01
159 0 +5.502072032e+00 +9.652207203e+01 +9.652207203e+01
192 0 +5.007829411e+00 +9.602782941e+01 +9.602782941e+01
194 0 +3.805918446e+00 +9.482591845e+01 +9.482591845e+01
304 0 +3.405564485e+00 +9.442556449e+01 +9.442556449e+01
367 0 +3.127265088e+00 +9.414726509e+01 +9.414726509e+01
430 0 +2.691572800e+00 +9.371157280e+01 +9.371157280e+01
514 0 +2.495961062e+00 +9.351596106e+01 +9.351596106e+01
787 0 +2.224653705e+00 +9.324465370e+01 +9.324465370e+01
1375 0 +1.993474301e+00 +9.301347430e+01 +9.301347430e+01
1921 0 +1.777894043e+00 +9.279789404e+01 +9.279789404e+01
4661 0 +1.489254632e+00 +9.250925463e+01 +9.250925463e+01
4703 0 +1.391820929e+00 +9.241182093e+01 +9.241182093e+01
4808 0 +1.245000062e+00 +9.226500006e+01 +9.226500006e+01
6498 0 +1.014785127e+00 +9.203478513e+01 +9.203478513e+01
6540 0 +9.820376310e-01 +9.200203763e+01 +9.200203763e+01
6582 0 +8.033637383e-01 +9.182336374e+01 +9.182336374e+01
6624 0 +7.501482452e-01 +9.177014825e+01 +9.177014825e+01
6687 0 +6.807941881e-01 +9.170079419e+01 +9.170079419e+01
6750 0 +6.291517958e-01 +9.164915180e+01 +9.164915180e+01
6855 0 +5.589829517e-01 +9.157898295e+01 +9.157898295e+01
6981 0 +5.006698996e-01 +9.152066990e+01 +9.152066990e+01
11201 0 +4.304214516e-01 +9.145042145e+01 +9.145042145e+01
11285 0 +3.976338473e-01 +9.141763385e+01 +9.141763385e+01
11474 0 +3.506054685e-01 +9.137060547e+01 +9.137060547e+01
14417 0 +2.690040364e-01 +9.128900404e+01 +9.128900404e+01
14478 0 +1.864384573e-01 +9.120643846e+01 +9.120643846e+01
14583 0 +1.697954902e-01 +9.118979549e+01 +9.118979549e+01
14688 0 +1.576442413e-01 +9.117764424e+01 +9.117764424e+01
14751 0 +1.354663041e-01 +9.115546630e+01 +9.115546630e+01
14877 0 +1.239587156e-01 +9.114395872e+01 +9.114395872e+01
15024 0 +1.117656567e-01 +9.113176566e+01 +9.113176566e+01
15234 0 +9.984759759e-02 +9.111984760e+01 +9.111984760e+01
18331 0 +8.890423794e-02 +9.110890424e+01 +9.110890424e+01
21398 0 +7.887023461e-02 +9.109887023e+01 +9.109887023e+01
21629 0 +7.052249812e-02 +9.109052250e+01 +9.109052250e+01
24570 0 +6.024941522e-02 +9.108024942e+01 +9.108024942e+01
24591 0 +5.557018075e-02 +9.107557018e+01 +9.107557018e+01
24822 0 +5.002958441e-02 +9.107002958e+01 +9.107002958e+01
26890 0 +4.428037669e-02 +9.106428038e+01 +9.106428038e+01
29432 0 +3.820528198e-02 +9.105820528e+01 +9.105820528e+01
29537 0 +3.523359941e-02 +9.105523360e+01 +9.105523360e+01
29978 0 +3.146942861e-02 +9.105146943e+01 +9.105146943e+01
35943 0 +2.773770604e-02 +9.104773771e+01 +9.104773771e+01
36510 0 +2.509933947e-02 +9.104509934e+01 +9.104509934e+01
51866 0 +2.234934689e-02 +9.104234935e+01 +9.104234935e+01
200893 0 +2.226601801e-02 +9.104226602e+01 +9.104226602e+01
% f evaluations | g evaluations | best noise-free fitness - Fopt (7.324200000000e+02) + sum g_i+ | measured fitness | best measured fitness or single-digit g-values | x1 | x2...
1 0 +2.674712454e+01 +7.591671245e+02 +7.591671245e+02
2 0 +1.635251521e+01 +7.487725152e+02 +7.487725152e+02
3 0 +1.348623262e+01 +7.459062326e+02 +7.459062326e+02
18 0 +1.068545448e+01 +7.431054545e+02 +7.431054545e+02
51 0 +8.764849384e+00 +7.411848494e+02 +7.411848494e+02
78 0 +7.178535373e+00 +7.395985354e+02 +7.395985354e+02
90 0 +5.633680365e+00 +7.380536804e+02 +7.380536804e+02
111 0 +5.207095704e+00 +7.376270957e+02 +7.376270957e+02
112 0 +4.910906343e+00 +7.373309063e+02 +7.373309063e+02
146 0 +4.426631676e+00 +7.368466317e+02 +7.368466317e+02
190 0 +3.394896909e+00 +7.358148969e+02 +7.358148969e+02
304 0 +3.151503216e+00 +7.355715032e+02 +7.355715032e+02
325 0 +2.750279851e+00 +7.351702799e+02 +7.351702799e+02
367 0 +2.490114181e+00 +7.349101142e+02 +7.349101142e+02
430 0 +2.192151918e+00 +7.346121519e+02 +7.346121519e+02
493 0 +1.974767444e+00 +7.343947674e+02 +7.343947674e+02
766 0 +1.777834722e+00 +7.341978347e+02 +7.341978347e+02
1580 0 +1.447863296e+00 +7.338678633e+02 +7.338678633e+02
1622 0 +1.323763453e+00 +7.337437635e+02 +7.337437635e+02
1637 0 +1.000562396e+00 +7.334205624e+02 +7.334205624e+02
1700 0 +9.493420083e-01 +7.333693420e+02 +7.333693420e+02
1721 0 +8.899532284e-01 +7.333099532e+02 +7.333099532e+02
1826 0 +7.619245354e-01 +7.331819245e+02 +7.331819245e+02
1847 0 +6.213450865e-01 +7.330413451e+02 +7.330413451e+02
1973 0 +5.538769223e-01 +7.329738769e+02 +7.329738769e+02
2078 0 +4.976934785e-01 +7.329176935e+02 +7.329176935e+02
5355 0 +4.413196732e-01 +7.328613197e+02 +7.328613197e+02
5460 0 +3.961270231e-01 +7.328161270e+02 +7.328161270e+02
8452 0 +3.321879800e-01 +7.327521880e+02 +7.327521880e+02
8494 0 +3.064530668e-01 +7.327264531e+02 +7.327264531e+02
8620 0 +2.756109710e-01 +7.326956110e+02 +7.326956110e+02
8851 0 +2.489657754e-01 +7.326689658e+02 +7.326689658e+02
13173 0 +1.756827858e-01 +7.325956828e+02 +7.325956828e+02
13313 0 +1.516114893e-01 +7.325716115e+02 +7.325716115e+02
13355 0 +1.332049458e-01 +7.325532049e+02 +7.325532049e+02
13397 0 +1.244451590e-01 +7.325444452e+02 +7.325444452e+02
13481 0 +1.105720968e-01 +7.325305721e+02 +7.325305721e+02
13691 0 +9.894153202e-02 +7.325189415e+02 +7.325189415e+02
16464 0 +7.665481986e-02 +7.324966548e+02 +7.324966548e+02
16527 0 +7.020821080e-02 +7.324902082e+02 +7.324902082e+02
16779 0 +6.252560455e-02 +7.324825256e+02 +7.324825256e+02
18910 0 +5.121065580e-02 +7.324712107e+02 +7.324712107e+02
18952 0 +4.895142743e-02 +7.324689514e+02 +7.324689514e+02
19099 0 +4.353512894e-02 +7.324635351e+02 +7.324635351e+02
19498 0 +3.976669589e-02 +7.324597667e+02 +7.324597667e+02
22859 0 +3.508127685e-02 +7.324550813e+02 +7.324550813e+02
23132 0 +3.138002793e-02 +7.324513800e+02 +7.324513800e+02
25716 0 +2.798118198e-02 +7.324479812e+02 +7.324479812e+02
26031 0 +2.479601661e-02 +7.324447960e+02 +7.324447960e+02
28552 0 +2.231317099e-02 +7.324423132e+02 +7.324423132e+02
28657 0 +1.947560580e-02 +7.324394756e+02 +7.324394756e+02
28993 0 +1.769534644e-02 +7.324376953e+02 +7.324376953e+02
32878 0 +1.575624602e-02 +7.324357562e+02 +7.324357562e+02
35882 0 +1.411454854e-02 +7.324341145e+02 +7.324341145e+02
37794 0 +1.257022166e-02 +7.324325702e+02 +7.324325702e+02
40483 0 +1.121099998e-02 +7.324312110e+02 +7.324312110e+02
41197 0 +9.999975922e-03 +7.324300000e+02 +7.324300000e+02
200007 0 +9.482004913e-03 +7.324294820e+02 +7.324294820e+02
% f evaluations | g evaluations | best noise-free fitness - Fopt (3.542000000000e+01) + sum g_i+ | measured fitness | best measured fitness or single-digit g-values | x1 | x2...
1 0 +1.745953446e+01 +5.287953446e+01 +5.287953446e+01
2 0 +1.624362047e+01 +5.166362047e+01 +5.166362047e+01
3 0 +1.477420668e+01 +5.019420668e+01 +5.019420668e+01
6 0 +9.803852482e+00 +4.522385248e+01 +4.522385248e+01
52 0 +7.794690200e+00 +4.321469020e+01 +4.321469020e+01
66 0 +5.055659272e+00 +4.047565927e+01 +4.047565927e+01
227 0 +4.899374840e+00 +4.031937484e+01 +4.031937484e+01
283 0 +4.186934499e+00 +3.960693450e+01 +3.960693450e+01
346 0 +3.395183902e+00 +3.881518390e+01 +3.881518390e+01
409 0 +3.160101496e+00 +3.858010150e+01 +3.858010150e+01
514 0 +2.796631567e+00 +3.821663157e+01 +3.821663157e+01
3044 0 +2.305359895e+00 +3.772535989e+01 +3.772535989e+01
3107 0 +2.134646811e+00 +3.755464681e+01 +3.755464681e+01
3254 0 +1.911785171e+00 +3.733178517e+01 +3.733178517e+01
3296 0 +1.668632354e+00 +3.708863235e+01 +3.708863235e+01
3317 0 +1.490974922e+00 +3.691097492e+01 +3.691097492e+01
3380 0 +1.381283498e+00 +3.680128350e+01 +3.680128350e+01
3464 0 +1.240457264e+00 +3.666045726e+01 +3.666045726e+01
4283 0 +1.122004652e+00 +3.654200465e+01 +3.654200465e+01
6762 0 +9.906340119e-01 +3.641063401e+01 +3.641063401e+01
6909 0 +8.911588049e-01 +3.631115880e+01 +3.631115880e+01
9229 0 +7.833904752e-01 +3.620339048e+01 +3.620339048e+01
9439 0 +7.052887498e-01 +3.612528875e+01 +3.612528875e+01
12779 0 +6.215113279e-01 +3.604151133e+01 +3.604151133e+01
14931 0 +5.200200501e-01 +3.594002005e+01 +3.594002005e+01
14973 0 +4.873106500e-01 +3.590731065e+01 +3.590731065e+01
15057 0 +4.331738956e-01 +3.585317390e+01 +3.585317390e+01
15141 0 +3.895358838e-01 +3.580953588e+01 +3.580953588e+01
15267 0 +3.476511113e-01 +3.576765111e+01 +3.576765111e+01
18040 0 +3.070966915e-01 +3.572709669e+01 +3.572709669e+01
18124 0 +2.760659399e-01 +3.569606594e+01 +3.569606594e+01
18208 0 +2.504721799e-01 +3.567047218e+01 +3.567047218e+01
18649 0 +2.237155354e-01 +3.564371554e+01 +3.564371554e+01
20372 0 +1.783675710e-01 +3.559836757e+01 +3.559836757e+01
20456 0 +1.495489586e-01 +3.556954896e+01 +3.556954896e+01
20540 0 +1.394948059e-01 +3.555949481e+01 +3.555949481e+01
20645 0 +1.203351876e-01 +3.554033519e+01 +3.554033519e+01
20729 0 +1.097975792e-01 +3.552979758e+01 +3.552979758e+01
20876 0 +9.644254986e-02 +3.551644255e+01 +3.551644255e+01
20918 0 +8.851252034e-02 +3.550851252e+01 +3.550851252e+01
27763 0 +7.933437987e-02 +3.549933438e+01 +3.549933438e+01
30284 0 +6.652590365e-02 +3.548652590e+01 +3.548652590e+01
30326 0 +6.281640635e-02 +3.548281641e+01 +3.548281641e+01
30641 0 +5.584611066e-02 +3.547584611e+01 +3.547584611e+01
33120 0 +4.988182895e-02 +3.546988183e+01 +3.546988183e+01
36418 0 +4.362729566e-02 +3.546362730e+01 +3.546362730e+01
36481 0 +3.979512185e-02 +3.545979512e+01 +3.545979512e+01
43457 0 +3.409698153e-02 +3.545409698e+01 +3.545409698e+01
43896 0 +3.159383569e-02 +3.545159384e+01 +3.545159384e+01
50513 0 +2.807128377e-02 +3.544807128e+01 +3.544807128e+01
53243 0 +2.505825705e-02 +3.544505826e+01 +3.544505826e+01
200732 0 +2.290671044e-02 +3.544290671e+01 +3.544290671e+01
