% f evaluations | g evaluations | best noise-free fitness - Fopt (-1.694000000000e+01) + sum g_i+ | measured fitness | best measured fitness or single-digit g-values | x1 | x2...
1 0 +1.206570215e+02 +1.037170215e+02 +1.037170215e+02
5 0 +1.160311037e+02 +9.909110372e+01 +9.909110372e+01
6 0 +8.130286941e+01 +6.436286941e+01 +6.436286941e+01
16 0 +7.322437121e+01 +5.628437121e+01 +5.628437121e+01
24 0 +5.738953253e+01 +4.044953253e+01 +4.044953253e+01
26 0 +5.090653949e+01 +3.396653949e+01 +3.396653949e+01
42 0 +4.509411814e+01 +2.815411814e+01 +2.815411814e+01
47 0 +3.671769881e+01 +1.977769881e+01 +1.977769881e+01
82 0 +3.469941863e+01 +1.775941863e+01 +1.775941863e+01
121 0 +2.772403821e+01 +1.078403821e+01 +1.078403821e+01
188 0 +2.454154379e+01 +7.601543785e+00 +7.601543785e+00
194 0 +2.206007449e+01 +5.120074493e+00 +5.120074493e+00
243 0 +1.887760673e+01 +1.937606735e+00 +1.937606735e+00
293 0 +1.679745608e+01 -1.425439228e-01 -1.425439228e-01
391 0 +1.540059869e+01 -1.539401309e+00 -1.539401309e+00
420 0 +1.137484183e+01 -5.565158166e+00 -5.565158166e+00
441 0 +1.110274605e+01 -5.837253951e+00 -5.837253951e+00
480 0 +9.906205679e+00 -7.033794321e+00 -7.033794321e+00
712 0 +8.799508726e+00 -8.140491274e+00 -8.140491274e+00
796 0 +7.870098382e+00 -9.069901618e+00 -9.069901618e+00
859 0 +7.068243056e+00 -9.871756944e+00 -9.871756944e+00
1006 0 +6.282138346e+00 -1.065786165e+01 -1.065786165e+01
4258 0 +5.543307055e+00 -1.139669294e+01 -1.139669294e+01
4323 0 +4.850395505e+00 -1.208960449e+01 -1.208960449e+01
4386 0 +4.426148803e+00 -1.251385120e+01 -1.251385120e+01
4532 0 +3.837932502e+00 -1.310206750e+01 -1.310206750e+01
4574 0 +3.546705189e+00 -1.339329481e+01 -1.339329481e+01
4679 0 +3.118123289e+00 -1.382187671e+01 -1.382187671e+01
4742 0 +2.818316235e+00 -1.412168377e+01 -1.412168377e+01
4847 0 +2.511153666e+00 -1.442884633e+01 -1.442884633e+01
4952 0 +2.233776936e+00 -1.470622306e+01 -1.470622306e+01
8598 0 +1.823427119e+00 -1.511657288e+01 -1.511657288e+01
8708 0 +1.769324928e+00 -1.517067507e+01 -1.517067507e+01
8751 0 +1.384592231e+00 -1.555540777e+01 -1.555540777e+01
9119 0 +1.258445653e+00 -1.568155435e+01 -1.568155435e+01
9287 0 +1.106688469e+00 -1.583331153e+01 -1.583331153e+01
9350 0 +9.867803114e-01 -1.595321969e+01 -1.595321969e+01
9413 0 +8.783075136e-01 -1.606169249e+01 -1.606169249e+01
9497 0 +7.888263944e-01 -1.615117361e+01 -1.615117361e+01
12069 0 +7.077165796e-01 -1.623228342e+01 -1.623228342e+01
12153 0 +6.271224527e-01 -1.631287755e+01 -1.631287755e+01
12447 0 +5.542624540e-01 -1.638573755e+01 -1.638573755e+01
12552 0 +4.979249864e-01 -1.644207501e+01 -1.644207501e+01
16715 0 +3.938367184e-01 -1.654616328e+01 -1.654616328e+01
17392 0 +3.505458800e-01 -1.658945412e+01 -1.658945412e+01
17518 0 +3.161229383e-01 -1.662387706e+01 -1.662387706e+01
20825 0 +2.811250199e-01 -1.665887498e+01 -1.665887498e+01
24573 0 +2.508723623e-01 -1.668912764e+01 -1.668912764e+01
25056 0 +2.230368837e-01 -1.671696312e+01 -1.671696312e+01
30211 0 +1.994266023e-01 -1.674057340e+01 -1.674057340e+01
201212 0 +1.892755778e-01 -1.675072442e+01 -1.675072442e+01
% f evaluations | g evaluations | best noise-free fitness - Fopt (1.881000000000e+01) + sum g_i+ | measured fitness | best measured fitness or single-digit g-values | x1 | x2...
1 0 +1.014631536e+02 +1.202731536e+02 +1.202731536e+02
2 0 +9.330231389e+01 +1.121123139e+02 +1.121123139e+02
3 0 +7.770362147e+01 +9.651362147e+01 +9.651362147e+01
4 0 +6.097772226e+01 +7.978772226e+01 +7.978772226e+01
14 0 +3.733186973e+01 +5.614186973e+01 +5.614186973e+01
32 0 +3.419436528e+01 +5.300436528e+01 +5.300436528e+01
76 0 +2.938601156e+01 +4.819601156e+01 +4.819601156e+01
132 0 +2.799389782e+01 +4.680389782e+01 +4.680389782e+01
183 0 +2.175617631e+01 +4.056617631e+01 +4.056617631e+01
211 0 +1.956713648e+01 +3.837713648e+01 +3.837713648e+01
302 0 +1.373032230e+01 +3.254032230e+01 +3.254032230e+01
481 0 +1.143267314e+01 +3.024267314e+01 +3.024267314e+01
544 0 +1.038276341e+01 +2.919276341e+01 +2.919276341e+01
565 0 +9.211774355e+00 +2.802177436e+01 +2.802177436e+01
607 0 +8.895056036e+00 +2.770505604e+01 +2.770505604e+01
859 0 +7.881880917e+00 +2.669188092e+01 +2.669188092e+01
5077 0 +6.235359617e+00 +2.504535962e+01 +2.504535962e+01
5192 0 +5.357196866e+00 +2.416719687e+01 +2.416719687e+01
5613 0 +4.997365127e+00 +2.380736513e+01 +2.380736513e+01
5781 0 +4.339403792e+00 +2.314940379e+01 +2.314940379e+01
5886 0 +3.980779490e+00 +2.279077949e+01 +2.279077949e+01
8736 0 +3.517470536e+00 +2.232747054e+01 +2.232747054e+01
9002 0 +2.935439714e+00 +2.174543971e+01 +2.174543971e+01
9360 0 +2.777073769e+00 +2.158707377e+01 +2.158707377e+01
9486 0 +2.493533235e+00 +2.130353324e+01 +2.130353324e+01
12646 0 +2.232740495e+00 +2.104274050e+01 +2.104274050e+01
12835 0 +1.953396168e+00 +2.076339617e+01 +2.076339617e+01
12898 0 +1.741611099e+00 +2.055161110e+01 +2.055161110e+01
13318 0 +1.584186590e+00 +2.039418659e+01 +2.039418659e+01
17696 0 +1.407165375e+00 +2.021716537e+01 +2.021716537e+01
20793 0 +1.257425101e+00 +2.006742510e+01 +2.006742510e+01
23428 0 +1.118451569e+00 +1.992845157e+01 +1.992845157e+01
200622 0 +1.071083935e+00 +1.988108394e+01 +1.988108394e+01
% f evaluations | g evaluations | best noise-free fitness - Fopt (2.731500000000e+02) + sum g_i+ | measured fitness | best measured fitness or single-digit g-values | x1 | x2...
1 0 +1.923528515e+02 +4.655028515e+02 +4.655028515e+02
2 0 +1.357358395e+02 +4.088858395e+02 +4.088858395e+02
17 0 +1.069506067e+02 +3.801006067e+02 +3.801006067e+02
26 0 +7.311830226e+01 +3.462683023e+02 +3.462683023e+02
41 0 +6.474800466e+01 +3.378980047e+02 +3.378980047e+02
51 0 +5.938814642e+01 +3.325381464e+02 +3.325381464e+02
52 0 +5.335019766e+01 +3.265001977e+02 +3.265001977e+02
77 0 +4.264201181e+01 +3.157920118e+02 +3.157920118e+02
78 0 +3.696519879e+01 +3.101151988e+02 +3.101151988e+02
108 0 +3.461994894e+01 +3.077699489e+02 +3.077699489e+02
117 0 +3.160821561e+01 +3.047582156e+02 +3.047582156e+02
125 0 +2.447338948e+01 +2.976233895e+02 +2.976233895e+02
146 0 +2.234073139e+01 +2.954907314e+02 +2.954907314e+02
182 0 +1.939443906e+01 +2.925444391e+02 +2.925444391e+02
324 0 +1.776844986e+01 +2.909184499e+02 +2.909184499e+02
355 0 +1.497098689e+01 +2.881209869e+02 +2.881209869e+02
357 0 +1.260212645e+01 +2.857521265e+02 +2.857521265e+02
386 0 +1.152048624e+01 +2.846704862e+02 +2.846704862e+02
452 0 +1.113048289e+01 +2.842804829e+02 +2.842804829e+02
502 0 +9.485452179e+00 +2.826354522e+02 +2.826354522e+02
544 0 +8.326470637e+00 +2.814764706e+02 +2.814764706e+02
649 0 +7.771392022e+00 +2.809213920e+02 +2.809213920e+02
691 0 +7.063695601e+00 +2.802136956e+02 +2.802136956e+02
775 0 +6.203828821e+00 +2.793538288e+02 +2.793538288e+02
922 0 +5.606756372e+00 +2.787567564e+02 +2.787567564e+02
1111 0 +4.995222361e+00 +2.781452224e+02 +2.781452224e+02
3710 0 +4.395345533e+00 +2.775453455e+02 +2.775453455e+02
3944 0 +3.947489547e+00 +2.770974895e+02 +2.770974895e+02
4070 0 +3.432883922e+00 +2.765828839e+02 +2.765828839e+02
4259 0 +3.028414827e+00 +2.761784148e+02 +2.761784148e+02
4343 0 +2.800224392e+00 +2.759502244e+02 +2.759502244e+02
4406 0 +2.455633662e+00 +2.756056337e+02 +2.756056337e+02
4553 0 +2.237187046e+00 +2.753871870e+02 +2.753871870e+02
7881 0 +1.874524337e+00 +2.750245243e+02 +2.750245243e+02
7902 0 +1.758489448e+00 +2.749084894e+02 +2.749084894e+02
8049 0 +1.551601093e+00 +2.747016011e+02 +2.747016011e+02
8133 0 +1.372366913e+00 +2.745223669e+02 +2.745223669e+02
8259 0 +1.221180713e+00 +2.743711807e+02 +2.743711807e+02
8721 0 +1.122003312e+00 +2.742720033e+02 +2.742720033e+02
11671 0 +9.051648120e-01 +2.740551648e+02 +2.740551648e+02
11776 0 +8.542130048e-01 +2.740042130e+02 +2.740042130e+02
12028 0 +7.846802069e-01 +2.739346802e+02 +2.739346802e+02
12217 0 +6.813587971e-01 +2.738313588e+02 +2.738313588e+02
12616 0 +6.304923780e-01 +2.737804924e+02 +2.737804924e+02
15418 0 +5.470462778e-01 +2.736970463e+02 +2.736970463e+02
15607 0 +5.004408542e-01 +2.736504409e+02 +2.736504409e+02
16027 0 +4.453122026e-01 +2.735953122e+02 +2.735953122e+02
20300 0 +3.955331367e-01 +2.735455331e+02 +2.735455331e+02
26442 0 +3.528359976e-01 +2.735028360e+02 +2.735028360e+02
31113 0 +3.146310453e-01 +2.734646310e+02 +2.734646310e+02
200505 0 +2.888313772e-01 +2.734388314e+02 +2.734388314e+02
% f evaluations | g evaluations | best noise-free fitness - Fopt (3.718000000000e+01) + sum g_i+ | measured fitness | best measured fitness or single-digit g-values | x1 | x2...
1 0 +1.623025423e+02 +1.994825423e+02 +1.994825423e+02
2 0 +5.101145599e+01 +8.819145599e+01 +8.819145599e+01
4 0 +4.139988838e+01 +7.857988838e+01 +7.857988838e+01
10 0 +3.837623205e+01 +7.555623205e+01 +7.555623205e+01
32 0 +2.928560333e+01 +6.646560333e+01 +6.646560333e+01
49 0 +2.640154240e+01 +6.358154240e+01 +6.358154240e+01
118 0 +2.460731701e+01 +6.178731701e+01 +6.178731701e+01
125 0 +1.965942739e+01 +5.683942739e+01 +5.683942739e+01
190 0 +1.674135829e+01 +5.392135829e+01 +5.392135829e+01
280 0 +1.535261603e+01 +5.253261603e+01 +5.253261603e+01
331 0 +1.323851556e+01 +5.041851556e+01 +5.041851556e+01
368 0 +1.216377047e+01 +4.934377047e+01 +4.934377047e+01
733 0 +1.092395785e+01 +4.810395785e+01 +4.810395785e+01
775 0 +9.461252002e+00 +4.664125200e+01 +4.664125200e+01
901 0 +8.621759513e+00 +4.580175951e+01 +4.580175951e+01
943 0 +7.875233490e+00 +4.505523349e+01 +4.505523349e+01
1027 0 +6.910110834e+00 +4.409011083e+01 +4.409011083e+01
9289 0 +5.702290725e+00 +4.288229073e+01 +4.288229073e+01
9387 0 +5.345845055e+00 +4.252584506e+01 +4.252584506e+01
9647 0 +4.956489033e+00 +4.213648903e+01 +4.213648903e+01
9857 0 +4.413099043e+00 +4.159309904e+01 +4.159309904e+01
10130 0 +3.974902039e+00 +4.115490204e+01 +4.115490204e+01
10697 0 +3.545537528e+00 +4.072553753e+01 +4.072553753e+01
16155 0 +3.154245985e+00 +4.033424598e+01 +4.033424598e+01
16323 0 +2.771448235e+00 +3.995144824e+01 +3.995144824e+01
16470 0 +2.489051183e+00 +3.966905118e+01 +3.966905118e+01
16638 0 +2.228531197e+00 +3.940853120e+01 +3.940853120e+01
16827 0 +1.977474411e+00 +3.915747441e+01 +3.915747441e+01
19711 0 +1.693092255e+00 +3.887309226e+01 +3.887309226e+01
19729 0 +1.477331815e+00 +3.865733181e+01 +3.865733181e+01
19774 0 +1.314899615e+00 +3.849489962e+01 +3.849489962e+01
19778 0 +1.173888355e+00 +3.835388835e+01 +3.835388835e+01
20176 0 +1.106106469e+00 +3.828610647e+01 +3.828610647e+01
20239 0 +9.685103010e-01 +3.814851030e+01 +3.814851030e+01
20428 0 +8.754946203e-01 +3.805549462e+01 +3.805549462e+01
20911 0 +7.941175318e-01 +3.797411753e+01 +3.797411753e+01
22916 0 +6.973093025e-01 +3.787730930e+01 +3.787730930e+01
23084 0 +6.245027966e-01 +3.780450280e+01 +3.780450280e+01
23273 0 +5.618425662e-01 +3.774184257e+01 +3.774184257e+01
26846 0 +4.880806579e-01 +3.766808066e+01 +3.766808066e+01
27252 0 +4.422470679e-01 +3.762224707e+01 +3.762224707e+01
28197 0 +3.967954536e-01 +3.757679545e+01 +3.757679545e+01
32533 0 +3.548050381e-01 +3.753480504e+01 +3.753480504e+01
37184 0 +3.161541283e-01 +3.749615413e+01 +3.749615413e+01
200020 0 +2.964558890e-01 +3.747645589e+01 +3.747645589e+01
% f evaluations | g evaluations | best noise-free fitness - Fopt (-1.479000000000e+02) + sum g_i+ | measured fitness | best measured fitness or single-digit g-values | x1 | x2...
1 0 +6.460400424e+01 -8.329599576e+01 -8.329599576e+01
2 0 +6.407108532e+01 -8.382891468e+01 -8.382891468e+01
4 0 +5.237893449e+01 -9.552106551e+01 -9.552106551e+01
5 0 +4.665484911e+01 -1.012451509e+02 -1.012451509e+02
13 0 +3.453185615e+01 -1.133681438e+02 -1.133681438e+02
69 0 +2.675649118e+01 -1.211435088e+02 -1.211435088e+02
186 0 +2.013415614e+01 -1.277658439e+02 -1.277658439e+02
265 0 +1.727024613e+01 -1.306297539e+02 -1.306297539e+02
302 0 +1.343892101e+01 -1.344610790e+02 -1.344610790e+02
321 0 +1.232122891e+01 -1.355787711e+02 -1.355787711e+02
385 0 +1.056970278e+01 -1.373302972e+02 -1.373302972e+02
436 0 +7.351980405e+00 -1.405480196e+02 -1.405480196e+02
544 0 +6.675640022e+00 -1.412243600e+02 -1.412243600e+02
628 0 +6.300967687e+00 -1.415990323e+02 -1.415990323e+02
796 0 +5.557011103e+00 -1.423429889e+02 -1.423429889e+02
943 0 +4.983585195e+00 -1.429164148e+02 -1.429164148e+02
1237 0 +4.434926396e+00 -1.434650736e+02 -1.434650736e+02
4757 0 +3.639077937e+00 -1.442609221e+02 -1.442609221e+02
4931 0 +3.371117838e+00 -1.445288822e+02 -1.445288822e+02
4994 0 +3.143981470e+00 -1.447560185e+02 -1.447560185e+02
5015 0 +2.803149564e+00 -1.450968504e+02 -1.450968504e+02
5183 0 +2.304864006e+00 -1.455951360e+02 -1.455951360e+02
5225 0 +2.187007046e+00 -1.457129930e+02 -1.457129930e+02
5540 0 +1.986327758e+00 -1.459136722e+02 -1.459136722e+02
10315 0 +1.323604656e+00 -1.465763953e+02 -1.465763953e+02
10346 0 +1.200874657e+00 -1.466991253e+02 -1.466991253e+02
10365 0 +1.112590807e+00 -1.467874092e+02 -1.467874092e+02
10465 0 +8.656753667e-01 -1.470343246e+02 -1.470343246e+02
10842 0 +7.739592626e-01 -1.471260407e+02 -1.471260407e+02
10926 0 +6.998404407e-01 -1.472001596e+02 -1.472001596e+02
11010 0 +6.253531185e-01 -1.472746469e+02 -1.472746469e+02
11094 0 +5.381685159e-01 -1.473618315e+02 -1.473618315e+02
11493 0 +5.009957050e-01 -1.473990043e+02 -1.473990043e+02
13112 0 +4.399459772e-01 -1.474600540e+02 -1.474600540e+02
13219 0 +3.844095770e-01 -1.475155904e+02 -1.475155904e+02
13225 0 +3.532674312e-01 -1.475467326e+02 -1.475467326e+02
13309 0 +3.149171920e-01 -1.475850828e+02 -1.475850828e+02
13351 0 +2.608868127e-01 -1.476391132e+02 -1.476391132e+02
13414 0 +2.445462945e-01 -1.476554537e+02 -1.476554537e+02
13666 0 +2.232352927e-01 -1.476767647e+02 -1.476767647e+02
13897 0 +1.961900602e-01 -1.477038099e+02 -1.477038099e+02
16922 0 +1.719986385e-01 -1.477280014e+02 -1.477280014e+02
17372 0 +1.576655450e-01 -1.477423345e+02 -1.477423345e+02
17393 0 +1.389267621e-01 -1.477610732e+02 -1.477610732e+02
17603 0 +1.251488265e-01 -1.477748512e+02 -1.477748512e+02
21939 0 +1.101625415e-01 -1.477898375e+02 -1.477898375e+02
22254 0 +9.765786108e-02 -1.478023421e+02 -1.478023421e+02
22443 0 +8.804732654e-02 -1.478119527e+02 -1.478119527e+02
23955 0 +7.925744229e-02 -1.478207426e+02 -1.478207426e+02
27157 0 +7.060555075e-02 -1.478293944e+02 -1.478293944e+02
27346 0 +6.265716132e-02 -1.478373428e+02 -1.478373428e+02
32995 0 +5.400252825e-02 -1.478459975e+02 -1.478459975e+02
33067 0 +4.738971799e-02 -1.478526103e+02 -1.478526103e+02
33887 0 +4.417029556e-02 -1.478558297e+02 -1.478558297e+02
37379 0 +3.969950012e-02 -1.478603005e+02 -1.478603005e+02
38349 0 +3.526130124e-02 -1.478647387e+02 -1.478647387e+02
43597 0 +3.160925194e-02 -1.478683907e+02 -1.478683907e+02
200068 0 +2.992177738e-02 -1.478700782e+02 -1.478700782e+02
% f evaluations | g evaluations | best noise-free fitness - Fopt (4.817100000000e+02) + sum g_i+ | measured fitness | best measured fitness or single-digit g-values | x1 | x2...
1 0 +6.339057873e+01 +5.451005787e+02 +5.451005787e+02
4 0 +3.842463289e+01 +5.201346329e+02 +5.201346329e+02
6 0 +2.136411278e+01 +5.030741128e+02 +5.030741128e+02
22 0 +1.927666651e+01 +5.009866665e+02 +5.009866665e+02
95 0 +1.582328287e+01 +4.975332829e+02 +4.975332829e+02
129 0 +1.349274069e+01 +4.952027407e+02 +4.952027407e+02
181 0 +1.134817892e+01 +4.930581789e+02 +4.930581789e+02
194 0 +1.078675686e+01 +4.924967569e+02 +4.924967569e+02
278 0 +9.846727561e+00 +4.915567276e+02 +4.915567276e+02
324 0 +6.669568688e+00 +4.883795687e+02 +4.883795687e+02
407 0 +6.221413079e+00 +4.879314131e+02 +4.879314131e+02
436 0 +5.376524708e+00 +4.870865247e+02 +4.870865247e+02
523 0 +3.571497264e+00 +4.852814973e+02 +4.852814973e+02
586 0 +3.387370395e+00 +4.850973704e+02 +4.850973704e+02
649 0 +3.077103301e+00 +4.847871033e+02 +4.847871033e+02
775 0 +2.740546029e+00 +4.844505460e+02 +4.844505460e+02
838 0 +2.498767535e+00 +4.842087675e+02 +4.842087675e+02
1006 0 +2.211227158e+00 +4.839212272e+02 +4.839212272e+02
1195 0 +1.971473580e+00 +4.836814736e+02 +4.836814736e+02
4175 0 +1.675029858e+00 +4.833850299e+02 +4.833850299e+02
4217 0 +1.561884189e+00 +4.832718842e+02 +4.832718842e+02
4385 0 +1.394859639e+00 +4.831048596e+02 +4.831048596e+02
4553 0 +1.248803106e+00 +4.829588031e+02 +4.829588031e+02
4700 0 +1.100055087e+00 +4.828100551e+02 +4.828100551e+02
8185 0 +9.109258774e-01 +4.826209259e+02 +4.826209259e+02
8287 0 +8.157111855e-01 +4.825257112e+02 +4.825257112e+02
8405 0 +7.903853831e-01 +4.825003854e+02 +4.825003854e+02
8447 0 +6.796568357e-01 +4.823896568e+02 +4.823896568e+02
8531 0 +6.300700097e-01 +4.823400700e+02 +4.823400700e+02
8741 0 +5.444229641e-01 +4.822544230e+02 +4.822544230e+02
8762 0 +4.975577841e-01 +4.822075578e+02 +4.822075578e+02
8930 0 +4.396744360e-01 +4.821496744e+02 +4.821496744e+02
11640 0 +3.661263659e-01 +4.820761264e+02 +4.820761264e+02
11641 0 +3.437112771e-01 +4.820537113e+02 +4.820537113e+02
11733 0 +2.995419918e-01 +4.820095420e+02 +4.820095420e+02
11817 0 +2.752834361e-01 +4.819852834e+02 +4.819852834e+02
11922 0 +2.402627200e-01 +4.819502627e+02 +4.819502627e+02
12279 0 +2.232031393e-01 +4.819332031e+02 +4.819332031e+02
12531 0 +1.993809340e-01 +4.819093809e+02 +4.819093809e+02
14704 0 +1.727068970e-01 +4.818827069e+02 +4.818827069e+02
14725 0 +1.580941021e-01 +4.818680941e+02 +4.818680941e+02
14893 0 +1.372993755e-01 +4.818472994e+02 +4.818472994e+02
15334 0 +1.238979640e-01 +4.818338980e+02 +4.818338980e+02
15565 0 +1.117412207e-01 +4.818217412e+02 +4.818217412e+02
21507 0 +9.927074785e-02 +4.818092707e+02 +4.818092707e+02
24751 0 +8.776951913e-02 +4.817977695e+02 +4.817977695e+02
27217 0 +7.936351886e-02 +4.817893635e+02 +4.817893635e+02
200002 0 +7.839391226e-02 +4.817883939e+02 +4.817883939e+02
% f evaluations | g evaluations | best noise-free fitness - Fopt (-3.646000000000e+01) + sum g_i+ | measured fitness | best measured fitness or single-digit g-values | x1 | x2...
1 0 +5.005120368e+01 +1.359120368e+01 +1.359120368e+01
4 0 +3.826437121e+01 +1.804371209e+00 +1.804371209e+00
61 0 +2.331131073e+01 -1.314868927e+01 -1.314868927e+01
76 0 +1.880039951e+01 -1.765960049e+01 -1.765960049e+01
341 0 +1.774430935e+01 -1.871569065e+01 -1.871569065e+01
348 0 +1.533265435e+01 -2.112734565e+01 -2.112734565e+01
368 0 +1.291312350e+01 -2.354687650e+01 -2.354687650e+01
410 0 +1.062191632e+01 -2.583808368e+01 -2.583808368e+01
523 0 +9.241245128e+00 -2.721875487e+01 -2.721875487e+01
565 0 +8.893277756e+00 -2.756672224e+01 -2.756672224e+01
649 0 +7.760766642e+00 -2.869923336e+01 -2.869923336e+01
796 0 +7.073509557e+00 -2.938649044e+01 -2.938649044e+01
964 0 +6.186371518e+00 -3.027362848e+01 -3.027362848e+01
3627 0 +4.278167709e+00 -3.218183229e+01 -3.218183229e+01
4217 0 +3.900233974e+00 -3.255976603e+01 -3.255976603e+01
4280 0 +3.543930567e+00 -3.291606943e+01 -3.291606943e+01
4427 0 +3.139189843e+00 -3.332081016e+01 -3.332081016e+01
4574 0 +2.797812715e+00 -3.366218728e+01 -3.366218728e+01
8079 0 +2.325512291e+00 -3.413448771e+01 -3.413448771e+01
8108 0 +2.108545474e+00 -3.435145453e+01 -3.435145453e+01
8110 0 +1.973599349e+00 -3.448640065e+01 -3.448640065e+01
8143 0 +1.775362710e+00 -3.468463729e+01 -3.468463729e+01
8154 0 +1.247043620e+00 -3.521295638e+01 -3.521295638e+01
8301 0 +1.066189782e+00 -3.539381022e+01 -3.539381022e+01
8637 0 +9.999125107e-01 -3.546008749e+01 -3.546008749e+01
8784 0 +8.826649331e-01 -3.557733507e+01 -3.557733507e+01
11708 0 +7.783406787e-01 -3.568165932e+01 -3.568165932e+01
12049 0 +7.034825305e-01 -3.575651747e+01 -3.575651747e+01
12196 0 +6.182251372e-01 -3.584177486e+01 -3.584177486e+01
12301 0 +5.602339504e-01 -3.589976605e+01 -3.589976605e+01
15879 0 +4.999580790e-01 -3.596004192e+01 -3.596004192e+01
16215 0 +4.455856329e-01 -3.601441437e+01 -3.601441437e+01
16572 0 +3.980775126e-01 -3.606192249e+01 -3.606192249e+01
20929 0 +3.539138565e-01 -3.610608614e+01 -3.610608614e+01
21349 0 +3.160227438e-01 -3.614397726e+01 -3.614397726e+01
33087 0 +2.817303759e-01 -3.617826962e+01 -3.617826962e+01
200009 0 +2.739839599e-01 -3.618601604e+01 -3.618601604e+01
% f evaluations | g evaluations | best noise-free fitness - Fopt (3.920000000000e+01) + sum g_i+ | measured fitness | best measured fitness or single-digit g-values | x1 | x2...
1 0 +1.539717636e+02 +1.931717636e+02 +1.931717636e+02
2 0 +8.928465178e+01 +1.284846518e+02 +1.284846518e+02
3 0 +8.269137372e+01 +1.218913737e+02 +1.218913737e+02
14 0 +7.409077130e+01 +1.132907713e+02 +1.132907713e+02
16 0 +6.788668209e+01 +1.070866821e+02 +1.070866821e+02
37 0 +4.873738089e+01 +8.793738089e+01 +8.793738089e+01
57 0 +3.668715816e+01 +7.588715816e+01 +7.588715816e+01
94 0 +3.151304343e+01 +7.071304343e+01 +7.071304343e+01
103 0 +2.404637923e+01 +6.324637923e+01 +6.324637923e+01
113 0 +2.193984218e+01 +6.113984218e+01 +6.113984218e+01
123 0 +1.765530933e+01 +5.685530933e+01 +5.685530933e+01
189 0 +1.508052637e+01 +5.428052637e+01 +5.428052637e+01
263 0 +1.394586473e+01 +5.314586473e+01 +5.314586473e+01
298 0 +1.083080847e+01 +5.003080847e+01 +5.003080847e+01
388 0 +9.686641564e+00 +4.888664156e+01 +4.888664156e+01
481 0 +6.944847865e+00 +4.614484786e+01 +4.614484786e+01
670 0 +6.131948382e+00 +4.533194838e+01 +4.533194838e+01
775 0 +5.564681939e+00 +4.476468194e+01 +4.476468194e+01
880 0 +4.650835885e+00 +4.385083588e+01 +4.385083588e+01
922 0 +4.367528817e+00 +4.356752882e+01 +4.356752882e+01
985 0 +3.940738891e+00 +4.314073889e+01 +4.314073889e+01
1090 0 +3.513179364e+00 +4.271317936e+01 +4.271317936e+01
3779 0 +3.144659238e+00 +4.234465924e+01 +4.234465924e+01
4250 0 +2.670044793e+00 +4.187004479e+01 +4.187004479e+01
4334 0 +2.463512456e+00 +4.166351246e+01 +4.166351246e+01
4922 0 +2.237915036e+00 +4.143791504e+01 +4.143791504e+01
7687 0 +1.763668762e+00 +4.096366876e+01 +4.096366876e+01
7914 0 +1.390334587e+00 +4.059033459e+01 +4.059033459e+01
8040 0 +1.190991178e+00 +4.039099118e+01 +4.039099118e+01
8292 0 +1.117475292e+00 +4.031747529e+01 +4.031747529e+01
8376 0 +9.653622710e-01 +4.016536227e+01 +4.016536227e+01
8502 0 +8.907544110e-01 +4.009075441e+01 +4.009075441e+01
8628 0 +7.887224509e-01 +3.998872245e+01 +3.998872245e+01
11914 0 +6.865849484e-01 +3.988658495e+01 +3.988658495e+01
12061 0 +5.846229123e-01 +3.978462291e+01 +3.978462291e+01
12103 0 +5.541299603e-01 +3.975412996e+01 +3.975412996e+01
12271 0 +5.010432989e-01 +3.970104330e+01 +3.970104330e+01
13006 0 +4.462483034e-01 +3.964624830e+01 +3.964624830e+01
15809 0 +3.835686250e-01 +3.958356862e+01 +3.958356862e+01
16103 0 +3.413521497e-01 +3.954135215e+01 +3.954135215e+01
16292 0 +3.160660166e-01 +3.951606602e+01 +3.951606602e+01
18985 0 +2.653424793e-01 +3.946534248e+01 +3.946534248e+01
19178 0 +2.471457561e-01 +3.944714576e+01 +3.944714576e+01
19619 0 +2.225303152e-01 +3.942253032e+01 +3.942253032e+01
22254 0 +1.981891617e-01 +3.939818916e+01 +3.939818916e+01
22926 0 +1.764349874e-01 +3.937643499e+01 +3.937643499e+01
200073 0 +1.616243469e-01 +3.936162435e+01 +3.936162435e+01
% f evaluations | g evaluations | best noise-free fitness - Fopt (-3.225000000000e+01) + sum g_i+ | measured fitness | best measured fitness or single-digit g-values | x1 | x2...
1 0 +5.022255712e+02 +4.699755712e+02 +4.699755712e+02
2 0 +2.332228044e+02 +2.009728044e+02 +2.009728044e+02
4 0 +6.861308913e+01 +3.636308913e+01 +3.636308913e+01
28 0 +5.922868022e+01 +2.697868022e+01 +2.697868022e+01
48 0 +5.447777353e+01 +2.222777353e+01 +2.222777353e+01
55 0 +4.994598747e+01 +1.769598747e+01 +1.769598747e+01
69 0 +3.927399770e+01 +7.023997702e+00 +7.023997702e+00
99 0 +2.700752072e+01 -5.242479275e+00 -5.242479275e+00
171 0 +2.315982068e+01 -9.090179316e+00 -9.090179316e+00
195 0 +2.172619296e+01 -1.052380704e+01 -1.052380704e+01
198 0 +1.857956001e+01 -1.367043999e+01 -1.367043999e+01
246 0 +1.375230269e+01 -1.849769731e+01 -1.849769731e+01
286 0 +1.054986080e+01 -2.170013920e+01 -2.170013920e+01
341 0 +9.781971963e+00 -2.246802804e+01 -2.246802804e+01
408 0 +8.758892850e+00 -2.349110715e+01 -2.349110715e+01
481 0 +6.104961304e+00 -2.614503870e+01 -2.614503870e+01
523 0 +5.491395946e+00 -2.675860405e+01 -2.675860405e+01
586 0 +4.669232749e+00 -2.758076725e+01 -2.758076725e+01
607 0 +3.908242002e+00 -2.834175800e+01 -2.834175800e+01
670 0 +3.517135694e+00 -2.873286431e+01 -2.873286431e+01
754 0 +3.128708473e+00 -2.912129153e+01 -2.912129153e+01
943 0 +2.773218384e+00 -2.947678162e+01 -2.947678162e+01
3559 0 +2.268544256e+00 -2.998145574e+01 -2.998145574e+01
3593 0 +2.193086341e+00 -3.005691366e+01 -3.005691366e+01
3746 0 +1.897667982e+00 -3.035233202e+01 -3.035233202e+01
3851 0 +1.742372215e+00 -3.050762779e+01 -3.050762779e+01
3956 0 +1.566568987e+00 -3.068343101e+01 -3.068343101e+01
3998 0 +1.373015476e+00 -3.087698452e+01 -3.087698452e+01
4145 0 +1.222052462e+00 -3.102794754e+01 -3.102794754e+01
4229 0 +1.116470329e+00 -3.113352967e+01 -3.113352967e+01
4502 0 +9.981793784e-01 -3.125182062e+01 -3.125182062e+01
8074 0 +8.826725111e-01 -3.136732749e+01 -3.136732749e+01
8134 0 +7.770023402e-01 -3.147299766e+01 -3.147299766e+01
8607 0 +6.995446373e-01 -3.155045536e+01 -3.155045536e+01
8733 0 +6.291400354e-01 -3.162085996e+01 -3.162085996e+01
8964 0 +5.598940818e-01 -3.169010592e+01 -3.169010592e+01
12723 0 +3.889789641e-01 -3.186102104e+01 -3.186102104e+01
13090 0 +3.489123699e-01 -3.190108763e+01 -3.190108763e+01
13132 0 +3.158610721e-01 -3.193413893e+01 -3.193413893e+01
13447 0 +2.786095057e-01 -3.197139049e+01 -3.197139049e+01
16248 0 +2.375686539e-01 -3.201243135e+01 -3.201243135e+01
16496 0 +1.931331506e-01 -3.205686685e+01 -3.205686685e+01
16712 0 +1.776697451e-01 -3.207233025e+01 -3.207233025e+01
16985 0 +1.534657112e-01 -3.209653429e+01 -3.209653429e+01
17174 0 +1.401925362e-01 -3.210980746e+01 -3.210980746e+01
21909 0 +1.258462366e-01 -3.212415376e+01 -3.212415376e+01
26425 0 +1.095346940e-01 -3.214046531e+01 -3.214046531e+01
27399 0 +9.963291387e-02 -3.215036709e+01 -3.215036709e+01
200003 0 +8.964131821e-02 -3.216035868e+01 -3.216035868e+01
% f evaluations | g evaluations | best noise-free fitness - Fopt (3.681200000000e+02) + sum g_i+ | measured fitness | best measured fitness or single-digit g-values | x1 | x2...
1 0 +6.482800389e+01 +4.329480039e+02 +4.329480039e+02
7 0 +4.793893487e+01 +4.160589349e+02 +4.160589349e+02
14 0 +4.254833633e+01 +4.106683363e+02 +4.106683363e+02
39 0 +3.436240190e+01 +4.024824019e+02 +4.024824019e+02
74 0 +3.010709915e+01 +3.982270991e+02 +3.982270991e+02
116 0 +2.547093062e+01 +3.935909306e+02 +3.935909306e+02
148 0 +2.272750021e+01 +3.908475002e+02 +3.908475002e+02
163 0 +1.978940052e+01 +3.879094005e+02 +3.879094005e+02
174 0 +1.760266696e+01 +3.857226670e+02 +3.857226670e+02
260 0 +1.578942843e+01 +3.839094284e+02 +3.839094284e+02
261 0 +1.097079441e+01 +3.790907944e+02 +3.790907944e+02
523 0 +9.799430564e+00 +3.779194306e+02 +3.779194306e+02
565 0 +8.417546686e+00 +3.765375467e+02 +3.765375467e+02
649 0 +7.685676312e+00 +3.758056763e+02 +3.758056763e+02
754 0 +7.065901870e+00 +3.751859019e+02 +3.751859019e+02
1090 0 +6.303216458e+00 +3.744232165e+02 +3.744232165e+02
4027 0 +5.574566573e+00 +3.736945666e+02 +3.736945666e+02
4091 0 +4.722895109e+00 +3.728428951e+02 +3.728428951e+02
4142 0 +4.084297399e+00 +3.722042974e+02 +3.722042974e+02
4146 0 +3.948679682e+00 +3.720686797e+02 +3.720686797e+02
4259 0 +3.485988423e+00 +3.716059884e+02 +3.716059884e+02
4301 0 +3.084494316e+00 +3.712044943e+02 +3.712044943e+02
4406 0 +2.818311293e+00 +3.709383113e+02 +3.709383113e+02
4553 0 +2.396715070e+00 +3.705167151e+02 +3.705167151e+02
4784 0 +2.224051888e+00 +3.703440519e+02 +3.703440519e+02
9304 0 +1.919681883e+00 +3.700396819e+02 +3.700396819e+02
9378 0 +1.713244618e+00 +3.698332446e+02 +3.698332446e+02
9400 0 +1.535264931e+00 +3.696552649e+02 +3.696552649e+02
9582 0 +1.363833686e+00 +3.694838337e+02 +3.694838337e+02
9708 0 +1.253227891e+00 +3.693732279e+02 +3.693732279e+02
9813 0 +1.085882031e+00 +3.692058820e+02 +3.692058820e+02
9918 0 +9.738200941e-01 +3.690938201e+02 +3.690938201e+02
10044 0 +8.879444853e-01 +3.690079445e+02 +3.690079445e+02
13743 0 +7.485599970e-01 +3.688685600e+02 +3.688685600e+02
13875 0 +6.759859627e-01 +3.687959860e+02 +3.687959860e+02
14127 0 +6.296122269e-01 +3.687496122e+02 +3.687496122e+02
17350 0 +5.552056964e-01 +3.686752057e+02 +3.686752057e+02
19538 0 +4.941433491e-01 +3.686141433e+02 +3.686141433e+02
20405 0 +4.465700195e-01 +3.685665700e+02 +3.685665700e+02
200004 0 +4.225378451e-01 +3.685425378e+02 +3.685425378e+02
% f evaluations | g evaluations | best noise-free fitness - Fopt (4.739000000000e+01) + sum g_i+ | measured fitness | best measured fitness or single-digit g-values | x1 | x2...
1 0 +1.089595825e+02 +1.563495825e+02 +1.563495825e+02
2 0 +8.645215894e+01 +1.338421589e+02 +1.338421589e+02
3 0 +4.319946467e+01 +9.058946467e+01 +9.058946467e+01
20 0 +3.753794808e+01 +8.492794808e+01 +8.492794808e+01
32 0 +3.407647228e+01 +8.146647228e+01 +8.146647228e+01
74 0 +2.449459736e+01 +7.188459736e+01 +7.188459736e+01
206 0 +2.176364176e+01 +6.915364176e+01 +6.915364176e+01
281 0 +1.915545127e+01 +6.654545127e+01 +6.654545127e+01
289 0 +1.627253817e+01 +6.366253817e+01 +6.366253817e+01
317 0 +1.501009228e+01 +6.240009228e+01 +6.240009228e+01
376 0 +1.195221902e+01 +5.934221902e+01 +5.934221902e+01
426 0 +1.086844936e+01 +5.825844936e+01 +5.825844936e+01
502 0 +7.111750603e+00 +5.450175060e+01 +5.450175060e+01
523 0 +6.322716087e+00 +5.371271609e+01 +5.371271609e+01
544 0 +5.731845918e+00 +5.312184592e+01 +5.312184592e+01
586 0 +5.572615232e+00 +5.296261523e+01 +5.296261523e+01
628 0 +4.998349866e+00 +5.238834987e+01 +5.238834987e+01
670 0 +4.434615855e+00 +5.182461585e+01 +5.182461585e+01
922 0 +3.971620711e+00 +5.136162071e+01 +5.136162071e+01
6989 0 +3.530079119e+00 +5.092007912e+01 +5.092007912e+01
7073 0 +3.016108419e+00 +5.040610842e+01 +5.040610842e+01
7283 0 +2.734219698e+00 +5.012421970e+01 +5.012421970e+01
7472 0 +2.506528715e+00 +4.989652872e+01 +4.989652872e+01
12244 0 +2.179392023e+00 +4.956939202e+01 +4.956939202e+01
12309 0 +1.933425107e+00 +4.932342511e+01 +4.932342511e+01
12334 0 +1.683068770e+00 +4.907306877e+01 +4.907306877e+01
12480 0 +1.527555138e+00 +4.891755514e+01 +4.891755514e+01
12564 0 +1.223847277e+00 +4.861384728e+01 +4.861384728e+01
12774 0 +1.110770803e+00 +4.850077080e+01 +4.850077080e+01
12942 0 +9.970447970e-01 +4.838704480e+01 +4.838704480e+01
13236 0 +8.899063952e-01 +4.827990640e+01 +4.827990640e+01
14837 0 +7.869163590e-01 +4.817691636e+01 +4.817691636e+01
14876 0 +5.816923206e-01 +4.797169232e+01 +4.797169232e+01
15136 0 +5.520875095e-01 +4.794208751e+01 +4.794208751e+01
15199 0 +4.931896031e-01 +4.788318960e+01 +4.788318960e+01
15283 0 +4.427788891e-01 +4.783277889e+01 +4.783277889e+01
15577 0 +3.904840881e-01 +4.778048409e+01 +4.778048409e+01
15619 0 +3.496096719e-01 +4.773960967e+01 +4.773960967e+01
15682 0 +3.050621126e-01 +4.769506211e+01 +4.769506211e+01
18086 0 +2.805950965e-01 +4.767059510e+01 +4.767059510e+01
18359 0 +2.494911584e-01 +4.763949116e+01 +4.763949116e+01
18611 0 +2.234721289e-01 +4.761347213e+01 +4.761347213e+01
20532 0 +1.810590747e-01 +4.757105907e+01 +4.757105907e+01
20658 0 +1.774624518e-01 +4.756746245e+01 +4.756746245e+01
21036 0 +1.581933711e-01 +4.754819337e+01 +4.754819337e+01
23461 0 +1.397047855e-01 +4.752970479e+01 +4.752970479e+01
25739 0 +1.257254416e-01 +4.751572544e+01 +4.751572544e+01
200099 0 +1.190376606e-01 +4.750903766e+01 +4.750903766e+01
% f evaluations | g evaluations | best noise-free fitness - Fopt (-3.428900000000e+02) + sum g_i+ | measured fitness | best measured fitness or single-digit g-values | x1 | x2...
1 0 +8.936494576e+01 -2.535250542e+02 -2.535250542e+02
2 0 +6.218642776e+01 -2.807035722e+02 -2.807035722e+02
10 0 +4.563967758e+01 -2.972503224e+02 -2.972503224e+02
13 0 +4.307448443e+01 -2.998155156e+02 -2.998155156e+02
15 0 +3.775347909e+01 -3.051365209e+02 -3.051365209e+02
31 0 +2.771753226e+01 -3.151724677e+02 -3.151724677e+02
80 0 +2.444834528e+01 -3.184416547e+02 -3.184416547e+02
141 0 +2.136475398e+01 -3.215252460e+02 -3.215252460e+02
309 0 +1.717534013e+01 -3.257146599e+02 -3.257146599e+02
316 0 +1.367847652e+01 -3.292115235e+02 -3.292115235e+02
370 0 +1.225828954e+01 -3.306317105e+02 -3.306317105e+02
413 0 +1.104485881e+01 -3.318451412e+02 -3.318451412e+02
462 0 +9.969335817e+00 -3.329206642e+02 -3.329206642e+02
523 0 +7.572434500e+00 -3.353175655e+02 -3.353175655e+02
586 0 +6.921425295e+00 -3.359685747e+02 -3.359685747e+02
775 0 +6.028474594e+00 -3.368615254e+02 -3.368615254e+02
964 0 +5.549571888e+00 -3.373404281e+02 -3.373404281e+02
1195 0 +4.966982118e+00 -3.379230179e+02 -3.379230179e+02
2805 0 +4.428261543e+00 -3.384617385e+02 -3.384617385e+02
2811 0 +3.236121946e+00 -3.396538781e+02 -3.396538781e+02
2875 0 +3.087160788e+00 -3.398028392e+02 -3.398028392e+02
3083 0 +2.618961059e+00 -3.402710389e+02 -3.402710389e+02
3125 0 +2.476884685e+00 -3.404131153e+02 -3.404131153e+02
3230 0 +2.170782115e+00 -3.407192179e+02 -3.407192179e+02
3314 0 +1.987243353e+00 -3.409027566e+02 -3.409027566e+02
3524 0 +1.762450992e+00 -3.411275490e+02 -3.411275490e+02
7094 0 +1.470666487e+00 -3.414193335e+02 -3.414193335e+02
7158 0 +1.170684849e+00 -3.417193152e+02 -3.417193152e+02
7218 0 +1.117906957e+00 -3.417720930e+02 -3.417720930e+02
7344 0 +9.944530875e-01 -3.418955469e+02 -3.418955469e+02
7491 0 +8.815628606e-01 -3.420084371e+02 -3.420084371e+02
7638 0 +7.850664442e-01 -3.421049336e+02 -3.421049336e+02
7785 0 +7.031419821e-01 -3.421868580e+02 -3.421868580e+02
9942 0 +4.895727163e-01 -3.424004273e+02 -3.424004273e+02
10525 0 +4.400994155e-01 -3.424499006e+02 -3.424499006e+02
10672 0 +3.965659845e-01 -3.424934340e+02 -3.424934340e+02
14692 0 +3.458477949e-01 -3.425441522e+02 -3.425441522e+02
14794 0 +3.129806460e-01 -3.425770194e+02 -3.425770194e+02
14844 0 +2.811267926e-01 -3.426088732e+02 -3.426088732e+02
15113 0 +2.450388509e-01 -3.426449611e+02 -3.426449611e+02
15365 0 +2.228327777e-01 -3.426671672e+02 -3.426671672e+02
15659 0 +1.993050413e-01 -3.426906950e+02 -3.426906950e+02
19134 0 +1.777371035e-01 -3.427122629e+02 -3.427122629e+02
21114 0 +1.575112112e-01 -3.427324888e+02 -3.427324888e+02
21788 0 +1.412053095e-01 -3.427487947e+02 -3.427487947e+02
25032 0 +1.258213664e-01 -3.427641786e+02 -3.427641786e+02
200116 0 +1.223357806e-01 -3.427676642e+02 -3.427676642e+02
% f evaluations | g evaluations | best noise-free fitness - Fopt (9.102000000000e+01) + sum g_i+ | measured fitness | best measured fitness or single-digit g-values | x1 | x2...
1 0 +7.691164707e+01 +1.679316471e+02 +1.679316471e+02
5 0 +7.684144981e+01 +1.678614498e+02 +1.678614498e+02
13 0 +5.370571560e+01 +1.447257156e+02 +1.447257156e+02
25 0 +4.309049338e+01 +1.341104934e+02 +1.341104934e+02
29 0 +3.292984390e+01 +1.239498439e+02 +1.239498439e+02
58 0 +2.938947858e+01 +1.204094786e+02 +1.204094786e+02
76 0 +2.681534942e+01 +1.178353494e+02 +1.178353494e+02
137 0 +2.197437184e+01 +1.129943718e+02 +1.129943718e+02
186 0 +1.742635976e+01 +1.084463598e+02 +1.084463598e+02
200 0 +1.488984333e+01 +1.059098433e+02 +1.059098433e+02
393 0 +1.392501766e+01 +1.049450177e+02 +1.049450177e+02
402 0 +1.178644846e+01 +1.028064485e+02 +1.028064485e+02
442 0 +9.468011767e+00 +1.004880118e+02 +1.004880118e+02
523 0 +8.181685390e+00 +9.920168539e+01 +9.920168539e+01
544 0 +7.504538922e+00 +9.852453892e+01 +9.852453892e+01
586 0 +7.036339970e+00 +9.805633997e+01 +9.805633997e+01
628 0 +5.993494138e+00 +9.701349414e+01 +9.701349414e+01
733 0 +5.483548678e+00 +9.650354868e+01 +9.650354868e+01
838 0 +5.001545112e+00 +9.602154511e+01 +9.602154511e+01
1069 0 +4.466336783e+00 +9.548633678e+01 +9.548633678e+01
5184 0 +3.122051750e+00 +9.414205175e+01 +9.414205175e+01
5636 0 +2.757076531e+00 +9.377707653e+01 +9.377707653e+01
5657 0 +2.501145756e+00 +9.352114576e+01 +9.352114576e+01
5825 0 +2.236282030e+00 +9.325628203e+01 +9.325628203e+01
5909 0 +1.871368578e+00 +9.289136858e+01 +9.289136858e+01
6056 0 +1.774577279e+00 +9.279457728e+01 +9.279457728e+01
12979 0 +1.422606057e+00 +9.244260606e+01 +9.244260606e+01
13030 0 +1.262304737e+00 +9.228230474e+01 +9.228230474e+01
13362 0 +1.224616731e+00 +9.224461673e+01 +9.224461673e+01
13593 0 +1.111017227e+00 +9.213101723e+01 +9.213101723e+01
13824 0 +9.994485067e-01 +9.201944851e+01 +9.201944851e+01
13992 0 +8.869354776e-01 +9.190693548e+01 +9.190693548e+01
20713 0 +7.801790851e-01 +9.180017909e+01 +9.180017909e+01
20728 0 +6.888403513e-01 +9.170884035e+01 +9.170884035e+01
20743 0 +6.160468046e-01 +9.163604680e+01 +9.163604680e+01
21016 0 +5.576689778e-01 +9.157766898e+01 +9.157766898e+01
21457 0 +4.967994947e-01 +9.151679949e+01 +9.151679949e+01
23861 0 +4.453119899e-01 +9.146531199e+01 +9.146531199e+01
24575 0 +3.981010175e-01 +9.141810102e+01 +9.141810102e+01
27336 0 +3.542577299e-01 +9.137425773e+01 +9.137425773e+01
200389 0 +3.255791059e-01 +9.134557911e+01 +9.134557911e+01
% f evaluations | g evaluations | best noise-free fitness - Fopt (7.324200000000e+02) + sum g_i+ | measured fitness | best measured fitness or single-digit g-values | x1 | x2...
1 0 +9.710738995e+01 +8.295273899e+02 +8.295273899e+02
2 0 +4.809303017e+01 +7.805130302e+02 +7.805130302e+02
47 0 +4.415569368e+01 +7.765756937e+02 +7.765756937e+02
62 0 +3.955775366e+01 +7.719777537e+02 +7.719777537e+02
68 0 +2.897427953e+01 +7.613942795e+02 +7.613942795e+02
95 0 +2.332893463e+01 +7.557489346e+02 +7.557489346e+02
139 0 +2.114488153e+01 +7.535648815e+02 +7.535648815e+02
169 0 +1.947589816e+01 +7.518958982e+02 +7.518958982e+02
196 0 +1.641448234e+01 +7.488344823e+02 +7.488344823e+02
197 0 +1.200206297e+01 +7.444220630e+02 +7.444220630e+02
338 0 +1.113214244e+01 +7.435521424e+02 +7.435521424e+02
385 0 +9.115680219e+00 +7.415356802e+02 +7.415356802e+02
401 0 +8.688685790e+00 +7.411086858e+02 +7.411086858e+02
421 0 +7.284833319e+00 +7.397048333e+02 +7.397048333e+02
466 0 +6.317211267e+00 +7.387372113e+02 +7.387372113e+02
586 0 +6.165919978e+00 +7.385859200e+02 +7.385859200e+02
628 0 +5.520481263e+00 +7.379404813e+02 +7.379404813e+02
733 0 +4.848299931e+00 +7.372682999e+02 +7.372682999e+02
775 0 +4.400312393e+00 +7.368203124e+02 +7.368203124e+02
943 0 +3.879479359e+00 +7.362994794e+02 +7.362994794e+02
1027 0 +3.521261383e+00 +7.359412614e+02 +7.359412614e+02
2753 0 +3.105650641e+00 +7.355256506e+02 +7.355256506e+02
2817 0 +2.314803575e+00 +7.347348036e+02 +7.347348036e+02
2960 0 +2.080442905e+00 +7.345004429e+02 +7.345004429e+02
2982 0 +1.973275051e+00 +7.343932751e+02 +7.343932751e+02
3188 0 +1.727279325e+00 +7.341472793e+02 +7.341472793e+02
3335 0 +1.560287915e+00 +7.339802879e+02 +7.339802879e+02
3671 0 +1.411664211e+00 +7.338316642e+02 +7.338316642e+02
6085 0 +1.177205510e+00 +7.335972055e+02 +7.335972055e+02
6180 0 +9.633612844e-01 +7.333833613e+02 +7.333833613e+02
6293 0 +8.669866752e-01 +7.332869867e+02 +7.332869867e+02
6331 0 +5.350717196e-01 +7.329550717e+02 +7.329550717e+02
6483 0 +4.958311489e-01 +7.329158311e+02 +7.329158311e+02
6630 0 +4.237437128e-01 +7.328437437e+02 +7.328437437e+02
6735 0 +3.931284414e-01 +7.328131284e+02 +7.328131284e+02
6987 0 +3.521965359e-01 +7.327721965e+02 +7.327721965e+02
7470 0 +3.161232610e-01 +7.327361233e+02 +7.327361233e+02
10051 0 +2.677982279e-01 +7.326877982e+02 +7.326877982e+02
10156 0 +2.509313877e-01 +7.326709314e+02 +7.326709314e+02
10513 0 +2.192304888e-01 +7.326392305e+02 +7.326392305e+02
10618 0 +1.972786091e-01 +7.326172786e+02 +7.326172786e+02
13118 0 +1.634531581e-01 +7.325834532e+02 +7.325834532e+02
13400 0 +1.559102122e-01 +7.325759102e+02 +7.325759102e+02
13841 0 +1.409272067e-01 +7.325609272e+02 +7.325609272e+02
13946 0 +1.244695260e-01 +7.325444695e+02 +7.325444695e+02
16992 0 +1.107932942e-01 +7.325307933e+02 +7.325307933e+02
17274 0 +9.946377027e-02 +7.325194638e+02 +7.325194638e+02
17757 0 +8.912381225e-02 +7.325091238e+02 +7.325091238e+02
22030 0 +7.899205454e-02 +7.324989921e+02 +7.324989921e+02
160433 0 +7.079433853e-02 +7.324907943e+02 +7.324907943e+02
200119 0 +6.828212334e-02 +7.324882821e+02 +7.324882821e+02
% f evaluations | g evaluations | best noise-free fitness - Fopt (3.542000000000e+01) + sum g_i+ | measured fitness | best measured fitness or single-digit g-values | x1 | x2...
1 0 +6.508479886e+01 +1.005047989e+02 +1.005047989e+02
4 0 +5.753790386e+01 +9.295790386e+01 +9.295790386e+01
6 0 +3.556865581e+01 +7.098865581e+01 +7.098865581e+01
27 0 +3.020012776e+01 +6.562012776e+01 +6.562012776e+01
101 0 +2.772934939e+01 +6.314934939e+01 +6.314934939e+01
110 0 +2.157060607e+01 +5.699060607e+01 +5.699060607e+01
180 0 +1.989718018e+01 +5.531718018e+01 +5.531718018e+01
237 0 +1.692301955e+01 +5.234301955e+01 +5.234301955e+01
337 0 +1.328155251e+01 +4.870155251e+01 +4.870155251e+01
361 0 +9.668461017e+00 +4.508846102e+01 +4.508846102e+01
451 0 +7.828540618e+00 +4.324854062e+01 +4.324854062e+01
649 0 +6.816081285e+00 +4.223608129e+01 +4.223608129e+01
754 0 +6.253990887e+00 +4.167399089e+01 +4.167399089e+01
985 0 +5.606458269e+00 +4.102645827e+01 +4.102645827e+01
1426 0 +5.002435713e+00 +4.042243571e+01 +4.042243571e+01
4608 0 +3.265316212e+00 +3.868531621e+01 +3.868531621e+01
4655 0 +2.973717690e+00 +3.839371769e+01 +3.839371769e+01
4964 0 +2.800722829e+00 +3.822072283e+01 +3.822072283e+01
5006 0 +2.381238568e+00 +3.780123857e+01 +3.780123857e+01
5027 0 +2.172805496e+00 +3.759280550e+01 +3.759280550e+01
5132 0 +1.986251971e+00 +3.740625197e+01 +3.740625197e+01
5216 0 +1.706157150e+00 +3.712615715e+01 +3.712615715e+01
11987 0 +1.452463527e+00 +3.687246353e+01 +3.687246353e+01
12008 0 +1.409025071e+00 +3.682902507e+01 +3.682902507e+01
12071 0 +1.250410140e+00 +3.667041014e+01 +3.667041014e+01
12239 0 +1.116256853e+00 +3.653625685e+01 +3.653625685e+01
12428 0 +9.994951921e-01 +3.641949519e+01 +3.641949519e+01
14796 0 +8.609667005e-01 +3.628096670e+01 +3.628096670e+01
14904 0 +7.788785757e-01 +3.619887858e+01 +3.619887858e+01
15051 0 +7.030853949e-01 +3.612308539e+01 +3.612308539e+01
15198 0 +6.283267103e-01 +3.604832671e+01 +3.604832671e+01
15345 0 +5.600963047e-01 +3.598009630e+01 +3.598009630e+01
15555 0 +4.943704831e-01 +3.591437048e+01 +3.591437048e+01
18589 0 +4.347280075e-01 +3.585472801e+01 +3.585472801e+01
19135 0 +3.911613463e-01 +3.581116135e+01 +3.581116135e+01
19450 0 +3.528632604e-01 +3.577286326e+01 +3.577286326e+01
22493 0 +3.119777641e-01 +3.573197776e+01 +3.573197776e+01
22673 0 +2.781323989e-01 +3.569813240e+01 +3.569813240e+01
23030 0 +2.487147864e-01 +3.566871479e+01 +3.566871479e+01
28395 0 +2.238485364e-01 +3.564384854e+01 +3.564384854e+01
32311 0 +1.991470636e-01 +3.561914706e+01 +3.561914706e+01
36183 0 +1.772299134e-01 +3.559722991e+01 +3.559722991e+01
200001 0 +1.652256938e-01 +3.558522569e+01 +3.558522569e+01
