% f evaluations | g evaluations | best noise-free fitness - Fopt (7.135000000000e+01) + sum g_i+ | measured fitness | best measured fitness or single-digit g-values | x1 | x2...
1 0 +9.016152412e+01 +1.615115241e+02 +1.615115241e+02
2 0 +8.367438245e+01 +1.550243824e+02 +1.550243824e+02
6 0 +6.839458395e+01 +1.397445840e+02 +1.397445840e+02
14 0 +5.817536952e+01 +1.295253695e+02 +1.295253695e+02
44 0 +5.059537142e+01 +1.219453714e+02 +1.219453714e+02
273 0 +4.927683594e+01 +1.206268359e+02 +1.206268359e+02
308 0 +4.241905222e+01 +1.137690522e+02 +1.137690522e+02
477 0 +3.850024594e+01 +1.098502459e+02 +1.098502459e+02
689 0 +2.531075861e+01 +9.666075861e+01 +9.666075861e+01
1026 0 +2.266696564e+01 +9.401696564e+01 +9.401696564e+01
1076 0 +2.162773780e+01 +9.297773780e+01 +9.297773780e+01
1123 0 +1.973116090e+01 +9.108116090e+01 +9.108116090e+01
1201 0 +1.765500560e+01 +8.900500560e+01 +8.900500560e+01
9723 0 +1.347313330e+01 +8.482313330e+01 +8.482313330e+01
10043 0 +1.130016347e+01 +8.265016347e+01 +8.265016347e+01
10207 0 +9.733388923e+00 +8.108338892e+01 +8.108338892e+01
10222 0 +8.830110350e+00 +8.018011035e+01 +8.018011035e+01
10348 0 +7.433559645e+00 +7.878355964e+01 +7.878355964e+01
10363 0 +6.913189111e+00 +7.826318911e+01 +7.826318911e+01
10418 0 +5.134337335e+00 +7.648433734e+01 +7.648433734e+01
10616 0 +4.870454346e+00 +7.622045435e+01 +7.622045435e+01
10801 0 +4.390040992e+00 +7.574004099e+01 +7.574004099e+01
18766 0 +3.916664826e+00 +7.526666483e+01 +7.526666483e+01
18782 0 +3.452195481e+00 +7.480219548e+01 +7.480219548e+01
18844 0 +2.741579362e+00 +7.409157936e+01 +7.409157936e+01
19146 0 +2.363874383e+00 +7.371387438e+01 +7.371387438e+01
19248 0 +2.191171183e+00 +7.354117118e+01 +7.354117118e+01
19333 0 +1.983940359e+00 +7.333394036e+01 +7.333394036e+01
19467 0 +1.702608208e+00 +7.305260821e+01 +7.305260821e+01
19583 0 +1.565297913e+00 +7.291529791e+01 +7.291529791e+01
19830 0 +1.354314707e+00 +7.270431471e+01 +7.270431471e+01
19903 0 +1.240576761e+00 +7.259057676e+01 +7.259057676e+01
27816 0 +1.114482787e+00 +7.246448279e+01 +7.246448279e+01
28167 0 +9.376475157e-01 +7.228764752e+01 +7.228764752e+01
28325 0 +8.547774694e-01 +7.220477747e+01 +7.220477747e+01
28578 0 +7.876933690e-01 +7.213769337e+01 +7.213769337e+01
35808 0 +6.984491763e-01 +7.204844918e+01 +7.204844918e+01
36404 0 +6.257034646e-01 +7.197570346e+01 +7.197570346e+01
45296 0 +5.589102360e-01 +7.190891024e+01 +7.190891024e+01
46993 0 +5.009971336e-01 +7.185099713e+01 +7.185099713e+01
62454 0 +4.466651491e-01 +7.179666515e+01 +7.179666515e+01
401429 0 +4.397455548e-01 +7.178974555e+01 +7.178974555e+01
% f evaluations | g evaluations | best noise-free fitness - Fopt (-3.552200000000e+02) + sum g_i+ | measured fitness | best measured fitness or single-digit g-values | x1 | x2...
1 0 +6.538423069e+01 -2.898357693e+02 -2.898357693e+02
15 0 +5.896222585e+01 -2.962577741e+02 -2.962577741e+02
39 0 +5.444374532e+01 -3.007762547e+02 -3.007762547e+02
44 0 +4.798706142e+01 -3.072329386e+02 -3.072329386e+02
757 0 +3.775958412e+01 -3.174604159e+02 -3.174604159e+02
9357 0 +3.177456524e+01 -3.234454348e+02 -3.234454348e+02
9378 0 +3.078003822e+01 -3.244399618e+02 -3.244399618e+02
9626 0 +2.758830498e+01 -3.276316950e+02 -3.276316950e+02
9769 0 +2.265324227e+01 -3.325667577e+02 -3.325667577e+02
10071 0 +2.198326799e+01 -3.332367320e+02 -3.332367320e+02
10110 0 +1.672521277e+01 -3.384947872e+02 -3.384947872e+02
10274 0 +1.580257670e+01 -3.394174233e+02 -3.394174233e+02
10384 0 +9.878483008e+00 -3.453415170e+02 -3.453415170e+02
17934 0 +8.396970956e+00 -3.468230290e+02 -3.468230290e+02
18008 0 +7.700297482e+00 -3.475197025e+02 -3.475197025e+02
18104 0 +6.966859692e+00 -3.482531403e+02 -3.482531403e+02
18254 0 +5.723300954e+00 -3.494966990e+02 -3.494966990e+02
18350 0 +5.455765226e+00 -3.497642348e+02 -3.497642348e+02
18406 0 +4.846585489e+00 -3.503734145e+02 -3.503734145e+02
18532 0 +4.406818023e+00 -3.508131820e+02 -3.508131820e+02
18589 0 +3.978956237e+00 -3.512410438e+02 -3.512410438e+02
18726 0 +3.533227784e+00 -3.516867722e+02 -3.516867722e+02
18884 0 +3.018830056e+00 -3.522011699e+02 -3.522011699e+02
18975 0 +2.808026699e+00 -3.524119733e+02 -3.524119733e+02
19202 0 +2.497405232e+00 -3.527225948e+02 -3.527225948e+02
27122 0 +2.208841607e+00 -3.530111584e+02 -3.530111584e+02
27487 0 +1.957631654e+00 -3.532623683e+02 -3.532623683e+02
27924 0 +1.713119449e+00 -3.535068806e+02 -3.535068806e+02
36862 0 +1.554817127e+00 -3.536651829e+02 -3.536651829e+02
37293 0 +1.389296993e+00 -3.538307030e+02 -3.538307030e+02
37642 0 +1.249534193e+00 -3.539704658e+02 -3.539704658e+02
45824 0 +1.111199096e+00 -3.541088009e+02 -3.541088009e+02
47440 0 +9.993861936e-01 -3.542206138e+02 -3.542206138e+02
401360 0 +9.005075309e-01 -3.543194925e+02 -3.543194925e+02
% f evaluations | g evaluations | best noise-free fitness - Fopt (9.917000000000e+01) + sum g_i+ | measured fitness | best measured fitness or single-digit g-values | x1 | x2...
1 0 +7.040400404e+01 +1.695740040e+02 +1.695740040e+02
2 0 +5.871544841e+01 +1.578854484e+02 +1.578854484e+02
3 0 +4.609986753e+01 +1.452698675e+02 +1.452698675e+02
172 0 +4.037412106e+01 +1.395441211e+02 +1.395441211e+02
1011 0 +3.427310414e+01 +1.334431041e+02 +1.334431041e+02
1121 0 +3.073946467e+01 +1.299094647e+02 +1.299094647e+02
8473 0 +2.701037060e+01 +1.261803706e+02 +1.261803706e+02
8476 0 +2.504571748e+01 +1.242157175e+02 +1.242157175e+02
8527 0 +2.211854072e+01 +1.212885407e+02 +1.212885407e+02
8707 0 +1.903360389e+01 +1.182036039e+02 +1.182036039e+02
8712 0 +1.659463655e+01 +1.157646366e+02 +1.157646366e+02
9069 0 +1.444090868e+01 +1.136109087e+02 +1.136109087e+02
9095 0 +1.207410565e+01 +1.112441056e+02 +1.112441056e+02
9128 0 +1.075952924e+01 +1.099295292e+02 +1.099295292e+02
9272 0 +9.178124609e+00 +1.083481246e+02 +1.083481246e+02
9346 0 +8.283878564e+00 +1.074538786e+02 +1.074538786e+02
9464 0 +7.126225202e+00 +1.062962252e+02 +1.062962252e+02
9669 0 +6.961671501e+00 +1.061316715e+02 +1.061316715e+02
16974 0 +6.118990709e+00 +1.052889907e+02 +1.052889907e+02
17277 0 +5.397229109e+00 +1.045672291e+02 +1.045672291e+02
17364 0 +4.969123621e+00 +1.041391236e+02 +1.041391236e+02
17473 0 +4.392724588e+00 +1.035627246e+02 +1.035627246e+02
17753 0 +3.970195662e+00 +1.031401957e+02 +1.031401957e+02
17801 0 +3.330419652e+00 +1.025004197e+02 +1.025004197e+02
18070 0 +3.085587556e+00 +1.022555876e+02 +1.022555876e+02
18262 0 +2.782365487e+00 +1.019523655e+02 +1.019523655e+02
25081 0 +2.328007064e+00 +1.014980071e+02 +1.014980071e+02
25221 0 +2.188229503e+00 +1.013582295e+02 +1.013582295e+02
25463 0 +1.977123531e+00 +1.011471235e+02 +1.011471235e+02
25659 0 +1.753694148e+00 +1.009236941e+02 +1.009236941e+02
25913 0 +1.578945174e+00 +1.007489452e+02 +1.007489452e+02
26361 0 +1.404140543e+00 +1.005741405e+02 +1.005741405e+02
33864 0 +1.247519793e+00 +1.004175198e+02 +1.004175198e+02
34460 0 +1.109112617e+00 +1.002791126e+02 +1.002791126e+02
43050 0 +9.977697747e-01 +1.001677698e+02 +1.001677698e+02
400009 0 +9.000448661e-01 +1.000700449e+02 +1.000700449e+02
% f evaluations | g evaluations | best noise-free fitness - Fopt (-5.179100000000e+02) + sum g_i+ | measured fitness | best measured fitness or single-digit g-values | x1 | x2...
1 0 +8.274849679e+01 -4.351615032e+02 -4.351615032e+02
2 0 +5.666120590e+01 -4.612487941e+02 -4.612487941e+02
4 0 +5.436116757e+01 -4.635488324e+02 -4.635488324e+02
74 0 +4.610714354e+01 -4.718028565e+02 -4.718028565e+02
299 0 +4.258523958e+01 -4.753247604e+02 -4.753247604e+02
9129 0 +3.702735682e+01 -4.808826432e+02 -4.808826432e+02
9203 0 +3.253731439e+01 -4.853726856e+02 -4.853726856e+02
9384 0 +2.935533035e+01 -4.885546697e+02 -4.885546697e+02
9442 0 +2.698083062e+01 -4.909291694e+02 -4.909291694e+02
9527 0 +2.510782661e+01 -4.928021734e+02 -4.928021734e+02
9637 0 +2.175347422e+01 -4.961565258e+02 -4.961565258e+02
9832 0 +1.879242967e+01 -4.991175703e+02 -4.991175703e+02
16140 0 +1.763004790e+01 -5.002799521e+02 -5.002799521e+02
16279 0 +1.016376452e+01 -5.077462355e+02 -5.077462355e+02
16622 0 +9.764785522e+00 -5.081452145e+02 -5.081452145e+02
16656 0 +7.371241199e+00 -5.105387588e+02 -5.105387588e+02
16773 0 +6.734090123e+00 -5.111759099e+02 -5.111759099e+02
16834 0 +5.971077888e+00 -5.119389221e+02 -5.119389221e+02
16845 0 +5.487803677e+00 -5.124221963e+02 -5.124221963e+02
24031 0 +4.818769233e+00 -5.130912308e+02 -5.130912308e+02
24055 0 +4.415013718e+00 -5.134949863e+02 -5.134949863e+02
24104 0 +3.980197756e+00 -5.139298022e+02 -5.139298022e+02
24324 0 +3.291103354e+00 -5.146188966e+02 -5.146188966e+02
24364 0 +2.956480570e+00 -5.149535194e+02 -5.149535194e+02
24565 0 +2.766663632e+00 -5.151433364e+02 -5.151433364e+02
24684 0 +2.502976486e+00 -5.154070235e+02 -5.154070235e+02
24820 0 +2.117516679e+00 -5.157924833e+02 -5.157924833e+02
24952 0 +1.917491313e+00 -5.159925087e+02 -5.159925087e+02
25038 0 +1.738237195e+00 -5.161717628e+02 -5.161717628e+02
32377 0 +1.570048721e+00 -5.163399513e+02 -5.163399513e+02
32524 0 +1.402316922e+00 -5.165076831e+02 -5.165076831e+02
32965 0 +1.214205449e+00 -5.166957946e+02 -5.166957946e+02
33187 0 +1.120605596e+00 -5.167893944e+02 -5.167893944e+02
41943 0 +9.999603002e-01 -5.169100397e+02 -5.169100397e+02
59156 0 +8.905634520e-01 -5.170194365e+02 -5.170194365e+02
400685 0 +8.670102192e-01 -5.170429898e+02 -5.170429898e+02
% f evaluations | g evaluations | best noise-free fitness - Fopt (-5.721000000000e+01) + sum g_i+ | measured fitness | best measured fitness or single-digit g-values | x1 | x2...
1 0 +5.281499526e+01 -4.395004741e+00 -4.395004741e+00
21 0 +4.791951281e+01 -9.290487191e+00 -9.290487191e+00
114 0 +4.043595261e+01 -1.677404739e+01 -1.677404739e+01
365 0 +3.648037711e+01 -2.072962289e+01 -2.072962289e+01
944 0 +3.458783702e+01 -2.262216298e+01 -2.262216298e+01
1365 0 +3.102290037e+01 -2.618709963e+01 -2.618709963e+01
6862 0 +2.702705541e+01 -3.018294459e+01 -3.018294459e+01
7005 0 +2.361252138e+01 -3.359747862e+01 -3.359747862e+01
7031 0 +2.120814524e+01 -3.600185476e+01 -3.600185476e+01
7040 0 +1.992569182e+01 -3.728430818e+01 -3.728430818e+01
7082 0 +1.761333431e+01 -3.959666569e+01 -3.959666569e+01
7361 0 +1.423136931e+01 -4.297863069e+01 -4.297863069e+01
7507 0 +1.235383337e+01 -4.485616663e+01 -4.485616663e+01
7584 0 +1.069740822e+01 -4.651259178e+01 -4.651259178e+01
7615 0 +9.138785485e+00 -4.807121452e+01 -4.807121452e+01
7739 0 +8.863357427e+00 -4.834664257e+01 -4.834664257e+01
7843 0 +7.505487554e+00 -4.970451245e+01 -4.970451245e+01
7908 0 +6.258258364e+00 -5.095174164e+01 -5.095174164e+01
15653 0 +5.549199561e+00 -5.166080044e+01 -5.166080044e+01
15910 0 +4.688961677e+00 -5.252103832e+01 -5.252103832e+01
15965 0 +4.287790156e+00 -5.292220984e+01 -5.292220984e+01
16050 0 +3.465962347e+00 -5.374403765e+01 -5.374403765e+01
16130 0 +3.044226448e+00 -5.416577355e+01 -5.416577355e+01
16363 0 +2.753597253e+00 -5.445640275e+01 -5.445640275e+01
16405 0 +2.386054215e+00 -5.482394578e+01 -5.482394578e+01
16529 0 +2.210791346e+00 -5.499920865e+01 -5.499920865e+01
16582 0 +1.931757114e+00 -5.527824289e+01 -5.527824289e+01
16758 0 +1.667093175e+00 -5.554290683e+01 -5.554290683e+01
16786 0 +1.545932948e+00 -5.566406705e+01 -5.566406705e+01
25162 0 +1.347209765e+00 -5.586279024e+01 -5.586279024e+01
25300 0 +1.240778515e+00 -5.596922149e+01 -5.596922149e+01
25530 0 +1.042638244e+00 -5.616736176e+01 -5.616736176e+01
25826 0 +9.843973088e-01 -5.622560269e+01 -5.622560269e+01
25864 0 +8.027389602e-01 -5.640726104e+01 -5.640726104e+01
33521 0 +7.716131066e-01 -5.643838689e+01 -5.643838689e+01
34024 0 +6.945348945e-01 -5.651546511e+01 -5.651546511e+01
34304 0 +6.255112606e-01 -5.658448874e+01 -5.658448874e+01
42381 0 +5.579952409e-01 -5.665200476e+01 -5.665200476e+01
43259 0 +4.946859525e-01 -5.671531405e+01 -5.671531405e+01
51471 0 +4.458352729e-01 -5.676416473e+01 -5.676416473e+01
400053 0 +4.175891308e-01 -5.679241087e+01 -5.679241087e+01
% f evaluations | g evaluations | best noise-free fitness - Fopt (6.626000000000e+01) + sum g_i+ | measured fitness | best measured fitness or single-digit g-values | x1 | x2...
1 0 +6.580766086e+01 +1.320676609e+02 +1.320676609e+02
8 0 +5.816246565e+01 +1.244224657e+02 +1.244224657e+02
25 0 +5.166699401e+01 +1.179269940e+02 +1.179269940e+02
72 0 +4.776678863e+01 +1.140267886e+02 +1.140267886e+02
626 0 +4.214001517e+01 +1.084000152e+02 +1.084000152e+02
812 0 +3.816596369e+01 +1.044259637e+02 +1.044259637e+02
1134 0 +3.536614589e+01 +1.016261459e+02 +1.016261459e+02
9266 0 +2.809624049e+01 +9.435624049e+01 +9.435624049e+01
9456 0 +2.365654438e+01 +8.991654438e+01 +8.991654438e+01
9469 0 +2.132338154e+01 +8.758338154e+01 +8.758338154e+01
9636 0 +1.928967767e+01 +8.554967767e+01 +8.554967767e+01
9643 0 +1.572564551e+01 +8.198564551e+01 +8.198564551e+01
9846 0 +1.194199968e+01 +7.820199968e+01 +7.820199968e+01
9939 0 +1.061181795e+01 +7.687181795e+01 +7.687181795e+01
9950 0 +9.448959383e+00 +7.570895938e+01 +7.570895938e+01
10028 0 +8.745700982e+00 +7.500570098e+01 +7.500570098e+01
10112 0 +7.663493759e+00 +7.392349376e+01 +7.392349376e+01
10326 0 +5.839984355e+00 +7.209998436e+01 +7.209998436e+01
18332 0 +5.577026783e+00 +7.183702678e+01 +7.183702678e+01
18365 0 +4.215893905e+00 +7.047589390e+01 +7.047589390e+01
18428 0 +3.946010100e+00 +7.020601010e+01 +7.020601010e+01
18674 0 +3.456259697e+00 +6.971625970e+01 +6.971625970e+01
18863 0 +3.064939359e+00 +6.932493936e+01 +6.932493936e+01
18868 0 +2.815364277e+00 +6.907536428e+01 +6.907536428e+01
19102 0 +2.450839290e+00 +6.871083929e+01 +6.871083929e+01
19136 0 +2.166615286e+00 +6.842661529e+01 +6.842661529e+01
19164 0 +1.912862885e+00 +6.817286288e+01 +6.817286288e+01
27239 0 +1.776717182e+00 +6.803671718e+01 +6.803671718e+01
27578 0 +1.580597921e+00 +6.784059792e+01 +6.784059792e+01
27663 0 +1.398870698e+00 +6.765887070e+01 +6.765887070e+01
28015 0 +1.225581611e+00 +6.748558161e+01 +6.748558161e+01
32636 0 +1.121934258e+00 +6.738193426e+01 +6.738193426e+01
36681 0 +9.764373503e-01 +6.723643735e+01 +6.723643735e+01
36982 0 +8.452610391e-01 +6.710526104e+01 +6.710526104e+01
43336 0 +7.891777348e-01 +6.704917773e+01 +6.704917773e+01
44573 0 +7.076162578e-01 +6.696761626e+01 +6.696761626e+01
64055 0 +6.309448121e-01 +6.689094481e+01 +6.689094481e+01
400011 0 +6.217124142e-01 +6.688171241e+01 +6.688171241e+01
% f evaluations | g evaluations | best noise-free fitness - Fopt (-1.386200000000e+02) + sum g_i+ | measured fitness | best measured fitness or single-digit g-values | x1 | x2...
1 0 +7.922721705e+01 -5.939278295e+01 -5.939278295e+01
3 0 +7.551662478e+01 -6.310337522e+01 -6.310337522e+01
5 0 +6.954711475e+01 -6.907288525e+01 -6.907288525e+01
24 0 +5.677122876e+01 -8.184877124e+01 -8.184877124e+01
44 0 +5.389984107e+01 -8.472015893e+01 -8.472015893e+01
67 0 +4.714743550e+01 -9.147256450e+01 -9.147256450e+01
117 0 +4.433314762e+01 -9.428685238e+01 -9.428685238e+01
674 0 +3.813344666e+01 -1.004865533e+02 -1.004865533e+02
9722 0 +3.453202414e+01 -1.040879759e+02 -1.040879759e+02
9825 0 +3.025156481e+01 -1.083684352e+02 -1.083684352e+02
9997 0 +2.663920175e+01 -1.119807983e+02 -1.119807983e+02
10053 0 +2.072746128e+01 -1.178925387e+02 -1.178925387e+02
10165 0 +1.993065423e+01 -1.186893458e+02 -1.186893458e+02
10247 0 +1.717617120e+01 -1.214438288e+02 -1.214438288e+02
10549 0 +1.512422596e+01 -1.234957740e+02 -1.234957740e+02
18180 0 +1.379251211e+01 -1.248274879e+02 -1.248274879e+02
18206 0 +1.172841962e+01 -1.268915804e+02 -1.268915804e+02
18220 0 +1.117851602e+01 -1.274414840e+02 -1.274414840e+02
18233 0 +9.720250884e+00 -1.288997491e+02 -1.288997491e+02
18460 0 +8.630667445e+00 -1.299893326e+02 -1.299893326e+02
18591 0 +7.728159721e+00 -1.308918403e+02 -1.308918403e+02
18686 0 +6.894197643e+00 -1.317258024e+02 -1.317258024e+02
18807 0 +5.956757289e+00 -1.326632427e+02 -1.326632427e+02
18905 0 +5.615772499e+00 -1.330042275e+02 -1.330042275e+02
19030 0 +4.716852611e+00 -1.339031474e+02 -1.339031474e+02
19110 0 +4.382271101e+00 -1.342377289e+02 -1.342377289e+02
19137 0 +3.870891947e+00 -1.347491081e+02 -1.347491081e+02
19330 0 +3.467138105e+00 -1.351528619e+02 -1.351528619e+02
25587 0 +3.071239486e+00 -1.355487605e+02 -1.355487605e+02
25663 0 +2.808185208e+00 -1.358118148e+02 -1.358118148e+02
25736 0 +2.313211126e+00 -1.363067889e+02 -1.363067889e+02
25852 0 +2.159242267e+00 -1.364607577e+02 -1.364607577e+02
26222 0 +1.914323385e+00 -1.367056766e+02 -1.367056766e+02
26268 0 +1.749444626e+00 -1.368705554e+02 -1.368705554e+02
26530 0 +1.564380646e+00 -1.370556194e+02 -1.370556194e+02
35239 0 +1.410708783e+00 -1.372092912e+02 -1.372092912e+02
35439 0 +1.237143735e+00 -1.373828563e+02 -1.373828563e+02
35713 0 +1.097145915e+00 -1.375228541e+02 -1.375228541e+02
36013 0 +9.822872003e-01 -1.376377128e+02 -1.376377128e+02
39509 0 +8.912021159e-01 -1.377287979e+02 -1.377287979e+02
52240 0 +7.854279136e-01 -1.378345721e+02 -1.378345721e+02
55260 0 +7.076529935e-01 -1.379123470e+02 -1.379123470e+02
400462 0 +6.606617280e-01 -1.379593383e+02 -1.379593383e+02
% f evaluations | g evaluations | best noise-free fitness - Fopt (7.313900000000e+02) + sum g_i+ | measured fitness | best measured fitness or single-digit g-values | x1 | x2...
1 0 +6.794021855e+01 +7.993302186e+02 +7.993302186e+02
9 0 +6.604137509e+01 +7.974313751e+02 +7.974313751e+02
10 0 +5.781599603e+01 +7.892059960e+02 +7.892059960e+02
29 0 +5.597161023e+01 +7.873616102e+02 +7.873616102e+02
255 0 +4.456520939e+01 +7.759552094e+02 +7.759552094e+02
739 0 +3.946996276e+01 +7.708599628e+02 +7.708599628e+02
9570 0 +3.112231601e+01 +7.625123160e+02 +7.625123160e+02
9831 0 +2.748747233e+01 +7.588774723e+02 +7.588774723e+02
9962 0 +2.413482491e+01 +7.555248249e+02 +7.555248249e+02
10002 0 +1.933130193e+01 +7.507213019e+02 +7.507213019e+02
10070 0 +1.721956106e+01 +7.486095611e+02 +7.486095611e+02
10225 0 +1.563708818e+01 +7.470270882e+02 +7.470270882e+02
10482 0 +1.283243099e+01 +7.442224310e+02 +7.442224310e+02
10515 0 +1.192666731e+01 +7.433166673e+02 +7.433166673e+02
10540 0 +1.077242459e+01 +7.421624246e+02 +7.421624246e+02
10567 0 +9.657518584e+00 +7.410475186e+02 +7.410475186e+02
18001 0 +7.961079464e+00 +7.393510795e+02 +7.393510795e+02
18003 0 +6.664086001e+00 +7.380540860e+02 +7.380540860e+02
18329 0 +5.809817120e+00 +7.371998171e+02 +7.371998171e+02
18389 0 +5.310470546e+00 +7.367004705e+02 +7.367004705e+02
18490 0 +4.993007079e+00 +7.363830071e+02 +7.363830071e+02
18599 0 +4.430737950e+00 +7.358207380e+02 +7.358207380e+02
18669 0 +3.765569577e+00 +7.351555696e+02 +7.351555696e+02
18788 0 +3.469270941e+00 +7.348592709e+02 +7.348592709e+02
19004 0 +3.071378652e+00 +7.344613787e+02 +7.344613787e+02
19016 0 +2.794189251e+00 +7.341841893e+02 +7.341841893e+02
26224 0 +2.467241444e+00 +7.338572414e+02 +7.338572414e+02
26326 0 +2.216623034e+00 +7.336066230e+02 +7.336066230e+02
26352 0 +1.977005423e+00 +7.333670054e+02 +7.333670054e+02
26736 0 +1.768088602e+00 +7.331580886e+02 +7.331580886e+02
27049 0 +1.539005605e+00 +7.329290056e+02 +7.329290056e+02
34315 0 +1.410154573e+00 +7.328001546e+02 +7.328001546e+02
34634 0 +1.254983580e+00 +7.326449836e+02 +7.326449836e+02
35182 0 +1.096466644e+00 +7.324864666e+02 +7.324864666e+02
42949 0 +9.946593862e-01 +7.323846594e+02 +7.323846594e+02
52470 0 +8.899448062e-01 +7.322799448e+02 +7.322799448e+02
400008 0 +8.485306468e-01 +7.322385306e+02 +7.322385306e+02
% f evaluations | g evaluations | best noise-free fitness - Fopt (7.526000000000e+01) + sum g_i+ | measured fitness | best measured fitness or single-digit g-values | x1 | x2...
1 0 +8.819383907e+01 +1.634538391e+02 +1.634538391e+02
2 0 +6.841479039e+01 +1.436747904e+02 +1.436747904e+02
4 0 +6.118219211e+01 +1.364421921e+02 +1.364421921e+02
9 0 +5.361356818e+01 +1.288735682e+02 +1.288735682e+02
80 0 +4.868453908e+01 +1.239445391e+02 +1.239445391e+02
221 0 +4.462807532e+01 +1.198880753e+02 +1.198880753e+02
490 0 +3.860997032e+01 +1.138699703e+02 +1.138699703e+02
9935 0 +3.317572444e+01 +1.084357244e+02 +1.084357244e+02
10249 0 +2.941005796e+01 +1.046700580e+02 +1.046700580e+02
10294 0 +2.732409951e+01 +1.025840995e+02 +1.025840995e+02
10498 0 +2.365737066e+01 +9.891737066e+01 +9.891737066e+01
10590 0 +2.050867141e+01 +9.576867141e+01 +9.576867141e+01
10695 0 +1.857871567e+01 +9.383871567e+01 +9.383871567e+01
19937 0 +1.765916343e+01 +9.291916343e+01 +9.291916343e+01
19972 0 +1.516133044e+01 +9.042133044e+01 +9.042133044e+01
20126 0 +1.342054983e+01 +8.868054983e+01 +8.868054983e+01
20162 0 +1.020523784e+01 +8.546523784e+01 +8.546523784e+01
20308 0 +9.404122384e+00 +8.466412238e+01 +8.466412238e+01
20339 0 +8.494576570e+00 +8.375457657e+01 +8.375457657e+01
20520 0 +7.891333209e+00 +8.315133321e+01 +8.315133321e+01
20547 0 +6.708228284e+00 +8.196822828e+01 +8.196822828e+01
20642 0 +5.711143614e+00 +8.097114361e+01 +8.097114361e+01
20741 0 +5.474923817e+00 +8.073492382e+01 +8.073492382e+01
20993 0 +4.973572668e+00 +8.023357267e+01 +8.023357267e+01
28627 0 +4.334120617e+00 +7.959412062e+01 +7.959412062e+01
28646 0 +3.842454292e+00 +7.910245429e+01 +7.910245429e+01
28708 0 +3.533327104e+00 +7.879332710e+01 +7.879332710e+01
28854 0 +3.145667698e+00 +7.840566770e+01 +7.840566770e+01
28883 0 +2.552196908e+00 +7.781219691e+01 +7.781219691e+01
28984 0 +2.509190477e+00 +7.776919048e+01 +7.776919048e+01
29068 0 +2.091360685e+00 +7.735136068e+01 +7.735136068e+01
29250 0 +1.910494911e+00 +7.717049491e+01 +7.717049491e+01
29350 0 +1.738211266e+00 +7.699821127e+01 +7.699821127e+01
29602 0 +1.560852674e+00 +7.682085267e+01 +7.682085267e+01
36966 0 +1.348321903e+00 +7.660832190e+01 +7.660832190e+01
37083 0 +1.231043121e+00 +7.649104312e+01 +7.649104312e+01
37270 0 +1.121749098e+00 +7.638174910e+01 +7.638174910e+01
37553 0 +9.884394911e-01 +7.624843949e+01 +7.624843949e+01
37940 0 +8.821030940e-01 +7.614210309e+01 +7.614210309e+01
45152 0 +7.788158504e-01 +7.603881585e+01 +7.603881585e+01
46541 0 +7.077021456e-01 +7.596770215e+01 +7.596770215e+01
64832 0 +6.308989380e-01 +7.589089894e+01 +7.589089894e+01
401895 0 +6.170931882e-01 +7.587709319e+01 +7.587709319e+01
% f evaluations | g evaluations | best noise-free fitness - Fopt (-4.913000000000e+01) + sum g_i+ | measured fitness | best measured fitness or single-digit g-values | x1 | x2...
1 0 +1.082542929e+02 +5.912429293e+01 +5.912429293e+01
2 0 +6.876666492e+01 +1.963666492e+01 +1.963666492e+01
16 0 +5.969205162e+01 +1.056205162e+01 +1.056205162e+01
28 0 +5.242384989e+01 +3.293849890e+00 +3.293849890e+00
83 0 +4.979741063e+01 +6.674106281e-01 +6.674106281e-01
218 0 +4.299205276e+01 -6.137947244e+00 -6.137947244e+00
845 0 +3.240713267e+01 -1.672286733e+01 -1.672286733e+01
1093 0 +2.951788764e+01 -1.961211236e+01 -1.961211236e+01
8283 0 +2.799851957e+01 -2.113148043e+01 -2.113148043e+01
8623 0 +2.465295708e+01 -2.447704292e+01 -2.447704292e+01
8775 0 +2.005408113e+01 -2.907591887e+01 -2.907591887e+01
8844 0 +1.856691268e+01 -3.056308732e+01 -3.056308732e+01
8904 0 +1.703730355e+01 -3.209269645e+01 -3.209269645e+01
8997 0 +1.552427765e+01 -3.360572235e+01 -3.360572235e+01
9004 0 +1.190088335e+01 -3.722911665e+01 -3.722911665e+01
9143 0 +1.100932680e+01 -3.812067320e+01 -3.812067320e+01
9216 0 +9.938475300e+00 -3.919152470e+01 -3.919152470e+01
9389 0 +7.748415006e+00 -4.138158499e+01 -4.138158499e+01
9465 0 +6.829816932e+00 -4.230018307e+01 -4.230018307e+01
18125 0 +6.000533643e+00 -4.312946636e+01 -4.312946636e+01
18193 0 +5.387678504e+00 -4.374232150e+01 -4.374232150e+01
18404 0 +4.867342501e+00 -4.426265750e+01 -4.426265750e+01
18414 0 +4.314761876e+00 -4.481523812e+01 -4.481523812e+01
18689 0 +3.923345693e+00 -4.520665431e+01 -4.520665431e+01
18722 0 +3.518163742e+00 -4.561183626e+01 -4.561183626e+01
19028 0 +2.799874817e+00 -4.633012518e+01 -4.633012518e+01
19244 0 +2.404132429e+00 -4.672586757e+01 -4.672586757e+01
19247 0 +2.034632980e+00 -4.709536702e+01 -4.709536702e+01
19534 0 +1.985415629e+00 -4.714458437e+01 -4.714458437e+01
27342 0 +1.655236960e+00 -4.747476304e+01 -4.747476304e+01
27477 0 +1.529080725e+00 -4.760091928e+01 -4.760091928e+01
27901 0 +1.373572348e+00 -4.775642765e+01 -4.775642765e+01
28017 0 +1.256210188e+00 -4.787378981e+01 -4.787378981e+01
28166 0 +1.007103781e+00 -4.812289622e+01 -4.812289622e+01
28412 0 +9.852683880e-01 -4.814473161e+01 -4.814473161e+01
36003 0 +8.736334324e-01 -4.825636657e+01 -4.825636657e+01
43172 0 +7.819002909e-01 -4.834809971e+01 -4.834809971e+01
43918 0 +7.039491197e-01 -4.842605088e+01 -4.842605088e+01
52391 0 +6.261211539e-01 -4.850387885e+01 -4.850387885e+01
401192 0 +5.688246581e-01 -4.856117534e+01 -4.856117534e+01
% f evaluations | g evaluations | best noise-free fitness - Fopt (-1.418900000000e+02) + sum g_i+ | measured fitness | best measured fitness or single-digit g-values | x1 | x2...
1 0 +1.041626858e+02 -3.772731416e+01 -3.772731416e+01
2 0 +7.833562309e+01 -6.355437691e+01 -6.355437691e+01
6 0 +5.995331577e+01 -8.193668423e+01 -8.193668423e+01
95 0 +5.049009479e+01 -9.139990521e+01 -9.139990521e+01
106 0 +4.645879532e+01 -9.543120468e+01 -9.543120468e+01
246 0 +3.672752282e+01 -1.051624772e+02 -1.051624772e+02
1187 0 +3.469384928e+01 -1.071961507e+02 -1.071961507e+02
9005 0 +2.992286866e+01 -1.119671313e+02 -1.119671313e+02
9239 0 +2.771606203e+01 -1.141739380e+02 -1.141739380e+02
9314 0 +2.486259818e+01 -1.170274018e+02 -1.170274018e+02
9530 0 +1.385308075e+01 -1.280369192e+02 -1.280369192e+02
9933 0 +1.222594888e+01 -1.296640511e+02 -1.296640511e+02
9999 0 +1.076435685e+01 -1.311256432e+02 -1.311256432e+02
10286 0 +9.994772719e+00 -1.318952273e+02 -1.318952273e+02
18130 0 +8.790277519e+00 -1.330997225e+02 -1.330997225e+02
18152 0 +7.542640201e+00 -1.343473598e+02 -1.343473598e+02
18297 0 +6.446540816e+00 -1.354434592e+02 -1.354434592e+02
18464 0 +5.394291899e+00 -1.364957081e+02 -1.364957081e+02
18485 0 +4.938972523e+00 -1.369510275e+02 -1.369510275e+02
18758 0 +4.325674863e+00 -1.375643251e+02 -1.375643251e+02
18783 0 +3.886169699e+00 -1.380038303e+02 -1.380038303e+02
25884 0 +3.533486427e+00 -1.383565136e+02 -1.383565136e+02
26178 0 +3.055161793e+00 -1.388348382e+02 -1.388348382e+02
26313 0 +2.463495125e+00 -1.394265049e+02 -1.394265049e+02
26443 0 +2.189025412e+00 -1.397009746e+02 -1.397009746e+02
26581 0 +1.889735139e+00 -1.400002649e+02 -1.400002649e+02
26598 0 +1.643260551e+00 -1.402467394e+02 -1.402467394e+02
26953 0 +1.501378472e+00 -1.403886215e+02 -1.403886215e+02
27060 0 +1.378333478e+00 -1.405116665e+02 -1.405116665e+02
27224 0 +1.251697002e+00 -1.406383030e+02 -1.406383030e+02
34450 0 +1.100575722e+00 -1.407894243e+02 -1.407894243e+02
34809 0 +9.943478984e-01 -1.408956521e+02 -1.408956521e+02
35242 0 +8.838800201e-01 -1.410061200e+02 -1.410061200e+02
43434 0 +7.865019508e-01 -1.411034980e+02 -1.411034980e+02
53349 0 +7.064485943e-01 -1.411835514e+02 -1.411835514e+02
400010 0 +6.362466935e-01 -1.412537533e+02 -1.412537533e+02
% f evaluations | g evaluations | best noise-free fitness - Fopt (1.095700000000e+02) + sum g_i+ | measured fitness | best measured fitness or single-digit g-values | x1 | x2...
1 0 +7.049240657e+01 +1.800624066e+02 +1.800624066e+02
8 0 +6.308929301e+01 +1.726592930e+02 +1.726592930e+02
85 0 +5.615278150e+01 +1.657227815e+02 +1.657227815e+02
118 0 +4.823942690e+01 +1.578094269e+02 +1.578094269e+02
178 0 +3.704623308e+01 +1.466162331e+02 +1.466162331e+02
1104 0 +3.401870488e+01 +1.435887049e+02 +1.435887049e+02
10011 0 +2.846772791e+01 +1.380377279e+02 +1.380377279e+02
10029 0 +2.478336910e+01 +1.343533691e+02 +1.343533691e+02
10395 0 +2.129877693e+01 +1.308687769e+02 +1.308687769e+02
10419 0 +1.759913421e+01 +1.271691342e+02 +1.271691342e+02
10529 0 +1.299061620e+01 +1.225606162e+02 +1.225606162e+02
10659 0 +1.224379851e+01 +1.218137985e+02 +1.218137985e+02
10781 0 +1.037087299e+01 +1.199408730e+02 +1.199408730e+02
10867 0 +9.418037274e+00 +1.189880373e+02 +1.189880373e+02
10899 0 +7.888566658e+00 +1.174585667e+02 +1.174585667e+02
18458 0 +6.750817003e+00 +1.163208170e+02 +1.163208170e+02
18515 0 +6.232237143e+00 +1.158022371e+02 +1.158022371e+02
18556 0 +5.524347121e+00 +1.150943471e+02 +1.150943471e+02
18711 0 +4.959287234e+00 +1.145292872e+02 +1.145292872e+02
18787 0 +3.873854317e+00 +1.134438543e+02 +1.134438543e+02
19013 0 +3.459043902e+00 +1.130290439e+02 +1.130290439e+02
19262 0 +2.771760518e+00 +1.123417605e+02 +1.123417605e+02
19451 0 +2.430637381e+00 +1.120006374e+02 +1.120006374e+02
19494 0 +1.990280999e+00 +1.115602810e+02 +1.115602810e+02
26828 0 +1.639693376e+00 +1.112096934e+02 +1.112096934e+02
26859 0 +1.554747718e+00 +1.111247477e+02 +1.111247477e+02
27055 0 +1.403153507e+00 +1.109731535e+02 +1.109731535e+02
27095 0 +1.255046185e+00 +1.108250462e+02 +1.108250462e+02
27405 0 +1.115013829e+00 +1.106850138e+02 +1.106850138e+02
27525 0 +9.359887482e-01 +1.105059887e+02 +1.105059887e+02
27675 0 +8.628118868e-01 +1.104328119e+02 +1.104328119e+02
28167 0 +7.940353824e-01 +1.103640354e+02 +1.103640354e+02
35815 0 +6.998395143e-01 +1.102698395e+02 +1.102698395e+02
36256 0 +6.105442974e-01 +1.101805443e+02 +1.101805443e+02
42177 0 +5.623404210e-01 +1.101323404e+02 +1.101323404e+02
42760 0 +4.962111376e-01 +1.100662111e+02 +1.100662111e+02
50348 0 +4.461646126e-01 +1.100161646e+02 +1.100161646e+02
400014 0 +4.119037634e-01 +1.099819038e+02 +1.099819038e+02
% f evaluations | g evaluations | best noise-free fitness - Fopt (7.836000000000e+01) + sum g_i+ | measured fitness | best measured fitness or single-digit g-values | x1 | x2...
1 0 +1.017474590e+02 +1.801074590e+02 +1.801074590e+02
2 0 +5.655323583e+01 +1.349132358e+02 +1.349132358e+02
19 0 +5.566026237e+01 +1.340202624e+02 +1.340202624e+02
160 0 +4.551368675e+01 +1.238736867e+02 +1.238736867e+02
279 0 +4.212436197e+01 +1.204843620e+02 +1.204843620e+02
689 0 +3.930391020e+01 +1.176639102e+02 +1.176639102e+02
762 0 +2.817012785e+01 +1.065301279e+02 +1.065301279e+02
8649 0 +2.429618136e+01 +1.026561814e+02 +1.026561814e+02
8752 0 +2.166219249e+01 +1.000221925e+02 +1.000221925e+02
8914 0 +1.356968054e+01 +9.192968054e+01 +9.192968054e+01
9244 0 +1.223112193e+01 +9.059112193e+01 +9.059112193e+01
9290 0 +1.089841831e+01 +8.925841831e+01 +8.925841831e+01
9334 0 +9.794851783e+00 +8.815485178e+01 +8.815485178e+01
9359 0 +8.879903552e+00 +8.723990355e+01 +8.723990355e+01
9469 0 +7.784221542e+00 +8.614422154e+01 +8.614422154e+01
17361 0 +7.027214831e+00 +8.538721483e+01 +8.538721483e+01
17491 0 +6.184356217e+00 +8.454435622e+01 +8.454435622e+01
17675 0 +4.618579212e+00 +8.297857921e+01 +8.297857921e+01
17922 0 +4.377109547e+00 +8.273710955e+01 +8.273710955e+01
18050 0 +3.805310808e+00 +8.216531081e+01 +8.216531081e+01
18127 0 +3.149471475e+00 +8.150947148e+01 +8.150947148e+01
18483 0 +2.719909761e+00 +8.107990976e+01 +8.107990976e+01
27993 0 +2.410081872e+00 +8.077008187e+01 +8.077008187e+01
28106 0 +2.208436863e+00 +8.056843686e+01 +8.056843686e+01
28408 0 +1.966214324e+00 +8.032621432e+01 +8.032621432e+01
28499 0 +1.777799109e+00 +8.013779911e+01 +8.013779911e+01
28575 0 +1.538214271e+00 +7.989821427e+01 +7.989821427e+01
28707 0 +1.410585282e+00 +7.977058528e+01 +7.977058528e+01
28936 0 +1.254406583e+00 +7.961440658e+01 +7.961440658e+01
29123 0 +1.110354911e+00 +7.947035491e+01 +7.947035491e+01
29439 0 +9.976368281e-01 +7.935763683e+01 +7.935763683e+01
37850 0 +8.793239723e-01 +7.923932397e+01 +7.923932397e+01
38182 0 +7.769995096e-01 +7.913699951e+01 +7.913699951e+01
38564 0 +6.878100558e-01 +7.904781006e+01 +7.904781006e+01
47558 0 +6.292858053e-01 +7.898928581e+01 +7.898928581e+01
64596 0 +5.617560591e-01 +7.892175606e+01 +7.892175606e+01
400074 0 +5.503076973e-01 +7.891030770e+01 +7.891030770e+01
% f evaluations | g evaluations | best noise-free fitness - Fopt (1.140900000000e+02) + sum g_i+ | measured fitness | best measured fitness or single-digit g-values | x1 | x2...
1 0 +7.963276600e+01 +1.937227660e+02 +1.937227660e+02
2 0 +6.718222446e+01 +1.812722245e+02 +1.812722245e+02
10 0 +5.612834936e+01 +1.702183494e+02 +1.702183494e+02
152 0 +4.978929667e+01 +1.638792967e+02 +1.638792967e+02
518 0 +4.408051192e+01 +1.581705119e+02 +1.581705119e+02
9550 0 +3.790427975e+01 +1.519942798e+02 +1.519942798e+02
17163 0 +3.415552644e+01 +1.482455264e+02 +1.482455264e+02
17392 0 +2.953351705e+01 +1.436235171e+02 +1.436235171e+02
17553 0 +2.760310392e+01 +1.416931039e+02 +1.416931039e+02
17622 0 +2.456144870e+01 +1.386514487e+02 +1.386514487e+02
17653 0 +2.089993066e+01 +1.349899307e+02 +1.349899307e+02
17893 0 +1.945508435e+01 +1.335450844e+02 +1.335450844e+02
24656 0 +1.486933567e+01 +1.289593357e+02 +1.289593357e+02
24926 0 +1.405285767e+01 +1.281428577e+02 +1.281428577e+02
24989 0 +1.093141112e+01 +1.250214111e+02 +1.250214111e+02
25414 0 +9.852517507e+00 +1.239425175e+02 +1.239425175e+02
25458 0 +7.150503768e+00 +1.212405038e+02 +1.212405038e+02
25547 0 +6.951021813e+00 +1.210410218e+02 +1.210410218e+02
25748 0 +6.118736489e+00 +1.202087365e+02 +1.202087365e+02
33851 0 +5.592763816e+00 +1.196827638e+02 +1.196827638e+02
33876 0 +4.668397313e+00 +1.187583973e+02 +1.187583973e+02
33966 0 +4.243088260e+00 +1.183330883e+02 +1.183330883e+02
34052 0 +3.861286026e+00 +1.179512860e+02 +1.179512860e+02
34128 0 +3.500079873e+00 +1.175900799e+02 +1.175900799e+02
34326 0 +3.030501589e+00 +1.171205016e+02 +1.171205016e+02
34573 0 +2.763487616e+00 +1.168534876e+02 +1.168534876e+02
34633 0 +2.458818956e+00 +1.165488190e+02 +1.165488190e+02
34838 0 +2.182335693e+00 +1.162723357e+02 +1.162723357e+02
34872 0 +1.989525198e+00 +1.160795252e+02 +1.160795252e+02
42233 0 +1.763930695e+00 +1.158539307e+02 +1.158539307e+02
42707 0 +1.562982278e+00 +1.156529823e+02 +1.156529823e+02
42818 0 +1.410787045e+00 +1.155007870e+02 +1.155007870e+02
43260 0 +1.245029382e+00 +1.153350294e+02 +1.153350294e+02
50638 0 +1.113495584e+00 +1.152034956e+02 +1.152034956e+02
59217 0 +9.995921223e-01 +1.150895921e+02 +1.150895921e+02
76603 0 +8.909929656e-01 +1.149809930e+02 +1.149809930e+02
401521 0 +8.858960788e-01 +1.149758961e+02 +1.149758961e+02
% f evaluations | g evaluations | best noise-free fitness - Fopt (-5.445900000000e+02) + sum g_i+ | measured fitness | best measured fitness or single-digit g-values | x1 | x2...
1 0 +5.810945034e+01 -4.864805497e+02 -4.864805497e+02
5 0 +4.956424791e+01 -4.950257521e+02 -4.950257521e+02
209 0 +4.400074683e+01 -5.005892532e+02 -5.005892532e+02
467 0 +3.970305802e+01 -5.048869420e+02 -5.048869420e+02
1095 0 +3.390900711e+01 -5.106809929e+02 -5.106809929e+02
1120 0 +2.897801782e+01 -5.156119822e+02 -5.156119822e+02
1242 0 +2.746609703e+01 -5.171239030e+02 -5.171239030e+02
7987 0 +2.326845000e+01 -5.213215500e+02 -5.213215500e+02
8210 0 +2.163446796e+01 -5.229555320e+02 -5.229555320e+02
8319 0 +1.959226225e+01 -5.249977377e+02 -5.249977377e+02
8397 0 +1.748661145e+01 -5.271033885e+02 -5.271033885e+02
8439 0 +1.515704786e+01 -5.294329521e+02 -5.294329521e+02
8462 0 +1.332079717e+01 -5.312692028e+02 -5.312692028e+02
8651 0 +1.254924240e+01 -5.320407576e+02 -5.320407576e+02
8727 0 +1.091288489e+01 -5.336771151e+02 -5.336771151e+02
8770 0 +8.263134583e+00 -5.363268654e+02 -5.363268654e+02
8867 0 +7.551431689e+00 -5.370385683e+02 -5.370385683e+02
17290 0 +7.001195396e+00 -5.375888046e+02 -5.375888046e+02
17370 0 +6.170132515e+00 -5.384198675e+02 -5.384198675e+02
17560 0 +5.008566325e+00 -5.395814337e+02 -5.395814337e+02
17849 0 +4.410696277e+00 -5.401793037e+02 -5.401793037e+02
17970 0 +3.736261877e+00 -5.408537381e+02 -5.408537381e+02
18040 0 +3.386236987e+00 -5.412037630e+02 -5.412037630e+02
18209 0 +3.109511856e+00 -5.414804881e+02 -5.414804881e+02
18263 0 +2.749891809e+00 -5.418401082e+02 -5.418401082e+02
18672 0 +2.476204542e+00 -5.421137955e+02 -5.421137955e+02
26115 0 +2.117732412e+00 -5.424722676e+02 -5.424722676e+02
26290 0 +1.923262657e+00 -5.426667373e+02 -5.426667373e+02
26395 0 +1.624956430e+00 -5.429650436e+02 -5.429650436e+02
26594 0 +1.555789209e+00 -5.430342108e+02 -5.430342108e+02
26744 0 +1.403738965e+00 -5.431862610e+02 -5.431862610e+02
27146 0 +1.252413025e+00 -5.433375870e+02 -5.433375870e+02
27264 0 +1.074691208e+00 -5.435153088e+02 -5.435153088e+02
34863 0 +9.700744880e-01 -5.436199255e+02 -5.436199255e+02
35090 0 +8.676984367e-01 -5.437223016e+02 -5.437223016e+02
35447 0 +7.924149879e-01 -5.437975850e+02 -5.437975850e+02
42812 0 +7.058423236e-01 -5.438841577e+02 -5.438841577e+02
60429 0 +6.307910563e-01 -5.439592089e+02 -5.439592089e+02
400000 0 +6.090689026e-01 -5.439809311e+02 -5.439809311e+02
