% f evaluations | g evaluations | best noise-free fitness - Fopt (-2.098800000000e+02) + sum g_i+ | measured fitness | best measured fitness or single-digit g-values | x1 | x2...
1 0 +1.115195441e+07 +1.115174453e+07 +1.115174453e+07
3 0 +1.095862579e+07 +1.095841591e+07 +1.095841591e+07
5 0 +8.604323789e+06 +8.604113909e+06 +8.604113909e+06
14 0 +5.555070713e+06 +5.554860833e+06 +5.554860833e+06
15 0 +5.075380834e+06 +5.075170954e+06 +5.075170954e+06
27 0 +3.478824970e+06 +3.478615090e+06 +3.478615090e+06
41 0 +2.443166279e+06 +2.442956399e+06 +2.442956399e+06
45 0 +2.120704675e+06 +2.120494795e+06 +2.120494795e+06
60 0 +1.432877619e+06 +1.432667739e+06 +1.432667739e+06
69 0 +4.290887831e+05 +4.288789031e+05 +4.288789031e+05
118 0 +1.817879303e+05 +1.815780503e+05 +1.815780503e+05
354 0 +1.670836927e+05 +1.668738127e+05 +1.668738127e+05
463 0 +1.541876904e+05 +1.539778104e+05 +1.539778104e+05
481 0 +9.669057479e+04 +9.648069479e+04 +9.648069479e+04
523 0 +8.474699367e+04 +8.453711367e+04 +8.453711367e+04
544 0 +7.019075266e+04 +6.998087266e+04 +6.998087266e+04
565 0 +5.776302089e+04 +5.755314089e+04 +5.755314089e+04
607 0 +5.418590912e+04 +5.397602912e+04 +5.397602912e+04
649 0 +4.667176829e+04 +4.646188829e+04 +4.646188829e+04
670 0 +4.137370219e+04 +4.116382219e+04 +4.116382219e+04
712 0 +3.720681503e+04 +3.699693503e+04 +3.699693503e+04
733 0 +3.434418913e+04 +3.413430913e+04 +3.413430913e+04
775 0 +2.904271096e+04 +2.883283096e+04 +2.883283096e+04
817 0 +2.808669301e+04 +2.787681301e+04 +2.787681301e+04
1193 0 +2.333619172e+04 +2.312631172e+04 +2.312631172e+04
1381 0 +1.847102344e+04 +1.826114344e+04 +1.826114344e+04
1423 0 +1.747124970e+04 +1.726136970e+04 +1.726136970e+04
1444 0 +1.550130196e+04 +1.529142196e+04 +1.529142196e+04
1465 0 +1.352475577e+04 +1.331487577e+04 +1.331487577e+04
1528 0 +1.137835344e+04 +1.116847344e+04 +1.116847344e+04
1549 0 +1.058852731e+04 +1.037864731e+04 +1.037864731e+04
1591 0 +9.760860825e+03 +9.550980825e+03 +9.550980825e+03
1612 0 +8.768951926e+03 +8.559071926e+03 +8.559071926e+03
1654 0 +7.412546386e+03 +7.202666386e+03 +7.202666386e+03
1717 0 +7.019060298e+03 +6.809180298e+03 +6.809180298e+03
1738 0 +6.143306245e+03 +5.933426245e+03 +5.933426245e+03
1801 0 +5.411604448e+03 +5.201724448e+03 +5.201724448e+03
1822 0 +4.610338675e+03 +4.400458675e+03 +4.400458675e+03
1843 0 +4.072783152e+03 +3.862903152e+03 +3.862903152e+03
1864 0 +3.724433770e+03 +3.514553770e+03 +3.514553770e+03
1885 0 +3.161727253e+03 +2.951847253e+03 +2.951847253e+03
1906 0 +2.512140510e+03 +2.302260510e+03 +2.302260510e+03
2806 0 +2.183426318e+03 +1.973546318e+03 +1.973546318e+03
2869 0 +1.870837968e+03 +1.660957968e+03 +1.660957968e+03
2890 0 +1.748045779e+03 +1.538165779e+03 +1.538165779e+03
3811 0 +1.287651812e+03 +1.077771812e+03 +1.077771812e+03
3832 0 +1.089873638e+03 +8.799936377e+02 +8.799936377e+02
3895 0 +9.032917272e+02 +6.934117272e+02 +6.934117272e+02
3937 0 +8.375859424e+02 +6.277059424e+02 +6.277059424e+02
4942 0 +6.940669515e+02 +4.841869515e+02 +4.841869515e+02
4963 0 +4.485023486e+02 +2.386223486e+02 +2.386223486e+02
5005 0 +3.576479575e+02 +1.477679575e+02 +1.477679575e+02
5026 0 +2.635837077e+02 +5.370370774e+01 +5.370370774e+01
5047 0 +2.421824236e+02 +3.230242362e+01 +3.230242362e+01
5068 0 +2.236234811e+02 +1.374348109e+01 +1.374348109e+01
5152 0 +1.911554740e+02 -1.872452599e+01 -1.872452599e+01
5173 0 +1.648622763e+02 -4.501772373e+01 -4.501772373e+01
5215 0 +1.100253156e+02 -9.985468438e+01 -9.985468438e+01
5236 0 +8.100377966e+01 -1.288762203e+02 -1.288762203e+02
5257 0 +4.949509562e+01 -1.603849044e+02 -1.603849044e+02
5278 0 +3.156199580e+01 -1.783180042e+02 -1.783180042e+02
5299 0 +1.979699482e+01 -1.900830052e+02 -1.900830052e+02
5320 0 +1.292511526e+01 -1.969548847e+02 -1.969548847e+02
5341 0 +7.207035267e+00 -2.026729647e+02 -2.026729647e+02
5362 0 +2.694741462e+00 -2.071852585e+02 -2.071852585e+02
5404 0 +1.727371001e+00 -2.081526290e+02 -2.081526290e+02
5425 0 +1.044135156e+00 -2.088358648e+02 -2.088358648e+02
5446 0 +2.738578420e-01 -2.096061422e+02 -2.096061422e+02
5467 0 +1.444617320e-01 -2.097355383e+02 -2.097355383e+02
5488 0 +4.217859590e-02 -2.098378214e+02 -2.098378214e+02
5509 0 +9.191292436e-03 -2.098708087e+02 -2.098708087e+02
5530 0 +3.720179736e-03 -2.098762798e+02 -2.098762798e+02
5551 0 +2.138351611e-03 -2.098778616e+02 -2.098778616e+02
5572 0 +1.143119589e-03 -2.098788569e+02 -2.098788569e+02
5593 0 +6.196402062e-04 -2.098793804e+02 -2.098793804e+02
5614 0 +2.994936629e-04 -2.098797005e+02 -2.098797005e+02
5635 0 +1.473903009e-04 -2.098798526e+02 -2.098798526e+02
5656 0 +8.747486100e-05 -2.098799125e+02 -2.098799125e+02
5677 0 +3.319258590e-05 -2.098799668e+02 -2.098799668e+02
5719 0 +1.885593016e-05 -2.098799811e+02 -2.098799811e+02
5740 0 +1.206110187e-05 -2.098799879e+02 -2.098799879e+02
5761 0 +7.444046332e-06 -2.098799926e+02 -2.098799926e+02
5782 0 +5.103134043e-06 -2.098799949e+02 -2.098799949e+02
5803 0 +2.548057125e-06 -2.098799975e+02 -2.098799975e+02
5824 0 +1.655363491e-06 -2.098799983e+02 -2.098799983e+02
5845 0 +8.136798328e-07 -2.098799992e+02 -2.098799992e+02
5887 0 +6.031871749e-07 -2.098799994e+02 -2.098799994e+02
5908 0 +3.442167440e-07 -2.098799997e+02 -2.098799997e+02
5929 0 +2.087219855e-07 -2.098799998e+02 -2.098799998e+02
5950 0 +1.657063819e-07 -2.098799998e+02 -2.098799998e+02
5971 0 +1.347304703e-07 -2.098799999e+02 -2.098799999e+02
5992 0 +1.011289612e-07 -2.098799999e+02 -2.098799999e+02
6013 0 +6.462826718e-08 -2.098799999e+02 -2.098799999e+02
6034 0 +3.783659963e-08 -2.098800000e+02 -2.098800000e+02
6055 0 +2.934095278e-08 -2.098800000e+02 -2.098800000e+02
6075 0 +2.800521770e-08 -2.098800000e+02 -2.098800000e+02
6076 0 +1.776746217e-08 -2.098800000e+02 -2.098800000e+02
6097 0 +1.240036340e-08 -2.098800000e+02 -2.098800000e+02
6118 0 +5.904183809e-09 -2.098800000e+02 -2.098800000e+02
77807 0 +9.379164112e-13 -2.098800000e+02 -2.098800000e+02
200124 0 +2.842170943e-14 -2.098800000e+02 -2.098800000e+02
% f evaluations | g evaluations | best noise-free fitness - Fopt (-9.209000000000e+01) + sum g_i+ | measured fitness | best measured fitness or single-digit g-values | x1 | x2...
1 0 +1.289804158e+07 +1.289794949e+07 +1.289794949e+07
2 0 +9.244285710e+06 +9.244193620e+06 +9.244193620e+06
3 0 +6.125399138e+06 +6.125307048e+06 +6.125307048e+06
4 0 +4.701213782e+06 +4.701121692e+06 +4.701121692e+06
15 0 +4.396316954e+06 +4.396224864e+06 +4.396224864e+06
26 0 +3.143272077e+06 +3.143179987e+06 +3.143179987e+06
47 0 +3.051331246e+06 +3.051239156e+06 +3.051239156e+06
55 0 +2.435748824e+06 +2.435656734e+06 +2.435656734e+06
78 0 +1.391826695e+06 +1.391734605e+06 +1.391734605e+06
87 0 +1.147527420e+06 +1.147435330e+06 +1.147435330e+06
91 0 +5.879290756e+05 +5.878369856e+05 +5.878369856e+05
132 0 +4.394469038e+05 +4.393548138e+05 +4.393548138e+05
152 0 +3.482008902e+05 +3.481088002e+05 +3.481088002e+05
158 0 +1.827276847e+05 +1.826355947e+05 +1.826355947e+05
370 0 +1.757631182e+05 +1.756710282e+05 +1.756710282e+05
481 0 +1.250826394e+05 +1.249905494e+05 +1.249905494e+05
523 0 +9.166904150e+04 +9.157695150e+04 +9.157695150e+04
565 0 +8.486180766e+04 +8.476971766e+04 +8.476971766e+04
586 0 +7.398516485e+04 +7.389307485e+04 +7.389307485e+04
607 0 +5.755574875e+04 +5.746365875e+04 +5.746365875e+04
628 0 +4.938155484e+04 +4.928946484e+04 +4.928946484e+04
649 0 +4.454995753e+04 +4.445786753e+04 +4.445786753e+04
712 0 +3.963094312e+04 +3.953885312e+04 +3.953885312e+04
880 0 +3.451468137e+04 +3.442259137e+04 +3.442259137e+04
943 0 +3.054116204e+04 +3.044907204e+04 +3.044907204e+04
964 0 +2.516342333e+04 +2.507133333e+04 +2.507133333e+04
1290 0 +2.153933889e+04 +2.144724889e+04 +2.144724889e+04
1318 0 +1.892782629e+04 +1.883573629e+04 +1.883573629e+04
1415 0 +1.728647665e+04 +1.719438665e+04 +1.719438665e+04
1528 0 +1.332869637e+04 +1.323660637e+04 +1.323660637e+04
1549 0 +1.071354510e+04 +1.062145510e+04 +1.062145510e+04
1570 0 +8.598070576e+03 +8.505980576e+03 +8.505980576e+03
1591 0 +7.376288148e+03 +7.284198148e+03 +7.284198148e+03
1696 0 +6.924636217e+03 +6.832546217e+03 +6.832546217e+03
1738 0 +5.977654627e+03 +5.885564627e+03 +5.885564627e+03
1780 0 +5.485876772e+03 +5.393786772e+03 +5.393786772e+03
1927 0 +4.857212305e+03 +4.765122305e+03 +4.765122305e+03
1948 0 +4.032270208e+03 +3.940180208e+03 +3.940180208e+03
1969 0 +2.659214912e+03 +2.567124912e+03 +2.567124912e+03
1990 0 +1.569211643e+03 +1.477121643e+03 +1.477121643e+03
3037 0 +1.146824507e+03 +1.054734507e+03 +1.054734507e+03
3058 0 +8.807894605e+02 +7.886994605e+02 +7.886994605e+02
3079 0 +4.751909072e+02 +3.831009072e+02 +3.831009072e+02
3100 0 +3.227913087e+02 +2.307013087e+02 +2.307013087e+02
3121 0 +1.839425797e+02 +9.185257967e+01 +9.185257967e+01
3142 0 +1.469604089e+02 +5.487040893e+01 +5.487040893e+01
3163 0 +1.006638435e+02 +8.573843484e+00 +8.573843484e+00
3184 0 +5.467884587e+01 -3.741115413e+01 -3.741115413e+01
3205 0 +3.812909134e+01 -5.396090866e+01 -5.396090866e+01
3226 0 +2.466335468e+01 -6.742664532e+01 -6.742664532e+01
3247 0 +1.584753415e+01 -7.624246585e+01 -7.624246585e+01
3268 0 +1.263239463e+01 -7.945760537e+01 -7.945760537e+01
3289 0 +1.130233986e+01 -8.078766014e+01 -8.078766014e+01
3310 0 +1.096133972e+01 -8.112866028e+01 -8.112866028e+01
3352 0 +9.775974430e+00 -8.231402557e+01 -8.231402557e+01
3373 0 +6.224732617e+00 -8.586526738e+01 -8.586526738e+01
3394 0 +4.976946343e+00 -8.711305366e+01 -8.711305366e+01
3520 0 +4.083168402e+00 -8.800683160e+01 -8.800683160e+01
3541 0 +3.709557657e+00 -8.838044234e+01 -8.838044234e+01
3562 0 +3.351760302e+00 -8.873823970e+01 -8.873823970e+01
3583 0 +3.116723816e+00 -8.897327618e+01 -8.897327618e+01
3625 0 +2.161646084e+00 -8.992835392e+01 -8.992835392e+01
3667 0 +1.881125340e+00 -9.020887466e+01 -9.020887466e+01
3688 0 +1.595221541e+00 -9.049477846e+01 -9.049477846e+01
3709 0 +1.479704822e+00 -9.061029518e+01 -9.061029518e+01
3730 0 +1.332878315e+00 -9.075712169e+01 -9.075712169e+01
3751 0 +1.180369280e+00 -9.090963072e+01 -9.090963072e+01
3772 0 +9.431264064e-01 -9.114687359e+01 -9.114687359e+01
3793 0 +7.328551706e-01 -9.135714483e+01 -9.135714483e+01
3814 0 +6.935343013e-01 -9.139646570e+01 -9.139646570e+01
3835 0 +6.187346129e-01 -9.147126539e+01 -9.147126539e+01
3856 0 +5.224688002e-01 -9.156753120e+01 -9.156753120e+01
3877 0 +4.490486658e-01 -9.164095133e+01 -9.164095133e+01
3898 0 +4.193987710e-01 -9.167060123e+01 -9.167060123e+01
3919 0 +3.863213929e-01 -9.170367861e+01 -9.170367861e+01
4003 0 +3.353519412e-01 -9.175464806e+01 -9.175464806e+01
4024 0 +1.530702672e-01 -9.193692973e+01 -9.193692973e+01
4045 0 +1.292081779e-01 -9.196079182e+01 -9.196079182e+01
4066 0 +9.701337020e-02 -9.199298663e+01 -9.199298663e+01
4087 0 +7.026237790e-02 -9.201973762e+01 -9.201973762e+01
4108 0 +4.565536656e-02 -9.204434463e+01 -9.204434463e+01
4129 0 +3.350927949e-02 -9.205649072e+01 -9.205649072e+01
4150 0 +2.892788057e-02 -9.206107212e+01 -9.206107212e+01
4171 0 +2.206685975e-02 -9.206793314e+01 -9.206793314e+01
4192 0 +1.591642214e-02 -9.207408358e+01 -9.207408358e+01
4213 0 +1.146904664e-02 -9.207853095e+01 -9.207853095e+01
4234 0 +9.404463102e-03 -9.208059554e+01 -9.208059554e+01
4255 0 +6.515762780e-03 -9.208348424e+01 -9.208348424e+01
4276 0 +3.924650519e-03 -9.208607535e+01 -9.208607535e+01
4297 0 +3.199507768e-03 -9.208680049e+01 -9.208680049e+01
4318 0 +2.407008979e-03 -9.208759299e+01 -9.208759299e+01
4339 0 +2.233394105e-03 -9.208776661e+01 -9.208776661e+01
4360 0 +1.943300270e-03 -9.208805670e+01 -9.208805670e+01
4381 0 +1.563253561e-03 -9.208843675e+01 -9.208843675e+01
4402 0 +1.227042608e-03 -9.208877296e+01 -9.208877296e+01
4423 0 +7.367528155e-04 -9.208926325e+01 -9.208926325e+01
4444 0 +5.074440192e-04 -9.208949256e+01 -9.208949256e+01
4465 0 +2.917370210e-04 -9.208970826e+01 -9.208970826e+01
4486 0 +1.900362131e-04 -9.208980996e+01 -9.208980996e+01
4507 0 +1.603272461e-04 -9.208983967e+01 -9.208983967e+01
4549 0 +1.413834721e-04 -9.208985862e+01 -9.208985862e+01
4570 0 +1.265661361e-04 -9.208987343e+01 -9.208987343e+01
4591 0 +1.103497036e-04 -9.208988965e+01 -9.208988965e+01
4612 0 +8.210448691e-05 -9.208991790e+01 -9.208991790e+01
4654 0 +7.654220249e-05 -9.208992346e+01 -9.208992346e+01
4675 0 +6.663467346e-05 -9.208993337e+01 -9.208993337e+01
4696 0 +4.910976182e-05 -9.208995089e+01 -9.208995089e+01
4717 0 +3.165066465e-05 -9.208996835e+01 -9.208996835e+01
4738 0 +2.587621317e-05 -9.208997412e+01 -9.208997412e+01
4759 0 +2.293617986e-05 -9.208997706e+01 -9.208997706e+01
4780 0 +1.802562332e-05 -9.208998197e+01 -9.208998197e+01
4822 0 +1.573363608e-05 -9.208998427e+01 -9.208998427e+01
4864 0 +1.357508226e-05 -9.208998642e+01 -9.208998642e+01
4885 0 +1.151716089e-05 -9.208998848e+01 -9.208998848e+01
4906 0 +9.158785048e-06 -9.208999084e+01 -9.208999084e+01
4927 0 +7.542986623e-06 -9.208999246e+01 -9.208999246e+01
4948 0 +6.865494385e-06 -9.208999313e+01 -9.208999313e+01
4969 0 +5.966177255e-06 -9.208999403e+01 -9.208999403e+01
4990 0 +5.085540096e-06 -9.208999491e+01 -9.208999491e+01
5011 0 +4.184101613e-06 -9.208999582e+01 -9.208999582e+01
5032 0 +3.571790330e-06 -9.208999643e+01 -9.208999643e+01
5053 0 +2.665505974e-06 -9.208999733e+01 -9.208999733e+01
5074 0 +1.831017570e-06 -9.208999817e+01 -9.208999817e+01
5095 0 +1.581348499e-06 -9.208999842e+01 -9.208999842e+01
5116 0 +1.134594484e-06 -9.208999887e+01 -9.208999887e+01
5137 0 +8.943747360e-07 -9.208999911e+01 -9.208999911e+01
5158 0 +6.354696751e-07 -9.208999936e+01 -9.208999936e+01
5179 0 +4.981213380e-07 -9.208999950e+01 -9.208999950e+01
5200 0 +4.258804296e-07 -9.208999957e+01 -9.208999957e+01
5242 0 +3.632652010e-07 -9.208999964e+01 -9.208999964e+01
5263 0 +3.516156823e-07 -9.208999965e+01 -9.208999965e+01
5305 0 +3.024471482e-07 -9.208999970e+01 -9.208999970e+01
5326 0 +2.266586705e-07 -9.208999977e+01 -9.208999977e+01
5368 0 +1.545788422e-07 -9.208999985e+01 -9.208999985e+01
5389 0 +1.221445842e-07 -9.208999988e+01 -9.208999988e+01
5410 0 +9.118272715e-08 -9.208999991e+01 -9.208999991e+01
5431 0 +7.507108535e-08 -9.208999992e+01 -9.208999992e+01
5470 0 +7.073698782e-08 -9.208999993e+01 -9.208999993e+01
5473 0 +3.834945517e-08 -9.208999996e+01 -9.208999996e+01
5494 0 +3.360013068e-08 -9.208999997e+01 -9.208999997e+01
5515 0 +2.411964317e-08 -9.208999998e+01 -9.208999998e+01
5536 0 +1.142348083e-08 -9.208999999e+01 -9.208999999e+01
5552 0 +1.111172310e-08 -9.208999999e+01 -9.208999999e+01
5557 0 +6.006089848e-09 -9.208999999e+01 -9.208999999e+01
89741 0 +9.805489753e-13 -9.209000000e+01 -9.209000000e+01
200049 0 +1.421085472e-14 -9.209000000e+01 -9.209000000e+01
% f evaluations | g evaluations | best noise-free fitness - Fopt (-8.789000000000e+01) + sum g_i+ | measured fitness | best measured fitness or single-digit g-values | x1 | x2...
1 0 +1.431238538e+07 +1.431229749e+07 +1.431229749e+07
4 0 +1.212334816e+07 +1.212326027e+07 +1.212326027e+07
5 0 +5.181729101e+06 +5.181641211e+06 +5.181641211e+06
13 0 +4.003245022e+06 +4.003157132e+06 +4.003157132e+06
21 0 +3.001901608e+06 +3.001813718e+06 +3.001813718e+06
32 0 +2.794048575e+06 +2.793960685e+06 +2.793960685e+06
37 0 +2.462340317e+06 +2.462252427e+06 +2.462252427e+06
50 0 +1.243949184e+06 +1.243861294e+06 +1.243861294e+06
66 0 +7.503979953e+05 +7.503101053e+05 +7.503101053e+05
96 0 +6.022777958e+05 +6.021899058e+05 +6.021899058e+05
161 0 +3.184654677e+05 +3.183775777e+05 +3.183775777e+05
199 0 +2.948519802e+05 +2.947640902e+05 +2.947640902e+05
448 0 +2.768702389e+05 +2.767823489e+05 +2.767823489e+05
479 0 +2.125023190e+05 +2.124144290e+05 +2.124144290e+05
481 0 +1.938645358e+05 +1.937766458e+05 +1.937766458e+05
523 0 +1.713836560e+05 +1.712957660e+05 +1.712957660e+05
544 0 +1.534251078e+05 +1.533372178e+05 +1.533372178e+05
565 0 +1.305839515e+05 +1.304960615e+05 +1.304960615e+05
586 0 +1.117588781e+05 +1.116709881e+05 +1.116709881e+05
607 0 +8.924648215e+04 +8.915859215e+04 +8.915859215e+04
628 0 +5.388874960e+04 +5.380085960e+04 +5.380085960e+04
691 0 +4.863316190e+04 +4.854527190e+04 +4.854527190e+04
712 0 +4.380938128e+04 +4.372149128e+04 +4.372149128e+04
838 0 +3.902468010e+04 +3.893679010e+04 +3.893679010e+04
880 0 +3.207681849e+04 +3.198892849e+04 +3.198892849e+04
922 0 +2.902930518e+04 +2.894141518e+04 +2.894141518e+04
1570 0 +2.037301683e+04 +2.028512683e+04 +2.028512683e+04
1612 0 +1.967841058e+04 +1.959052058e+04 +1.959052058e+04
1717 0 +1.613911408e+04 +1.605122408e+04 +1.605122408e+04
1738 0 +1.384225832e+04 +1.375436832e+04 +1.375436832e+04
1759 0 +1.075676460e+04 +1.066887460e+04 +1.066887460e+04
1822 0 +9.740219741e+03 +9.652329741e+03 +9.652329741e+03
1843 0 +8.886124101e+03 +8.798234101e+03 +8.798234101e+03
1864 0 +7.811440121e+03 +7.723550121e+03 +7.723550121e+03
1885 0 +6.506558219e+03 +6.418668219e+03 +6.418668219e+03
1906 0 +4.950895779e+03 +4.863005779e+03 +4.863005779e+03
1927 0 +3.729087539e+03 +3.641197539e+03 +3.641197539e+03
1948 0 +2.373876511e+03 +2.285986511e+03 +2.285986511e+03
1969 0 +1.675205467e+03 +1.587315467e+03 +1.587315467e+03
2953 0 +1.280278258e+03 +1.192388258e+03 +1.192388258e+03
3979 0 +8.159113121e+02 +7.280213121e+02 +7.280213121e+02
4021 0 +7.842128578e+02 +6.963228578e+02 +6.963228578e+02
4063 0 +7.057573470e+02 +6.178673470e+02 +6.178673470e+02
4147 0 +5.925234721e+02 +5.046334721e+02 +5.046334721e+02
4168 0 +4.613230323e+02 +3.734330323e+02 +3.734330323e+02
4189 0 +3.941985793e+02 +3.063085793e+02 +3.063085793e+02
4294 0 +3.361137847e+02 +2.482237847e+02 +2.482237847e+02
4315 0 +3.046752143e+02 +2.167852143e+02 +2.167852143e+02
4336 0 +2.775203564e+02 +1.896303564e+02 +1.896303564e+02
4357 0 +2.511826773e+02 +1.632926773e+02 +1.632926773e+02
4399 0 +2.206135026e+02 +1.327235026e+02 +1.327235026e+02
4483 0 +1.782297370e+02 +9.033973701e+01 +9.033973701e+01
4504 0 +1.596950717e+02 +7.180507167e+01 +7.180507167e+01
4525 0 +1.263194540e+02 +3.842945399e+01 +3.842945399e+01
4567 0 +1.220344201e+02 +3.414442006e+01 +3.414442006e+01
4609 0 +9.717015436e+01 +9.280154356e+00 +9.280154356e+00
4630 0 +7.497335238e+01 -1.291664762e+01 -1.291664762e+01
4651 0 +6.287611707e+01 -2.501388293e+01 -2.501388293e+01
4672 0 +5.587845811e+01 -3.201154189e+01 -3.201154189e+01
4693 0 +4.202802480e+01 -4.586197520e+01 -4.586197520e+01
4714 0 +2.256939375e+01 -6.532060625e+01 -6.532060625e+01
4735 0 +2.116429450e+01 -6.672570550e+01 -6.672570550e+01
4756 0 +1.847378479e+01 -6.941621521e+01 -6.941621521e+01
4777 0 +1.356300951e+01 -7.432699049e+01 -7.432699049e+01
4798 0 +9.321051082e+00 -7.856894892e+01 -7.856894892e+01
4819 0 +7.251696631e+00 -8.063830337e+01 -8.063830337e+01
4840 0 +3.348137079e+00 -8.454186292e+01 -8.454186292e+01
4861 0 +2.789730091e+00 -8.510026991e+01 -8.510026991e+01
4882 0 +2.334136622e+00 -8.555586338e+01 -8.555586338e+01
4903 0 +1.968715692e+00 -8.592128431e+01 -8.592128431e+01
4924 0 +1.227381454e+00 -8.666261855e+01 -8.666261855e+01
4966 0 +1.058565518e+00 -8.683143448e+01 -8.683143448e+01
4987 0 +9.248826363e-01 -8.696511736e+01 -8.696511736e+01
5008 0 +7.260989330e-01 -8.716390107e+01 -8.716390107e+01
5029 0 +6.261011210e-01 -8.726389888e+01 -8.726389888e+01
5050 0 +5.254713486e-01 -8.736452865e+01 -8.736452865e+01
5071 0 +4.511288651e-01 -8.743887113e+01 -8.743887113e+01
5092 0 +4.137837117e-01 -8.747621629e+01 -8.747621629e+01
5113 0 +3.721349677e-01 -8.751786503e+01 -8.751786503e+01
5176 0 +3.465158548e-01 -8.754348415e+01 -8.754348415e+01
5239 0 +3.077836406e-01 -8.758221636e+01 -8.758221636e+01
5260 0 +2.370244620e-01 -8.765297554e+01 -8.765297554e+01
5323 0 +2.155182148e-01 -8.767448179e+01 -8.767448179e+01
5344 0 +1.916636373e-01 -8.769833636e+01 -8.769833636e+01
5365 0 +1.537318834e-01 -8.773626812e+01 -8.773626812e+01
5386 0 +1.339122096e-01 -8.775608779e+01 -8.775608779e+01
5407 0 +1.082701512e-01 -8.778172985e+01 -8.778172985e+01
5428 0 +8.099692639e-02 -8.780900307e+01 -8.780900307e+01
5449 0 +6.353214745e-02 -8.782646785e+01 -8.782646785e+01
5470 0 +4.612347089e-02 -8.784387653e+01 -8.784387653e+01
5491 0 +3.967901818e-02 -8.785032098e+01 -8.785032098e+01
5512 0 +3.004403898e-02 -8.785995596e+01 -8.785995596e+01
5533 0 +1.925741176e-02 -8.787074259e+01 -8.787074259e+01
5554 0 +1.488086896e-02 -8.787511913e+01 -8.787511913e+01
5575 0 +1.041222930e-02 -8.787958777e+01 -8.787958777e+01
5596 0 +7.407427978e-03 -8.788259257e+01 -8.788259257e+01
5617 0 +5.539703546e-03 -8.788446030e+01 -8.788446030e+01
5638 0 +2.329973187e-03 -8.788767003e+01 -8.788767003e+01
5659 0 +1.595506847e-03 -8.788840449e+01 -8.788840449e+01
5680 0 +1.464008707e-03 -8.788853599e+01 -8.788853599e+01
5701 0 +1.234605417e-03 -8.788876539e+01 -8.788876539e+01
5722 0 +9.520236831e-04 -8.788904798e+01 -8.788904798e+01
5743 0 +6.528813184e-04 -8.788934712e+01 -8.788934712e+01
5764 0 +4.782594619e-04 -8.788952174e+01 -8.788952174e+01
5785 0 +3.623722862e-04 -8.788963763e+01 -8.788963763e+01
5806 0 +1.950073776e-04 -8.788980499e+01 -8.788980499e+01
5848 0 +1.544697728e-04 -8.788984553e+01 -8.788984553e+01
5869 0 +1.270782890e-04 -8.788987292e+01 -8.788987292e+01
5890 0 +1.007983658e-04 -8.788989920e+01 -8.788989920e+01
5911 0 +8.731322009e-05 -8.788991269e+01 -8.788991269e+01
5932 0 +7.832871928e-05 -8.788992167e+01 -8.788992167e+01
5995 0 +6.796166235e-05 -8.788993204e+01 -8.788993204e+01
6037 0 +5.127617953e-05 -8.788994872e+01 -8.788994872e+01
6121 0 +4.935559103e-05 -8.788995064e+01 -8.788995064e+01
6163 0 +3.645583895e-05 -8.788996354e+01 -8.788996354e+01
6184 0 +2.994012048e-05 -8.788997006e+01 -8.788997006e+01
6205 0 +2.568596662e-05 -8.788997431e+01 -8.788997431e+01
6226 0 +2.188940495e-05 -8.788997811e+01 -8.788997811e+01
6268 0 +1.504439656e-05 -8.788998496e+01 -8.788998496e+01
6310 0 +1.116442888e-05 -8.788998884e+01 -8.788998884e+01
6331 0 +7.702760257e-06 -8.788999230e+01 -8.788999230e+01
6352 0 +4.019145791e-06 -8.788999598e+01 -8.788999598e+01
6373 0 +1.865774394e-06 -8.788999813e+01 -8.788999813e+01
6394 0 +1.203440405e-06 -8.788999880e+01 -8.788999880e+01
6415 0 +4.860254705e-07 -8.788999951e+01 -8.788999951e+01
6436 0 +2.405372470e-07 -8.788999976e+01 -8.788999976e+01
6457 0 +1.027600263e-07 -8.788999990e+01 -8.788999990e+01
6477 0 +9.928407962e-08 -8.788999990e+01 -8.788999990e+01
6478 0 +4.067575787e-08 -8.788999996e+01 -8.788999996e+01
6497 0 +3.800407455e-08 -8.788999996e+01 -8.788999996e+01
6499 0 +2.094176921e-08 -8.788999998e+01 -8.788999998e+01
6518 0 +1.952244588e-08 -8.788999998e+01 -8.788999998e+01
6520 0 +1.487373424e-08 -8.788999999e+01 -8.788999999e+01
6540 0 +1.355837753e-08 -8.788999999e+01 -8.788999999e+01
6541 0 +9.117414379e-09 -8.788999999e+01 -8.788999999e+01
81951 0 +8.526512829e-13 -8.789000000e+01 -8.789000000e+01
84587 0 +0.000000000e+00 -8.789000000e+01 -8.789000000e+01
200238 0 +0.000000000e+00 -8.789000000e+01 -8.789000000e+01
% f evaluations | g evaluations | best noise-free fitness - Fopt (3.201900000000e+02) + sum g_i+ | measured fitness | best measured fitness or single-digit g-values | x1 | x2...
1 0 +1.155661475e+07 +1.155693494e+07 +1.155693494e+07
4 0 +5.538406840e+06 +5.538727030e+06 +5.538727030e+06
6 0 +2.997418150e+06 +2.997738340e+06 +2.997738340e+06
13 0 +2.198862128e+06 +2.199182318e+06 +2.199182318e+06
23 0 +1.102438589e+06 +1.102758779e+06 +1.102758779e+06
34 0 +1.085961952e+06 +1.086282142e+06 +1.086282142e+06
56 0 +8.584468788e+05 +8.587670688e+05 +8.587670688e+05
111 0 +6.719565403e+05 +6.722767303e+05 +6.722767303e+05
112 0 +3.993082354e+05 +3.996284254e+05 +3.996284254e+05
135 0 +2.575790413e+05 +2.578992313e+05 +2.578992313e+05
196 0 +1.786615185e+05 +1.789817085e+05 +1.789817085e+05
288 0 +1.675401221e+05 +1.678603121e+05 +1.678603121e+05
310 0 +1.551496537e+05 +1.554698437e+05 +1.554698437e+05
317 0 +1.020112965e+05 +1.023314865e+05 +1.023314865e+05
357 0 +9.332478283e+04 +9.364497283e+04 +9.364497283e+04
453 0 +6.489298608e+04 +6.521317608e+04 +6.521317608e+04
523 0 +4.836669497e+04 +4.868688497e+04 +4.868688497e+04
565 0 +4.230692579e+04 +4.262711579e+04 +4.262711579e+04
607 0 +3.773309471e+04 +3.805328471e+04 +3.805328471e+04
628 0 +3.073138399e+04 +3.105157399e+04 +3.105157399e+04
649 0 +2.475908631e+04 +2.507927631e+04 +2.507927631e+04
691 0 +1.982272739e+04 +2.014291739e+04 +2.014291739e+04
754 0 +1.524475388e+04 +1.556494388e+04 +1.556494388e+04
775 0 +9.997788779e+03 +1.031797878e+04 +1.031797878e+04
796 0 +8.583935131e+03 +8.904125131e+03 +8.904125131e+03
817 0 +7.719611792e+03 +8.039801792e+03 +8.039801792e+03
880 0 +7.056839578e+03 +7.377029578e+03 +7.377029578e+03
943 0 +5.600496034e+03 +5.920686034e+03 +5.920686034e+03
964 0 +4.562791662e+03 +4.882981662e+03 +4.882981662e+03
985 0 +3.346610772e+03 +3.666800772e+03 +3.666800772e+03
1006 0 +2.313947048e+03 +2.634137048e+03 +2.634137048e+03
1027 0 +1.572221952e+03 +1.892411952e+03 +1.892411952e+03
3811 0 +9.656337218e+02 +1.285823722e+03 +1.285823722e+03
4648 0 +8.794451990e+02 +1.199635199e+03 +1.199635199e+03
4711 0 +7.282763880e+02 +1.048466388e+03 +1.048466388e+03
4732 0 +6.188064689e+02 +9.389964689e+02 +9.389964689e+02
4795 0 +5.459668662e+02 +8.661568662e+02 +8.661568662e+02
4816 0 +4.818054319e+02 +8.019954319e+02 +8.019954319e+02
4837 0 +3.696779303e+02 +6.898679303e+02 +6.898679303e+02
4858 0 +2.265135545e+02 +5.467035545e+02 +5.467035545e+02
4900 0 +1.630204696e+02 +4.832104696e+02 +4.832104696e+02
4921 0 +1.350345556e+02 +4.552245556e+02 +4.552245556e+02
4942 0 +1.085784241e+02 +4.287684241e+02 +4.287684241e+02
4963 0 +7.367631654e+01 +3.938663165e+02 +3.938663165e+02
4984 0 +6.053146490e+01 +3.807214649e+02 +3.807214649e+02
5005 0 +4.423379599e+01 +3.644237960e+02 +3.644237960e+02
5026 0 +2.701622013e+01 +3.472062201e+02 +3.472062201e+02
5047 0 +1.695416982e+01 +3.371441698e+02 +3.371441698e+02
5089 0 +1.370289918e+01 +3.338928992e+02 +3.338928992e+02
5110 0 +1.025473257e+01 +3.304447326e+02 +3.304447326e+02
5131 0 +8.712973981e+00 +3.289029740e+02 +3.289029740e+02
5152 0 +6.942609827e+00 +3.271326098e+02 +3.271326098e+02
5173 0 +4.230504285e+00 +3.244205043e+02 +3.244205043e+02
5194 0 +2.238619020e+00 +3.224286190e+02 +3.224286190e+02
5215 0 +1.235780093e+00 +3.214257801e+02 +3.214257801e+02
5236 0 +8.845826030e-01 +3.210745826e+02 +3.210745826e+02
5257 0 +6.259666349e-01 +3.208159666e+02 +3.208159666e+02
5278 0 +5.008058118e-01 +3.206908058e+02 +3.206908058e+02
5299 0 +3.319209468e-01 +3.205219209e+02 +3.205219209e+02
5320 0 +2.274227434e-01 +3.204174227e+02 +3.204174227e+02
5341 0 +1.856796351e-01 +3.203756796e+02 +3.203756796e+02
5362 0 +1.359854276e-01 +3.203259854e+02 +3.203259854e+02
5404 0 +1.015369444e-01 +3.202915369e+02 +3.202915369e+02
5425 0 +7.890311152e-02 +3.202689031e+02 +3.202689031e+02
5446 0 +5.070619534e-02 +3.202407062e+02 +3.202407062e+02
5467 0 +4.529467206e-02 +3.202352947e+02 +3.202352947e+02
5488 0 +3.792617922e-02 +3.202279262e+02 +3.202279262e+02
5509 0 +3.478489327e-02 +3.202247849e+02 +3.202247849e+02
5530 0 +3.024289860e-02 +3.202202429e+02 +3.202202429e+02
5572 0 +2.339437999e-02 +3.202133944e+02 +3.202133944e+02
5635 0 +2.101407043e-02 +3.202110141e+02 +3.202110141e+02
5656 0 +1.863322665e-02 +3.202086332e+02 +3.202086332e+02
5677 0 +1.468523276e-02 +3.202046852e+02 +3.202046852e+02
5698 0 +1.102385735e-02 +3.202010239e+02 +3.202010239e+02
5719 0 +9.180048184e-03 +3.201991800e+02 +3.201991800e+02
5740 0 +5.702498094e-03 +3.201957025e+02 +3.201957025e+02
5761 0 +3.129044509e-03 +3.201931290e+02 +3.201931290e+02
5782 0 +1.959728305e-03 +3.201919597e+02 +3.201919597e+02
5803 0 +9.231619307e-04 +3.201909232e+02 +3.201909232e+02
5824 0 +5.784522944e-04 +3.201905785e+02 +3.201905785e+02
5845 0 +3.898088793e-04 +3.201903898e+02 +3.201903898e+02
5866 0 +1.711956345e-04 +3.201901712e+02 +3.201901712e+02
5887 0 +7.388528627e-05 +3.201900739e+02 +3.201900739e+02
5908 0 +3.769315873e-05 +3.201900377e+02 +3.201900377e+02
5929 0 +1.382571656e-05 +3.201900138e+02 +3.201900138e+02
5950 0 +8.569106058e-06 +3.201900086e+02 +3.201900086e+02
5971 0 +4.070953196e-06 +3.201900041e+02 +3.201900041e+02
5992 0 +1.695373612e-06 +3.201900017e+02 +3.201900017e+02
6013 0 +5.122874427e-07 +3.201900005e+02 +3.201900005e+02
6034 0 +2.096529101e-07 +3.201900002e+02 +3.201900002e+02
6055 0 +8.796382645e-08 +3.201900001e+02 +3.201900001e+02
6076 0 +3.902437129e-08 +3.201900000e+02 +3.201900000e+02
6115 0 +3.494324119e-08 +3.201900000e+02 +3.201900000e+02
6118 0 +2.990725534e-08 +3.201900000e+02 +3.201900000e+02
6139 0 +1.797650384e-08 +3.201900000e+02 +3.201900000e+02
6157 0 +1.669951644e-08 +3.201900000e+02 +3.201900000e+02
6160 0 +6.757943538e-09 +3.201900000e+02 +3.201900000e+02
67819 0 +9.094947018e-13 +3.201900000e+02 +3.201900000e+02
72098 0 +0.000000000e+00 +3.201900000e+02 +3.201900000e+02
200003 0 +0.000000000e+00 +3.201900000e+02 +3.201900000e+02
% f evaluations | g evaluations | best noise-free fitness - Fopt (-1.042400000000e+02) + sum g_i+ | measured fitness | best measured fitness or single-digit g-values | x1 | x2...
1 0 +1.685137742e+07 +1.685127318e+07 +1.685127318e+07
2 0 +9.614334945e+06 +9.614230705e+06 +9.614230705e+06
7 0 +6.654104375e+06 +6.654000135e+06 +6.654000135e+06
15 0 +3.964346961e+06 +3.964242721e+06 +3.964242721e+06
41 0 +3.039310454e+06 +3.039206214e+06 +3.039206214e+06
51 0 +2.166112721e+06 +2.166008481e+06 +2.166008481e+06
64 0 +1.612625913e+06 +1.612521673e+06 +1.612521673e+06
67 0 +4.795612665e+05 +4.794570265e+05 +4.794570265e+05
95 0 +3.569398539e+05 +3.568356139e+05 +3.568356139e+05
132 0 +2.803840134e+05 +2.802797734e+05 +2.802797734e+05
136 0 +2.479409684e+05 +2.478367284e+05 +2.478367284e+05
279 0 +2.119673311e+05 +2.118630911e+05 +2.118630911e+05
342 0 +1.828615961e+05 +1.827573561e+05 +1.827573561e+05
384 0 +1.592513052e+05 +1.591470652e+05 +1.591470652e+05
386 0 +7.162659068e+04 +7.152235068e+04 +7.152235068e+04
523 0 +4.925808577e+04 +4.915384577e+04 +4.915384577e+04
565 0 +4.375365385e+04 +4.364941385e+04 +4.364941385e+04
586 0 +3.697356112e+04 +3.686932112e+04 +3.686932112e+04
607 0 +3.357187284e+04 +3.346763284e+04 +3.346763284e+04
649 0 +2.820910013e+04 +2.810486013e+04 +2.810486013e+04
691 0 +2.777524229e+04 +2.767100229e+04 +2.767100229e+04
733 0 +2.427467168e+04 +2.417043168e+04 +2.417043168e+04
754 0 +2.154888723e+04 +2.144464723e+04 +2.144464723e+04
817 0 +1.905135538e+04 +1.894711538e+04 +1.894711538e+04
838 0 +1.646827437e+04 +1.636403437e+04 +1.636403437e+04
880 0 +1.554643122e+04 +1.544219122e+04 +1.544219122e+04
964 0 +1.383341482e+04 +1.372917482e+04 +1.372917482e+04
985 0 +1.239599543e+04 +1.229175543e+04 +1.229175543e+04
1006 0 +1.044186270e+04 +1.033762270e+04 +1.033762270e+04
1822 0 +8.023605581e+03 +7.919365581e+03 +7.919365581e+03
1843 0 +6.644330602e+03 +6.540090602e+03 +6.540090602e+03
1864 0 +5.672964820e+03 +5.568724820e+03 +5.568724820e+03
2743 0 +5.022091693e+03 +4.917851693e+03 +4.917851693e+03
2764 0 +4.124383199e+03 +4.020143199e+03 +4.020143199e+03
2785 0 +3.345602567e+03 +3.241362567e+03 +3.241362567e+03
2806 0 +2.482223250e+03 +2.377983250e+03 +2.377983250e+03
2827 0 +2.023299448e+03 +1.919059448e+03 +1.919059448e+03
2848 0 +1.690120561e+03 +1.585880561e+03 +1.585880561e+03
3769 0 +9.660540413e+02 +8.618140413e+02 +8.618140413e+02
3811 0 +8.647998032e+02 +7.605598032e+02 +7.605598032e+02
3832 0 +7.153265078e+02 +6.110865078e+02 +6.110865078e+02
3853 0 +6.722170607e+02 +5.679770607e+02 +5.679770607e+02
3874 0 +6.023907009e+02 +4.981507009e+02 +4.981507009e+02
3895 0 +4.859778030e+02 +3.817378030e+02 +3.817378030e+02
3916 0 +4.060358160e+02 +3.017958160e+02 +3.017958160e+02
3937 0 +3.767050863e+02 +2.724650863e+02 +2.724650863e+02
3979 0 +3.492768167e+02 +2.450368167e+02 +2.450368167e+02
4021 0 +3.106321744e+02 +2.063921744e+02 +2.063921744e+02
4042 0 +2.066346264e+02 +1.023946264e+02 +1.023946264e+02
4063 0 +1.689105726e+02 +6.467057261e+01 +6.467057261e+01
4084 0 +1.535475305e+02 +4.930753049e+01 +4.930753049e+01
4105 0 +1.385361710e+02 +3.429617102e+01 +3.429617102e+01
4126 0 +1.131781298e+02 +8.938129822e+00 +8.938129822e+00
4147 0 +9.137073264e+01 -1.286926736e+01 -1.286926736e+01
4168 0 +7.180830420e+01 -3.243169580e+01 -3.243169580e+01
6514 0 +5.332273339e+01 -5.091726661e+01 -5.091726661e+01
6535 0 +4.114396509e+01 -6.309603491e+01 -6.309603491e+01
6556 0 +2.642915102e+01 -7.781084898e+01 -7.781084898e+01
6577 0 +2.016586820e+01 -8.407413180e+01 -8.407413180e+01
7729 0 +1.905164714e+01 -8.518835286e+01 -8.518835286e+01
7750 0 +1.133581452e+01 -9.290418548e+01 -9.290418548e+01
7771 0 +6.626081980e+00 -9.761391802e+01 -9.761391802e+01
7792 0 +3.981275383e+00 -1.002587246e+02 -1.002587246e+02
7813 0 +2.397913533e+00 -1.018420865e+02 -1.018420865e+02
7834 0 +1.788182499e+00 -1.024518175e+02 -1.024518175e+02
7855 0 +1.367548902e+00 -1.028724511e+02 -1.028724511e+02
7876 0 +9.714681313e-01 -1.032685319e+02 -1.032685319e+02
7897 0 +7.310822264e-01 -1.035089178e+02 -1.035089178e+02
7918 0 +5.422096793e-01 -1.036977903e+02 -1.036977903e+02
7939 0 +2.820638526e-01 -1.039579361e+02 -1.039579361e+02
7960 0 +8.482161866e-02 -1.041551784e+02 -1.041551784e+02
7981 0 +4.708568905e-02 -1.041929143e+02 -1.041929143e+02
8002 0 +3.217228386e-02 -1.042078277e+02 -1.042078277e+02
8023 0 +1.850213876e-02 -1.042214979e+02 -1.042214979e+02
8044 0 +1.234739705e-02 -1.042276526e+02 -1.042276526e+02
8065 0 +7.611089859e-03 -1.042323889e+02 -1.042323889e+02
8086 0 +5.023303048e-03 -1.042349767e+02 -1.042349767e+02
8107 0 +2.241464757e-03 -1.042377585e+02 -1.042377585e+02
8128 0 +9.734099040e-04 -1.042390266e+02 -1.042390266e+02
8149 0 +4.859752460e-04 -1.042395140e+02 -1.042395140e+02
8170 0 +3.453262885e-04 -1.042396547e+02 -1.042396547e+02
8191 0 +1.643722978e-04 -1.042398356e+02 -1.042398356e+02
8212 0 +1.224681437e-04 -1.042398775e+02 -1.042398775e+02
8233 0 +8.008607854e-05 -1.042399199e+02 -1.042399199e+02
8254 0 +4.229370022e-05 -1.042399577e+02 -1.042399577e+02
8275 0 +2.205402350e-05 -1.042399779e+02 -1.042399779e+02
8296 0 +7.396625449e-06 -1.042399926e+02 -1.042399926e+02
8317 0 +3.468296541e-06 -1.042399965e+02 -1.042399965e+02
8338 0 +2.808047356e-06 -1.042399972e+02 -1.042399972e+02
8359 0 +1.661053474e-06 -1.042399983e+02 -1.042399983e+02
8380 0 +5.682664153e-07 -1.042399994e+02 -1.042399994e+02
8401 0 +3.475458641e-07 -1.042399997e+02 -1.042399997e+02
8422 0 +8.719146649e-08 -1.042399999e+02 -1.042399999e+02
8443 0 +5.112261192e-08 -1.042399999e+02 -1.042399999e+02
8464 0 +1.353787127e-08 -1.042400000e+02 -1.042400000e+02
8485 0 +6.685056064e-09 -1.042400000e+02 -1.042400000e+02
75852 0 +9.094947018e-13 -1.042400000e+02 -1.042400000e+02
200514 0 +1.421085472e-14 -1.042400000e+02 -1.042400000e+02
% f evaluations | g evaluations | best noise-free fitness - Fopt (-6.785000000000e+01) + sum g_i+ | measured fitness | best measured fitness or single-digit g-values | x1 | x2...
1 0 +2.152599362e+07 +2.152592577e+07 +2.152592577e+07
4 0 +1.430252508e+07 +1.430245723e+07 +1.430245723e+07
5 0 +1.062900915e+07 +1.062894130e+07 +1.062894130e+07
6 0 +8.425253022e+06 +8.425185172e+06 +8.425185172e+06
17 0 +7.917680647e+06 +7.917612797e+06 +7.917612797e+06
23 0 +7.125643144e+06 +7.125575294e+06 +7.125575294e+06
27 0 +5.476269635e+06 +5.476201785e+06 +5.476201785e+06
28 0 +3.684610120e+06 +3.684542270e+06 +3.684542270e+06
39 0 +2.008671648e+06 +2.008603798e+06 +2.008603798e+06
56 0 +1.589851969e+06 +1.589784119e+06 +1.589784119e+06
62 0 +1.273452687e+06 +1.273384837e+06 +1.273384837e+06
64 0 +1.178671049e+06 +1.178603199e+06 +1.178603199e+06
65 0 +9.096286720e+05 +9.095608220e+05 +9.095608220e+05
89 0 +8.121005042e+05 +8.120326542e+05 +8.120326542e+05
130 0 +6.216744397e+05 +6.216065897e+05 +6.216065897e+05
138 0 +4.218611975e+05 +4.217933475e+05 +4.217933475e+05
162 0 +3.288181830e+05 +3.287503330e+05 +3.287503330e+05
279 0 +1.758979206e+05 +1.758300706e+05 +1.758300706e+05
628 0 +1.386165671e+05 +1.385487171e+05 +1.385487171e+05
649 0 +1.053502675e+05 +1.052824175e+05 +1.052824175e+05
712 0 +9.603068649e+04 +9.596283649e+04 +9.596283649e+04
838 0 +8.849520798e+04 +8.842735798e+04 +8.842735798e+04
1312 0 +5.589245012e+04 +5.582460012e+04 +5.582460012e+04
1402 0 +4.904459590e+04 +4.897674590e+04 +4.897674590e+04
1486 0 +4.240386203e+04 +4.233601203e+04 +4.233601203e+04
1549 0 +3.978527606e+04 +3.971742606e+04 +3.971742606e+04
1633 0 +3.430394546e+04 +3.423609546e+04 +3.423609546e+04
1759 0 +3.070474130e+04 +3.063689130e+04 +3.063689130e+04
1801 0 +2.481003630e+04 +2.474218630e+04 +2.474218630e+04
1843 0 +2.084312959e+04 +2.077527959e+04 +2.077527959e+04
2117 0 +1.929987870e+04 +1.923202870e+04 +1.923202870e+04
2180 0 +1.533332999e+04 +1.526547999e+04 +1.526547999e+04
2233 0 +1.307177683e+04 +1.300392683e+04 +1.300392683e+04
2344 0 +1.159226423e+04 +1.152441423e+04 +1.152441423e+04
2428 0 +1.121034465e+04 +1.114249465e+04 +1.114249465e+04
2512 0 +9.441333588e+03 +9.373483588e+03 +9.373483588e+03
2596 0 +8.761118265e+03 +8.693268265e+03 +8.693268265e+03
2701 0 +6.822129868e+03 +6.754279868e+03 +6.754279868e+03
2722 0 +5.311221324e+03 +5.243371324e+03 +5.243371324e+03
2764 0 +4.972780606e+03 +4.904930606e+03 +4.904930606e+03
2806 0 +4.079359763e+03 +4.011509763e+03 +4.011509763e+03
2890 0 +3.975461432e+03 +3.907611432e+03 +3.907611432e+03
2953 0 +3.397564987e+03 +3.329714987e+03 +3.329714987e+03
2974 0 +2.964461255e+03 +2.896611255e+03 +2.896611255e+03
2995 0 +2.477406024e+03 +2.409556024e+03 +2.409556024e+03
3979 0 +1.945540453e+03 +1.877690453e+03 +1.877690453e+03
4000 0 +1.478456319e+03 +1.410606319e+03 +1.410606319e+03
4021 0 +1.094831888e+03 +1.026981888e+03 +1.026981888e+03
5026 0 +9.848288468e+02 +9.169788468e+02 +9.169788468e+02
5047 0 +8.419132873e+02 +7.740632873e+02 +7.740632873e+02
5068 0 +5.424242096e+02 +4.745742096e+02 +4.745742096e+02
5089 0 +3.526831709e+02 +2.848331709e+02 +2.848331709e+02
5131 0 +3.016192575e+02 +2.337692575e+02 +2.337692575e+02
5152 0 +2.713100603e+02 +2.034600603e+02 +2.034600603e+02
5173 0 +2.434965094e+02 +1.756465094e+02 +1.756465094e+02
5194 0 +2.072936375e+02 +1.394436375e+02 +1.394436375e+02
5215 0 +1.662857291e+02 +9.843572906e+01 +9.843572906e+01
5236 0 +1.410127694e+02 +7.316276940e+01 +7.316276940e+01
5257 0 +1.061896820e+02 +3.833968198e+01 +3.833968198e+01
5278 0 +7.053211567e+01 +2.682115674e+00 +2.682115674e+00
5299 0 +5.376867980e+01 -1.408132020e+01 -1.408132020e+01
5320 0 +4.841363528e+01 -1.943636472e+01 -1.943636472e+01
5341 0 +4.204304182e+01 -2.580695818e+01 -2.580695818e+01
5383 0 +3.835699331e+01 -2.949300669e+01 -2.949300669e+01
5404 0 +3.020719191e+01 -3.764280809e+01 -3.764280809e+01
5446 0 +2.817100439e+01 -3.967899561e+01 -3.967899561e+01
5467 0 +2.473412423e+01 -4.311587577e+01 -4.311587577e+01
5488 0 +1.784824005e+01 -5.000175995e+01 -5.000175995e+01
5509 0 +1.377363649e+01 -5.407636351e+01 -5.407636351e+01
5530 0 +1.094481386e+01 -5.690518614e+01 -5.690518614e+01
5551 0 +6.527200796e+00 -6.132279920e+01 -6.132279920e+01
5572 0 +3.462046831e+00 -6.438795317e+01 -6.438795317e+01
5593 0 +1.760046717e+00 -6.608995328e+01 -6.608995328e+01
5614 0 +9.409195261e-01 -6.690908047e+01 -6.690908047e+01
5656 0 +6.239042106e-01 -6.722609579e+01 -6.722609579e+01
5677 0 +3.558478051e-01 -6.749415219e+01 -6.749415219e+01
5698 0 +1.875139688e-01 -6.766248603e+01 -6.766248603e+01
5719 0 +1.397641268e-01 -6.771023587e+01 -6.771023587e+01
5740 0 +7.897946560e-02 -6.777102053e+01 -6.777102053e+01
5761 0 +6.805951096e-02 -6.778194049e+01 -6.778194049e+01
5782 0 +5.021497909e-02 -6.779978502e+01 -6.779978502e+01
5803 0 +2.944336710e-02 -6.782055663e+01 -6.782055663e+01
5824 0 +2.359696183e-02 -6.782640304e+01 -6.782640304e+01
5845 0 +1.510146563e-02 -6.783489853e+01 -6.783489853e+01
5866 0 +1.000541361e-02 -6.783999459e+01 -6.783999459e+01
5887 0 +6.243120048e-03 -6.784375688e+01 -6.784375688e+01
5908 0 +2.624128626e-03 -6.784737587e+01 -6.784737587e+01
5929 0 +1.267644353e-03 -6.784873236e+01 -6.784873236e+01
5950 0 +7.301160452e-04 -6.784926988e+01 -6.784926988e+01
5971 0 +1.904895620e-04 -6.784980951e+01 -6.784980951e+01
5992 0 +7.740683178e-05 -6.784992259e+01 -6.784992259e+01
6013 0 +1.404470412e-05 -6.784998596e+01 -6.784998596e+01
6034 0 +7.617956598e-06 -6.784999238e+01 -6.784999238e+01
6055 0 +4.027133841e-06 -6.784999597e+01 -6.784999597e+01
6076 0 +1.577930192e-06 -6.784999842e+01 -6.784999842e+01
6097 0 +1.241348173e-06 -6.784999876e+01 -6.784999876e+01
6118 0 +7.178763326e-07 -6.784999928e+01 -6.784999928e+01
6139 0 +2.425626491e-07 -6.784999976e+01 -6.784999976e+01
6160 0 +1.006069965e-07 -6.784999990e+01 -6.784999990e+01
6181 0 +3.563621931e-08 -6.784999996e+01 -6.784999996e+01
6195 0 +3.547791039e-08 -6.784999996e+01 -6.784999996e+01
6202 0 +1.126865357e-08 -6.784999999e+01 -6.784999999e+01
6215 0 +1.117457771e-08 -6.784999999e+01 -6.784999999e+01
6223 0 +4.859813885e-09 -6.785000000e+01 -6.785000000e+01
82716 0 +8.810729923e-13 -6.785000000e+01 -6.785000000e+01
200136 0 +1.421085472e-14 -6.785000000e+01 -6.785000000e+01
% f evaluations | g evaluations | best noise-free fitness - Fopt (-3.639800000000e+02) + sum g_i+ | measured fitness | best measured fitness or single-digit g-values | x1 | x2...
1 0 +1.601045629e+07 +1.601009231e+07 +1.601009231e+07
4 0 +1.109069519e+07 +1.109033121e+07 +1.109033121e+07
5 0 +7.306955496e+06 +7.306591516e+06 +7.306591516e+06
15 0 +7.093426250e+06 +7.093062270e+06 +7.093062270e+06
17 0 +5.360922931e+06 +5.360558951e+06 +5.360558951e+06
27 0 +4.492675405e+06 +4.492311425e+06 +4.492311425e+06
28 0 +3.986271269e+06 +3.985907289e+06 +3.985907289e+06
46 0 +3.718542800e+06 +3.718178820e+06 +3.718178820e+06
48 0 +3.386095673e+06 +3.385731693e+06 +3.385731693e+06
56 0 +3.267939209e+06 +3.267575229e+06 +3.267575229e+06
60 0 +1.570247615e+06 +1.569883635e+06 +1.569883635e+06
75 0 +8.308316101e+05 +8.304676301e+05 +8.304676301e+05
106 0 +4.016173512e+05 +4.012533712e+05 +4.012533712e+05
243 0 +2.507796761e+05 +2.504156961e+05 +2.504156961e+05
481 0 +1.909013499e+05 +1.905373699e+05 +1.905373699e+05
544 0 +1.694117871e+05 +1.690478071e+05 +1.690478071e+05
565 0 +1.513797504e+05 +1.510157704e+05 +1.510157704e+05
586 0 +1.367841051e+05 +1.364201251e+05 +1.364201251e+05
649 0 +1.209600175e+05 +1.205960375e+05 +1.205960375e+05
670 0 +1.044851261e+05 +1.041211461e+05 +1.041211461e+05
691 0 +8.264772145e+04 +8.228374145e+04 +8.228374145e+04
712 0 +5.859451432e+04 +5.823053432e+04 +5.823053432e+04
838 0 +5.609795903e+04 +5.573397903e+04 +5.573397903e+04
901 0 +4.678464839e+04 +4.642066839e+04 +4.642066839e+04
922 0 +4.125011614e+04 +4.088613614e+04 +4.088613614e+04
1759 0 +3.927439812e+04 +3.891041812e+04 +3.891041812e+04
1822 0 +3.527550936e+04 +3.491152936e+04 +3.491152936e+04
1843 0 +3.149457451e+04 +3.113059451e+04 +3.113059451e+04
1864 0 +2.465181052e+04 +2.428783052e+04 +2.428783052e+04
1885 0 +1.518793114e+04 +1.482395114e+04 +1.482395114e+04
1906 0 +6.386912568e+03 +6.022932568e+03 +6.022932568e+03
3475 0 +5.619624342e+03 +5.255644342e+03 +5.255644342e+03
3622 0 +4.992583517e+03 +4.628603517e+03 +4.628603517e+03
3664 0 +4.337741675e+03 +3.973761675e+03 +3.973761675e+03
3685 0 +3.956776800e+03 +3.592796800e+03 +3.592796800e+03
3727 0 +3.467898892e+03 +3.103918892e+03 +3.103918892e+03
3748 0 +3.101326118e+03 +2.737346118e+03 +2.737346118e+03
3769 0 +2.483792512e+03 +2.119812512e+03 +2.119812512e+03
3874 0 +2.151882695e+03 +1.787902695e+03 +1.787902695e+03
3895 0 +1.834954769e+03 +1.470974769e+03 +1.470974769e+03
3937 0 +1.506221832e+03 +1.142241832e+03 +1.142241832e+03
4000 0 +1.313773821e+03 +9.497938206e+02 +9.497938206e+02
4021 0 +1.128436298e+03 +7.644562984e+02 +7.644562984e+02
4042 0 +1.022486308e+03 +6.585063078e+02 +6.585063078e+02
4063 0 +8.621800704e+02 +4.982000704e+02 +4.982000704e+02
5131 0 +7.744127896e+02 +4.104327896e+02 +4.104327896e+02
5152 0 +5.562475755e+02 +1.922675755e+02 +1.922675755e+02
5236 0 +4.106275902e+02 +4.664759019e+01 +4.664759019e+01
5257 0 +3.922883686e+02 +2.830836862e+01 +2.830836862e+01
5299 0 +3.313331075e+02 -3.264689251e+01 -3.264689251e+01
5320 0 +2.439774519e+02 -1.200025481e+02 -1.200025481e+02
5362 0 +2.121044475e+02 -1.518755525e+02 -1.518755525e+02
5425 0 +1.945923916e+02 -1.693876084e+02 -1.693876084e+02
5446 0 +1.759968826e+02 -1.879831174e+02 -1.879831174e+02
5467 0 +1.468316487e+02 -2.171483513e+02 -2.171483513e+02
5488 0 +1.080590499e+02 -2.559209501e+02 -2.559209501e+02
5509 0 +6.454411617e+01 -2.994358838e+02 -2.994358838e+02
5530 0 +3.683958907e+01 -3.271404109e+02 -3.271404109e+02
5551 0 +1.794422367e+01 -3.460357763e+02 -3.460357763e+02
5572 0 +9.294026598e+00 -3.546859734e+02 -3.546859734e+02
5593 0 +5.784507082e+00 -3.581954929e+02 -3.581954929e+02
5635 0 +4.339344524e+00 -3.596406555e+02 -3.596406555e+02
5656 0 +3.872048065e+00 -3.601079519e+02 -3.601079519e+02
5677 0 +3.515850097e+00 -3.604641499e+02 -3.604641499e+02
5698 0 +2.451954504e+00 -3.615280455e+02 -3.615280455e+02
5740 0 +1.453767040e+00 -3.625262330e+02 -3.625262330e+02
5761 0 +1.039887926e+00 -3.629401121e+02 -3.629401121e+02
5782 0 +8.984981874e-01 -3.630815018e+02 -3.630815018e+02
5803 0 +7.549676001e-01 -3.632250324e+02 -3.632250324e+02
5824 0 +3.300736274e-01 -3.636499264e+02 -3.636499264e+02
5845 0 +2.227070332e-01 -3.637572930e+02 -3.637572930e+02
5866 0 +1.879536881e-01 -3.637920463e+02 -3.637920463e+02
5887 0 +1.395760206e-01 -3.638404240e+02 -3.638404240e+02
5908 0 +6.316761236e-02 -3.639168324e+02 -3.639168324e+02
5929 0 +5.343388047e-02 -3.639265661e+02 -3.639265661e+02
5950 0 +3.652013321e-02 -3.639434799e+02 -3.639434799e+02
5971 0 +1.585980943e-02 -3.639641402e+02 -3.639641402e+02
5992 0 +5.992531812e-03 -3.639740075e+02 -3.639740075e+02
6013 0 +3.374307375e-03 -3.639766257e+02 -3.639766257e+02
6055 0 +1.994806959e-03 -3.639780052e+02 -3.639780052e+02
6076 0 +1.165203634e-03 -3.639788348e+02 -3.639788348e+02
6097 0 +7.011988631e-04 -3.639792988e+02 -3.639792988e+02
6118 0 +3.324535516e-04 -3.639796675e+02 -3.639796675e+02
6139 0 +2.332221667e-04 -3.639797668e+02 -3.639797668e+02
6160 0 +9.466157474e-05 -3.639799053e+02 -3.639799053e+02
6181 0 +3.707638717e-05 -3.639799629e+02 -3.639799629e+02
6202 0 +1.970439121e-05 -3.639799803e+02 -3.639799803e+02
6223 0 +1.513267847e-05 -3.639799849e+02 -3.639799849e+02
6244 0 +6.375910459e-06 -3.639799936e+02 -3.639799936e+02
6265 0 +2.853896490e-06 -3.639799971e+02 -3.639799971e+02
6286 0 +9.110572705e-07 -3.639799991e+02 -3.639799991e+02
6307 0 +7.201155086e-07 -3.639799993e+02 -3.639799993e+02
6328 0 +4.616045430e-07 -3.639799995e+02 -3.639799995e+02
6349 0 +1.850250442e-07 -3.639799998e+02 -3.639799998e+02
6370 0 +1.110695962e-07 -3.639799999e+02 -3.639799999e+02
6391 0 +5.563350669e-08 -3.639799999e+02 -3.639799999e+02
6412 0 +3.240973001e-08 -3.639800000e+02 -3.639800000e+02
6433 0 +1.824645324e-08 -3.639800000e+02 -3.639800000e+02
6452 0 +1.760020041e-08 -3.639800000e+02 -3.639800000e+02
6454 0 +7.544485925e-09 -3.639800000e+02 -3.639800000e+02
79685 0 +9.094947018e-13 -3.639800000e+02 -3.639800000e+02
81410 0 +0.000000000e+00 -3.639800000e+02 -3.639800000e+02
200940 0 +0.000000000e+00 -3.639800000e+02 -3.639800000e+02
% f evaluations | g evaluations | best noise-free fitness - Fopt (-1.865000000000e+01) + sum g_i+ | measured fitness | best measured fitness or single-digit g-values | x1 | x2...
1 0 +2.800702240e+06 +2.800683590e+06 +2.800683590e+06
11 0 +2.208823903e+06 +2.208805253e+06 +2.208805253e+06
17 0 +1.183094334e+06 +1.183075684e+06 +1.183075684e+06
28 0 +1.002697424e+06 +1.002678774e+06 +1.002678774e+06
51 0 +8.257695160e+05 +8.257508660e+05 +8.257508660e+05
76 0 +6.749664694e+05 +6.749478194e+05 +6.749478194e+05
99 0 +5.505971426e+05 +5.505784926e+05 +5.505784926e+05
142 0 +4.388395384e+05 +4.388208884e+05 +4.388208884e+05
148 0 +3.436650027e+05 +3.436463527e+05 +3.436463527e+05
153 0 +2.826345494e+05 +2.826158994e+05 +2.826158994e+05
192 0 +1.908269321e+05 +1.908082821e+05 +1.908082821e+05
245 0 +1.368532004e+05 +1.368345504e+05 +1.368345504e+05
253 0 +1.213997011e+05 +1.213810511e+05 +1.213810511e+05
357 0 +9.484470639e+04 +9.482605639e+04 +9.482605639e+04
443 0 +5.973712337e+04 +5.971847337e+04 +5.971847337e+04
481 0 +4.425409016e+04 +4.423544016e+04 +4.423544016e+04
523 0 +3.855131619e+04 +3.853266619e+04 +3.853266619e+04
544 0 +3.149337645e+04 +3.147472645e+04 +3.147472645e+04
607 0 +2.646138017e+04 +2.644273017e+04 +2.644273017e+04
628 0 +2.447864629e+04 +2.445999629e+04 +2.445999629e+04
754 0 +2.218258194e+04 +2.216393194e+04 +2.216393194e+04
817 0 +1.819684091e+04 +1.817819091e+04 +1.817819091e+04
859 0 +1.737534185e+04 +1.735669185e+04 +1.735669185e+04
985 0 +1.579126029e+04 +1.577261029e+04 +1.577261029e+04
1027 0 +1.292327890e+04 +1.290462890e+04 +1.290462890e+04
1048 0 +9.943253442e+03 +9.924603442e+03 +9.924603442e+03
1069 0 +7.109037600e+03 +7.090387600e+03 +7.090387600e+03
1111 0 +6.208163340e+03 +6.189513340e+03 +6.189513340e+03
1132 0 +4.948624676e+03 +4.929974676e+03 +4.929974676e+03
1153 0 +3.064774643e+03 +3.046124643e+03 +3.046124643e+03
1174 0 +2.250946450e+03 +2.232296450e+03 +2.232296450e+03
1195 0 +1.829262520e+03 +1.810612520e+03 +1.810612520e+03
1216 0 +1.702342704e+03 +1.683692704e+03 +1.683692704e+03
3247 0 +1.425825429e+03 +1.407175429e+03 +1.407175429e+03
3268 0 +9.908840352e+02 +9.722340352e+02 +9.722340352e+02
3289 0 +6.328311289e+02 +6.141811289e+02 +6.141811289e+02
3310 0 +3.602160001e+02 +3.415660001e+02 +3.415660001e+02
3331 0 +2.259666192e+02 +2.073166192e+02 +2.073166192e+02
3352 0 +9.967937276e+01 +8.102937276e+01 +8.102937276e+01
3373 0 +6.809925888e+01 +4.944925888e+01 +4.944925888e+01
3394 0 +3.510490902e+01 +1.645490902e+01 +1.645490902e+01
3415 0 +2.101180440e+01 +2.361804400e+00 +2.361804400e+00
3436 0 +1.840948383e+01 -2.405161714e-01 -2.405161714e-01
3457 0 +1.441501481e+01 -4.234985194e+00 -4.234985194e+00
3478 0 +9.104147118e+00 -9.545852882e+00 -9.545852882e+00
3520 0 +7.947611356e+00 -1.070238864e+01 -1.070238864e+01
3541 0 +6.732677733e+00 -1.191732227e+01 -1.191732227e+01
3562 0 +6.138457843e+00 -1.251154216e+01 -1.251154216e+01
3604 0 +5.308409335e+00 -1.334159067e+01 -1.334159067e+01
3625 0 +4.144184069e+00 -1.450581593e+01 -1.450581593e+01
3667 0 +2.881520296e+00 -1.576847970e+01 -1.576847970e+01
3688 0 +2.374287479e+00 -1.627571252e+01 -1.627571252e+01
3709 0 +2.221657225e+00 -1.642834277e+01 -1.642834277e+01
3730 0 +1.956035833e+00 -1.669396417e+01 -1.669396417e+01
3751 0 +1.658271657e+00 -1.699172834e+01 -1.699172834e+01
3772 0 +1.522666354e+00 -1.712733365e+01 -1.712733365e+01
3835 0 +1.373111786e+00 -1.727688821e+01 -1.727688821e+01
3877 0 +7.073781857e-01 -1.794262181e+01 -1.794262181e+01
3919 0 +5.745672665e-01 -1.807543273e+01 -1.807543273e+01
3940 0 +3.567076328e-01 -1.829329237e+01 -1.829329237e+01
3961 0 +1.066456626e-01 -1.854335434e+01 -1.854335434e+01
3982 0 +7.942917725e-02 -1.857057082e+01 -1.857057082e+01
4003 0 +4.382940163e-02 -1.860617060e+01 -1.860617060e+01
4024 0 +2.612413456e-02 -1.862387587e+01 -1.862387587e+01
4045 0 +1.513216012e-02 -1.863486784e+01 -1.863486784e+01
4087 0 +1.299084170e-02 -1.863700916e+01 -1.863700916e+01
4108 0 +7.558451752e-03 -1.864244155e+01 -1.864244155e+01
4150 0 +4.209688851e-03 -1.864579031e+01 -1.864579031e+01
4192 0 +3.650047408e-03 -1.864634995e+01 -1.864634995e+01
4213 0 +2.853133395e-03 -1.864714687e+01 -1.864714687e+01
4234 0 +1.352766270e-03 -1.864864723e+01 -1.864864723e+01
4276 0 +1.045891427e-03 -1.864895411e+01 -1.864895411e+01
4297 0 +5.889394058e-04 -1.864941106e+01 -1.864941106e+01
4318 0 +2.495814067e-04 -1.864975042e+01 -1.864975042e+01
4339 0 +9.494327923e-05 -1.864990506e+01 -1.864990506e+01
4360 0 +3.273608004e-05 -1.864996726e+01 -1.864996726e+01
4381 0 +1.651891614e-05 -1.864998348e+01 -1.864998348e+01
4402 0 +7.095936351e-06 -1.864999290e+01 -1.864999290e+01
4423 0 +6.398267370e-06 -1.864999360e+01 -1.864999360e+01
4444 0 +5.146726522e-06 -1.864999485e+01 -1.864999485e+01
4465 0 +3.454003036e-06 -1.864999655e+01 -1.864999655e+01
4486 0 +2.521010948e-06 -1.864999748e+01 -1.864999748e+01
4507 0 +1.813130975e-06 -1.864999819e+01 -1.864999819e+01
4528 0 +1.342148799e-06 -1.864999866e+01 -1.864999866e+01
4549 0 +8.976200583e-07 -1.864999910e+01 -1.864999910e+01
4570 0 +6.469341081e-07 -1.864999935e+01 -1.864999935e+01
4591 0 +5.125446094e-07 -1.864999949e+01 -1.864999949e+01
4612 0 +2.889657473e-07 -1.864999971e+01 -1.864999971e+01
4633 0 +9.590296912e-08 -1.864999990e+01 -1.864999990e+01
4654 0 +5.448412210e-08 -1.864999995e+01 -1.864999995e+01
4675 0 +2.887697903e-08 -1.864999997e+01 -1.864999997e+01
4695 0 +2.793809628e-08 -1.864999997e+01 -1.864999997e+01
4696 0 +1.683624973e-08 -1.864999998e+01 -1.864999998e+01
4717 0 +7.121361278e-09 -1.864999999e+01 -1.864999999e+01
86801 0 +9.485745522e-13 -1.865000000e+01 -1.865000000e+01
89932 0 +0.000000000e+00 -1.865000000e+01 -1.865000000e+01
200223 0 +0.000000000e+00 -1.865000000e+01 -1.865000000e+01
% f evaluations | g evaluations | best noise-free fitness - Fopt (1.749200000000e+02) + sum g_i+ | measured fitness | best measured fitness or single-digit g-values | x1 | x2...
1 0 +1.645978055e+07 +1.645995547e+07 +1.645995547e+07
2 0 +8.917696219e+06 +8.917871139e+06 +8.917871139e+06
7 0 +3.796117758e+06 +3.796292678e+06 +3.796292678e+06
28 0 +2.122195759e+06 +2.122370679e+06 +2.122370679e+06
35 0 +1.565217512e+06 +1.565392432e+06 +1.565392432e+06
51 0 +1.353982693e+06 +1.354157613e+06 +1.354157613e+06
56 0 +1.201720119e+06 +1.201895039e+06 +1.201895039e+06
67 0 +6.925351199e+05 +6.927100399e+05 +6.927100399e+05
93 0 +4.115209143e+05 +4.116958343e+05 +4.116958343e+05
201 0 +3.834152433e+05 +3.835901633e+05 +3.835901633e+05
203 0 +2.702907157e+05 +2.704656357e+05 +2.704656357e+05
481 0 +2.198768313e+05 +2.200517513e+05 +2.200517513e+05
586 0 +1.957311667e+05 +1.959060867e+05 +1.959060867e+05
607 0 +1.737792048e+05 +1.739541248e+05 +1.739541248e+05
628 0 +1.334235027e+05 +1.335984227e+05 +1.335984227e+05
649 0 +1.087186396e+05 +1.088935596e+05 +1.088935596e+05
670 0 +8.165497090e+04 +8.182989090e+04 +8.182989090e+04
712 0 +7.344614195e+04 +7.362106195e+04 +7.362106195e+04
733 0 +6.563647585e+04 +6.581139585e+04 +6.581139585e+04
754 0 +6.239041756e+04 +6.256533756e+04 +6.256533756e+04
838 0 +5.535983388e+04 +5.553475388e+04 +5.553475388e+04
880 0 +4.571560349e+04 +4.589052349e+04 +4.589052349e+04
901 0 +3.121260826e+04 +3.138752826e+04 +3.138752826e+04
2512 0 +2.782401849e+04 +2.799893849e+04 +2.799893849e+04
2533 0 +2.505643912e+04 +2.523135912e+04 +2.523135912e+04
2554 0 +1.967302427e+04 +1.984794427e+04 +1.984794427e+04
2575 0 +1.506046484e+04 +1.523538484e+04 +1.523538484e+04
2596 0 +1.122176330e+04 +1.139668330e+04 +1.139668330e+04
2617 0 +7.355553431e+03 +7.530473431e+03 +7.530473431e+03
2659 0 +5.860281691e+03 +6.035201691e+03 +6.035201691e+03
2701 0 +5.503127852e+03 +5.678047852e+03 +5.678047852e+03
2743 0 +4.690781790e+03 +4.865701790e+03 +4.865701790e+03
2764 0 +4.043684398e+03 +4.218604398e+03 +4.218604398e+03
2785 0 +3.044931422e+03 +3.219851422e+03 +3.219851422e+03
2806 0 +2.777195054e+03 +2.952115054e+03 +2.952115054e+03
3748 0 +2.214957990e+03 +2.389877990e+03 +2.389877990e+03
3790 0 +1.828667444e+03 +2.003587444e+03 +2.003587444e+03
4690 0 +1.751233655e+03 +1.926153655e+03 +1.926153655e+03
4711 0 +1.473324984e+03 +1.648244984e+03 +1.648244984e+03
4732 0 +7.262244659e+02 +9.011444659e+02 +9.011444659e+02
4774 0 +6.701074397e+02 +8.450274397e+02 +8.450274397e+02
4795 0 +5.997282533e+02 +7.746482533e+02 +7.746482533e+02
4816 0 +5.388204827e+02 +7.137404827e+02 +7.137404827e+02
4837 0 +4.372941854e+02 +6.122141854e+02 +6.122141854e+02
4858 0 +3.803806944e+02 +5.553006944e+02 +5.553006944e+02
4879 0 +2.812108173e+02 +4.561308173e+02 +4.561308173e+02
4900 0 +2.045250361e+02 +3.794450361e+02 +3.794450361e+02
4921 0 +1.847281755e+02 +3.596481755e+02 +3.596481755e+02
4942 0 +1.523026510e+02 +3.272226510e+02 +3.272226510e+02
4963 0 +9.785185065e+01 +2.727718506e+02 +2.727718506e+02
4984 0 +6.251150388e+01 +2.374315039e+02 +2.374315039e+02
5005 0 +2.919067712e+01 +2.041106771e+02 +2.041106771e+02
5026 0 +1.825400928e+01 +1.931740093e+02 +1.931740093e+02
5047 0 +9.647024153e+00 +1.845670242e+02 +1.845670242e+02
5068 0 +7.637860664e+00 +1.825578607e+02 +1.825578607e+02
5089 0 +5.076287649e+00 +1.799962876e+02 +1.799962876e+02
5110 0 +3.950263288e+00 +1.788702633e+02 +1.788702633e+02
5131 0 +2.101096268e+00 +1.770210963e+02 +1.770210963e+02
5152 0 +1.202880324e+00 +1.761228803e+02 +1.761228803e+02
5173 0 +7.458909040e-01 +1.756658909e+02 +1.756658909e+02
5194 0 +5.199104993e-01 +1.754399105e+02 +1.754399105e+02
5215 0 +2.645065085e-01 +1.751845065e+02 +1.751845065e+02
5236 0 +1.751590799e-01 +1.750951591e+02 +1.750951591e+02
5257 0 +8.508763014e-02 +1.750050876e+02 +1.750050876e+02
5278 0 +6.101585531e-02 +1.749810159e+02 +1.749810159e+02
5299 0 +2.947774029e-02 +1.749494777e+02 +1.749494777e+02
5320 0 +2.312042151e-02 +1.749431204e+02 +1.749431204e+02
5341 0 +1.001291883e-02 +1.749300129e+02 +1.749300129e+02
5383 0 +3.286989627e-03 +1.749232870e+02 +1.749232870e+02
5404 0 +1.549647073e-03 +1.749215496e+02 +1.749215496e+02
5425 0 +7.533042114e-04 +1.749207533e+02 +1.749207533e+02
5446 0 +1.843923745e-04 +1.749201844e+02 +1.749201844e+02
5467 0 +9.918480580e-05 +1.749200992e+02 +1.749200992e+02
5488 0 +3.738392914e-05 +1.749200374e+02 +1.749200374e+02
5509 0 +1.996512265e-05 +1.749200200e+02 +1.749200200e+02
5530 0 +3.310684264e-06 +1.749200033e+02 +1.749200033e+02
5551 0 +9.625353528e-07 +1.749200010e+02 +1.749200010e+02
5572 0 +6.033537545e-07 +1.749200006e+02 +1.749200006e+02
5593 0 +3.411073806e-07 +1.749200003e+02 +1.749200003e+02
5614 0 +1.761285091e-07 +1.749200002e+02 +1.749200002e+02
5635 0 +1.170570556e-07 +1.749200001e+02 +1.749200001e+02
5656 0 +4.026969691e-08 +1.749200000e+02 +1.749200000e+02
5677 0 +2.564050305e-08 +1.749200000e+02 +1.749200000e+02
5695 0 +2.434632052e-08 +1.749200000e+02 +1.749200000e+02
5698 0 +6.598185109e-09 +1.749200000e+02 +1.749200000e+02
85138 0 +5.400124792e-13 +1.749200000e+02 +1.749200000e+02
200002 0 +2.842170943e-14 +1.749200000e+02 +1.749200000e+02
% f evaluations | g evaluations | best noise-free fitness - Fopt (-5.659600000000e+02) + sum g_i+ | measured fitness | best measured fitness or single-digit g-values | x1 | x2...
1 0 +1.072655395e+07 +1.072598799e+07 +1.072598799e+07
4 0 +7.805052728e+06 +7.804486768e+06 +7.804486768e+06
5 0 +3.276155255e+06 +3.275589295e+06 +3.275589295e+06
14 0 +1.477819731e+06 +1.477253771e+06 +1.477253771e+06
49 0 +9.032589625e+05 +9.026930025e+05 +9.026930025e+05
58 0 +5.919037038e+05 +5.913377438e+05 +5.913377438e+05
141 0 +3.317205073e+05 +3.311545473e+05 +3.311545473e+05
185 0 +2.991942151e+05 +2.986282551e+05 +2.986282551e+05
191 0 +1.749897191e+05 +1.744237591e+05 +1.744237591e+05
279 0 +9.930155402e+04 +9.873559402e+04 +9.873559402e+04
291 0 +5.911457003e+04 +5.854861003e+04 +5.854861003e+04
451 0 +5.110825519e+04 +5.054229519e+04 +5.054229519e+04
481 0 +4.318545673e+04 +4.261949673e+04 +4.261949673e+04
523 0 +3.291647520e+04 +3.235051520e+04 +3.235051520e+04
565 0 +2.864534629e+04 +2.807938629e+04 +2.807938629e+04
607 0 +2.752354361e+04 +2.695758361e+04 +2.695758361e+04
649 0 +2.384319999e+04 +2.327723999e+04 +2.327723999e+04
670 0 +2.113466875e+04 +2.056870875e+04 +2.056870875e+04
691 0 +1.609207085e+04 +1.552611085e+04 +1.552611085e+04
712 0 +1.280771178e+04 +1.224175178e+04 +1.224175178e+04
754 0 +1.116353372e+04 +1.059757372e+04 +1.059757372e+04
775 0 +8.305716010e+03 +7.739756010e+03 +7.739756010e+03
859 0 +7.926819838e+03 +7.360859838e+03 +7.360859838e+03
901 0 +6.751694994e+03 +6.185734994e+03 +6.185734994e+03
985 0 +6.065422592e+03 +5.499462592e+03 +5.499462592e+03
1006 0 +5.497959261e+03 +4.931999261e+03 +4.931999261e+03
1027 0 +4.770373625e+03 +4.204413625e+03 +4.204413625e+03
1090 0 +4.117732871e+03 +3.551772871e+03 +3.551772871e+03
1111 0 +3.938458572e+03 +3.372498572e+03 +3.372498572e+03
2200 0 +3.454576582e+03 +2.888616582e+03 +2.888616582e+03
2221 0 +2.891111681e+03 +2.325151681e+03 +2.325151681e+03
2242 0 +2.791363745e+03 +2.225403745e+03 +2.225403745e+03
4042 0 +2.203540365e+03 +1.637580365e+03 +1.637580365e+03
4126 0 +1.898516196e+03 +1.332556196e+03 +1.332556196e+03
4210 0 +1.714291934e+03 +1.148331934e+03 +1.148331934e+03
4273 0 +1.548621651e+03 +9.826616511e+02 +9.826616511e+02
4315 0 +1.184002938e+03 +6.180429378e+02 +6.180429378e+02
4357 0 +1.032297503e+03 +4.663375027e+02 +4.663375027e+02
4378 0 +9.189886698e+02 +3.530286698e+02 +3.530286698e+02
4399 0 +7.931056521e+02 +2.271456521e+02 +2.271456521e+02
4441 0 +6.880621971e+02 +1.221021971e+02 +1.221021971e+02
4462 0 +5.716021960e+02 +5.642195956e+00 +5.642195956e+00
4483 0 +4.896884415e+02 -7.627155853e+01 -7.627155853e+01
4504 0 +3.788719574e+02 -1.870880426e+02 -1.870880426e+02
4525 0 +2.703289244e+02 -2.956310756e+02 -2.956310756e+02
4546 0 +2.465289051e+02 -3.194310949e+02 -3.194310949e+02
4588 0 +2.181221919e+02 -3.478378081e+02 -3.478378081e+02
4630 0 +1.668439627e+02 -3.991160373e+02 -3.991160373e+02
4651 0 +1.426348373e+02 -4.233251627e+02 -4.233251627e+02
4672 0 +1.054997722e+02 -4.604602278e+02 -4.604602278e+02
4693 0 +7.133026084e+01 -4.946297392e+02 -4.946297392e+02
4714 0 +5.302828071e+01 -5.129317193e+02 -5.129317193e+02
4735 0 +4.594420731e+01 -5.200157927e+02 -5.200157927e+02
4756 0 +3.781661365e+01 -5.281433863e+02 -5.281433863e+02
4777 0 +2.778588973e+01 -5.381741103e+02 -5.381741103e+02
4798 0 +1.690869170e+01 -5.490513083e+02 -5.490513083e+02
4819 0 +1.233557163e+01 -5.536244284e+02 -5.536244284e+02
4840 0 +1.092207303e+01 -5.550379270e+02 -5.550379270e+02
4861 0 +8.547776421e+00 -5.574122236e+02 -5.574122236e+02
4882 0 +6.789564264e+00 -5.591704357e+02 -5.591704357e+02
4903 0 +5.874494013e+00 -5.600855060e+02 -5.600855060e+02
4924 0 +5.508249908e+00 -5.604517501e+02 -5.604517501e+02
4987 0 +4.835342713e+00 -5.611246573e+02 -5.611246573e+02
5008 0 +3.513061295e+00 -5.624469387e+02 -5.624469387e+02
5113 0 +3.151467746e+00 -5.628085323e+02 -5.628085323e+02
5155 0 +2.736143918e+00 -5.632238561e+02 -5.632238561e+02
5176 0 +2.236510838e+00 -5.637234892e+02 -5.637234892e+02
5218 0 +1.756258721e+00 -5.642037413e+02 -5.642037413e+02
5281 0 +1.580272615e+00 -5.643797274e+02 -5.643797274e+02
5323 0 +1.353591189e+00 -5.646064088e+02 -5.646064088e+02
5344 0 +1.206922758e+00 -5.647530772e+02 -5.647530772e+02
5365 0 +1.068744505e+00 -5.648912555e+02 -5.648912555e+02
5386 0 +9.386718455e-01 -5.650213282e+02 -5.650213282e+02
5428 0 +8.406392570e-01 -5.651193607e+02 -5.651193607e+02
5449 0 +7.525970122e-01 -5.652074030e+02 -5.652074030e+02
5470 0 +6.318387082e-01 -5.653281613e+02 -5.653281613e+02
5491 0 +5.151019006e-01 -5.654448981e+02 -5.654448981e+02
5512 0 +4.894967241e-01 -5.654705033e+02 -5.654705033e+02
5554 0 +3.672923456e-01 -5.655927077e+02 -5.655927077e+02
5575 0 +2.436921924e-01 -5.657163078e+02 -5.657163078e+02
5596 0 +1.623337956e-01 -5.657976662e+02 -5.657976662e+02
5617 0 +8.354897862e-02 -5.658764510e+02 -5.658764510e+02
5638 0 +3.051131558e-02 -5.659294887e+02 -5.659294887e+02
5659 0 +1.756124733e-02 -5.659424388e+02 -5.659424388e+02
5680 0 +9.934489976e-03 -5.659500655e+02 -5.659500655e+02
5701 0 +7.820829648e-03 -5.659521792e+02 -5.659521792e+02
5722 0 +6.054739429e-03 -5.659539453e+02 -5.659539453e+02
5743 0 +5.214036938e-03 -5.659547860e+02 -5.659547860e+02
5764 0 +3.883910460e-03 -5.659561161e+02 -5.659561161e+02
5785 0 +2.908105139e-03 -5.659570919e+02 -5.659570919e+02
5806 0 +2.038844753e-03 -5.659579612e+02 -5.659579612e+02
5827 0 +1.104478058e-03 -5.659588955e+02 -5.659588955e+02
5848 0 +7.244385762e-04 -5.659592756e+02 -5.659592756e+02
5869 0 +2.851031454e-04 -5.659597149e+02 -5.659597149e+02
5890 0 +1.325359572e-04 -5.659598675e+02 -5.659598675e+02
5911 0 +6.912760341e-05 -5.659599309e+02 -5.659599309e+02
5932 0 +3.098864443e-05 -5.659599690e+02 -5.659599690e+02
5953 0 +1.742112477e-05 -5.659599826e+02 -5.659599826e+02
5974 0 +8.500839499e-06 -5.659599915e+02 -5.659599915e+02
5995 0 +4.886544957e-06 -5.659599951e+02 -5.659599951e+02
6016 0 +3.942824264e-06 -5.659599961e+02 -5.659599961e+02
6037 0 +2.451625164e-06 -5.659599975e+02 -5.659599975e+02
6058 0 +1.186638997e-06 -5.659599988e+02 -5.659599988e+02
6079 0 +7.038128160e-07 -5.659599993e+02 -5.659599993e+02
6100 0 +2.926545903e-07 -5.659599997e+02 -5.659599997e+02
6121 0 +1.492389856e-07 -5.659599999e+02 -5.659599999e+02
6142 0 +9.419045455e-08 -5.659599999e+02 -5.659599999e+02
6163 0 +6.619177384e-08 -5.659599999e+02 -5.659599999e+02
6184 0 +5.245237844e-08 -5.659599999e+02 -5.659599999e+02
6205 0 +3.052400643e-08 -5.659600000e+02 -5.659600000e+02
6226 0 +2.021602086e-08 -5.659600000e+02 -5.659600000e+02
6246 0 +1.887133294e-08 -5.659600000e+02 -5.659600000e+02
6247 0 +1.558498752e-08 -5.659600000e+02 -5.659600000e+02
6268 0 +1.306557351e-08 -5.659600000e+02 -5.659600000e+02
6289 0 +1.110402081e-08 -5.659600000e+02 -5.659600000e+02
6310 0 +8.957158570e-09 -5.659600000e+02 -5.659600000e+02
74023 0 +7.958078641e-13 -5.659600000e+02 -5.659600000e+02
75720 0 +0.000000000e+00 -5.659600000e+02 -5.659600000e+02
200822 0 +0.000000000e+00 -5.659600000e+02 -5.659600000e+02
% f evaluations | g evaluations | best noise-free fitness - Fopt (7.095000000000e+01) + sum g_i+ | measured fitness | best measured fitness or single-digit g-values | x1 | x2...
1 0 +8.267727203e+06 +8.267798153e+06 +8.267798153e+06
5 0 +5.002964186e+06 +5.003035136e+06 +5.003035136e+06
8 0 +4.218685898e+06 +4.218756848e+06 +4.218756848e+06
14 0 +3.104535694e+06 +3.104606644e+06 +3.104606644e+06
20 0 +2.953657617e+06 +2.953728567e+06 +2.953728567e+06
39 0 +2.433018719e+06 +2.433089669e+06 +2.433089669e+06
50 0 +2.190338400e+06 +2.190409350e+06 +2.190409350e+06
51 0 +1.553312260e+06 +1.553383210e+06 +1.553383210e+06
69 0 +7.108774770e+05 +7.109484270e+05 +7.109484270e+05
111 0 +5.634907082e+05 +5.635616582e+05 +5.635616582e+05
172 0 +5.091672943e+05 +5.092382443e+05 +5.092382443e+05
186 0 +3.854870120e+05 +3.855579620e+05 +3.855579620e+05
198 0 +3.269477656e+05 +3.270187156e+05 +3.270187156e+05
281 0 +2.788109219e+05 +2.788818719e+05 +2.788818719e+05
322 0 +2.188149922e+05 +2.188859422e+05 +2.188859422e+05
331 0 +9.858725956e+04 +9.865820956e+04 +9.865820956e+04
357 0 +6.209507829e+04 +6.216602829e+04 +6.216602829e+04
733 0 +5.262182161e+04 +5.269277161e+04 +5.269277161e+04
754 0 +4.437109795e+04 +4.444204795e+04 +4.444204795e+04
796 0 +3.768137458e+04 +3.775232458e+04 +3.775232458e+04
859 0 +3.525351639e+04 +3.532446639e+04 +3.532446639e+04
901 0 +3.037423622e+04 +3.044518622e+04 +3.044518622e+04
922 0 +2.547542748e+04 +2.554637748e+04 +2.554637748e+04
943 0 +2.100407211e+04 +2.107502211e+04 +2.107502211e+04
1612 0 +1.976248402e+04 +1.983343402e+04 +1.983343402e+04
1633 0 +1.445339177e+04 +1.452434177e+04 +1.452434177e+04
1654 0 +1.122463752e+04 +1.129558752e+04 +1.129558752e+04
1675 0 +9.699640114e+03 +9.770590114e+03 +9.770590114e+03
1696 0 +7.769312180e+03 +7.840262180e+03 +7.840262180e+03
1738 0 +6.935533615e+03 +7.006483615e+03 +7.006483615e+03
1801 0 +6.106679182e+03 +6.177629182e+03 +6.177629182e+03
1864 0 +5.507515625e+03 +5.578465625e+03 +5.578465625e+03
1906 0 +4.728693484e+03 +4.799643484e+03 +4.799643484e+03
1927 0 +3.914454263e+03 +3.985404263e+03 +3.985404263e+03
1948 0 +2.785274803e+03 +2.856224803e+03 +2.856224803e+03
1969 0 +1.917174528e+03 +1.988124528e+03 +1.988124528e+03
1990 0 +1.748435527e+03 +1.819385527e+03 +1.819385527e+03
3895 0 +1.474644856e+03 +1.545594856e+03 +1.545594856e+03
3916 0 +1.361519577e+03 +1.432469577e+03 +1.432469577e+03
3937 0 +1.175236610e+03 +1.246186610e+03 +1.246186610e+03
3958 0 +8.196926421e+02 +8.906426421e+02 +8.906426421e+02
3979 0 +3.529356894e+02 +4.238856894e+02 +4.238856894e+02
4021 0 +2.371266027e+02 +3.080766027e+02 +3.080766027e+02
4063 0 +1.958879502e+02 +2.668379502e+02 +2.668379502e+02
4084 0 +1.691362830e+02 +2.400862830e+02 +2.400862830e+02
4105 0 +1.276071996e+02 +1.985571996e+02 +1.985571996e+02
4126 0 +9.350560306e+01 +1.644556031e+02 +1.644556031e+02
4147 0 +8.346096769e+01 +1.544109677e+02 +1.544109677e+02
4168 0 +6.488100649e+01 +1.358310065e+02 +1.358310065e+02
4189 0 +3.660180554e+01 +1.075518055e+02 +1.075518055e+02
4210 0 +2.144439213e+01 +9.239439213e+01 +9.239439213e+01
4231 0 +1.508581123e+01 +8.603581123e+01 +8.603581123e+01
4252 0 +9.727909903e+00 +8.067790990e+01 +8.067790990e+01
4273 0 +7.229979178e+00 +7.817997918e+01 +7.817997918e+01
4294 0 +5.774668728e+00 +7.672466873e+01 +7.672466873e+01
4315 0 +4.030422586e+00 +7.498042259e+01 +7.498042259e+01
4357 0 +3.685478217e+00 +7.463547822e+01 +7.463547822e+01
4378 0 +3.320967228e+00 +7.427096723e+01 +7.427096723e+01
4399 0 +2.764111119e+00 +7.371411112e+01 +7.371411112e+01
4420 0 +2.009409619e+00 +7.295940962e+01 +7.295940962e+01
4441 0 +1.673236241e+00 +7.262323624e+01 +7.262323624e+01
4462 0 +1.116545152e+00 +7.206654515e+01 +7.206654515e+01
4483 0 +4.259261292e-01 +7.137592613e+01 +7.137592613e+01
4504 0 +1.308799910e-01 +7.108087999e+01 +7.108087999e+01
4546 0 +6.432591383e-02 +7.101432591e+01 +7.101432591e+01
4567 0 +2.628851270e-02 +7.097628851e+01 +7.097628851e+01
4588 0 +1.358207372e-02 +7.096358207e+01 +7.096358207e+01
4630 0 +9.617850864e-03 +7.095961785e+01 +7.095961785e+01
4651 0 +8.031938872e-03 +7.095803194e+01 +7.095803194e+01
4672 0 +6.695418661e-03 +7.095669542e+01 +7.095669542e+01
4714 0 +5.081331366e-03 +7.095508133e+01 +7.095508133e+01
4735 0 +3.016118389e-03 +7.095301612e+01 +7.095301612e+01
4756 0 +1.540087653e-03 +7.095154009e+01 +7.095154009e+01
4777 0 +6.498280562e-04 +7.095064983e+01 +7.095064983e+01
4798 0 +3.180491186e-04 +7.095031805e+01 +7.095031805e+01
4819 0 +8.970780755e-05 +7.095008971e+01 +7.095008971e+01
4840 0 +2.798550625e-05 +7.095002799e+01 +7.095002799e+01
4861 0 +8.443213900e-06 +7.095000844e+01 +7.095000844e+01
4882 0 +3.348036643e-06 +7.095000335e+01 +7.095000335e+01
4903 0 +1.175877657e-06 +7.095000118e+01 +7.095000118e+01
4924 0 +4.501878408e-07 +7.095000045e+01 +7.095000045e+01
4945 0 +2.114606161e-07 +7.095000021e+01 +7.095000021e+01
4966 0 +1.128201319e-07 +7.095000011e+01 +7.095000011e+01
4986 0 +1.119571067e-07 +7.095000011e+01 +7.095000011e+01
5008 0 +9.540556789e-08 +7.095000010e+01 +7.095000010e+01
5029 0 +7.469785146e-08 +7.095000007e+01 +7.095000007e+01
5050 0 +4.142071930e-08 +7.095000004e+01 +7.095000004e+01
5071 0 +2.471657012e-08 +7.095000002e+01 +7.095000002e+01
5092 0 +1.664855631e-08 +7.095000002e+01 +7.095000002e+01
5113 0 +8.300858667e-09 +7.095000001e+01 +7.095000001e+01
87115 0 +7.389644452e-13 +7.095000000e+01 +7.095000000e+01
200007 0 +1.421085472e-14 +7.095000000e+01 +7.095000000e+01
% f evaluations | g evaluations | best noise-free fitness - Fopt (4.728000000000e+01) + sum g_i+ | measured fitness | best measured fitness or single-digit g-values | x1 | x2...
1 0 +7.476906940e+06 +7.476954220e+06 +7.476954220e+06
4 0 +4.011020105e+06 +4.011067385e+06 +4.011067385e+06
6 0 +1.888833760e+06 +1.888881040e+06 +1.888881040e+06
27 0 +1.666247556e+06 +1.666294836e+06 +1.666294836e+06
44 0 +1.449809101e+06 +1.449856381e+06 +1.449856381e+06
52 0 +1.358063442e+06 +1.358110722e+06 +1.358110722e+06
54 0 +1.055116729e+06 +1.055164009e+06 +1.055164009e+06
62 0 +5.638560071e+05 +5.639032871e+05 +5.639032871e+05
70 0 +4.967350398e+05 +4.967823198e+05 +4.967823198e+05
75 0 +3.447268093e+05 +3.447740893e+05 +3.447740893e+05
81 0 +2.182420886e+05 +2.182893686e+05 +2.182893686e+05
523 0 +1.781878663e+05 +1.782351463e+05 +1.782351463e+05
544 0 +1.444401233e+05 +1.444874033e+05 +1.444874033e+05
565 0 +1.063299335e+05 +1.063772135e+05 +1.063772135e+05
586 0 +9.697424071e+04 +9.702152071e+04 +9.702152071e+04
607 0 +8.361525155e+04 +8.366253155e+04 +8.366253155e+04
628 0 +7.360986723e+04 +7.365714723e+04 +7.365714723e+04
670 0 +6.762074156e+04 +6.766802156e+04 +6.766802156e+04
691 0 +5.586194054e+04 +5.590922054e+04 +5.590922054e+04
712 0 +4.956466816e+04 +4.961194816e+04 +4.961194816e+04
733 0 +4.091698961e+04 +4.096426961e+04 +4.096426961e+04
775 0 +3.930687632e+04 +3.935415632e+04 +3.935415632e+04
838 0 +3.478814199e+04 +3.483542199e+04 +3.483542199e+04
1570 0 +2.973408948e+04 +2.978136948e+04 +2.978136948e+04
1633 0 +2.794537440e+04 +2.799265440e+04 +2.799265440e+04
1696 0 +2.484745798e+04 +2.489473798e+04 +2.489473798e+04
1780 0 +2.078337086e+04 +2.083065086e+04 +2.083065086e+04
1801 0 +1.761221290e+04 +1.765949290e+04 +1.765949290e+04
1822 0 +1.358743994e+04 +1.363471994e+04 +1.363471994e+04
1843 0 +8.871584687e+03 +8.918864687e+03 +8.918864687e+03
2638 0 +4.831771009e+03 +4.879051009e+03 +4.879051009e+03
2680 0 +4.362819322e+03 +4.410099322e+03 +4.410099322e+03
2722 0 +3.564599727e+03 +3.611879727e+03 +3.611879727e+03
2764 0 +3.399184592e+03 +3.446464592e+03 +3.446464592e+03
2848 0 +3.055485345e+03 +3.102765345e+03 +3.102765345e+03
2869 0 +2.563722731e+03 +2.611002731e+03 +2.611002731e+03
2890 0 +1.841428772e+03 +1.888708772e+03 +1.888708772e+03
2911 0 +1.647068191e+03 +1.694348191e+03 +1.694348191e+03
3979 0 +1.084648944e+03 +1.131928944e+03 +1.131928944e+03
4000 0 +5.943305203e+02 +6.416105203e+02 +6.416105203e+02
4042 0 +4.475903698e+02 +4.948703698e+02 +4.948703698e+02
4063 0 +3.721241541e+02 +4.194041541e+02 +4.194041541e+02
4084 0 +2.851570102e+02 +3.324370102e+02 +3.324370102e+02
4105 0 +2.162943892e+02 +2.635743892e+02 +2.635743892e+02
4126 0 +1.047898597e+02 +1.520698597e+02 +1.520698597e+02
4147 0 +8.554261727e+01 +1.328226173e+02 +1.328226173e+02
4168 0 +6.595593066e+01 +1.132359307e+02 +1.132359307e+02
4189 0 +5.630356391e+01 +1.035835639e+02 +1.035835639e+02
4210 0 +5.242657531e+01 +9.970657531e+01 +9.970657531e+01
4231 0 +4.690421677e+01 +9.418421677e+01 +9.418421677e+01
4252 0 +4.246283982e+01 +8.974283982e+01 +8.974283982e+01
4273 0 +3.719642865e+01 +8.447642865e+01 +8.447642865e+01
4315 0 +3.332949194e+01 +8.060949194e+01 +8.060949194e+01
4336 0 +2.817212116e+01 +7.545212116e+01 +7.545212116e+01
4357 0 +2.208311895e+01 +6.936311895e+01 +6.936311895e+01
4378 0 +1.724223424e+01 +6.452223424e+01 +6.452223424e+01
4399 0 +1.306222496e+01 +6.034222496e+01 +6.034222496e+01
4420 0 +7.789901788e+00 +5.506990179e+01 +5.506990179e+01
4441 0 +2.100868367e+00 +4.938086837e+01 +4.938086837e+01
4462 0 +1.092678729e+00 +4.837267873e+01 +4.837267873e+01
4483 0 +5.250044305e-01 +4.780500443e+01 +4.780500443e+01
4504 0 +2.518582456e-01 +4.753185825e+01 +4.753185825e+01
4525 0 +1.126602685e-01 +4.739266027e+01 +4.739266027e+01
4546 0 +6.000976604e-02 +4.734000977e+01 +4.734000977e+01
4567 0 +3.715181496e-02 +4.731715181e+01 +4.731715181e+01
4588 0 +2.600694901e-02 +4.730600695e+01 +4.730600695e+01
4609 0 +1.012205582e-02 +4.729012206e+01 +4.729012206e+01
4630 0 +5.325021516e-03 +4.728532502e+01 +4.728532502e+01
4651 0 +1.584307777e-03 +4.728158431e+01 +4.728158431e+01
4672 0 +7.022691460e-04 +4.728070227e+01 +4.728070227e+01
4693 0 +3.528227876e-04 +4.728035282e+01 +4.728035282e+01
4714 0 +1.221978160e-04 +4.728012220e+01 +4.728012220e+01
4735 0 +1.663566074e-05 +4.728001664e+01 +4.728001664e+01
4756 0 +3.143707808e-06 +4.728000314e+01 +4.728000314e+01
4777 0 +5.490702009e-07 +4.728000055e+01 +4.728000055e+01
4798 0 +1.986031748e-07 +4.728000020e+01 +4.728000020e+01
4819 0 +1.445544697e-07 +4.728000014e+01 +4.728000014e+01
4840 0 +7.943623359e-08 +4.728000008e+01 +4.728000008e+01
4845 0 +7.942973923e-08 +4.728000008e+01 +4.728000008e+01
4861 0 +4.454425806e-08 +4.728000004e+01 +4.728000004e+01
4882 0 +3.060790732e-08 +4.728000003e+01 +4.728000003e+01
4903 0 +1.369374303e-08 +4.728000001e+01 +4.728000001e+01
4924 0 +5.494086963e-09 +4.728000001e+01 +4.728000001e+01
86221 0 +8.171241461e-13 +4.728000000e+01 +4.728000000e+01
90460 0 +0.000000000e+00 +4.728000000e+01 +4.728000000e+01
200008 0 +0.000000000e+00 +4.728000000e+01 +4.728000000e+01
% f evaluations | g evaluations | best noise-free fitness - Fopt (-5.688800000000e+02) + sum g_i+ | measured fitness | best measured fitness or single-digit g-values | x1 | x2...
1 0 +1.341855822e+07 +1.341798934e+07 +1.341798934e+07
4 0 +9.722653226e+06 +9.722084346e+06 +9.722084346e+06
7 0 +3.766619440e+06 +3.766050560e+06 +3.766050560e+06
25 0 +1.907350969e+06 +1.906782089e+06 +1.906782089e+06
35 0 +1.094334886e+06 +1.093766006e+06 +1.093766006e+06
70 0 +8.968890180e+05 +8.963201380e+05 +8.963201380e+05
87 0 +7.793929263e+05 +7.788240463e+05 +7.788240463e+05
103 0 +6.839482445e+05 +6.833793645e+05 +6.833793645e+05
132 0 +6.239642122e+05 +6.233953322e+05 +6.233953322e+05
147 0 +5.218181289e+05 +5.212492489e+05 +5.212492489e+05
157 0 +4.001751600e+05 +3.996062800e+05 +3.996062800e+05
162 0 +3.519678746e+05 +3.513989946e+05 +3.513989946e+05
179 0 +3.119792257e+05 +3.114103457e+05 +3.114103457e+05
208 0 +1.915205376e+05 +1.909516576e+05 +1.909516576e+05
289 0 +1.214897615e+05 +1.209208815e+05 +1.209208815e+05
481 0 +6.771023837e+04 +6.714135837e+04 +6.714135837e+04
523 0 +5.130004406e+04 +5.073116406e+04 +5.073116406e+04
544 0 +3.878306158e+04 +3.821418158e+04 +3.821418158e+04
607 0 +3.535912331e+04 +3.479024331e+04 +3.479024331e+04
649 0 +3.134831718e+04 +3.077943718e+04 +3.077943718e+04
691 0 +2.586191231e+04 +2.529303231e+04 +2.529303231e+04
733 0 +2.482166398e+04 +2.425278398e+04 +2.425278398e+04
754 0 +1.972844263e+04 +1.915956263e+04 +1.915956263e+04
796 0 +1.768409872e+04 +1.711521872e+04 +1.711521872e+04
817 0 +1.547556371e+04 +1.490668371e+04 +1.490668371e+04
838 0 +1.290300453e+04 +1.233412453e+04 +1.233412453e+04
880 0 +1.256509695e+04 +1.199621695e+04 +1.199621695e+04
922 0 +9.569832661e+03 +9.000952661e+03 +9.000952661e+03
943 0 +6.017068003e+03 +5.448188003e+03 +5.448188003e+03
964 0 +3.786819411e+03 +3.217939411e+03 +3.217939411e+03
2785 0 +3.316364238e+03 +2.747484238e+03 +2.747484238e+03
2806 0 +2.537091317e+03 +1.968211317e+03 +1.968211317e+03
3832 0 +2.407261514e+03 +1.838381514e+03 +1.838381514e+03
4543 0 +2.122778722e+03 +1.553898722e+03 +1.553898722e+03
4564 0 +1.977688035e+03 +1.408808035e+03 +1.408808035e+03
4606 0 +1.725137973e+03 +1.156257973e+03 +1.156257973e+03
4648 0 +1.555521784e+03 +9.866417837e+02 +9.866417837e+02
4732 0 +1.382108048e+03 +8.132280482e+02 +8.132280482e+02
4774 0 +1.098338299e+03 +5.294582990e+02 +5.294582990e+02
4795 0 +8.656211522e+02 +2.967411522e+02 +2.967411522e+02
4816 0 +5.317432053e+02 -3.713679468e+01 -3.713679468e+01
4858 0 +4.504527597e+02 -1.184272403e+02 -1.184272403e+02
4879 0 +3.835427746e+02 -1.853372254e+02 -1.853372254e+02
4900 0 +3.011235733e+02 -2.677564267e+02 -2.677564267e+02
4921 0 +1.975792892e+02 -3.713007108e+02 -3.713007108e+02
5005 0 +1.501766831e+02 -4.187033169e+02 -4.187033169e+02
5026 0 +9.807967099e+01 -4.708003290e+02 -4.708003290e+02
5068 0 +7.231142661e+01 -4.965685734e+02 -4.965685734e+02
5089 0 +6.004408989e+01 -5.088359101e+02 -5.088359101e+02
5110 0 +4.742328230e+01 -5.214567177e+02 -5.214567177e+02
5131 0 +4.407278848e+01 -5.248072115e+02 -5.248072115e+02
5152 0 +3.287175226e+01 -5.360082477e+02 -5.360082477e+02
5173 0 +2.229794980e+01 -5.465820502e+02 -5.465820502e+02
5194 0 +1.528136675e+01 -5.535986332e+02 -5.535986332e+02
5215 0 +9.929072642e+00 -5.589509274e+02 -5.589509274e+02
5236 0 +8.164350270e+00 -5.607156497e+02 -5.607156497e+02
5257 0 +7.366348546e+00 -5.615136515e+02 -5.615136515e+02
5278 0 +6.498495054e+00 -5.623815049e+02 -5.623815049e+02
5299 0 +4.575707624e+00 -5.643042924e+02 -5.643042924e+02
5341 0 +4.388315900e+00 -5.644916841e+02 -5.644916841e+02
5383 0 +3.541118896e+00 -5.653388811e+02 -5.653388811e+02
5404 0 +2.505228970e+00 -5.663747710e+02 -5.663747710e+02
5425 0 +1.927272179e+00 -5.669527278e+02 -5.669527278e+02
5446 0 +1.521237928e+00 -5.673587621e+02 -5.673587621e+02
5467 0 +1.347820172e+00 -5.675321798e+02 -5.675321798e+02
5488 0 +8.642823250e-01 -5.680157177e+02 -5.680157177e+02
5530 0 +6.162709529e-01 -5.682637290e+02 -5.682637290e+02
5551 0 +5.076896542e-01 -5.683723103e+02 -5.683723103e+02
5572 0 +3.870025127e-01 -5.684929975e+02 -5.684929975e+02
5593 0 +3.452525230e-01 -5.685347475e+02 -5.685347475e+02
5635 0 +2.168611057e-01 -5.686631389e+02 -5.686631389e+02
5698 0 +1.871218715e-01 -5.686928781e+02 -5.686928781e+02
5719 0 +1.533276909e-01 -5.687266723e+02 -5.687266723e+02
5740 0 +1.032430111e-01 -5.687767570e+02 -5.687767570e+02
5761 0 +6.944725894e-02 -5.688105527e+02 -5.688105527e+02
5782 0 +3.496033053e-02 -5.688450397e+02 -5.688450397e+02
5803 0 +1.926150696e-02 -5.688607385e+02 -5.688607385e+02
5824 0 +8.193149487e-03 -5.688718069e+02 -5.688718069e+02
5866 0 +5.243322433e-03 -5.688747567e+02 -5.688747567e+02
5887 0 +2.655684542e-03 -5.688773443e+02 -5.688773443e+02
5908 0 +1.280962876e-03 -5.688787190e+02 -5.688787190e+02
5929 0 +8.155624707e-04 -5.688791844e+02 -5.688791844e+02
5950 0 +3.894548969e-04 -5.688796105e+02 -5.688796105e+02
5971 0 +1.834655220e-04 -5.688798165e+02 -5.688798165e+02
5992 0 +8.442345722e-05 -5.688799156e+02 -5.688799156e+02
6013 0 +4.963897175e-05 -5.688799504e+02 -5.688799504e+02
6034 0 +3.973378659e-05 -5.688799603e+02 -5.688799603e+02
6055 0 +1.871586085e-05 -5.688799813e+02 -5.688799813e+02
6118 0 +1.672735243e-05 -5.688799833e+02 -5.688799833e+02
6139 0 +1.257914982e-05 -5.688799874e+02 -5.688799874e+02
6160 0 +6.177523574e-06 -5.688799938e+02 -5.688799938e+02
6181 0 +2.803603138e-06 -5.688799972e+02 -5.688799972e+02
6202 0 +1.290639489e-06 -5.688799987e+02 -5.688799987e+02
6223 0 +4.269123792e-07 -5.688799996e+02 -5.688799996e+02
6244 0 +1.936037961e-07 -5.688799998e+02 -5.688799998e+02
6265 0 +9.163829873e-08 -5.688799999e+02 -5.688799999e+02
6286 0 +3.561501671e-08 -5.688800000e+02 -5.688800000e+02
6302 0 +3.530431059e-08 -5.688800000e+02 -5.688800000e+02
6307 0 +2.350202521e-08 -5.688800000e+02 -5.688800000e+02
6328 0 +1.133764727e-08 -5.688800000e+02 -5.688800000e+02
6346 0 +1.102557690e-08 -5.688800000e+02 -5.688800000e+02
6391 0 +8.974780030e-09 -5.688800000e+02 -5.688800000e+02
67615 0 +9.094947018e-13 -5.688800000e+02 -5.688800000e+02
69316 0 +0.000000000e+00 -5.688800000e+02 -5.688800000e+02
200567 0 +0.000000000e+00 -5.688800000e+02 -5.688800000e+02
% f evaluations | g evaluations | best noise-free fitness - Fopt (2.069000000000e+01) + sum g_i+ | measured fitness | best measured fitness or single-digit g-values | x1 | x2...
1 0 +9.932977620e+06 +9.932998310e+06 +9.932998310e+06
2 0 +6.450432942e+06 +6.450453632e+06 +6.450453632e+06
7 0 +3.053080602e+06 +3.053101292e+06 +3.053101292e+06
14 0 +2.585550448e+06 +2.585571138e+06 +2.585571138e+06
29 0 +2.392558591e+06 +2.392579281e+06 +2.392579281e+06
52 0 +1.690784412e+06 +1.690805102e+06 +1.690805102e+06
60 0 +1.406181184e+06 +1.406201874e+06 +1.406201874e+06
68 0 +1.307226130e+06 +1.307246820e+06 +1.307246820e+06
75 0 +7.430348147e+05 +7.430555047e+05 +7.430555047e+05
89 0 +6.135371852e+05 +6.135578752e+05 +6.135578752e+05
106 0 +5.644320878e+05 +5.644527778e+05 +5.644527778e+05
158 0 +5.340120560e+05 +5.340327460e+05 +5.340327460e+05
166 0 +4.516245937e+05 +4.516452837e+05 +4.516452837e+05
232 0 +4.363835844e+05 +4.364042744e+05 +4.364042744e+05
256 0 +2.880326684e+05 +2.880533584e+05 +2.880533584e+05
311 0 +2.798108727e+05 +2.798315627e+05 +2.798315627e+05
357 0 +1.002948281e+05 +1.003155181e+05 +1.003155181e+05
523 0 +8.455856619e+04 +8.457925619e+04 +8.457925619e+04
565 0 +7.739271984e+04 +7.741340984e+04 +7.741340984e+04
586 0 +6.970624762e+04 +6.972693762e+04 +6.972693762e+04
670 0 +5.974230909e+04 +5.976299909e+04 +5.976299909e+04
691 0 +3.807966560e+04 +3.810035560e+04 +3.810035560e+04
754 0 +3.200414311e+04 +3.202483311e+04 +3.202483311e+04
775 0 +2.956954843e+04 +2.959023843e+04 +2.959023843e+04
796 0 +2.562448402e+04 +2.564517402e+04 +2.564517402e+04
817 0 +2.257709706e+04 +2.259778706e+04 +2.259778706e+04
838 0 +2.124965756e+04 +2.127034756e+04 +2.127034756e+04
1549 0 +1.823205388e+04 +1.825274388e+04 +1.825274388e+04
1570 0 +1.572600509e+04 +1.574669509e+04 +1.574669509e+04
1591 0 +1.379538606e+04 +1.381607606e+04 +1.381607606e+04
1612 0 +1.204000449e+04 +1.206069449e+04 +1.206069449e+04
1633 0 +9.622610947e+03 +9.643300947e+03 +9.643300947e+03
1717 0 +8.730072894e+03 +8.750762894e+03 +8.750762894e+03
1780 0 +7.049594287e+03 +7.070284287e+03 +7.070284287e+03
1801 0 +5.768327245e+03 +5.789017245e+03 +5.789017245e+03
1822 0 +4.053008690e+03 +4.073698690e+03 +4.073698690e+03
1864 0 +3.434546116e+03 +3.455236116e+03 +3.455236116e+03
1885 0 +2.635483123e+03 +2.656173123e+03 +2.656173123e+03
1906 0 +1.875974271e+03 +1.896664271e+03 +1.896664271e+03
1927 0 +1.421262441e+03 +1.441952441e+03 +1.441952441e+03
4711 0 +1.106088059e+03 +1.126778059e+03 +1.126778059e+03
4774 0 +8.819619812e+02 +9.026519812e+02 +9.026519812e+02
4795 0 +6.995703420e+02 +7.202603420e+02 +7.202603420e+02
4858 0 +5.288253552e+02 +5.495153552e+02 +5.495153552e+02
4879 0 +3.920568768e+02 +4.127468768e+02 +4.127468768e+02
4900 0 +2.523044931e+02 +2.729944931e+02 +2.729944931e+02
4921 0 +1.240149982e+02 +1.447049982e+02 +1.447049982e+02
4963 0 +1.063031742e+02 +1.269931742e+02 +1.269931742e+02
4984 0 +7.528132107e+01 +9.597132107e+01 +9.597132107e+01
5005 0 +3.957865117e+01 +6.026865117e+01 +6.026865117e+01
5026 0 +3.224312483e+01 +5.293312483e+01 +5.293312483e+01
5047 0 +2.998951847e+01 +5.067951847e+01 +5.067951847e+01
5089 0 +2.680997854e+01 +4.749997854e+01 +4.749997854e+01
5152 0 +2.487987987e+01 +4.556987987e+01 +4.556987987e+01
5215 0 +2.021005772e+01 +4.090005772e+01 +4.090005772e+01
5236 0 +1.253591670e+01 +3.322591670e+01 +3.322591670e+01
5341 0 +1.076248826e+01 +3.145248826e+01 +3.145248826e+01
5362 0 +8.811624447e+00 +2.950162445e+01 +2.950162445e+01
5383 0 +5.559775151e+00 +2.624977515e+01 +2.624977515e+01
5404 0 +1.777328096e+00 +2.246732810e+01 +2.246732810e+01
5425 0 +7.016241127e-01 +2.139162411e+01 +2.139162411e+01
5446 0 +3.428955561e-01 +2.103289556e+01 +2.103289556e+01
5467 0 +1.353770534e-01 +2.082537705e+01 +2.082537705e+01
5488 0 +2.919206409e-02 +2.071919206e+01 +2.071919206e+01
5509 0 +1.204068534e-02 +2.070204069e+01 +2.070204069e+01
5530 0 +6.954458437e-03 +2.069695446e+01 +2.069695446e+01
5551 0 +4.250179006e-03 +2.069425018e+01 +2.069425018e+01
5572 0 +2.215786226e-03 +2.069221579e+01 +2.069221579e+01
5614 0 +1.839687779e-03 +2.069183969e+01 +2.069183969e+01
5635 0 +1.352694657e-03 +2.069135269e+01 +2.069135269e+01
5656 0 +8.599734929e-04 +2.069085997e+01 +2.069085997e+01
5677 0 +3.342796062e-04 +2.069033428e+01 +2.069033428e+01
5698 0 +1.321989082e-04 +2.069013220e+01 +2.069013220e+01
5719 0 +3.672018681e-05 +2.069003672e+01 +2.069003672e+01
5740 0 +1.986791749e-05 +2.069001987e+01 +2.069001987e+01
5761 0 +1.252398773e-05 +2.069001252e+01 +2.069001252e+01
5782 0 +8.822521576e-06 +2.069000882e+01 +2.069000882e+01
5803 0 +6.977424874e-06 +2.069000698e+01 +2.069000698e+01
5824 0 +5.613667629e-06 +2.069000561e+01 +2.069000561e+01
5845 0 +4.470160668e-06 +2.069000447e+01 +2.069000447e+01
5863 0 +4.466546439e-06 +2.069000447e+01 +2.069000447e+01
5866 0 +3.492469933e-06 +2.069000349e+01 +2.069000349e+01
5887 0 +2.245371277e-06 +2.069000225e+01 +2.069000225e+01
5908 0 +1.359951487e-06 +2.069000136e+01 +2.069000136e+01
5929 0 +1.216114779e-06 +2.069000122e+01 +2.069000122e+01
5971 0 +1.108267451e-06 +2.069000111e+01 +2.069000111e+01
5992 0 +6.449878711e-07 +2.069000064e+01 +2.069000064e+01
6076 0 +6.243487363e-07 +2.069000062e+01 +2.069000062e+01
6118 0 +4.691800513e-07 +2.069000047e+01 +2.069000047e+01
6139 0 +4.015737360e-07 +2.069000040e+01 +2.069000040e+01
6160 0 +3.521327621e-07 +2.069000035e+01 +2.069000035e+01
6181 0 +2.690582654e-07 +2.069000027e+01 +2.069000027e+01
6202 0 +1.044634850e-07 +2.069000010e+01 +2.069000010e+01
6223 0 +4.235111817e-08 +2.069000004e+01 +2.069000004e+01
6244 0 +1.954830964e-08 +2.069000002e+01 +2.069000002e+01
6265 0 +1.055763477e-08 +2.069000001e+01 +2.069000001e+01
6286 0 +7.532793944e-09 +2.069000001e+01 +2.069000001e+01
84959 0 +5.648814749e-13 +2.069000000e+01 +2.069000000e+01
88235 0 +0.000000000e+00 +2.069000000e+01 +2.069000000e+01
200842 0 +0.000000000e+00 +2.069000000e+01 +2.069000000e+01
% f evaluations | g evaluations | best noise-free fitness - Fopt (5.616700000000e+02) + sum g_i+ | measured fitness | best measured fitness or single-digit g-values | x1 | x2...
1 0 +1.613661602e+07 +1.613717769e+07 +1.613717769e+07
2 0 +5.301242784e+06 +5.301804454e+06 +5.301804454e+06
23 0 +4.443496926e+06 +4.444058596e+06 +4.444058596e+06
26 0 +3.254845862e+06 +3.255407532e+06 +3.255407532e+06
34 0 +2.953397301e+06 +2.953958971e+06 +2.953958971e+06
37 0 +1.552139594e+06 +1.552701264e+06 +1.552701264e+06
49 0 +1.289506356e+06 +1.290068026e+06 +1.290068026e+06
62 0 +8.415975238e+05 +8.421591938e+05 +8.421591938e+05
87 0 +5.105583564e+05 +5.111200264e+05 +5.111200264e+05
198 0 +3.478840493e+05 +3.484457193e+05 +3.484457193e+05
341 0 +2.257014659e+05 +2.262631359e+05 +2.262631359e+05
351 0 +1.851537637e+05 +1.857154337e+05 +1.857154337e+05
481 0 +1.723678315e+05 +1.729295015e+05 +1.729295015e+05
523 0 +1.512426753e+05 +1.518043453e+05 +1.518043453e+05
544 0 +1.258771064e+05 +1.264387764e+05 +1.264387764e+05
607 0 +1.018874853e+05 +1.024491553e+05 +1.024491553e+05
628 0 +8.728042810e+04 +8.784209810e+04 +8.784209810e+04
691 0 +7.099822200e+04 +7.155989200e+04 +7.155989200e+04
712 0 +6.513453634e+04 +6.569620634e+04 +6.569620634e+04
733 0 +5.671146435e+04 +5.727313435e+04 +5.727313435e+04
775 0 +5.527861140e+04 +5.584028140e+04 +5.584028140e+04
859 0 +4.961246646e+04 +5.017413646e+04 +5.017413646e+04
880 0 +4.322523191e+04 +4.378690191e+04 +4.378690191e+04
901 0 +3.788586725e+04 +3.844753725e+04 +3.844753725e+04
1549 0 +2.808911164e+04 +2.865078164e+04 +2.865078164e+04
1570 0 +1.988444939e+04 +2.044611939e+04 +2.044611939e+04
1591 0 +1.767615601e+04 +1.823782601e+04 +1.823782601e+04
1654 0 +1.400813645e+04 +1.456980645e+04 +1.456980645e+04
1696 0 +1.220510643e+04 +1.276677643e+04 +1.276677643e+04
1717 0 +9.586503691e+03 +1.014817369e+04 +1.014817369e+04
1738 0 +7.352762537e+03 +7.914432537e+03 +7.914432537e+03
1780 0 +7.068501278e+03 +7.630171278e+03 +7.630171278e+03
1822 0 +6.229598270e+03 +6.791268270e+03 +6.791268270e+03
1843 0 +5.347596706e+03 +5.909266706e+03 +5.909266706e+03
1864 0 +4.114259252e+03 +4.675929252e+03 +4.675929252e+03
1885 0 +3.228140346e+03 +3.789810346e+03 +3.789810346e+03
1927 0 +2.857843532e+03 +3.419513532e+03 +3.419513532e+03
1948 0 +2.455728024e+03 +3.017398024e+03 +3.017398024e+03
1969 0 +2.163298359e+03 +2.724968359e+03 +2.724968359e+03
2011 0 +1.908169876e+03 +2.469839876e+03 +2.469839876e+03
2032 0 +1.724526213e+03 +2.286196213e+03 +2.286196213e+03
2095 0 +1.549543023e+03 +2.111213023e+03 +2.111213023e+03
2179 0 +1.022683121e+03 +1.584353121e+03 +1.584353121e+03
2242 0 +9.655321306e+02 +1.527202131e+03 +1.527202131e+03
2284 0 +8.202643252e+02 +1.381934325e+03 +1.381934325e+03
2305 0 +7.137699822e+02 +1.275439982e+03 +1.275439982e+03
2326 0 +6.597647059e+02 +1.221434706e+03 +1.221434706e+03
2347 0 +6.100256123e+02 +1.171695612e+03 +1.171695612e+03
2389 0 +5.156034392e+02 +1.077273439e+03 +1.077273439e+03
2410 0 +4.572951222e+02 +1.018965122e+03 +1.018965122e+03
2431 0 +4.373839804e+02 +9.990539804e+02 +9.990539804e+02
2473 0 +3.306156232e+02 +8.922856232e+02 +8.922856232e+02
2494 0 +2.202579798e+02 +7.819279798e+02 +7.819279798e+02
2515 0 +1.775147522e+02 +7.391847522e+02 +7.391847522e+02
2536 0 +1.554566125e+02 +7.171266125e+02 +7.171266125e+02
2557 0 +1.302992660e+02 +6.919692660e+02 +6.919692660e+02
2578 0 +9.188192761e+01 +6.535519276e+02 +6.535519276e+02
2599 0 +6.274535395e+01 +6.244153540e+02 +6.244153540e+02
2620 0 +3.110391581e+01 +5.927739158e+02 +5.927739158e+02
2641 0 +1.595272249e+01 +5.776227225e+02 +5.776227225e+02
2662 0 +5.581277713e+00 +5.672512777e+02 +5.672512777e+02
2683 0 +2.811292717e+00 +5.644812927e+02 +5.644812927e+02
2704 0 +1.648448090e+00 +5.633184481e+02 +5.633184481e+02
2725 0 +7.332243557e-01 +5.624032244e+02 +5.624032244e+02
2746 0 +4.631681410e-01 +5.621331681e+02 +5.621331681e+02
2767 0 +3.172057946e-01 +5.619872058e+02 +5.619872058e+02
2788 0 +2.958983954e-01 +5.619658984e+02 +5.619658984e+02
2809 0 +2.574550277e-01 +5.619274550e+02 +5.619274550e+02
2830 0 +1.804390163e-01 +5.618504390e+02 +5.618504390e+02
2851 0 +1.246568823e-01 +5.617946569e+02 +5.617946569e+02
2872 0 +8.991761953e-02 +5.617599176e+02 +5.617599176e+02
2893 0 +5.034161799e-02 +5.617203416e+02 +5.617203416e+02
2914 0 +4.325779643e-02 +5.617132578e+02 +5.617132578e+02
2935 0 +2.358789549e-02 +5.616935879e+02 +5.616935879e+02
2998 0 +2.184232360e-02 +5.616918423e+02 +5.616918423e+02
3019 0 +1.965778724e-02 +5.616896578e+02 +5.616896578e+02
3040 0 +1.708690848e-02 +5.616870869e+02 +5.616870869e+02
3061 0 +1.539140157e-02 +5.616853914e+02 +5.616853914e+02
3082 0 +1.327866263e-02 +5.616832787e+02 +5.616832787e+02
3103 0 +1.202992835e-02 +5.616820299e+02 +5.616820299e+02
3124 0 +1.052292024e-02 +5.616805229e+02 +5.616805229e+02
3145 0 +8.512802281e-03 +5.616785128e+02 +5.616785128e+02
3166 0 +6.419137982e-03 +5.616764191e+02 +5.616764191e+02
3187 0 +3.485984315e-03 +5.616734860e+02 +5.616734860e+02
3208 0 +1.239188723e-03 +5.616712392e+02 +5.616712392e+02
3229 0 +6.580595323e-04 +5.616706581e+02 +5.616706581e+02
3250 0 +2.518789166e-04 +5.616702519e+02 +5.616702519e+02
3271 0 +1.669592664e-04 +5.616701670e+02 +5.616701670e+02
3292 0 +8.059338620e-05 +5.616700806e+02 +5.616700806e+02
3313 0 +5.403996249e-05 +5.616700540e+02 +5.616700540e+02
3334 0 +3.230182654e-05 +5.616700323e+02 +5.616700323e+02
3355 0 +2.216076052e-05 +5.616700222e+02 +5.616700222e+02
3376 0 +8.368517001e-06 +5.616700084e+02 +5.616700084e+02
3397 0 +4.267972258e-06 +5.616700043e+02 +5.616700043e+02
3418 0 +1.723371952e-06 +5.616700017e+02 +5.616700017e+02
3439 0 +1.291749072e-06 +5.616700013e+02 +5.616700013e+02
3460 0 +6.248058071e-07 +5.616700006e+02 +5.616700006e+02
3502 0 +3.549766916e-07 +5.616700004e+02 +5.616700004e+02
3514 0 +3.544822675e-07 +5.616700004e+02 +5.616700004e+02
3523 0 +1.735404567e-07 +5.616700002e+02 +5.616700002e+02
3544 0 +5.499020972e-08 +5.616700001e+02 +5.616700001e+02
3565 0 +3.513332558e-08 +5.616700000e+02 +5.616700000e+02
3586 0 +1.269449967e-08 +5.616700000e+02 +5.616700000e+02
3604 0 +1.238367986e-08 +5.616700000e+02 +5.616700000e+02
3607 0 +7.322682904e-09 +5.616700000e+02 +5.616700000e+02
73306 0 +9.094947018e-13 +5.616700000e+02 +5.616700000e+02
200520 0 +1.136868377e-13 +5.616700000e+02 +5.616700000e+02
