% f evaluations | g evaluations | best noise-free fitness - Fopt (2.997000000000e+01) + sum g_i+ | measured fitness | best measured fitness or single-digit g-values | x1 | x2...
1 0 +2.197632835e+03 +2.227602835e+03 +2.227602835e+03
2 0 +1.990940646e+03 +2.020910646e+03 +2.020910646e+03
8 0 +1.771881896e+03 +1.801851896e+03 +1.801851896e+03
16 0 +1.569222354e+03 +1.599192354e+03 +1.599192354e+03
30 0 +1.399384798e+03 +1.429354798e+03 +1.429354798e+03
83 0 +1.141525801e+03 +1.171495801e+03 +1.171495801e+03
91 0 +9.779076315e+02 +1.007877631e+03 +1.007877631e+03
121 0 +8.701217625e+02 +9.000917625e+02 +9.000917625e+02
142 0 +7.131533969e+02 +7.431233969e+02 +7.431233969e+02
163 0 +4.126873900e+02 +4.426573900e+02 +4.426573900e+02
184 0 +2.889395545e+02 +3.189095545e+02 +3.189095545e+02
205 0 +1.466075516e+02 +1.765775516e+02 +1.765775516e+02
247 0 +1.101563756e+02 +1.401263756e+02 +1.401263756e+02
289 0 +9.996024126e+01 +1.299302413e+02 +1.299302413e+02
331 0 +8.147521170e+01 +1.114452117e+02 +1.114452117e+02
352 0 +7.449441357e+01 +1.044644136e+02 +1.044644136e+02
373 0 +6.734266919e+01 +9.731266919e+01 +9.731266919e+01
394 0 +6.196314213e+01 +9.193314213e+01 +9.193314213e+01
415 0 +5.524345026e+01 +8.521345026e+01 +8.521345026e+01
436 0 +4.708525369e+01 +7.705525369e+01 +7.705525369e+01
478 0 +4.351292404e+01 +7.348292404e+01 +7.348292404e+01
520 0 +3.780044664e+01 +6.777044664e+01 +6.777044664e+01
541 0 +3.498909514e+01 +6.495909514e+01 +6.495909514e+01
562 0 +3.133876580e+01 +6.130876580e+01 +6.130876580e+01
604 0 +2.648700052e+01 +5.645700052e+01 +5.645700052e+01
625 0 +2.222668823e+01 +5.219668823e+01 +5.219668823e+01
709 0 +1.892197369e+01 +4.889197369e+01 +4.889197369e+01
730 0 +1.437924790e+01 +4.434924790e+01 +4.434924790e+01
772 0 +1.187569531e+01 +4.184569531e+01 +4.184569531e+01
793 0 +8.089383838e+00 +3.805938384e+01 +3.805938384e+01
814 0 +7.142865819e+00 +3.711286582e+01 +3.711286582e+01
835 0 +5.692332167e+00 +3.566233217e+01 +3.566233217e+01
856 0 +3.484314984e+00 +3.345431498e+01 +3.345431498e+01
898 0 +2.267552136e+00 +3.223755214e+01 +3.223755214e+01
940 0 +1.709694913e+00 +3.167969491e+01 +3.167969491e+01
982 0 +1.427736199e+00 +3.139773620e+01 +3.139773620e+01
1003 0 +1.233814694e+00 +3.120381469e+01 +3.120381469e+01
1024 0 +9.800827260e-01 +3.095008273e+01 +3.095008273e+01
1045 0 +8.280293659e-01 +3.079802937e+01 +3.079802937e+01
1087 0 +7.684958900e-01 +3.073849589e+01 +3.073849589e+01
1108 0 +6.766953763e-01 +3.064669538e+01 +3.064669538e+01
1129 0 +5.362868954e-01 +3.050628690e+01 +3.050628690e+01
1171 0 +4.819457183e-01 +3.045194572e+01 +3.045194572e+01
1192 0 +4.041446576e-01 +3.037414466e+01 +3.037414466e+01
1213 0 +3.197809897e-01 +3.028978099e+01 +3.028978099e+01
1255 0 +2.888736858e-01 +3.025887369e+01 +3.025887369e+01
1276 0 +2.553222611e-01 +3.022532226e+01 +3.022532226e+01
1297 0 +2.308338491e-01 +3.020083385e+01 +3.020083385e+01
1318 0 +2.137981001e-01 +3.018379810e+01 +3.018379810e+01
1360 0 +1.768899339e-01 +3.014688993e+01 +3.014688993e+01
1402 0 +1.404100813e-01 +3.011041008e+01 +3.011041008e+01
1423 0 +1.144969429e-01 +3.008449694e+01 +3.008449694e+01
1465 0 +1.017624094e-01 +3.007176241e+01 +3.007176241e+01
1486 0 +9.101121765e-02 +3.006101122e+01 +3.006101122e+01
1507 0 +7.359389209e-02 +3.004359389e+01 +3.004359389e+01
1528 0 +5.230096390e-02 +3.002230096e+01 +3.002230096e+01
1549 0 +4.465944342e-02 +3.001465944e+01 +3.001465944e+01
1570 0 +3.865358850e-02 +3.000865359e+01 +3.000865359e+01
1591 0 +3.303334264e-02 +3.000303334e+01 +3.000303334e+01
1612 0 +2.602052812e-02 +2.999602053e+01 +2.999602053e+01
1633 0 +1.982092965e-02 +2.998982093e+01 +2.998982093e+01
1654 0 +1.576913072e-02 +2.998576913e+01 +2.998576913e+01
1717 0 +1.201537918e-02 +2.998201538e+01 +2.998201538e+01
1738 0 +8.848738114e-03 +2.997884874e+01 +2.997884874e+01
1759 0 +6.496007389e-03 +2.997649601e+01 +2.997649601e+01
1801 0 +5.797453935e-03 +2.997579745e+01 +2.997579745e+01
1822 0 +4.795335662e-03 +2.997479534e+01 +2.997479534e+01
1843 0 +4.215112982e-03 +2.997421511e+01 +2.997421511e+01
1864 0 +3.514007203e-03 +2.997351401e+01 +2.997351401e+01
1885 0 +3.003046632e-03 +2.997300305e+01 +2.997300305e+01
1906 0 +2.528254717e-03 +2.997252825e+01 +2.997252825e+01
1927 0 +2.419958927e-03 +2.997241996e+01 +2.997241996e+01
4979 0 +2.105237521e-03 +2.997210524e+01 +2.997210524e+01
15379 0 +1.917131846e-03 +2.997191713e+01 +2.997191713e+01
15463 0 +1.776176397e-03 +2.997177618e+01 +2.997177618e+01
200021 0 +1.600489369e-03 +2.997160049e+01 +2.997160049e+01
% f evaluations | g evaluations | best noise-free fitness - Fopt (-5.171000000000e+01) + sum g_i+ | measured fitness | best measured fitness or single-digit g-values | x1 | x2...
1 0 +2.599123237e+03 +2.547413237e+03 +2.547413237e+03
2 0 +2.560441371e+03 +2.508731371e+03 +2.508731371e+03
3 0 +2.318522423e+03 +2.266812423e+03 +2.266812423e+03
14 0 +2.142014491e+03 +2.090304491e+03 +2.090304491e+03
25 0 +1.933367274e+03 +1.881657274e+03 +1.881657274e+03
55 0 +1.729547750e+03 +1.677837750e+03 +1.677837750e+03
76 0 +1.575632059e+03 +1.523922059e+03 +1.523922059e+03
85 0 +8.954928468e+02 +8.437828468e+02 +8.437828468e+02
113 0 +8.000335027e+02 +7.483235027e+02 +7.483235027e+02
121 0 +6.228235844e+02 +5.711135844e+02 +5.711135844e+02
142 0 +4.592008616e+02 +4.074908616e+02 +4.074908616e+02
163 0 +1.813772630e+02 +1.296672630e+02 +1.296672630e+02
205 0 +1.119953680e+02 +6.028536804e+01 +6.028536804e+01
247 0 +9.731573138e+01 +4.560573138e+01 +4.560573138e+01
310 0 +8.225072398e+01 +3.054072398e+01 +3.054072398e+01
331 0 +7.327043218e+01 +2.156043218e+01 +2.156043218e+01
352 0 +6.263487458e+01 +1.092487458e+01 +1.092487458e+01
373 0 +5.288327280e+01 +1.173272798e+00 +1.173272798e+00
415 0 +4.938375704e+01 -2.326242960e+00 -2.326242960e+00
457 0 +4.363317996e+01 -8.076820036e+00 -8.076820036e+00
478 0 +3.919710879e+01 -1.251289121e+01 -1.251289121e+01
520 0 +3.468465465e+01 -1.702534535e+01 -1.702534535e+01
541 0 +3.155209619e+01 -2.015790381e+01 -2.015790381e+01
562 0 +2.665568214e+01 -2.505431786e+01 -2.505431786e+01
604 0 +2.432900103e+01 -2.738099897e+01 -2.738099897e+01
667 0 +1.909060378e+01 -3.261939622e+01 -3.261939622e+01
688 0 +1.573591557e+01 -3.597408443e+01 -3.597408443e+01
772 0 +1.255385296e+01 -3.915614704e+01 -3.915614704e+01
793 0 +9.974810596e+00 -4.173518940e+01 -4.173518940e+01
814 0 +6.713374069e+00 -4.499662593e+01 -4.499662593e+01
835 0 +5.955791506e+00 -4.575420849e+01 -4.575420849e+01
856 0 +4.814550754e+00 -4.689544925e+01 -4.689544925e+01
877 0 +3.119894315e+00 -4.859010569e+01 -4.859010569e+01
919 0 +1.989304779e+00 -4.972069522e+01 -4.972069522e+01
961 0 +1.600658335e+00 -5.010934167e+01 -5.010934167e+01
982 0 +1.473561825e+00 -5.023643818e+01 -5.023643818e+01
1003 0 +1.283166904e+00 -5.042683310e+01 -5.042683310e+01
1024 0 +1.113886735e+00 -5.059611326e+01 -5.059611326e+01
1045 0 +8.720522687e-01 -5.083794773e+01 -5.083794773e+01
1087 0 +7.344116287e-01 -5.097558837e+01 -5.097558837e+01
1108 0 +5.959895831e-01 -5.111401042e+01 -5.111401042e+01
1129 0 +4.720653946e-01 -5.123793461e+01 -5.123793461e+01
1171 0 +4.458546250e-01 -5.126414537e+01 -5.126414537e+01
1213 0 +3.463031359e-01 -5.136369686e+01 -5.136369686e+01
1234 0 +2.971785496e-01 -5.141282145e+01 -5.141282145e+01
1255 0 +2.631201756e-01 -5.144687982e+01 -5.144687982e+01
1276 0 +2.230729083e-01 -5.148692709e+01 -5.148692709e+01
1339 0 +1.861855664e-01 -5.152381443e+01 -5.152381443e+01
1360 0 +1.672330355e-01 -5.154276696e+01 -5.154276696e+01
1381 0 +1.570391419e-01 -5.155296086e+01 -5.155296086e+01
1423 0 +1.281178059e-01 -5.158188219e+01 -5.158188219e+01
1444 0 +1.077715116e-01 -5.160222849e+01 -5.160222849e+01
1486 0 +9.992552442e-02 -5.161007448e+01 -5.161007448e+01
1507 0 +8.384699247e-02 -5.162615301e+01 -5.162615301e+01
1528 0 +5.510642260e-02 -5.165489358e+01 -5.165489358e+01
1570 0 +3.683120685e-02 -5.167316879e+01 -5.167316879e+01
1612 0 +3.149496201e-02 -5.167850504e+01 -5.167850504e+01
1633 0 +2.568689488e-02 -5.168431311e+01 -5.168431311e+01
1654 0 +2.063526631e-02 -5.168936473e+01 -5.168936473e+01
1696 0 +1.799512171e-02 -5.169200488e+01 -5.169200488e+01
1717 0 +1.458697953e-02 -5.169541302e+01 -5.169541302e+01
1738 0 +1.373507686e-02 -5.169626492e+01 -5.169626492e+01
1759 0 +1.222009128e-02 -5.169777991e+01 -5.169777991e+01
1780 0 +9.731502973e-03 -5.170026850e+01 -5.170026850e+01
1801 0 +7.193924580e-03 -5.170280608e+01 -5.170280608e+01
1822 0 +7.002461029e-03 -5.170299754e+01 -5.170299754e+01
1843 0 +5.718063072e-03 -5.170428194e+01 -5.170428194e+01
1864 0 +5.084814946e-03 -5.170491519e+01 -5.170491519e+01
1885 0 +4.748532895e-03 -5.170525147e+01 -5.170525147e+01
1906 0 +4.324936378e-03 -5.170567506e+01 -5.170567506e+01
1927 0 +3.812941643e-03 -5.170618706e+01 -5.170618706e+01
1948 0 +3.190345647e-03 -5.170680965e+01 -5.170680965e+01
1969 0 +2.584427025e-03 -5.170741557e+01 -5.170741557e+01
1990 0 +2.365232190e-03 -5.170763477e+01 -5.170763477e+01
2011 0 +2.129176176e-03 -5.170787082e+01 -5.170787082e+01
2095 0 +1.950370268e-03 -5.170804963e+01 -5.170804963e+01
5105 0 +1.693430092e-03 -5.170830657e+01 -5.170830657e+01
7947 0 +1.494706430e-03 -5.170850529e+01 -5.170850529e+01
53078 0 +1.223013922e-03 -5.170877699e+01 -5.170877699e+01
188765 0 +1.113156137e-03 -5.170888684e+01 -5.170888684e+01
194064 0 +9.933541219e-04 -5.170900665e+01 -5.170900665e+01
200271 0 +9.405896590e-04 -5.170905941e+01 -5.170905941e+01
% f evaluations | g evaluations | best noise-free fitness - Fopt (-2.799500000000e+02) + sum g_i+ | measured fitness | best measured fitness or single-digit g-values | x1 | x2...
1 0 +2.286502971e+03 +2.006552971e+03 +2.006552971e+03
2 0 +2.037065207e+03 +1.757115207e+03 +1.757115207e+03
6 0 +1.976787612e+03 +1.696837612e+03 +1.696837612e+03
33 0 +1.709471083e+03 +1.429521083e+03 +1.429521083e+03
37 0 +1.553790061e+03 +1.273840061e+03 +1.273840061e+03
60 0 +1.340396356e+03 +1.060446356e+03 +1.060446356e+03
86 0 +1.071569697e+03 +7.916196965e+02 +7.916196965e+02
121 0 +8.701916737e+02 +5.902416737e+02 +5.902416737e+02
142 0 +7.120706611e+02 +4.321206611e+02 +4.321206611e+02
163 0 +4.168021849e+02 +1.368521849e+02 +1.368521849e+02
184 0 +2.939936898e+02 +1.404368978e+01 +1.404368978e+01
205 0 +1.612273949e+02 -1.187226051e+02 -1.187226051e+02
247 0 +1.239616509e+02 -1.559883491e+02 -1.559883491e+02
289 0 +1.112701093e+02 -1.686798907e+02 -1.686798907e+02
331 0 +9.166934190e+01 -1.882806581e+02 -1.882806581e+02
352 0 +8.043339792e+01 -1.995166021e+02 -1.995166021e+02
373 0 +7.481961951e+01 -2.051303805e+02 -2.051303805e+02
394 0 +6.929075615e+01 -2.106592438e+02 -2.106592438e+02
436 0 +5.715211477e+01 -2.227978852e+02 -2.227978852e+02
457 0 +4.775016314e+01 -2.321998369e+02 -2.321998369e+02
520 0 +4.178387838e+01 -2.381661216e+02 -2.381661216e+02
541 0 +3.689572441e+01 -2.430542756e+02 -2.430542756e+02
562 0 +3.304882435e+01 -2.469011756e+02 -2.469011756e+02
583 0 +2.984108089e+01 -2.501089191e+02 -2.501089191e+02
604 0 +2.594813541e+01 -2.540018646e+02 -2.540018646e+02
625 0 +2.241962377e+01 -2.575303762e+02 -2.575303762e+02
667 0 +2.154049275e+01 -2.584095073e+02 -2.584095073e+02
688 0 +1.983683242e+01 -2.601131676e+02 -2.601131676e+02
709 0 +1.521949990e+01 -2.647305001e+02 -2.647305001e+02
772 0 +1.271536372e+01 -2.672346363e+02 -2.672346363e+02
793 0 +8.773246039e+00 -2.711767540e+02 -2.711767540e+02
856 0 +7.871934335e+00 -2.720780657e+02 -2.720780657e+02
877 0 +6.194497177e+00 -2.737555028e+02 -2.737555028e+02
898 0 +4.776448969e+00 -2.751735510e+02 -2.751735510e+02
919 0 +3.676334443e+00 -2.762736656e+02 -2.762736656e+02
961 0 +3.037788948e+00 -2.769122111e+02 -2.769122111e+02
982 0 +2.262281746e+00 -2.776877183e+02 -2.776877183e+02
1003 0 +2.110116642e+00 -2.778398834e+02 -2.778398834e+02
1024 0 +1.859053550e+00 -2.780909464e+02 -2.780909464e+02
1045 0 +1.587941625e+00 -2.783620584e+02 -2.783620584e+02
1066 0 +1.253343137e+00 -2.786966569e+02 -2.786966569e+02
1087 0 +1.115952417e+00 -2.788340476e+02 -2.788340476e+02
1108 0 +9.220752707e-01 -2.790279247e+02 -2.790279247e+02
1129 0 +8.755691097e-01 -2.790744309e+02 -2.790744309e+02
1171 0 +7.172174939e-01 -2.792327825e+02 -2.792327825e+02
1192 0 +5.590337139e-01 -2.793909663e+02 -2.793909663e+02
1213 0 +5.004464899e-01 -2.794495535e+02 -2.794495535e+02
1234 0 +4.190871824e-01 -2.795309128e+02 -2.795309128e+02
1255 0 +3.637223473e-01 -2.795862777e+02 -2.795862777e+02
1297 0 +3.421260603e-01 -2.796078739e+02 -2.796078739e+02
1318 0 +3.080978497e-01 -2.796419022e+02 -2.796419022e+02
1339 0 +2.531930608e-01 -2.796968069e+02 -2.796968069e+02
1360 0 +2.414056837e-01 -2.797085943e+02 -2.797085943e+02
1381 0 +2.226167291e-01 -2.797273833e+02 -2.797273833e+02
1402 0 +1.951945437e-01 -2.797548055e+02 -2.797548055e+02
1423 0 +1.526046256e-01 -2.797973954e+02 -2.797973954e+02
1465 0 +1.278817190e-01 -2.798221183e+02 -2.798221183e+02
1486 0 +1.014874917e-01 -2.798485125e+02 -2.798485125e+02
1507 0 +6.779537003e-02 -2.798822046e+02 -2.798822046e+02
1528 0 +6.147278659e-02 -2.798885272e+02 -2.798885272e+02
1549 0 +4.548551561e-02 -2.799045145e+02 -2.799045145e+02
1591 0 +4.070804182e-02 -2.799092920e+02 -2.799092920e+02
1612 0 +3.316729490e-02 -2.799168327e+02 -2.799168327e+02
1633 0 +2.764694100e-02 -2.799223531e+02 -2.799223531e+02
1654 0 +2.135268021e-02 -2.799286473e+02 -2.799286473e+02
1696 0 +1.782583001e-02 -2.799321742e+02 -2.799321742e+02
1738 0 +1.643312806e-02 -2.799335669e+02 -2.799335669e+02
1759 0 +1.399508951e-02 -2.799360049e+02 -2.799360049e+02
1780 0 +1.114559142e-02 -2.799388544e+02 -2.799388544e+02
1801 0 +8.567937072e-03 -2.799414321e+02 -2.799414321e+02
1843 0 +7.501855089e-03 -2.799424981e+02 -2.799424981e+02
1864 0 +6.935619522e-03 -2.799430644e+02 -2.799430644e+02
1906 0 +5.681723053e-03 -2.799443183e+02 -2.799443183e+02
1927 0 +4.791325388e-03 -2.799452087e+02 -2.799452087e+02
1948 0 +3.808927633e-03 -2.799461911e+02 -2.799461911e+02
1990 0 +3.547671296e-03 -2.799464523e+02 -2.799464523e+02
7169 0 +3.072660327e-03 -2.799469273e+02 -2.799469273e+02
12601 0 +2.589205340e-03 -2.799474108e+02 -2.799474108e+02
36388 0 +2.487421871e-03 -2.799475126e+02 -2.799475126e+02
49448 0 +8.238740812e-04 -2.799491761e+02 -2.799491761e+02
200014 0 +8.228700037e-04 -2.799491771e+02 -2.799491771e+02
% f evaluations | g evaluations | best noise-free fitness - Fopt (9.319900000000e+02) + sum g_i+ | measured fitness | best measured fitness or single-digit g-values | x1 | x2...
1 0 +2.430376314e+03 +3.362366314e+03 +3.362366314e+03
2 0 +1.966233899e+03 +2.898223899e+03 +2.898223899e+03
7 0 +1.675936977e+03 +2.607926977e+03 +2.607926977e+03
44 0 +1.420303583e+03 +2.352293583e+03 +2.352293583e+03
51 0 +1.277385709e+03 +2.209375709e+03 +2.209375709e+03
63 0 +1.251699502e+03 +2.183689502e+03 +2.183689502e+03
65 0 +1.067729241e+03 +1.999719241e+03 +1.999719241e+03
107 0 +8.700627883e+02 +1.802052788e+03 +1.802052788e+03
121 0 +6.097721614e+02 +1.541762161e+03 +1.541762161e+03
142 0 +4.213847885e+02 +1.353374789e+03 +1.353374789e+03
163 0 +1.190300076e+02 +1.051020008e+03 +1.051020008e+03
205 0 +9.988062606e+01 +1.031870626e+03 +1.031870626e+03
289 0 +8.416636216e+01 +1.016156362e+03 +1.016156362e+03
310 0 +7.511659816e+01 +1.007106598e+03 +1.007106598e+03
331 0 +6.061798181e+01 +9.926079818e+02 +9.926079818e+02
352 0 +5.062666999e+01 +9.826166700e+02 +9.826166700e+02
394 0 +4.593189979e+01 +9.779218998e+02 +9.779218998e+02
436 0 +4.335967472e+01 +9.753496747e+02 +9.753496747e+02
457 0 +3.922979440e+01 +9.712197944e+02 +9.712197944e+02
478 0 +3.527043447e+01 +9.672604345e+02 +9.672604345e+02
541 0 +3.143171641e+01 +9.634217164e+02 +9.634217164e+02
583 0 +2.391497283e+01 +9.559049728e+02 +9.559049728e+02
625 0 +2.201642620e+01 +9.540064262e+02 +9.540064262e+02
688 0 +1.944645466e+01 +9.514364547e+02 +9.514364547e+02
709 0 +1.639200405e+01 +9.483820040e+02 +9.483820040e+02
751 0 +1.489740526e+01 +9.468874053e+02 +9.468874053e+02
772 0 +1.263826925e+01 +9.446282692e+02 +9.446282692e+02
793 0 +8.598688799e+00 +9.405886888e+02 +9.405886888e+02
814 0 +6.331214750e+00 +9.383212148e+02 +9.383212148e+02
835 0 +6.036921097e+00 +9.380269211e+02 +9.380269211e+02
856 0 +4.961991348e+00 +9.369519913e+02 +9.369519913e+02
877 0 +3.532386625e+00 +9.355223866e+02 +9.355223866e+02
898 0 +2.948096471e+00 +9.349380965e+02 +9.349380965e+02
919 0 +2.340556539e+00 +9.343305565e+02 +9.343305565e+02
940 0 +2.236260330e+00 +9.342262603e+02 +9.342262603e+02
982 0 +1.670597061e+00 +9.336605971e+02 +9.336605971e+02
1003 0 +1.166541444e+00 +9.331565414e+02 +9.331565414e+02
1024 0 +9.678210140e-01 +9.329578210e+02 +9.329578210e+02
1066 0 +8.629733825e-01 +9.328529734e+02 +9.328529734e+02
1087 0 +7.747307402e-01 +9.327647307e+02 +9.327647307e+02
1108 0 +6.209418165e-01 +9.326109418e+02 +9.326109418e+02
1129 0 +3.682661900e-01 +9.323582662e+02 +9.323582662e+02
1171 0 +2.576942572e-01 +9.322476943e+02 +9.322476943e+02
1213 0 +2.037893667e-01 +9.321937894e+02 +9.321937894e+02
1255 0 +1.832672597e-01 +9.321732673e+02 +9.321732673e+02
1297 0 +1.741010051e-01 +9.321641010e+02 +9.321641010e+02
1318 0 +1.583389161e-01 +9.321483389e+02 +9.321483389e+02
1339 0 +1.402956186e-01 +9.321302956e+02 +9.321302956e+02
1360 0 +1.215830914e-01 +9.321115831e+02 +9.321115831e+02
1402 0 +1.081460046e-01 +9.320981460e+02 +9.320981460e+02
1423 0 +9.627684219e-02 +9.320862768e+02 +9.320862768e+02
1465 0 +8.124614999e-02 +9.320712461e+02 +9.320712461e+02
1486 0 +6.782399919e-02 +9.320578240e+02 +9.320578240e+02
1507 0 +4.650105373e-02 +9.320365011e+02 +9.320365011e+02
1549 0 +3.635252724e-02 +9.320263525e+02 +9.320263525e+02
1570 0 +3.192229901e-02 +9.320219223e+02 +9.320219223e+02
1591 0 +2.702118962e-02 +9.320170212e+02 +9.320170212e+02
1612 0 +2.363834520e-02 +9.320136383e+02 +9.320136383e+02
1633 0 +1.993474958e-02 +9.320099347e+02 +9.320099347e+02
1654 0 +1.767607337e-02 +9.320076761e+02 +9.320076761e+02
1675 0 +1.432129237e-02 +9.320043213e+02 +9.320043213e+02
1696 0 +1.404072542e-02 +9.320040407e+02 +9.320040407e+02
1717 0 +1.242941797e-02 +9.320024294e+02 +9.320024294e+02
1738 0 +9.777612978e-03 +9.319997776e+02 +9.319997776e+02
1780 0 +8.854501450e-03 +9.319988545e+02 +9.319988545e+02
1801 0 +7.208309911e-03 +9.319972083e+02 +9.319972083e+02
1822 0 +5.093534878e-03 +9.319950935e+02 +9.319950935e+02
1864 0 +3.861403777e-03 +9.319938614e+02 +9.319938614e+02
1885 0 +3.094087045e-03 +9.319930941e+02 +9.319930941e+02
1948 0 +2.458381926e-03 +9.319924584e+02 +9.319924584e+02
1969 0 +2.069235753e-03 +9.319920692e+02 +9.319920692e+02
1990 0 +1.482502463e-03 +9.319914825e+02 +9.319914825e+02
2032 0 +1.203309773e-03 +9.319912033e+02 +9.319912033e+02
2053 0 +1.061859527e-03 +9.319910619e+02 +9.319910619e+02
2095 0 +9.710968230e-04 +9.319909711e+02 +9.319909711e+02
2137 0 +7.749594911e-04 +9.319907750e+02 +9.319907750e+02
2158 0 +6.738166525e-04 +9.319906738e+02 +9.319906738e+02
2179 0 +5.757593398e-04 +9.319905758e+02 +9.319905758e+02
2200 0 +5.043127477e-04 +9.319905043e+02 +9.319905043e+02
2221 0 +4.158591624e-04 +9.319904159e+02 +9.319904159e+02
2326 0 +3.836117206e-04 +9.319903836e+02 +9.319903836e+02
2347 0 +3.385275220e-04 +9.319903385e+02 +9.319903385e+02
2368 0 +2.730636301e-04 +9.319902731e+02 +9.319902731e+02
2389 0 +2.226669842e-04 +9.319902227e+02 +9.319902227e+02
2452 0 +1.675545889e-04 +9.319901676e+02 +9.319901676e+02
2473 0 +1.455298195e-04 +9.319901455e+02 +9.319901455e+02
2494 0 +1.293463002e-04 +9.319901293e+02 +9.319901293e+02
2536 0 +1.200072762e-04 +9.319901200e+02 +9.319901200e+02
2557 0 +1.084696405e-04 +9.319901085e+02 +9.319901085e+02
2578 0 +9.094876896e-05 +9.319900909e+02 +9.319900909e+02
2599 0 +7.044583094e-05 +9.319900704e+02 +9.319900704e+02
2643 0 +6.309458320e-05 +9.319900631e+02 +9.319900631e+02
2683 0 +5.303731382e-05 +9.319900530e+02 +9.319900530e+02
2704 0 +4.399478019e-05 +9.319900440e+02 +9.319900440e+02
2725 0 +3.910965575e-05 +9.319900391e+02 +9.319900391e+02
2788 0 +3.496762986e-05 +9.319900350e+02 +9.319900350e+02
2809 0 +3.141791512e-05 +9.319900314e+02 +9.319900314e+02
2990 0 +2.818268069e-05 +9.319900282e+02 +9.319900282e+02
6785 0 +2.367614684e-05 +9.319900237e+02 +9.319900237e+02
6806 0 +2.036971387e-05 +9.319900204e+02 +9.319900204e+02
6818 0 +1.975506757e-05 +9.319900198e+02 +9.319900198e+02
6827 0 +1.708972434e-05 +9.319900171e+02 +9.319900171e+02
6859 0 +1.539171558e-05 +9.319900154e+02 +9.319900154e+02
6880 0 +1.394203332e-05 +9.319900139e+02 +9.319900139e+02
6901 0 +1.243175871e-05 +9.319900124e+02 +9.319900124e+02
6980 0 +1.081388825e-05 +9.319900108e+02 +9.319900108e+02
7006 0 +9.631917123e-06 +9.319900096e+02 +9.319900096e+02
7080 0 +8.905941286e-06 +9.319900089e+02 +9.319900089e+02
25603 0 +7.829639912e-06 +9.319900078e+02 +9.319900078e+02
40079 0 +7.016655218e-06 +9.319900070e+02 +9.319900070e+02
200005 0 +7.016655218e-06 +9.319900070e+02 +9.319900070e+02
% f evaluations | g evaluations | best noise-free fitness - Fopt (1.133100000000e+02) + sum g_i+ | measured fitness | best measured fitness or single-digit g-values | x1 | x2...
1 0 +2.177395919e+03 +2.290705919e+03 +2.290705919e+03
2 0 +2.085187657e+03 +2.198497657e+03 +2.198497657e+03
6 0 +1.943643772e+03 +2.056953772e+03 +2.056953772e+03
13 0 +1.721675507e+03 +1.834985507e+03 +1.834985507e+03
33 0 +1.535240838e+03 +1.648550838e+03 +1.648550838e+03
75 0 +1.270685651e+03 +1.383995651e+03 +1.383995651e+03
91 0 +1.086219150e+03 +1.199529150e+03 +1.199529150e+03
121 0 +9.366644668e+02 +1.049974467e+03 +1.049974467e+03
142 0 +7.841652739e+02 +8.974752739e+02 +8.974752739e+02
163 0 +4.249922682e+02 +5.383022682e+02 +5.383022682e+02
205 0 +3.009702046e+02 +4.142802046e+02 +4.142802046e+02
247 0 +2.508832687e+02 +3.641932687e+02 +3.641932687e+02
289 0 +1.994572900e+02 +3.127672900e+02 +3.127672900e+02
310 0 +1.625472992e+02 +2.758572992e+02 +2.758572992e+02
331 0 +1.353006288e+02 +2.486106288e+02 +2.486106288e+02
373 0 +1.253045475e+02 +2.386145475e+02 +2.386145475e+02
415 0 +1.014993572e+02 +2.148093572e+02 +2.148093572e+02
436 0 +8.741254389e+01 +2.007225439e+02 +2.007225439e+02
457 0 +6.939700327e+01 +1.827070033e+02 +1.827070033e+02
499 0 +6.271030269e+01 +1.760203027e+02 +1.760203027e+02
541 0 +5.306996849e+01 +1.663799685e+02 +1.663799685e+02
562 0 +4.563137590e+01 +1.589413759e+02 +1.589413759e+02
583 0 +3.663050110e+01 +1.499405011e+02 +1.499405011e+02
625 0 +3.462830077e+01 +1.479383008e+02 +1.479383008e+02
667 0 +2.795074161e+01 +1.412607416e+02 +1.412607416e+02
709 0 +2.358293642e+01 +1.368929364e+02 +1.368929364e+02
730 0 +2.047210939e+01 +1.337821094e+02 +1.337821094e+02
751 0 +1.812865525e+01 +1.314386553e+02 +1.314386553e+02
772 0 +1.401202895e+01 +1.273220289e+02 +1.273220289e+02
793 0 +9.194306127e+00 +1.225043061e+02 +1.225043061e+02
835 0 +7.070953432e+00 +1.203809534e+02 +1.203809534e+02
877 0 +5.772425275e+00 +1.190824253e+02 +1.190824253e+02
898 0 +4.627601356e+00 +1.179376014e+02 +1.179376014e+02
919 0 +3.125404174e+00 +1.164354042e+02 +1.164354042e+02
961 0 +2.456319511e+00 +1.157663195e+02 +1.157663195e+02
982 0 +2.114801464e+00 +1.154248015e+02 +1.154248015e+02
1003 0 +1.949057132e+00 +1.152590571e+02 +1.152590571e+02
1024 0 +1.709910453e+00 +1.150199105e+02 +1.150199105e+02
1045 0 +1.405583093e+00 +1.147155831e+02 +1.147155831e+02
1087 0 +1.241779277e+00 +1.145517793e+02 +1.145517793e+02
1108 0 +9.704810054e-01 +1.142804810e+02 +1.142804810e+02
1129 0 +7.497390591e-01 +1.140597391e+02 +1.140597391e+02
1171 0 +6.716181958e-01 +1.139816182e+02 +1.139816182e+02
1192 0 +5.518505271e-01 +1.138618505e+02 +1.138618505e+02
1234 0 +4.897066480e-01 +1.137997066e+02 +1.137997066e+02
1255 0 +4.320663408e-01 +1.137420663e+02 +1.137420663e+02
1276 0 +3.817472870e-01 +1.136917473e+02 +1.136917473e+02
1297 0 +3.138579909e-01 +1.136238580e+02 +1.136238580e+02
1339 0 +2.796990577e-01 +1.135896991e+02 +1.135896991e+02
1360 0 +2.373440040e-01 +1.135473440e+02 +1.135473440e+02
1402 0 +2.099417541e-01 +1.135199418e+02 +1.135199418e+02
1423 0 +1.827376824e-01 +1.134927377e+02 +1.134927377e+02
1444 0 +1.601112556e-01 +1.134701113e+02 +1.134701113e+02
1465 0 +1.343395841e-01 +1.134443396e+02 +1.134443396e+02
1486 0 +1.006718213e-01 +1.134106718e+02 +1.134106718e+02
1528 0 +9.169733489e-02 +1.134016973e+02 +1.134016973e+02
1549 0 +7.655996538e-02 +1.133865600e+02 +1.133865600e+02
1570 0 +5.652222783e-02 +1.133665222e+02 +1.133665222e+02
1591 0 +5.144716328e-02 +1.133614472e+02 +1.133614472e+02
1612 0 +4.360194527e-02 +1.133536019e+02 +1.133536019e+02
1654 0 +3.674440751e-02 +1.133467444e+02 +1.133467444e+02
1675 0 +2.941305336e-02 +1.133394131e+02 +1.133394131e+02
1696 0 +2.024864328e-02 +1.133302486e+02 +1.133302486e+02
1738 0 +1.551642316e-02 +1.133255164e+02 +1.133255164e+02
1780 0 +1.299778050e-02 +1.133229978e+02 +1.133229978e+02
1822 0 +1.156402600e-02 +1.133215640e+02 +1.133215640e+02
1843 0 +9.805139392e-03 +1.133198051e+02 +1.133198051e+02
1864 0 +7.776503814e-03 +1.133177765e+02 +1.133177765e+02
1906 0 +6.667077174e-03 +1.133166671e+02 +1.133166671e+02
1927 0 +5.188901287e-03 +1.133151889e+02 +1.133151889e+02
1969 0 +4.493223775e-03 +1.133144932e+02 +1.133144932e+02
1990 0 +4.186236835e-03 +1.133141862e+02 +1.133141862e+02
2011 0 +3.707227052e-03 +1.133137072e+02 +1.133137072e+02
2032 0 +2.978095809e-03 +1.133129781e+02 +1.133129781e+02
2074 0 +2.613892580e-03 +1.133126139e+02 +1.133126139e+02
2095 0 +2.107016790e-03 +1.133121070e+02 +1.133121070e+02
2116 0 +1.640947085e-03 +1.133116409e+02 +1.133116409e+02
2158 0 +1.512356032e-03 +1.133115124e+02 +1.133115124e+02
2179 0 +1.364715939e-03 +1.133113647e+02 +1.133113647e+02
2221 0 +1.225439087e-03 +1.133112254e+02 +1.133112254e+02
2242 0 +1.119395947e-03 +1.133111194e+02 +1.133111194e+02
2263 0 +9.834353409e-04 +1.133109834e+02 +1.133109834e+02
2284 0 +8.308792828e-04 +1.133108309e+02 +1.133108309e+02
2305 0 +7.460463146e-04 +1.133107460e+02 +1.133107460e+02
24044 0 +7.065096390e-04 +1.133107065e+02 +1.133107065e+02
52721 0 +6.254980779e-04 +1.133106255e+02 +1.133106255e+02
65803 0 +5.567947924e-04 +1.133105568e+02 +1.133105568e+02
68015 0 +4.072094582e-04 +1.133104072e+02 +1.133104072e+02
68057 0 +3.856127705e-04 +1.133103856e+02 +1.133103856e+02
68099 0 +3.409289343e-04 +1.133103409e+02 +1.133103409e+02
200462 0 +3.391926507e-04 +1.133103392e+02 +1.133103392e+02
% f evaluations | g evaluations | best noise-free fitness - Fopt (2.849000000000e+01) + sum g_i+ | measured fitness | best measured fitness or single-digit g-values | x1 | x2...
1 0 +1.968613284e+03 +1.997103284e+03 +1.997103284e+03
2 0 +1.482087886e+03 +1.510577886e+03 +1.510577886e+03
21 0 +1.303080641e+03 +1.331570641e+03 +1.331570641e+03
58 0 +1.158483476e+03 +1.186973476e+03 +1.186973476e+03
62 0 +1.098969719e+03 +1.127459719e+03 +1.127459719e+03
65 0 +9.394029057e+02 +9.678929057e+02 +9.678929057e+02
117 0 +8.867142346e+02 +9.152042346e+02 +9.152042346e+02
121 0 +7.277753767e+02 +7.562653767e+02 +7.562653767e+02
142 0 +5.685663938e+02 +5.970563938e+02 +5.970563938e+02
163 0 +2.889761376e+02 +3.174661376e+02 +3.174661376e+02
205 0 +1.451345119e+02 +1.736245119e+02 +1.736245119e+02
247 0 +1.132121978e+02 +1.417021978e+02 +1.417021978e+02
289 0 +1.027927749e+02 +1.312827749e+02 +1.312827749e+02
310 0 +9.622648295e+01 +1.247164830e+02 +1.247164830e+02
331 0 +8.488962738e+01 +1.133796274e+02 +1.133796274e+02
352 0 +7.278210655e+01 +1.012721066e+02 +1.012721066e+02
394 0 +6.648409089e+01 +9.497409089e+01 +9.497409089e+01
415 0 +6.037396813e+01 +8.886396813e+01 +8.886396813e+01
436 0 +5.376064509e+01 +8.225064509e+01 +8.225064509e+01
457 0 +4.545194934e+01 +7.394194934e+01 +7.394194934e+01
478 0 +4.135394789e+01 +6.984394789e+01 +6.984394789e+01
520 0 +3.940594842e+01 +6.789594842e+01 +6.789594842e+01
562 0 +3.372222966e+01 +6.221222966e+01 +6.221222966e+01
583 0 +3.121599556e+01 +5.970599556e+01 +5.970599556e+01
625 0 +2.340709958e+01 +5.189709958e+01 +5.189709958e+01
646 0 +2.146650940e+01 +4.995650940e+01 +4.995650940e+01
688 0 +1.921557779e+01 +4.770557779e+01 +4.770557779e+01
709 0 +1.661802860e+01 +4.510802860e+01 +4.510802860e+01
772 0 +1.450885542e+01 +4.299885542e+01 +4.299885542e+01
793 0 +9.627779266e+00 +3.811777927e+01 +3.811777927e+01
835 0 +5.391900260e+00 +3.388190026e+01 +3.388190026e+01
877 0 +4.406654821e+00 +3.289665482e+01 +3.289665482e+01
898 0 +3.246769725e+00 +3.173676972e+01 +3.173676972e+01
919 0 +2.332146283e+00 +3.082214628e+01 +3.082214628e+01
940 0 +2.040059571e+00 +3.053005957e+01 +3.053005957e+01
961 0 +1.816327082e+00 +3.030632708e+01 +3.030632708e+01
982 0 +1.564825830e+00 +3.005482583e+01 +3.005482583e+01
1003 0 +1.211377758e+00 +2.970137776e+01 +2.970137776e+01
1045 0 +1.019373575e+00 +2.950937358e+01 +2.950937358e+01
1066 0 +8.485999999e-01 +2.933860000e+01 +2.933860000e+01
1108 0 +7.647444059e-01 +2.925474441e+01 +2.925474441e+01
1129 0 +6.383943947e-01 +2.912839439e+01 +2.912839439e+01
1150 0 +4.363975474e-01 +2.892639755e+01 +2.892639755e+01
1192 0 +3.460803389e-01 +2.883608034e+01 +2.883608034e+01
1213 0 +3.048839200e-01 +2.879488392e+01 +2.879488392e+01
1234 0 +2.423856853e-01 +2.873238569e+01 +2.873238569e+01
1276 0 +2.199982137e-01 +2.870999821e+01 +2.870999821e+01
1297 0 +1.933046303e-01 +2.868330463e+01 +2.868330463e+01
1318 0 +1.597284409e-01 +2.864972844e+01 +2.864972844e+01
1339 0 +1.569425514e-01 +2.864694255e+01 +2.864694255e+01
1360 0 +1.404650572e-01 +2.863046506e+01 +2.863046506e+01
1381 0 +1.187155345e-01 +2.860871553e+01 +2.860871553e+01
1423 0 +1.084884502e-01 +2.859848845e+01 +2.859848845e+01
1486 0 +9.672877082e-02 +2.858672877e+01 +2.858672877e+01
1528 0 +7.780690268e-02 +2.856780690e+01 +2.856780690e+01
1549 0 +6.211804329e-02 +2.855211804e+01 +2.855211804e+01
1570 0 +4.319320634e-02 +2.853319321e+01 +2.853319321e+01
1612 0 +3.680391376e-02 +2.852680391e+01 +2.852680391e+01
1633 0 +2.861522285e-02 +2.851861522e+01 +2.851861522e+01
1654 0 +2.004024810e-02 +2.851004025e+01 +2.851004025e+01
1675 0 +1.897635567e-02 +2.850897636e+01 +2.850897636e+01
1696 0 +1.489082194e-02 +2.850489082e+01 +2.850489082e+01
1717 0 +1.128269428e-02 +2.850128269e+01 +2.850128269e+01
1759 0 +9.303315131e-03 +2.849930332e+01 +2.849930332e+01
1801 0 +8.075656164e-03 +2.849807566e+01 +2.849807566e+01
1822 0 +6.780824379e-03 +2.849678082e+01 +2.849678082e+01
1843 0 +5.495157926e-03 +2.849549516e+01 +2.849549516e+01
1885 0 +4.967582198e-03 +2.849496758e+01 +2.849496758e+01
1906 0 +4.379167466e-03 +2.849437917e+01 +2.849437917e+01
1927 0 +3.832070880e-03 +2.849383207e+01 +2.849383207e+01
1948 0 +3.339371121e-03 +2.849333937e+01 +2.849333937e+01
1969 0 +2.866611861e-03 +2.849286661e+01 +2.849286661e+01
1990 0 +2.535915800e-03 +2.849253592e+01 +2.849253592e+01
2011 0 +2.303644518e-03 +2.849230364e+01 +2.849230364e+01
2032 0 +2.145116857e-03 +2.849214512e+01 +2.849214512e+01
16850 0 +1.967629273e-03 +2.849196763e+01 +2.849196763e+01
50180 0 +1.750866830e-03 +2.849175087e+01 +2.849175087e+01
132391 0 +1.389448649e-03 +2.849138945e+01 +2.849138945e+01
177503 0 +9.409452449e-04 +2.849094095e+01 +2.849094095e+01
178770 0 +8.549944957e-04 +2.849085499e+01 +2.849085499e+01
178812 0 +7.281177256e-04 +2.849072812e+01 +2.849072812e+01
179932 0 +7.018286936e-04 +2.849070183e+01 +2.849070183e+01
182445 0 +5.505343374e-04 +2.849055053e+01 +2.849055053e+01
183334 0 +4.777656950e-04 +2.849047777e+01 +2.849047777e+01
184903 0 +4.293631879e-04 +2.849042936e+01 +2.849042936e+01
185728 0 +3.975581130e-04 +2.849039756e+01 +2.849039756e+01
187862 0 +3.487819217e-04 +2.849034878e+01 +2.849034878e+01
200012 0 +3.171531888e-04 +2.849031715e+01 +2.849031715e+01
% f evaluations | g evaluations | best noise-free fitness - Fopt (-7.405800000000e+02) + sum g_i+ | measured fitness | best measured fitness or single-digit g-values | x1 | x2...
1 0 +2.550869097e+03 +1.810289097e+03 +1.810289097e+03
2 0 +1.910422151e+03 +1.169842151e+03 +1.169842151e+03
32 0 +1.769010970e+03 +1.028430970e+03 +1.028430970e+03
40 0 +1.447471417e+03 +7.068914172e+02 +7.068914172e+02
65 0 +1.318396543e+03 +5.778165429e+02 +5.778165429e+02
97 0 +1.170533791e+03 +4.299537913e+02 +4.299537913e+02
110 0 +9.448702858e+02 +2.042902858e+02 +2.042902858e+02
121 0 +8.243917911e+02 +8.381179114e+01 +8.381179114e+01
142 0 +6.372537553e+02 -1.033262447e+02 -1.033262447e+02
163 0 +2.858238678e+02 -4.547561322e+02 -4.547561322e+02
205 0 +1.308549283e+02 -6.097250717e+02 -6.097250717e+02
247 0 +1.019507034e+02 -6.386292966e+02 -6.386292966e+02
289 0 +8.746066639e+01 -6.531193336e+02 -6.531193336e+02
352 0 +6.815097719e+01 -6.724290228e+02 -6.724290228e+02
373 0 +5.978156726e+01 -6.807984327e+02 -6.807984327e+02
415 0 +5.410824749e+01 -6.864717525e+02 -6.864717525e+02
436 0 +4.862718696e+01 -6.919528130e+02 -6.919528130e+02
457 0 +4.305565756e+01 -6.975243424e+02 -6.975243424e+02
499 0 +3.858329052e+01 -7.019967095e+02 -7.019967095e+02
520 0 +3.529520616e+01 -7.052847938e+02 -7.052847938e+02
541 0 +3.151775043e+01 -7.090622496e+02 -7.090622496e+02
604 0 +2.638217312e+01 -7.141978269e+02 -7.141978269e+02
625 0 +2.272935071e+01 -7.178506493e+02 -7.178506493e+02
646 0 +2.180836973e+01 -7.187716303e+02 -7.187716303e+02
688 0 +1.775877913e+01 -7.228212209e+02 -7.228212209e+02
709 0 +1.558220337e+01 -7.249977966e+02 -7.249977966e+02
730 0 +1.155262082e+01 -7.290273792e+02 -7.290273792e+02
751 0 +5.680054707e+00 -7.348999453e+02 -7.348999453e+02
793 0 +4.224837680e+00 -7.363551623e+02 -7.363551623e+02
814 0 +3.589113837e+00 -7.369908862e+02 -7.369908862e+02
835 0 +2.576576100e+00 -7.380034239e+02 -7.380034239e+02
856 0 +1.948645428e+00 -7.386313546e+02 -7.386313546e+02
898 0 +1.640895995e+00 -7.389391040e+02 -7.389391040e+02
919 0 +1.231391653e+00 -7.393486083e+02 -7.393486083e+02
961 0 +1.052086772e+00 -7.395279132e+02 -7.395279132e+02
982 0 +7.804354189e-01 -7.397995646e+02 -7.397995646e+02
1024 0 +6.474121602e-01 -7.399325878e+02 -7.399325878e+02
1045 0 +5.660156843e-01 -7.400139843e+02 -7.400139843e+02
1066 0 +4.778179445e-01 -7.401021821e+02 -7.401021821e+02
1108 0 +4.450878332e-01 -7.401349122e+02 -7.401349122e+02
1150 0 +3.302241263e-01 -7.402497759e+02 -7.402497759e+02
1171 0 +2.890881044e-01 -7.402909119e+02 -7.402909119e+02
1213 0 +2.691755149e-01 -7.403108245e+02 -7.403108245e+02
1234 0 +2.335148236e-01 -7.403464852e+02 -7.403464852e+02
1255 0 +1.741862767e-01 -7.404058137e+02 -7.404058137e+02
1318 0 +1.412939523e-01 -7.404387060e+02 -7.404387060e+02
1339 0 +1.127921983e-01 -7.404672078e+02 -7.404672078e+02
1381 0 +1.002683121e-01 -7.404797317e+02 -7.404797317e+02
1402 0 +9.041705162e-02 -7.404895829e+02 -7.404895829e+02
1423 0 +7.500977234e-02 -7.405049902e+02 -7.405049902e+02
1486 0 +6.815338353e-02 -7.405118466e+02 -7.405118466e+02
1507 0 +6.084446539e-02 -7.405191555e+02 -7.405191555e+02
1528 0 +4.776290385e-02 -7.405322371e+02 -7.405322371e+02
1549 0 +3.236308975e-02 -7.405476369e+02 -7.405476369e+02
1591 0 +2.682351621e-02 -7.405531765e+02 -7.405531765e+02
1612 0 +2.202839594e-02 -7.405579716e+02 -7.405579716e+02
1654 0 +1.660080035e-02 -7.405633992e+02 -7.405633992e+02
1675 0 +1.169313100e-02 -7.405683069e+02 -7.405683069e+02
1696 0 +7.935118685e-03 -7.405720649e+02 -7.405720649e+02
1738 0 +6.419165313e-03 -7.405735808e+02 -7.405735808e+02
1780 0 +5.611264323e-03 -7.405743887e+02 -7.405743887e+02
1801 0 +4.496431783e-03 -7.405755036e+02 -7.405755036e+02
1822 0 +4.172162542e-03 -7.405758278e+02 -7.405758278e+02
1843 0 +3.780591847e-03 -7.405762194e+02 -7.405762194e+02
1864 0 +3.328359418e-03 -7.405766716e+02 -7.405766716e+02
1885 0 +2.817147236e-03 -7.405771829e+02 -7.405771829e+02
1927 0 +2.485152175e-03 -7.405775148e+02 -7.405775148e+02
1969 0 +1.866955498e-03 -7.405781330e+02 -7.405781330e+02
1990 0 +1.748651941e-03 -7.405782513e+02 -7.405782513e+02
2011 0 +1.556830557e-03 -7.405784432e+02 -7.405784432e+02
2032 0 +1.342147578e-03 -7.405786579e+02 -7.405786579e+02
2053 0 +1.229576314e-03 -7.405787704e+02 -7.405787704e+02
2074 0 +1.098975311e-03 -7.405789010e+02 -7.405789010e+02
2158 0 +9.999582550e-04 -7.405790000e+02 -7.405790000e+02
5588 0 +8.814818308e-04 -7.405791185e+02 -7.405791185e+02
23710 0 +7.668843895e-04 -7.405792331e+02 -7.405792331e+02
43624 0 +6.955516710e-04 -7.405793044e+02 -7.405793044e+02
43645 0 +6.163598965e-04 -7.405793836e+02 -7.405793836e+02
63986 0 +5.477027247e-04 -7.405794523e+02 -7.405794523e+02
201060 0 +5.450315419e-04 -7.405794550e+02 -7.405794550e+02
% f evaluations | g evaluations | best noise-free fitness - Fopt (-5.177000000000e+01) + sum g_i+ | measured fitness | best measured fitness or single-digit g-values | x1 | x2...
1 0 +2.225199559e+03 +2.173429559e+03 +2.173429559e+03
2 0 +2.173132925e+03 +2.121362925e+03 +2.121362925e+03
9 0 +1.988460041e+03 +1.936690041e+03 +1.936690041e+03
16 0 +1.774425146e+03 +1.722655146e+03 +1.722655146e+03
39 0 +1.496664055e+03 +1.444894055e+03 +1.444894055e+03
40 0 +1.238117169e+03 +1.186347169e+03 +1.186347169e+03
63 0 +1.095961042e+03 +1.044191042e+03 +1.044191042e+03
80 0 +9.302581430e+02 +8.784881430e+02 +8.784881430e+02
108 0 +7.814299178e+02 +7.296599178e+02 +7.296599178e+02
121 0 +5.492567940e+02 +4.974867940e+02 +4.974867940e+02
142 0 +3.846426873e+02 +3.328726873e+02 +3.328726873e+02
163 0 +1.928949033e+02 +1.411249033e+02 +1.411249033e+02
205 0 +1.483574611e+02 +9.658746111e+01 +9.658746111e+01
247 0 +1.368824727e+02 +8.511247271e+01 +8.511247271e+01
268 0 +1.253777325e+02 +7.360773255e+01 +7.360773255e+01
289 0 +1.106630710e+02 +5.889307103e+01 +5.889307103e+01
310 0 +8.719081904e+01 +3.542081904e+01 +3.542081904e+01
331 0 +7.078835217e+01 +1.901835217e+01 +1.901835217e+01
373 0 +6.308452341e+01 +1.131452341e+01 +1.131452341e+01
457 0 +5.264373712e+01 +8.737371236e-01 +8.737371236e-01
478 0 +4.570478905e+01 -6.065210952e+00 -6.065210952e+00
499 0 +3.884571655e+01 -1.292428345e+01 -1.292428345e+01
562 0 +3.308371552e+01 -1.868628448e+01 -1.868628448e+01
583 0 +2.877798602e+01 -2.299201398e+01 -2.299201398e+01
604 0 +2.365262646e+01 -2.811737354e+01 -2.811737354e+01
667 0 +2.108587996e+01 -3.068412004e+01 -3.068412004e+01
688 0 +1.838907968e+01 -3.338092032e+01 -3.338092032e+01
709 0 +1.708502525e+01 -3.468497475e+01 -3.468497475e+01
772 0 +1.538162327e+01 -3.638837673e+01 -3.638837673e+01
793 0 +1.151548126e+01 -4.025451874e+01 -4.025451874e+01
814 0 +8.118107607e+00 -4.365189239e+01 -4.365189239e+01
856 0 +6.190732631e+00 -4.557926737e+01 -4.557926737e+01
877 0 +4.943023984e+00 -4.682697602e+01 -4.682697602e+01
898 0 +3.757085812e+00 -4.801291419e+01 -4.801291419e+01
919 0 +3.108180354e+00 -4.866181965e+01 -4.866181965e+01
961 0 +2.512505476e+00 -4.925749452e+01 -4.925749452e+01
982 0 +1.873226064e+00 -4.989677394e+01 -4.989677394e+01
1003 0 +1.313588382e+00 -5.045641162e+01 -5.045641162e+01
1045 0 +1.146158588e+00 -5.062384141e+01 -5.062384141e+01
1066 0 +9.151185169e-01 -5.085488148e+01 -5.085488148e+01
1108 0 +7.847787653e-01 -5.098522123e+01 -5.098522123e+01
1171 0 +5.832970934e-01 -5.118670291e+01 -5.118670291e+01
1192 0 +4.330872913e-01 -5.133691271e+01 -5.133691271e+01
1234 0 +3.948962385e-01 -5.137510376e+01 -5.137510376e+01
1255 0 +3.402255461e-01 -5.142977445e+01 -5.142977445e+01
1276 0 +2.986439738e-01 -5.147135603e+01 -5.147135603e+01
1297 0 +2.739776260e-01 -5.149602237e+01 -5.149602237e+01
1318 0 +2.443686781e-01 -5.152563132e+01 -5.152563132e+01
1360 0 +2.093479767e-01 -5.156065202e+01 -5.156065202e+01
1381 0 +1.899872121e-01 -5.158001279e+01 -5.158001279e+01
1402 0 +1.623125694e-01 -5.160768743e+01 -5.160768743e+01
1423 0 +1.467580030e-01 -5.162324200e+01 -5.162324200e+01
1444 0 +1.207310885e-01 -5.164926891e+01 -5.164926891e+01
1465 0 +1.010678988e-01 -5.166893210e+01 -5.166893210e+01
1486 0 +9.438939735e-02 -5.167561060e+01 -5.167561060e+01
1507 0 +8.287336729e-02 -5.168712663e+01 -5.168712663e+01
1528 0 +7.112833051e-02 -5.169887167e+01 -5.169887167e+01
1549 0 +5.565379120e-02 -5.171434621e+01 -5.171434621e+01
1570 0 +3.812423249e-02 -5.173187577e+01 -5.173187577e+01
1612 0 +3.367110767e-02 -5.173632889e+01 -5.173632889e+01
1633 0 +2.765088375e-02 -5.174234912e+01 -5.174234912e+01
1654 0 +2.253874191e-02 -5.174746126e+01 -5.174746126e+01
1675 0 +1.568549440e-02 -5.175431451e+01 -5.175431451e+01
1717 0 +1.335558482e-02 -5.175664442e+01 -5.175664442e+01
1738 0 +1.078453967e-02 -5.175921546e+01 -5.175921546e+01
1759 0 +8.548091687e-03 -5.176145191e+01 -5.176145191e+01
1780 0 +7.814183135e-03 -5.176218582e+01 -5.176218582e+01
1801 0 +7.042790605e-03 -5.176295721e+01 -5.176295721e+01
1822 0 +5.948297069e-03 -5.176405170e+01 -5.176405170e+01
1843 0 +5.003980034e-03 -5.176499602e+01 -5.176499602e+01
1864 0 +4.132188147e-03 -5.176586781e+01 -5.176586781e+01
1885 0 +3.294224751e-03 -5.176670578e+01 -5.176670578e+01
1927 0 +3.066413601e-03 -5.176693359e+01 -5.176693359e+01
1948 0 +2.735785631e-03 -5.176726421e+01 -5.176726421e+01
1969 0 +2.394991536e-03 -5.176760501e+01 -5.176760501e+01
1990 0 +2.043490810e-03 -5.176795651e+01 -5.176795651e+01
2011 0 +1.961688582e-03 -5.176803831e+01 -5.176803831e+01
2074 0 +1.760609603e-03 -5.176823939e+01 -5.176823939e+01
8030 0 +1.581856185e-03 -5.176841814e+01 -5.176841814e+01
27480 0 +1.280970590e-03 -5.176871903e+01 -5.176871903e+01
27501 0 +9.623379457e-04 -5.176903766e+01 -5.176903766e+01
193969 0 +8.542775542e-04 -5.176914572e+01 -5.176914572e+01
200546 0 +8.456220366e-04 -5.176915438e+01 -5.176915438e+01
% f evaluations | g evaluations | best noise-free fitness - Fopt (-2.229800000000e+02) + sum g_i+ | measured fitness | best measured fitness or single-digit g-values | x1 | x2...
1 0 +2.335806319e+03 +2.112826319e+03 +2.112826319e+03
12 0 +2.195281204e+03 +1.972301204e+03 +1.972301204e+03
21 0 +1.882572935e+03 +1.659592935e+03 +1.659592935e+03
41 0 +1.705842665e+03 +1.482862665e+03 +1.482862665e+03
55 0 +1.536285340e+03 +1.313305340e+03 +1.313305340e+03
74 0 +1.278157345e+03 +1.055177345e+03 +1.055177345e+03
92 0 +1.154324841e+03 +9.313448407e+02 +9.313448407e+02
116 0 +9.953321938e+02 +7.723521938e+02 +7.723521938e+02
142 0 +7.422637588e+02 +5.192837588e+02 +5.192837588e+02
163 0 +4.384265012e+02 +2.154465012e+02 +2.154465012e+02
184 0 +3.389242412e+02 +1.159442412e+02 +1.159442412e+02
205 0 +1.900370298e+02 -3.294297018e+01 -3.294297018e+01
247 0 +1.491860224e+02 -7.379397760e+01 -7.379397760e+01
289 0 +1.351733981e+02 -8.780660190e+01 -8.780660190e+01
310 0 +1.230516250e+02 -9.992837504e+01 -9.992837504e+01
331 0 +1.052202455e+02 -1.177597545e+02 -1.177597545e+02
352 0 +9.524692994e+01 -1.277330701e+02 -1.277330701e+02
373 0 +8.714584978e+01 -1.358341502e+02 -1.358341502e+02
394 0 +7.854468338e+01 -1.444353166e+02 -1.444353166e+02
415 0 +6.640001453e+01 -1.565799855e+02 -1.565799855e+02
436 0 +5.632814214e+01 -1.666518579e+02 -1.666518579e+02
478 0 +5.221518014e+01 -1.707648199e+02 -1.707648199e+02
499 0 +4.813968268e+01 -1.748403173e+02 -1.748403173e+02
520 0 +4.310059658e+01 -1.798794034e+02 -1.798794034e+02
583 0 +3.704053794e+01 -1.859394621e+02 -1.859394621e+02
604 0 +3.174236990e+01 -1.912376301e+02 -1.912376301e+02
625 0 +2.692192892e+01 -1.960580711e+02 -1.960580711e+02
646 0 +2.141437509e+01 -2.015656249e+02 -2.015656249e+02
667 0 +1.545720903e+01 -2.075227910e+02 -2.075227910e+02
751 0 +1.386039251e+01 -2.091196075e+02 -2.091196075e+02
772 0 +1.194862991e+01 -2.110313701e+02 -2.110313701e+02
793 0 +8.435869467e+00 -2.145441305e+02 -2.145441305e+02
814 0 +5.227685738e+00 -2.177523143e+02 -2.177523143e+02
856 0 +4.044032573e+00 -2.189359674e+02 -2.189359674e+02
877 0 +3.580463300e+00 -2.193995367e+02 -2.193995367e+02
898 0 +2.906801936e+00 -2.200731981e+02 -2.200731981e+02
919 0 +2.106198950e+00 -2.208738010e+02 -2.208738010e+02
961 0 +1.690709966e+00 -2.212892900e+02 -2.212892900e+02
982 0 +1.424583715e+00 -2.215554163e+02 -2.215554163e+02
1003 0 +1.290930186e+00 -2.216890698e+02 -2.216890698e+02
1024 0 +1.101257875e+00 -2.218787421e+02 -2.218787421e+02
1045 0 +9.321142348e-01 -2.220478858e+02 -2.220478858e+02
1066 0 +8.759296352e-01 -2.221040704e+02 -2.221040704e+02
1087 0 +7.891515118e-01 -2.221908485e+02 -2.221908485e+02
1108 0 +6.638569789e-01 -2.223161430e+02 -2.223161430e+02
1129 0 +5.301580407e-01 -2.224498420e+02 -2.224498420e+02
1171 0 +4.820353636e-01 -2.224979646e+02 -2.224979646e+02
1192 0 +4.046136625e-01 -2.225753863e+02 -2.225753863e+02
1213 0 +3.003813518e-01 -2.226796186e+02 -2.226796186e+02
1255 0 +2.797786712e-01 -2.227002213e+02 -2.227002213e+02
1276 0 +2.466554619e-01 -2.227333445e+02 -2.227333445e+02
1297 0 +2.061486521e-01 -2.227738513e+02 -2.227738513e+02
1318 0 +1.750167726e-01 -2.228049832e+02 -2.228049832e+02
1381 0 +1.505669333e-01 -2.228294331e+02 -2.228294331e+02
1402 0 +1.340053696e-01 -2.228459946e+02 -2.228459946e+02
1423 0 +1.095842188e-01 -2.228704158e+02 -2.228704158e+02
1465 0 +9.901789339e-02 -2.228809821e+02 -2.228809821e+02
1486 0 +8.010137142e-02 -2.228998986e+02 -2.228998986e+02
1507 0 +5.966087444e-02 -2.229203391e+02 -2.229203391e+02
1528 0 +5.157779886e-02 -2.229284222e+02 -2.229284222e+02
1549 0 +4.371496502e-02 -2.229362850e+02 -2.229362850e+02
1570 0 +3.668476568e-02 -2.229433152e+02 -2.229433152e+02
1591 0 +2.840666583e-02 -2.229515933e+02 -2.229515933e+02
1612 0 +2.462258307e-02 -2.229553774e+02 -2.229553774e+02
1633 0 +2.075932014e-02 -2.229592407e+02 -2.229592407e+02
1654 0 +1.694110813e-02 -2.229630589e+02 -2.229630589e+02
1696 0 +1.482470176e-02 -2.229651753e+02 -2.229651753e+02
1717 0 +1.233685808e-02 -2.229676631e+02 -2.229676631e+02
1738 0 +9.043034256e-03 -2.229709570e+02 -2.229709570e+02
1780 0 +7.583029159e-03 -2.229724170e+02 -2.229724170e+02
1822 0 +6.886976053e-03 -2.229731130e+02 -2.229731130e+02
1843 0 +6.085665348e-03 -2.229739143e+02 -2.229739143e+02
1864 0 +4.929049957e-03 -2.229750710e+02 -2.229750710e+02
1885 0 +3.453514938e-03 -2.229765465e+02 -2.229765465e+02
1927 0 +2.704394453e-03 -2.229772956e+02 -2.229772956e+02
1969 0 +2.455107501e-03 -2.229775449e+02 -2.229775449e+02
1990 0 +2.164448388e-03 -2.229778356e+02 -2.229778356e+02
2053 0 +1.912059037e-03 -2.229780879e+02 -2.229780879e+02
2074 0 +1.758185282e-03 -2.229782418e+02 -2.229782418e+02
8010 0 +1.483670479e-03 -2.229785163e+02 -2.229785163e+02
42748 0 +1.394130708e-03 -2.229786059e+02 -2.229786059e+02
58841 0 +1.166413207e-03 -2.229788336e+02 -2.229788336e+02
58904 0 +1.083362477e-03 -2.229789166e+02 -2.229789166e+02
200089 0 +1.063994302e-03 -2.229789360e+02 -2.229789360e+02
% f evaluations | g evaluations | best noise-free fitness - Fopt (5.860000000000e+00) + sum g_i+ | measured fitness | best measured fitness or single-digit g-values | x1 | x2...
1 0 +2.085677732e+03 +2.091537732e+03 +2.091537732e+03
8 0 +1.866539743e+03 +1.872399743e+03 +1.872399743e+03
18 0 +1.559951090e+03 +1.565811090e+03 +1.565811090e+03
46 0 +1.247086144e+03 +1.252946144e+03 +1.252946144e+03
77 0 +1.071021843e+03 +1.076881843e+03 +1.076881843e+03
87 0 +9.500122329e+02 +9.558722329e+02 +9.558722329e+02
107 0 +7.348999680e+02 +7.407599680e+02 +7.407599680e+02
121 0 +5.718280195e+02 +5.776880195e+02 +5.776880195e+02
142 0 +4.035112104e+02 +4.093712104e+02 +4.093712104e+02
163 0 +1.765879278e+02 +1.824479278e+02 +1.824479278e+02
205 0 +1.158890815e+02 +1.217490815e+02 +1.217490815e+02
247 0 +1.081174940e+02 +1.139774940e+02 +1.139774940e+02
289 0 +8.895390975e+01 +9.481390975e+01 +9.481390975e+01
310 0 +7.423836395e+01 +8.009836395e+01 +8.009836395e+01
331 0 +5.574829148e+01 +6.160829148e+01 +6.160829148e+01
373 0 +5.011393257e+01 +5.597393257e+01 +5.597393257e+01
436 0 +4.412156496e+01 +4.998156496e+01 +4.998156496e+01
457 0 +3.782952036e+01 +4.368952036e+01 +4.368952036e+01
478 0 +3.347657448e+01 +3.933657448e+01 +3.933657448e+01
520 0 +3.120432715e+01 +3.706432715e+01 +3.706432715e+01
562 0 +2.779131947e+01 +3.365131947e+01 +3.365131947e+01
604 0 +2.470054450e+01 +3.056054450e+01 +3.056054450e+01
646 0 +2.084719292e+01 +2.670719292e+01 +2.670719292e+01
667 0 +1.698147857e+01 +2.284147857e+01 +2.284147857e+01
730 0 +1.482773024e+01 +2.068773024e+01 +2.068773024e+01
751 0 +1.095105748e+01 +1.681105748e+01 +1.681105748e+01
793 0 +8.358478780e+00 +1.421847878e+01 +1.421847878e+01
814 0 +6.896217431e+00 +1.275621743e+01 +1.275621743e+01
835 0 +4.914903172e+00 +1.077490317e+01 +1.077490317e+01
856 0 +4.310009782e+00 +1.017000978e+01 +1.017000978e+01
877 0 +3.372162836e+00 +9.232162836e+00 +9.232162836e+00
898 0 +2.725284675e+00 +8.585284675e+00 +8.585284675e+00
919 0 +2.150593905e+00 +8.010593905e+00 +8.010593905e+00
961 0 +1.830932742e+00 +7.690932742e+00 +7.690932742e+00
982 0 +1.525789470e+00 +7.385789470e+00 +7.385789470e+00
1003 0 +1.049217140e+00 +6.909217140e+00 +6.909217140e+00
1024 0 +8.197429712e-01 +6.679742971e+00 +6.679742971e+00
1066 0 +7.355222138e-01 +6.595522214e+00 +6.595522214e+00
1087 0 +6.425303689e-01 +6.502530369e+00 +6.502530369e+00
1108 0 +5.420815836e-01 +6.402081584e+00 +6.402081584e+00
1129 0 +3.958539933e-01 +6.255853993e+00 +6.255853993e+00
1171 0 +3.330478534e-01 +6.193047853e+00 +6.193047853e+00
1192 0 +2.956801272e-01 +6.155680127e+00 +6.155680127e+00
1213 0 +2.431391509e-01 +6.103139151e+00 +6.103139151e+00
1276 0 +2.042994476e-01 +6.064299448e+00 +6.064299448e+00
1297 0 +1.846264936e-01 +6.044626494e+00 +6.044626494e+00
1318 0 +1.519865823e-01 +6.011986582e+00 +6.011986582e+00
1339 0 +1.407075427e-01 +6.000707543e+00 +6.000707543e+00
1360 0 +1.247631522e-01 +5.984763152e+00 +5.984763152e+00
1423 0 +1.050929557e-01 +5.965092956e+00 +5.965092956e+00
1444 0 +8.923064787e-02 +5.949230648e+00 +5.949230648e+00
1465 0 +6.992497587e-02 +5.929924976e+00 +5.929924976e+00
1486 0 +4.649441272e-02 +5.906494413e+00 +5.906494413e+00
1528 0 +4.048933634e-02 +5.900489336e+00 +5.900489336e+00
1549 0 +3.266627325e-02 +5.892666273e+00 +5.892666273e+00
1591 0 +2.847180587e-02 +5.888471806e+00 +5.888471806e+00
1612 0 +2.304635153e-02 +5.883046352e+00 +5.883046352e+00
1633 0 +1.725984712e-02 +5.877259847e+00 +5.877259847e+00
1675 0 +1.459286389e-02 +5.874592864e+00 +5.874592864e+00
1696 0 +1.262234044e-02 +5.872622340e+00 +5.872622340e+00
1717 0 +1.042147645e-02 +5.870421476e+00 +5.870421476e+00
1738 0 +9.500711131e-03 +5.869500711e+00 +5.869500711e+00
1759 0 +8.030157573e-03 +5.868030158e+00 +5.868030158e+00
1780 0 +6.122967646e-03 +5.866122968e+00 +5.866122968e+00
1801 0 +5.219819450e-03 +5.865219819e+00 +5.865219819e+00
1822 0 +4.677469482e-03 +5.864677469e+00 +5.864677469e+00
1843 0 +3.945624840e-03 +5.863945625e+00 +5.863945625e+00
1885 0 +3.062777877e-03 +5.863062778e+00 +5.863062778e+00
1906 0 +2.364770963e-03 +5.862364771e+00 +5.862364771e+00
1927 0 +2.105433469e-03 +5.862105433e+00 +5.862105433e+00
1948 0 +1.809272375e-03 +5.861809272e+00 +5.861809272e+00
1969 0 +1.661049271e-03 +5.861661049e+00 +5.861661049e+00
1990 0 +1.464400265e-03 +5.861464400e+00 +5.861464400e+00
2011 0 +1.172140818e-03 +5.861172141e+00 +5.861172141e+00
2053 0 +1.015638467e-03 +5.861015638e+00 +5.861015638e+00
2074 0 +8.095209994e-04 +5.860809521e+00 +5.860809521e+00
2116 0 +7.475460875e-04 +5.860747546e+00 +5.860747546e+00
2137 0 +6.486886359e-04 +5.860648689e+00 +5.860648689e+00
2158 0 +5.840768107e-04 +5.860584077e+00 +5.860584077e+00
2179 0 +5.243412053e-04 +5.860524341e+00 +5.860524341e+00
2200 0 +4.844980235e-04 +5.860484498e+00 +5.860484498e+00
2221 0 +4.264529945e-04 +5.860426453e+00 +5.860426453e+00
2242 0 +3.879526436e-04 +5.860387953e+00 +5.860387953e+00
2347 0 +3.541226688e-04 +5.860354123e+00 +5.860354123e+00
2410 0 +3.154628688e-04 +5.860315463e+00 +5.860315463e+00
2452 0 +2.656409775e-04 +5.860265641e+00 +5.860265641e+00
2473 0 +2.286365030e-04 +5.860228637e+00 +5.860228637e+00
2515 0 +2.078108953e-04 +5.860207811e+00 +5.860207811e+00
2599 0 +1.950178897e-04 +5.860195018e+00 +5.860195018e+00
2620 0 +1.748568346e-04 +5.860174857e+00 +5.860174857e+00
2641 0 +1.539732802e-04 +5.860153973e+00 +5.860153973e+00
2816 0 +1.406973810e-04 +5.860140697e+00 +5.860140697e+00
2872 0 +1.222587277e-04 +5.860122259e+00 +5.860122259e+00
9017 0 +1.091693786e-04 +5.860109169e+00 +5.860109169e+00
9042 0 +9.996031581e-05 +5.860099960e+00 +5.860099960e+00
9080 0 +8.695564258e-05 +5.860086956e+00 +5.860086956e+00
9101 0 +7.300283474e-05 +5.860073003e+00 +5.860073003e+00
9122 0 +5.489549070e-05 +5.860054895e+00 +5.860054895e+00
9164 0 +4.755450813e-05 +5.860047555e+00 +5.860047555e+00
9185 0 +4.033561036e-05 +5.860040336e+00 +5.860040336e+00
9187 0 +3.894968283e-05 +5.860038950e+00 +5.860038950e+00
9229 0 +3.492009691e-05 +5.860034920e+00 +5.860034920e+00
9250 0 +3.133141665e-05 +5.860031331e+00 +5.860031331e+00
9269 0 +2.698471727e-05 +5.860026985e+00 +5.860026985e+00
9290 0 +2.105007126e-05 +5.860021050e+00 +5.860021050e+00
9292 0 +1.979158358e-05 +5.860019792e+00 +5.860019792e+00
9334 0 +1.751591764e-05 +5.860017516e+00 +5.860017516e+00
9422 0 +1.578097317e-05 +5.860015781e+00 +5.860015781e+00
9464 0 +1.375623268e-05 +5.860013756e+00 +5.860013756e+00
72263 0 +1.229811306e-05 +5.860012298e+00 +5.860012298e+00
72368 0 +1.117931857e-05 +5.860011179e+00 +5.860011179e+00
72387 0 +9.998945933e-06 +5.860009999e+00 +5.860009999e+00
200484 0 +9.768424335e-06 +5.860009768e+00 +5.860009768e+00
% f evaluations | g evaluations | best noise-free fitness - Fopt (2.048600000000e+02) + sum g_i+ | measured fitness | best measured fitness or single-digit g-values | x1 | x2...
1 0 +2.422925359e+03 +2.627785359e+03 +2.627785359e+03
8 0 +2.264673715e+03 +2.469533715e+03 +2.469533715e+03
22 0 +2.040265171e+03 +2.245125171e+03 +2.245125171e+03
33 0 +1.682559692e+03 +1.887419692e+03 +1.887419692e+03
51 0 +1.460685789e+03 +1.665545789e+03 +1.665545789e+03
62 0 +1.215883147e+03 +1.420743147e+03 +1.420743147e+03
87 0 +1.033925809e+03 +1.238785809e+03 +1.238785809e+03
121 0 +9.698983033e+02 +1.174758303e+03 +1.174758303e+03
142 0 +7.786545635e+02 +9.835145635e+02 +9.835145635e+02
163 0 +5.471516949e+02 +7.520116949e+02 +7.520116949e+02
205 0 +4.433160051e+02 +6.481760051e+02 +6.481760051e+02
247 0 +3.396281282e+02 +5.444881282e+02 +5.444881282e+02
268 0 +2.604014204e+02 +4.652614204e+02 +4.652614204e+02
289 0 +1.979883688e+02 +4.028483688e+02 +4.028483688e+02
331 0 +1.707348510e+02 +3.755948510e+02 +3.755948510e+02
352 0 +1.539369748e+02 +3.587969748e+02 +3.587969748e+02
373 0 +1.393279454e+02 +3.441879454e+02 +3.441879454e+02
394 0 +1.187179263e+02 +3.235779263e+02 +3.235779263e+02
415 0 +9.343052630e+01 +2.982905263e+02 +2.982905263e+02
457 0 +8.545290444e+01 +2.903129044e+02 +2.903129044e+02
478 0 +7.879183651e+01 +2.836518365e+02 +2.836518365e+02
499 0 +6.853779249e+01 +2.733977925e+02 +2.733977925e+02
520 0 +5.389737168e+01 +2.587573717e+02 +2.587573717e+02
562 0 +4.731033345e+01 +2.521703334e+02 +2.521703334e+02
625 0 +4.069112201e+01 +2.455511220e+02 +2.455511220e+02
646 0 +3.335657766e+01 +2.382165777e+02 +2.382165777e+02
688 0 +2.966613676e+01 +2.345261368e+02 +2.345261368e+02
730 0 +2.709615177e+01 +2.319561518e+02 +2.319561518e+02
751 0 +2.167954100e+01 +2.265395410e+02 +2.265395410e+02
793 0 +1.989255484e+01 +2.247525548e+02 +2.247525548e+02
814 0 +1.676862376e+01 +2.216286238e+02 +2.216286238e+02
856 0 +1.517451244e+01 +2.200345124e+02 +2.200345124e+02
877 0 +1.244413436e+01 +2.173041344e+02 +2.173041344e+02
898 0 +9.185625685e+00 +2.140456257e+02 +2.140456257e+02
919 0 +8.210579802e+00 +2.130705798e+02 +2.130705798e+02
940 0 +7.376552125e+00 +2.122365521e+02 +2.122365521e+02
961 0 +6.002910894e+00 +2.108629109e+02 +2.108629109e+02
982 0 +4.198254603e+00 +2.090582546e+02 +2.090582546e+02
1003 0 +3.393457628e+00 +2.082534576e+02 +2.082534576e+02
1024 0 +3.035900751e+00 +2.078959008e+02 +2.078959008e+02
1066 0 +2.485862804e+00 +2.073458628e+02 +2.073458628e+02
1087 0 +1.891091446e+00 +2.067510914e+02 +2.067510914e+02
1108 0 +1.212697571e+00 +2.060726976e+02 +2.060726976e+02
1150 0 +9.137765344e-01 +2.057737765e+02 +2.057737765e+02
1192 0 +8.146651752e-01 +2.056746652e+02 +2.056746652e+02
1213 0 +7.178858759e-01 +2.055778859e+02 +2.055778859e+02
1234 0 +5.838674233e-01 +2.054438674e+02 +2.054438674e+02
1276 0 +5.220649293e-01 +2.053820649e+02 +2.053820649e+02
1297 0 +4.193734115e-01 +2.052793734e+02 +2.052793734e+02
1339 0 +3.604536073e-01 +2.052204536e+02 +2.052204536e+02
1360 0 +3.064828584e-01 +2.051664829e+02 +2.051664829e+02
1381 0 +2.817849491e-01 +2.051417849e+02 +2.051417849e+02
1423 0 +2.222169016e-01 +2.050822169e+02 +2.050822169e+02
1444 0 +1.892914916e-01 +2.050492915e+02 +2.050492915e+02
1486 0 +1.768527603e-01 +2.050368528e+02 +2.050368528e+02
1528 0 +1.379329911e-01 +2.049979330e+02 +2.049979330e+02
1549 0 +1.062054703e-01 +2.049662055e+02 +2.049662055e+02
1570 0 +8.901574150e-02 +2.049490157e+02 +2.049490157e+02
1591 0 +7.814509942e-02 +2.049381451e+02 +2.049381451e+02
1612 0 +6.660678021e-02 +2.049266068e+02 +2.049266068e+02
1654 0 +6.227731877e-02 +2.049222773e+02 +2.049222773e+02
1675 0 +5.521346878e-02 +2.049152135e+02 +2.049152135e+02
1696 0 +4.407323288e-02 +2.049040732e+02 +2.049040732e+02
1738 0 +3.279695207e-02 +2.048927970e+02 +2.048927970e+02
1759 0 +2.442199178e-02 +2.048844220e+02 +2.048844220e+02
1780 0 +1.840948392e-02 +2.048784095e+02 +2.048784095e+02
1822 0 +1.577059964e-02 +2.048757706e+02 +2.048757706e+02
1843 0 +1.376160492e-02 +2.048737616e+02 +2.048737616e+02
1864 0 +1.172082152e-02 +2.048717208e+02 +2.048717208e+02
1885 0 +9.238318953e-03 +2.048692383e+02 +2.048692383e+02
1906 0 +6.663778037e-03 +2.048666638e+02 +2.048666638e+02
1948 0 +5.787889254e-03 +2.048657879e+02 +2.048657879e+02
1969 0 +5.118271978e-03 +2.048651183e+02 +2.048651183e+02
1990 0 +4.345820863e-03 +2.048643458e+02 +2.048643458e+02
2011 0 +3.448103104e-03 +2.048634481e+02 +2.048634481e+02
2032 0 +3.052908676e-03 +2.048630529e+02 +2.048630529e+02
2095 0 +2.546475942e-03 +2.048625465e+02 +2.048625465e+02
2116 0 +2.108107740e-03 +2.048621081e+02 +2.048621081e+02
2137 0 +1.757917202e-03 +2.048617579e+02 +2.048617579e+02
2200 0 +1.490747221e-03 +2.048614907e+02 +2.048614907e+02
2221 0 +1.277729674e-03 +2.048612777e+02 +2.048612777e+02
2242 0 +1.082654597e-03 +2.048610827e+02 +2.048610827e+02
2263 0 +8.720894358e-04 +2.048608721e+02 +2.048608721e+02
2326 0 +7.662729184e-04 +2.048607663e+02 +2.048607663e+02
5334 0 +6.694915157e-04 +2.048606695e+02 +2.048606695e+02
5355 0 +6.048492619e-04 +2.048606048e+02 +2.048606048e+02
14152 0 +5.318540413e-04 +2.048605319e+02 +2.048605319e+02
19962 0 +4.920311778e-04 +2.048604920e+02 +2.048604920e+02
25813 0 +4.211904498e-04 +2.048604212e+02 +2.048604212e+02
60042 0 +3.966006107e-04 +2.048603966e+02 +2.048603966e+02
60084 0 +3.053256699e-04 +2.048603053e+02 +2.048603053e+02
60294 0 +2.802955984e-04 +2.048602803e+02 +2.048602803e+02
60378 0 +2.465360464e-04 +2.048602465e+02 +2.048602465e+02
60471 0 +2.223563147e-04 +2.048602224e+02 +2.048602224e+02
71449 0 +1.858816460e-04 +2.048601859e+02 +2.048601859e+02
71470 0 +1.770223057e-04 +2.048601770e+02 +2.048601770e+02
71512 0 +1.325126145e-04 +2.048601325e+02 +2.048601325e+02
200067 0 +1.290920294e-04 +2.048601291e+02 +2.048601291e+02
% f evaluations | g evaluations | best noise-free fitness - Fopt (1.154900000000e+02) + sum g_i+ | measured fitness | best measured fitness or single-digit g-values | x1 | x2...
1 0 +2.429007911e+03 +2.544497911e+03 +2.544497911e+03
2 0 +2.350656321e+03 +2.466146321e+03 +2.466146321e+03
5 0 +1.999741952e+03 +2.115231952e+03 +2.115231952e+03
13 0 +1.952766720e+03 +2.068256720e+03 +2.068256720e+03
16 0 +1.720577568e+03 +1.836067568e+03 +1.836067568e+03
36 0 +1.258744150e+03 +1.374234150e+03 +1.374234150e+03
63 0 +1.029199130e+03 +1.144689130e+03 +1.144689130e+03
109 0 +8.640850905e+02 +9.795750905e+02 +9.795750905e+02
121 0 +7.657770038e+02 +8.812670038e+02 +8.812670038e+02
142 0 +6.082692137e+02 +7.237592137e+02 +7.237592137e+02
163 0 +3.089322819e+02 +4.244222819e+02 +4.244222819e+02
205 0 +1.196182625e+02 +2.351082625e+02 +2.351082625e+02
247 0 +1.084394442e+02 +2.239294442e+02 +2.239294442e+02
289 0 +9.673994569e+01 +2.122299457e+02 +2.122299457e+02
310 0 +8.656586931e+01 +2.020558693e+02 +2.020558693e+02
331 0 +7.441023401e+01 +1.899002340e+02 +1.899002340e+02
352 0 +6.200736267e+01 +1.774973627e+02 +1.774973627e+02
394 0 +5.551850609e+01 +1.710085061e+02 +1.710085061e+02
436 0 +4.154041448e+01 +1.570304145e+02 +1.570304145e+02
457 0 +3.144049068e+01 +1.469304907e+02 +1.469304907e+02
520 0 +2.577098064e+01 +1.412609806e+02 +1.412609806e+02
541 0 +2.336257007e+01 +1.388525701e+02 +1.388525701e+02
562 0 +2.125707017e+01 +1.367470702e+02 +1.367470702e+02
604 0 +1.952185647e+01 +1.350118565e+02 +1.350118565e+02
625 0 +1.754536211e+01 +1.330353621e+02 +1.330353621e+02
688 0 +1.578273800e+01 +1.312727380e+02 +1.312727380e+02
730 0 +1.196106300e+01 +1.274510630e+02 +1.274510630e+02
751 0 +9.104639042e+00 +1.245946390e+02 +1.245946390e+02
772 0 +7.835583719e+00 +1.233255837e+02 +1.233255837e+02
793 0 +5.566328350e+00 +1.210563284e+02 +1.210563284e+02
814 0 +2.171737068e+00 +1.176617371e+02 +1.176617371e+02
856 0 +1.436797092e+00 +1.169267971e+02 +1.169267971e+02
898 0 +1.180370808e+00 +1.166703708e+02 +1.166703708e+02
919 0 +1.010677338e+00 +1.165006773e+02 +1.165006773e+02
940 0 +7.685997534e-01 +1.162585998e+02 +1.162585998e+02
982 0 +6.497015938e-01 +1.161397016e+02 +1.161397016e+02
1024 0 +5.963636830e-01 +1.160863637e+02 +1.160863637e+02
1045 0 +5.125667797e-01 +1.160025668e+02 +1.160025668e+02
1066 0 +4.489975533e-01 +1.159389976e+02 +1.159389976e+02
1087 0 +3.937819710e-01 +1.158837820e+02 +1.158837820e+02
1108 0 +3.383588485e-01 +1.158283588e+02 +1.158283588e+02
1150 0 +3.111853830e-01 +1.158011854e+02 +1.158011854e+02
1192 0 +2.743424789e-01 +1.157643425e+02 +1.157643425e+02
1234 0 +2.234100555e-01 +1.157134101e+02 +1.157134101e+02
1255 0 +1.794905968e-01 +1.156694906e+02 +1.156694906e+02
1297 0 +1.627400884e-01 +1.156527401e+02 +1.156527401e+02
1318 0 +1.412406632e-01 +1.156312407e+02 +1.156312407e+02
1339 0 +1.113231284e-01 +1.156013231e+02 +1.156013231e+02
1381 0 +9.009963665e-02 +1.155800996e+02 +1.155800996e+02
1402 0 +7.664123034e-02 +1.155666412e+02 +1.155666412e+02
1465 0 +6.694921101e-02 +1.155569492e+02 +1.155569492e+02
1486 0 +4.872148827e-02 +1.155387215e+02 +1.155387215e+02
1507 0 +4.347826306e-02 +1.155334783e+02 +1.155334783e+02
1528 0 +3.204893273e-02 +1.155220489e+02 +1.155220489e+02
1570 0 +2.521893027e-02 +1.155152189e+02 +1.155152189e+02
1591 0 +2.270663711e-02 +1.155127066e+02 +1.155127066e+02
1612 0 +1.910293461e-02 +1.155091029e+02 +1.155091029e+02
1633 0 +1.446843619e-02 +1.155044684e+02 +1.155044684e+02
1654 0 +1.217676628e-02 +1.155021768e+02 +1.155021768e+02
1675 0 +1.111033271e-02 +1.155011103e+02 +1.155011103e+02
1696 0 +9.477759668e-03 +1.154994778e+02 +1.154994778e+02
1717 0 +7.760961939e-03 +1.154977610e+02 +1.154977610e+02
1738 0 +5.726661983e-03 +1.154957267e+02 +1.154957267e+02
1759 0 +5.261571247e-03 +1.154952616e+02 +1.154952616e+02
1780 0 +4.618293930e-03 +1.154946183e+02 +1.154946183e+02
1801 0 +4.329939323e-03 +1.154943299e+02 +1.154943299e+02
1822 0 +3.956501023e-03 +1.154939565e+02 +1.154939565e+02
1843 0 +3.415402278e-03 +1.154934154e+02 +1.154934154e+02
1864 0 +2.638758284e-03 +1.154926388e+02 +1.154926388e+02
1906 0 +2.180236494e-03 +1.154921802e+02 +1.154921802e+02
1927 0 +1.664983682e-03 +1.154916650e+02 +1.154916650e+02
1969 0 +1.542341226e-03 +1.154915423e+02 +1.154915423e+02
2011 0 +1.350838114e-03 +1.154913508e+02 +1.154913508e+02
2032 0 +1.154193137e-03 +1.154911542e+02 +1.154911542e+02
2053 0 +8.805707539e-04 +1.154908806e+02 +1.154908806e+02
2095 0 +7.466933424e-04 +1.154907467e+02 +1.154907467e+02
2116 0 +6.238717545e-04 +1.154906239e+02 +1.154906239e+02
2137 0 +5.218685587e-04 +1.154905219e+02 +1.154905219e+02
2158 0 +4.947939284e-04 +1.154904948e+02 +1.154904948e+02
2200 0 +3.823753033e-04 +1.154903824e+02 +1.154903824e+02
2221 0 +2.700039304e-04 +1.154902700e+02 +1.154902700e+02
2242 0 +2.301343049e-04 +1.154902301e+02 +1.154902301e+02
2284 0 +2.224021142e-04 +1.154902224e+02 +1.154902224e+02
2326 0 +1.673741858e-04 +1.154901674e+02 +1.154901674e+02
2347 0 +1.178097213e-04 +1.154901178e+02 +1.154901178e+02
2389 0 +1.035135344e-04 +1.154901035e+02 +1.154901035e+02
2410 0 +9.491808819e-05 +1.154900949e+02 +1.154900949e+02
5526 0 +8.911149699e-05 +1.154900891e+02 +1.154900891e+02
5566 0 +7.124623578e-05 +1.154900712e+02 +1.154900712e+02
5568 0 +7.000270446e-05 +1.154900700e+02 +1.154900700e+02
5587 0 +5.818983762e-05 +1.154900582e+02 +1.154900582e+02
5629 0 +5.200943730e-05 +1.154900520e+02 +1.154900520e+02
5678 0 +4.962642411e-05 +1.154900496e+02 +1.154900496e+02
5756 0 +4.440816440e-05 +1.154900444e+02 +1.154900444e+02
5777 0 +3.908670085e-05 +1.154900391e+02 +1.154900391e+02
5797 0 +3.453196398e-05 +1.154900345e+02 +1.154900345e+02
18849 0 +3.161524366e-05 +1.154900316e+02 +1.154900316e+02
18864 0 +2.694994649e-05 +1.154900269e+02 +1.154900269e+02
18885 0 +2.367946777e-05 +1.154900237e+02 +1.154900237e+02
18906 0 +2.196792289e-05 +1.154900220e+02 +1.154900220e+02
18927 0 +1.970327808e-05 +1.154900197e+02 +1.154900197e+02
19021 0 +1.769036280e-05 +1.154900177e+02 +1.154900177e+02
19074 0 +1.503528048e-05 +1.154900150e+02 +1.154900150e+02
19095 0 +1.209731259e-05 +1.154900121e+02 +1.154900121e+02
19141 0 +1.115166030e-05 +1.154900112e+02 +1.154900112e+02
35804 0 +9.796756004e-06 +1.154900098e+02 +1.154900098e+02
200010 0 +9.350335901e-06 +1.154900094e+02 +1.154900094e+02
% f evaluations | g evaluations | best noise-free fitness - Fopt (1.950500000000e+02) + sum g_i+ | measured fitness | best measured fitness or single-digit g-values | x1 | x2...
1 0 +3.065526118e+03 +3.260576118e+03 +3.260576118e+03
2 0 +2.772946122e+03 +2.967996122e+03 +2.967996122e+03
8 0 +2.496649596e+03 +2.691699596e+03 +2.691699596e+03
35 0 +2.125705704e+03 +2.320755704e+03 +2.320755704e+03
44 0 +1.924824977e+03 +2.119874977e+03 +2.119874977e+03
57 0 +1.693161929e+03 +1.888211929e+03 +1.888211929e+03
67 0 +1.501891522e+03 +1.696941522e+03 +1.696941522e+03
75 0 +1.181500688e+03 +1.376550688e+03 +1.376550688e+03
107 0 +9.827426892e+02 +1.177792689e+03 +1.177792689e+03
142 0 +7.815078909e+02 +9.765578909e+02 +9.765578909e+02
163 0 +4.780012899e+02 +6.730512899e+02 +6.730512899e+02
184 0 +2.942451652e+02 +4.892951652e+02 +4.892951652e+02
226 0 +2.672386082e+02 +4.622886082e+02 +4.622886082e+02
247 0 +2.403864079e+02 +4.354364079e+02 +4.354364079e+02
268 0 +2.050652554e+02 +4.001152554e+02 +4.001152554e+02
289 0 +1.464607551e+02 +3.415107551e+02 +3.415107551e+02
310 0 +1.152351784e+02 +3.102851784e+02 +3.102851784e+02
352 0 +1.025257360e+02 +2.975757360e+02 +2.975757360e+02
373 0 +9.843986110e+01 +2.934898611e+02 +2.934898611e+02
415 0 +8.125042014e+01 +2.763004201e+02 +2.763004201e+02
436 0 +6.667684947e+01 +2.617268495e+02 +2.617268495e+02
457 0 +5.541760490e+01 +2.504676049e+02 +2.504676049e+02
520 0 +4.721260252e+01 +2.422626025e+02 +2.422626025e+02
541 0 +4.068228058e+01 +2.357322806e+02 +2.357322806e+02
562 0 +3.167075543e+01 +2.267207554e+02 +2.267207554e+02
604 0 +3.026632314e+01 +2.253163231e+02 +2.253163231e+02
625 0 +2.790458732e+01 +2.229545873e+02 +2.229545873e+02
646 0 +2.340811196e+01 +2.184581120e+02 +2.184581120e+02
667 0 +2.233345701e+01 +2.173834570e+02 +2.173834570e+02
709 0 +1.788121375e+01 +2.129312137e+02 +2.129312137e+02
730 0 +1.330237660e+01 +2.083523766e+02 +2.083523766e+02
751 0 +1.029555031e+01 +2.053455503e+02 +2.053455503e+02
772 0 +8.385574931e+00 +2.034355749e+02 +2.034355749e+02
793 0 +7.097826140e+00 +2.021478261e+02 +2.021478261e+02
814 0 +6.524565942e+00 +2.015745659e+02 +2.015745659e+02
835 0 +5.419055134e+00 +2.004690551e+02 +2.004690551e+02
856 0 +3.733906602e+00 +1.987839066e+02 +1.987839066e+02
898 0 +3.205780805e+00 +1.982557808e+02 +1.982557808e+02
919 0 +2.656320940e+00 +1.977063209e+02 +1.977063209e+02
940 0 +1.945451014e+00 +1.969954510e+02 +1.969954510e+02
961 0 +1.678203806e+00 +1.967282038e+02 +1.967282038e+02
982 0 +1.519404582e+00 +1.965694046e+02 +1.965694046e+02
1003 0 +1.312436660e+00 +1.963624367e+02 +1.963624367e+02
1024 0 +1.093233835e+00 +1.961432338e+02 +1.961432338e+02
1045 0 +8.558016519e-01 +1.959058017e+02 +1.959058017e+02
1087 0 +7.271737179e-01 +1.957771737e+02 +1.957771737e+02
1108 0 +6.320296460e-01 +1.956820296e+02 +1.956820296e+02
1129 0 +5.332330060e-01 +1.955832330e+02 +1.955832330e+02
1171 0 +4.956179969e-01 +1.955456180e+02 +1.955456180e+02
1192 0 +4.397026735e-01 +1.954897027e+02 +1.954897027e+02
1213 0 +3.709725284e-01 +1.954209725e+02 +1.954209725e+02
1234 0 +3.213848664e-01 +1.953713849e+02 +1.953713849e+02
1255 0 +2.789908796e-01 +1.953289909e+02 +1.953289909e+02
1297 0 +2.282527227e-01 +1.952782527e+02 +1.952782527e+02
1339 0 +2.134564822e-01 +1.952634565e+02 +1.952634565e+02
1360 0 +1.920262430e-01 +1.952420262e+02 +1.952420262e+02
1381 0 +1.540599871e-01 +1.952040600e+02 +1.952040600e+02
1402 0 +1.275661811e-01 +1.951775662e+02 +1.951775662e+02
1423 0 +1.230394052e-01 +1.951730394e+02 +1.951730394e+02
1465 0 +1.007689164e-01 +1.951507689e+02 +1.951507689e+02
1486 0 +7.680171158e-02 +1.951268017e+02 +1.951268017e+02
1507 0 +4.497387852e-02 +1.950949739e+02 +1.950949739e+02
1549 0 +3.584234324e-02 +1.950858423e+02 +1.950858423e+02
1591 0 +3.115026322e-02 +1.950811503e+02 +1.950811503e+02
1612 0 +2.591779349e-02 +1.950759178e+02 +1.950759178e+02
1633 0 +2.135242070e-02 +1.950713524e+02 +1.950713524e+02
1654 0 +1.870442089e-02 +1.950687044e+02 +1.950687044e+02
1675 0 +1.580266309e-02 +1.950658027e+02 +1.950658027e+02
1696 0 +1.332136858e-02 +1.950633214e+02 +1.950633214e+02
1717 0 +1.118343504e-02 +1.950611834e+02 +1.950611834e+02
1738 0 +9.792168768e-03 +1.950597922e+02 +1.950597922e+02
1759 0 +8.028795858e-03 +1.950580288e+02 +1.950580288e+02
1780 0 +6.654301108e-03 +1.950566543e+02 +1.950566543e+02
1822 0 +6.081796283e-03 +1.950560818e+02 +1.950560818e+02
1843 0 +5.126760427e-03 +1.950551268e+02 +1.950551268e+02
1864 0 +4.226854723e-03 +1.950542269e+02 +1.950542269e+02
1885 0 +3.436180824e-03 +1.950534362e+02 +1.950534362e+02
1948 0 +2.931408747e-03 +1.950529314e+02 +1.950529314e+02
1969 0 +2.574602848e-03 +1.950525746e+02 +1.950525746e+02
1990 0 +2.057301688e-03 +1.950520573e+02 +1.950520573e+02
2032 0 +1.958157816e-03 +1.950519582e+02 +1.950519582e+02
2074 0 +1.695050671e-03 +1.950516951e+02 +1.950516951e+02
2095 0 +1.491389807e-03 +1.950514914e+02 +1.950514914e+02
2116 0 +1.298464562e-03 +1.950512985e+02 +1.950512985e+02
5294 0 +1.249212917e-03 +1.950512492e+02 +1.950512492e+02
8178 0 +1.082845094e-03 +1.950510828e+02 +1.950510828e+02
40893 0 +9.687908289e-04 +1.950509688e+02 +1.950509688e+02
45653 0 +8.756964460e-04 +1.950508757e+02 +1.950508757e+02
200266 0 +8.348642174e-04 +1.950508349e+02 +1.950508349e+02
% f evaluations | g evaluations | best noise-free fitness - Fopt (-2.144800000000e+02) + sum g_i+ | measured fitness | best measured fitness or single-digit g-values | x1 | x2...
1 0 +2.389561601e+03 +2.175081601e+03 +2.175081601e+03
2 0 +1.924333559e+03 +1.709853559e+03 +1.709853559e+03
3 0 +1.472304292e+03 +1.257824292e+03 +1.257824292e+03
30 0 +1.384187848e+03 +1.169707848e+03 +1.169707848e+03
38 0 +1.116015254e+03 +9.015352538e+02 +9.015352538e+02
68 0 +9.940568713e+02 +7.795768713e+02 +7.795768713e+02
75 0 +8.891503916e+02 +6.746703916e+02 +6.746703916e+02
95 0 +7.908232804e+02 +5.763432804e+02 +5.763432804e+02
119 0 +5.612564229e+02 +3.467764229e+02 +3.467764229e+02
121 0 +4.908828575e+02 +2.764028575e+02 +2.764028575e+02
142 0 +3.087409571e+02 +9.426095709e+01 +9.426095709e+01
163 0 +1.957498028e+02 -1.873019724e+01 -1.873019724e+01
205 0 +1.708813876e+02 -4.359861245e+01 -4.359861245e+01
268 0 +1.505420617e+02 -6.393793828e+01 -6.393793828e+01
289 0 +1.308308084e+02 -8.364919163e+01 -8.364919163e+01
310 0 +9.828777090e+01 -1.161922291e+02 -1.161922291e+02
331 0 +6.158457026e+01 -1.528954297e+02 -1.528954297e+02
373 0 +5.297084507e+01 -1.615091549e+02 -1.615091549e+02
415 0 +4.994822971e+01 -1.645317703e+02 -1.645317703e+02
478 0 +4.334891899e+01 -1.711310810e+02 -1.711310810e+02
499 0 +3.773145297e+01 -1.767485470e+02 -1.767485470e+02
541 0 +3.518143535e+01 -1.792985647e+02 -1.792985647e+02
583 0 +2.400719975e+01 -1.904728002e+02 -1.904728002e+02
625 0 +2.225814579e+01 -1.922218542e+02 -1.922218542e+02
688 0 +1.963705495e+01 -1.948429451e+02 -1.948429451e+02
751 0 +1.676519311e+01 -1.977148069e+02 -1.977148069e+02
772 0 +1.447693321e+01 -2.000030668e+02 -2.000030668e+02
793 0 +1.024518439e+01 -2.042348156e+02 -2.042348156e+02
814 0 +5.241606738e+00 -2.092383933e+02 -2.092383933e+02
856 0 +4.353678043e+00 -2.101263220e+02 -2.101263220e+02
877 0 +3.602427408e+00 -2.108775726e+02 -2.108775726e+02
898 0 +2.951069319e+00 -2.115289307e+02 -2.115289307e+02
919 0 +2.221237607e+00 -2.122587624e+02 -2.122587624e+02
961 0 +1.805338307e+00 -2.126746617e+02 -2.126746617e+02
982 0 +1.598854636e+00 -2.128811454e+02 -2.128811454e+02
1003 0 +1.289989504e+00 -2.131900105e+02 -2.131900105e+02
1024 0 +9.530376823e-01 -2.135269623e+02 -2.135269623e+02
1045 0 +8.786514735e-01 -2.136013485e+02 -2.136013485e+02
1066 0 +7.651219952e-01 -2.137148780e+02 -2.137148780e+02
1087 0 +5.975498532e-01 -2.138824501e+02 -2.138824501e+02
1129 0 +5.057932391e-01 -2.139742068e+02 -2.139742068e+02
1150 0 +4.201059221e-01 -2.140598941e+02 -2.140598941e+02
1171 0 +3.339842905e-01 -2.141460157e+02 -2.141460157e+02
1192 0 +2.759821328e-01 -2.142040179e+02 -2.142040179e+02
1255 0 +2.437538924e-01 -2.142362461e+02 -2.142362461e+02
1276 0 +2.114013233e-01 -2.142685987e+02 -2.142685987e+02
1297 0 +1.638479187e-01 -2.143161521e+02 -2.143161521e+02
1339 0 +1.376574223e-01 -2.143423426e+02 -2.143423426e+02
1402 0 +1.106872264e-01 -2.143693128e+02 -2.143693128e+02
1465 0 +8.917789839e-02 -2.143908221e+02 -2.143908221e+02
1507 0 +8.293824873e-02 -2.143970618e+02 -2.143970618e+02
1528 0 +7.349137097e-02 -2.144065086e+02 -2.144065086e+02
1549 0 +5.647677383e-02 -2.144235232e+02 -2.144235232e+02
1570 0 +3.887159660e-02 -2.144411284e+02 -2.144411284e+02
1612 0 +3.299197160e-02 -2.144470080e+02 -2.144470080e+02
1633 0 +2.464113101e-02 -2.144553589e+02 -2.144553589e+02
1654 0 +2.025766858e-02 -2.144597423e+02 -2.144597423e+02
1675 0 +1.716316052e-02 -2.144628368e+02 -2.144628368e+02
1696 0 +1.342060146e-02 -2.144665794e+02 -2.144665794e+02
1717 0 +1.220388929e-02 -2.144677961e+02 -2.144677961e+02
1738 0 +1.097403165e-02 -2.144690260e+02 -2.144690260e+02
1759 0 +9.631189184e-03 -2.144703688e+02 -2.144703688e+02
1780 0 +7.924647492e-03 -2.144720754e+02 -2.144720754e+02
1801 0 +6.456547026e-03 -2.144735435e+02 -2.144735435e+02
1843 0 +5.698347841e-03 -2.144743017e+02 -2.144743017e+02
1864 0 +5.058868218e-03 -2.144749411e+02 -2.144749411e+02
1885 0 +4.282923559e-03 -2.144757171e+02 -2.144757171e+02
1906 0 +3.181232069e-03 -2.144768188e+02 -2.144768188e+02
1948 0 +2.754836884e-03 -2.144772452e+02 -2.144772452e+02
1990 0 +2.106333531e-03 -2.144778937e+02 -2.144778937e+02
2011 0 +1.773290637e-03 -2.144782267e+02 -2.144782267e+02
2053 0 +1.547372875e-03 -2.144784526e+02 -2.144784526e+02
24427 0 +1.411712820e-03 -2.144785883e+02 -2.144785883e+02
24448 0 +1.114501288e-03 -2.144788855e+02 -2.144788855e+02
46956 0 +9.321279564e-04 -2.144790679e+02 -2.144790679e+02
47019 0 +7.805278853e-04 -2.144792195e+02 -2.144792195e+02
200660 0 +7.102453538e-04 -2.144792898e+02 -2.144792898e+02
% f evaluations | g evaluations | best noise-free fitness - Fopt (-4.590000000000e+01) + sum g_i+ | measured fitness | best measured fitness or single-digit g-values | x1 | x2...
1 0 +2.415848310e+03 +2.369948310e+03 +2.369948310e+03
2 0 +1.964035941e+03 +1.918135941e+03 +1.918135941e+03
38 0 +1.745490164e+03 +1.699590164e+03 +1.699590164e+03
51 0 +1.521973166e+03 +1.476073166e+03 +1.476073166e+03
66 0 +1.195931074e+03 +1.150031074e+03 +1.150031074e+03
121 0 +1.077252440e+03 +1.031352440e+03 +1.031352440e+03
142 0 +9.020039341e+02 +8.561039341e+02 +8.561039341e+02
163 0 +5.772840256e+02 +5.313840256e+02 +5.313840256e+02
184 0 +3.181135202e+02 +2.722135202e+02 +2.722135202e+02
226 0 +2.718352427e+02 +2.259352427e+02 +2.259352427e+02
268 0 +2.473844982e+02 +2.014844982e+02 +2.014844982e+02
289 0 +2.069405469e+02 +1.610405469e+02 +1.610405469e+02
310 0 +1.386204014e+02 +9.272040142e+01 +9.272040142e+01
352 0 +9.656864160e+01 +5.066864160e+01 +5.066864160e+01
394 0 +8.214534324e+01 +3.624534324e+01 +3.624534324e+01
436 0 +7.416481283e+01 +2.826481283e+01 +2.826481283e+01
457 0 +6.595703843e+01 +2.005703843e+01 +2.005703843e+01
478 0 +5.719762119e+01 +1.129762119e+01 +1.129762119e+01
520 0 +5.297840186e+01 +7.078401861e+00 +7.078401861e+00
541 0 +4.934594862e+01 +3.445948625e+00 +3.445948625e+00
562 0 +4.421928711e+01 -1.680712892e+00 -1.680712892e+00
604 0 +3.853428602e+01 -7.365713979e+00 -7.365713979e+00
625 0 +3.515397082e+01 -1.074602918e+01 -1.074602918e+01
646 0 +3.012920882e+01 -1.577079118e+01 -1.577079118e+01
688 0 +2.746196260e+01 -1.843803740e+01 -1.843803740e+01
709 0 +2.373191632e+01 -2.216808368e+01 -2.216808368e+01
751 0 +2.188027663e+01 -2.401972337e+01 -2.401972337e+01
772 0 +1.911595991e+01 -2.678404009e+01 -2.678404009e+01
793 0 +1.474643993e+01 -3.115356007e+01 -3.115356007e+01
835 0 +1.381031625e+01 -3.208968375e+01 -3.208968375e+01
856 0 +1.209845828e+01 -3.380154172e+01 -3.380154172e+01
877 0 +9.052111278e+00 -3.684788872e+01 -3.684788872e+01
898 0 +5.371958802e+00 -4.052804120e+01 -4.052804120e+01
940 0 +4.415859216e+00 -4.148414078e+01 -4.148414078e+01
961 0 +3.769326579e+00 -4.213067342e+01 -4.213067342e+01
982 0 +3.009857020e+00 -4.289014298e+01 -4.289014298e+01
1003 0 +2.354373130e+00 -4.354562687e+01 -4.354562687e+01
1024 0 +1.791507422e+00 -4.410849258e+01 -4.410849258e+01
1066 0 +1.568555589e+00 -4.433144441e+01 -4.433144441e+01
1087 0 +1.284778407e+00 -4.461522159e+01 -4.461522159e+01
1108 0 +9.900118078e-01 -4.490998819e+01 -4.490998819e+01
1129 0 +8.482941135e-01 -4.505170589e+01 -4.505170589e+01
1171 0 +7.898803711e-01 -4.511011963e+01 -4.511011963e+01
1213 0 +5.985685185e-01 -4.530143148e+01 -4.530143148e+01
1234 0 +4.448127774e-01 -4.545518722e+01 -4.545518722e+01
1255 0 +3.207345844e-01 -4.557926542e+01 -4.557926542e+01
1297 0 +2.717435031e-01 -4.562825650e+01 -4.562825650e+01
1360 0 +2.328850416e-01 -4.566711496e+01 -4.566711496e+01
1381 0 +2.205717879e-01 -4.567942821e+01 -4.567942821e+01
1423 0 +1.730117129e-01 -4.572698829e+01 -4.572698829e+01
1444 0 +1.410984894e-01 -4.575890151e+01 -4.575890151e+01
1465 0 +1.072579613e-01 -4.579274204e+01 -4.579274204e+01
1528 0 +9.107205945e-02 -4.580892794e+01 -4.580892794e+01
1549 0 +7.720834740e-02 -4.582279165e+01 -4.582279165e+01
1570 0 +5.936507479e-02 -4.584063493e+01 -4.584063493e+01
1591 0 +4.990866212e-02 -4.585009134e+01 -4.585009134e+01
1612 0 +3.900212022e-02 -4.586099788e+01 -4.586099788e+01
1633 0 +3.497341922e-02 -4.586502658e+01 -4.586502658e+01
1654 0 +2.974766515e-02 -4.587025233e+01 -4.587025233e+01
1675 0 +2.230775563e-02 -4.587769224e+01 -4.587769224e+01
1696 0 +1.724910686e-02 -4.588275089e+01 -4.588275089e+01
1738 0 +1.475946058e-02 -4.588524054e+01 -4.588524054e+01
1759 0 +1.244790529e-02 -4.588755209e+01 -4.588755209e+01
1780 0 +1.116218120e-02 -4.588883782e+01 -4.588883782e+01
1801 0 +9.511695890e-03 -4.589048830e+01 -4.589048830e+01
1822 0 +8.120758367e-03 -4.589187924e+01 -4.589187924e+01
1843 0 +6.915698533e-03 -4.589308430e+01 -4.589308430e+01
1906 0 +5.468703041e-03 -4.589453130e+01 -4.589453130e+01
1927 0 +4.422845262e-03 -4.589557715e+01 -4.589557715e+01
1948 0 +3.534011374e-03 -4.589646599e+01 -4.589646599e+01
1990 0 +2.932352026e-03 -4.589706765e+01 -4.589706765e+01
2011 0 +2.789687776e-03 -4.589721031e+01 -4.589721031e+01
2053 0 +2.294094600e-03 -4.589770591e+01 -4.589770591e+01
2074 0 +2.021792987e-03 -4.589797821e+01 -4.589797821e+01
2095 0 +1.779476596e-03 -4.589822052e+01 -4.589822052e+01
2116 0 +1.694055688e-03 -4.589830594e+01 -4.589830594e+01
15863 0 +1.560439684e-03 -4.589843956e+01 -4.589843956e+01
55844 0 +1.390255428e-03 -4.589860974e+01 -4.589860974e+01
55886 0 +1.232369157e-03 -4.589876763e+01 -4.589876763e+01
175557 0 +1.115730780e-03 -4.589888427e+01 -4.589888427e+01
200002 0 +1.033768368e-03 -4.589896623e+01 -4.589896623e+01
