% f evaluations | g evaluations | best noise-free fitness - Fopt (-1.694000000000e+01) + sum g_i+ | measured fitness | best measured fitness or single-digit g-values | x1 | x2...
1 0 +3.180026734e+02 +3.010626734e+02 +3.010626734e+02
2 0 +4.332310179e+01 +2.638310179e+01 +2.638310179e+01
18 0 +3.885621970e+01 +2.191621970e+01 +2.191621970e+01
19 0 +1.791589612e+01 +9.758961157e-01 +9.758961157e-01
43 0 +1.453384915e+01 -2.406150850e+00 -2.406150850e+00
98 0 +1.349739154e+01 -3.442608459e+00 -3.442608459e+00
108 0 +9.525928639e+00 -7.414071361e+00 -7.414071361e+00
213 0 +7.235088262e+00 -9.704911738e+00 -9.704911738e+00
239 0 +4.600132464e+00 -1.233986754e+01 -1.233986754e+01
297 0 +3.884314145e+00 -1.305568586e+01 -1.305568586e+01
323 0 +2.766186924e+00 -1.417381308e+01 -1.417381308e+01
422 0 +2.374439948e+00 -1.456556005e+01 -1.456556005e+01
423 0 +2.159347274e+00 -1.478065273e+01 -1.478065273e+01
432 0 +1.864409759e+00 -1.507559024e+01 -1.507559024e+01
482 0 +1.733192605e+00 -1.520680740e+01 -1.520680740e+01
500 0 +1.549810408e+00 -1.539018959e+01 -1.539018959e+01
520 0 +1.259943904e+00 -1.568005610e+01 -1.568005610e+01
562 0 +1.139226183e+00 -1.580077382e+01 -1.580077382e+01
627 0 +9.804214003e-01 -1.595957860e+01 -1.595957860e+01
634 0 +8.884832899e-01 -1.605151671e+01 -1.605151671e+01
662 0 +7.019837340e-01 -1.623801627e+01 -1.623801627e+01
799 0 +5.486332016e-01 -1.639136680e+01 -1.639136680e+01
825 0 +4.923729965e-01 -1.644762700e+01 -1.644762700e+01
904 0 +3.700168566e-01 -1.656998314e+01 -1.656998314e+01
968 0 +3.417303900e-01 -1.659826961e+01 -1.659826961e+01
1041 0 +3.100856163e-01 -1.662991438e+01 -1.662991438e+01
1069 0 +2.720713970e-01 -1.666792860e+01 -1.666792860e+01
1089 0 +1.979746534e-01 -1.674202535e+01 -1.674202535e+01
1150 0 +1.734656701e-01 -1.676653433e+01 -1.676653433e+01
1345 0 +1.579793192e-01 -1.678202068e+01 -1.678202068e+01
1361 0 +1.235439889e-01 -1.681645601e+01 -1.681645601e+01
1497 0 +1.101642684e-01 -1.682983573e+01 -1.682983573e+01
1631 0 +9.233663948e-02 -1.684766336e+01 -1.684766336e+01
1773 0 +8.887795631e-02 -1.685112204e+01 -1.685112204e+01
2202 0 +7.668222218e-02 -1.686331778e+01 -1.686331778e+01
100000 0 +7.173138653e-02 -1.686826861e+01 -1.686826861e+01
% f evaluations | g evaluations | best noise-free fitness - Fopt (1.881000000000e+01) + sum g_i+ | measured fitness | best measured fitness or single-digit g-values | x1 | x2...
1 0 +3.899279452e+01 +5.780279452e+01 +5.780279452e+01
2 0 +3.727787698e+01 +5.608787698e+01 +5.608787698e+01
6 0 +3.028393044e+01 +4.909393044e+01 +4.909393044e+01
17 0 +2.491194067e+01 +4.372194067e+01 +4.372194067e+01
24 0 +2.070322483e+01 +3.951322483e+01 +3.951322483e+01
43 0 +1.352134042e+01 +3.233134042e+01 +3.233134042e+01
173 0 +1.219519798e+01 +3.100519798e+01 +3.100519798e+01
191 0 +9.696359967e+00 +2.850635997e+01 +2.850635997e+01
230 0 +7.214307461e+00 +2.602430746e+01 +2.602430746e+01
237 0 +6.507359057e+00 +2.531735906e+01 +2.531735906e+01
327 0 +5.923871107e+00 +2.473387111e+01 +2.473387111e+01
431 0 +4.659319265e+00 +2.346931927e+01 +2.346931927e+01
485 0 +4.293845644e+00 +2.310384564e+01 +2.310384564e+01
498 0 +2.823476344e+00 +2.163347634e+01 +2.163347634e+01
541 0 +1.975496972e+00 +2.078549697e+01 +2.078549697e+01
654 0 +1.624600661e+00 +2.043460066e+01 +2.043460066e+01
658 0 +1.393905567e+00 +2.020390557e+01 +2.020390557e+01
755 0 +1.249898236e+00 +2.005989824e+01 +2.005989824e+01
762 0 +1.012762000e+00 +1.982276200e+01 +1.982276200e+01
781 0 +6.887054633e-01 +1.949870546e+01 +1.949870546e+01
953 0 +5.077280579e-01 +1.931772806e+01 +1.931772806e+01
1002 0 +4.175903196e-01 +1.922759032e+01 +1.922759032e+01
1032 0 +3.791337215e-01 +1.918913372e+01 +1.918913372e+01
1073 0 +3.017435478e-01 +1.911174355e+01 +1.911174355e+01
1192 0 +2.788052194e-01 +1.908880522e+01 +1.908880522e+01
1282 0 +2.362380627e-01 +1.904623806e+01 +1.904623806e+01
1333 0 +2.211806494e-01 +1.903118065e+01 +1.903118065e+01
1378 0 +1.966484872e-01 +1.900664849e+01 +1.900664849e+01
1714 0 +1.761628480e-01 +1.898616285e+01 +1.898616285e+01
1792 0 +1.561225003e-01 +1.896612250e+01 +1.896612250e+01
2065 0 +1.382848540e-01 +1.894828485e+01 +1.894828485e+01
23601 0 +1.258918647e-01 +1.893589186e+01 +1.893589186e+01
25692 0 +1.107222295e-01 +1.892072223e+01 +1.892072223e+01
29594 0 +9.985102180e-02 +1.890985102e+01 +1.890985102e+01
100000 0 +9.206176236e-02 +1.890206176e+01 +1.890206176e+01
% f evaluations | g evaluations | best noise-free fitness - Fopt (2.731500000000e+02) + sum g_i+ | measured fitness | best measured fitness or single-digit g-values | x1 | x2...
1 0 +2.095186669e+02 +4.826686669e+02 +4.826686669e+02
2 0 +6.012731626e+01 +3.332773163e+02 +3.332773163e+02
11 0 +4.159934426e+01 +3.147493443e+02 +3.147493443e+02
18 0 +3.708364529e+01 +3.102336453e+02 +3.102336453e+02
32 0 +3.085834106e+01 +3.040083411e+02 +3.040083411e+02
42 0 +2.425167955e+01 +2.974016795e+02 +2.974016795e+02
65 0 +1.744651700e+01 +2.905965170e+02 +2.905965170e+02
115 0 +1.358632611e+01 +2.867363261e+02 +2.867363261e+02
148 0 +1.027844220e+01 +2.834284422e+02 +2.834284422e+02
164 0 +9.790858682e+00 +2.829408587e+02 +2.829408587e+02
184 0 +8.127079878e+00 +2.812770799e+02 +2.812770799e+02
213 0 +7.934574952e+00 +2.810845750e+02 +2.810845750e+02
238 0 +6.596977610e+00 +2.797469776e+02 +2.797469776e+02
252 0 +5.383940816e+00 +2.785339408e+02 +2.785339408e+02
279 0 +4.905020498e+00 +2.780550205e+02 +2.780550205e+02
287 0 +3.776728790e+00 +2.769267288e+02 +2.769267288e+02
351 0 +3.151368977e+00 +2.763013690e+02 +2.763013690e+02
387 0 +2.375446243e+00 +2.755254462e+02 +2.755254462e+02
411 0 +1.949518708e+00 +2.750995187e+02 +2.750995187e+02
502 0 +1.699650435e+00 +2.748496504e+02 +2.748496504e+02
534 0 +1.506536414e+00 +2.746565364e+02 +2.746565364e+02
566 0 +1.220082929e+00 +2.743700829e+02 +2.743700829e+02
571 0 +1.117268528e+00 +2.742672685e+02 +2.742672685e+02
725 0 +8.793165790e-01 +2.740293166e+02 +2.740293166e+02
749 0 +7.727494858e-01 +2.739227495e+02 +2.739227495e+02
754 0 +6.070461245e-01 +2.737570461e+02 +2.737570461e+02
876 0 +4.393396434e-01 +2.735893396e+02 +2.735893396e+02
982 0 +3.864171935e-01 +2.735364172e+02 +2.735364172e+02
1055 0 +2.965918231e-01 +2.734465918e+02 +2.734465918e+02
1068 0 +2.648016926e-01 +2.734148017e+02 +2.734148017e+02
1170 0 +2.474526142e-01 +2.733974526e+02 +2.733974526e+02
1199 0 +1.997552044e-01 +2.733497552e+02 +2.733497552e+02
1213 0 +1.717509862e-01 +2.733217510e+02 +2.733217510e+02
1427 0 +1.498987793e-01 +2.732998988e+02 +2.732998988e+02
1441 0 +1.393478686e-01 +2.732893479e+02 +2.732893479e+02
1740 0 +1.250570551e-01 +2.732750571e+02 +2.732750571e+02
1754 0 +1.082083044e-01 +2.732582083e+02 +2.732582083e+02
1975 0 +9.996226765e-02 +2.732499623e+02 +2.732499623e+02
2419 0 +8.855678284e-02 +2.732385568e+02 +2.732385568e+02
11321 0 +7.856248566e-02 +2.732285625e+02 +2.732285625e+02
21062 0 +7.062462949e-02 +2.732206246e+02 +2.732206246e+02
100000 0 +6.831772913e-02 +2.732183177e+02 +2.732183177e+02
% f evaluations | g evaluations | best noise-free fitness - Fopt (3.718000000000e+01) + sum g_i+ | measured fitness | best measured fitness or single-digit g-values | x1 | x2...
1 0 +7.252955550e+01 +1.097095555e+02 +1.097095555e+02
5 0 +5.892453681e+01 +9.610453681e+01 +9.610453681e+01
11 0 +5.327545102e+01 +9.045545102e+01 +9.045545102e+01
29 0 +3.227269333e+01 +6.945269333e+01 +6.945269333e+01
69 0 +2.839297647e+01 +6.557297647e+01 +6.557297647e+01
77 0 +2.666961087e+01 +6.384961087e+01 +6.384961087e+01
90 0 +2.437203785e+01 +6.155203785e+01 +6.155203785e+01
131 0 +2.192852232e+01 +5.910852232e+01 +5.910852232e+01
149 0 +1.852705423e+01 +5.570705423e+01 +5.570705423e+01
184 0 +1.600537708e+01 +5.318537708e+01 +5.318537708e+01
186 0 +1.555954654e+01 +5.273954654e+01 +5.273954654e+01
191 0 +1.150598822e+01 +4.868598822e+01 +4.868598822e+01
230 0 +9.367368465e+00 +4.654736847e+01 +4.654736847e+01
286 0 +8.611707124e+00 +4.579170712e+01 +4.579170712e+01
372 0 +7.939313925e+00 +4.511931393e+01 +4.511931393e+01
434 0 +7.044330868e+00 +4.422433087e+01 +4.422433087e+01
469 0 +6.123950057e+00 +4.330395006e+01 +4.330395006e+01
559 0 +5.390354038e+00 +4.257035404e+01 +4.257035404e+01
569 0 +4.930311152e+00 +4.211031115e+01 +4.211031115e+01
618 0 +4.019108791e+00 +4.119910879e+01 +4.119910879e+01
633 0 +3.816463821e+00 +4.099646382e+01 +4.099646382e+01
702 0 +3.253683690e+00 +4.043368369e+01 +4.043368369e+01
791 0 +2.883767298e+00 +4.006376730e+01 +4.006376730e+01
804 0 +2.676222465e+00 +3.985622247e+01 +3.985622247e+01
833 0 +2.507992770e+00 +3.968799277e+01 +3.968799277e+01
951 0 +2.096919141e+00 +3.927691914e+01 +3.927691914e+01
957 0 +1.963709980e+00 +3.914370998e+01 +3.914370998e+01
1195 0 +1.711174665e+00 +3.889117466e+01 +3.889117466e+01
1493 0 +1.577843056e+00 +3.875784306e+01 +3.875784306e+01
100000 0 +1.425098807e+00 +3.860509881e+01 +3.860509881e+01
% f evaluations | g evaluations | best noise-free fitness - Fopt (-1.479000000000e+02) + sum g_i+ | measured fitness | best measured fitness or single-digit g-values | x1 | x2...
1 0 +3.806177127e+01 -1.098382287e+02 -1.098382287e+02
3 0 +1.589254341e+01 -1.320074566e+02 -1.320074566e+02
14 0 +1.188147063e+01 -1.360185294e+02 -1.360185294e+02
75 0 +1.032888873e+01 -1.375711113e+02 -1.375711113e+02
99 0 +9.759896978e+00 -1.381401030e+02 -1.381401030e+02
166 0 +8.053419977e+00 -1.398465800e+02 -1.398465800e+02
214 0 +6.162332279e+00 -1.417376677e+02 -1.417376677e+02
252 0 +5.408425496e+00 -1.424915745e+02 -1.424915745e+02
262 0 +4.430857614e+00 -1.434691424e+02 -1.434691424e+02
292 0 +2.992001205e+00 -1.449079988e+02 -1.449079988e+02
364 0 +2.400711440e+00 -1.454992886e+02 -1.454992886e+02
383 0 +1.743823212e+00 -1.461561768e+02 -1.461561768e+02
634 0 +1.543716971e+00 -1.463562830e+02 -1.463562830e+02
645 0 +1.170887808e+00 -1.467291122e+02 -1.467291122e+02
656 0 +8.799956146e-01 -1.470200044e+02 -1.470200044e+02
702 0 +6.350890035e-01 -1.472649110e+02 -1.472649110e+02
862 0 +5.781397217e-01 -1.473218603e+02 -1.473218603e+02
898 0 +5.369307949e-01 -1.473630692e+02 -1.473630692e+02
911 0 +4.212679137e-01 -1.474787321e+02 -1.474787321e+02
913 0 +3.956603995e-01 -1.475043396e+02 -1.475043396e+02
974 0 +3.022936038e-01 -1.475977064e+02 -1.475977064e+02
981 0 +2.102155870e-01 -1.476897844e+02 -1.476897844e+02
1032 0 +1.759393257e-01 -1.477240607e+02 -1.477240607e+02
1089 0 +1.295592961e-01 -1.477704407e+02 -1.477704407e+02
1118 0 +8.922645622e-02 -1.478107735e+02 -1.478107735e+02
1174 0 +7.592982180e-02 -1.478240702e+02 -1.478240702e+02
1187 0 +6.218440900e-02 -1.478378156e+02 -1.478378156e+02
1230 0 +5.346313960e-02 -1.478465369e+02 -1.478465369e+02
1446 0 +4.810824778e-02 -1.478518918e+02 -1.478518918e+02
1448 0 +4.294474249e-02 -1.478570553e+02 -1.478570553e+02
1467 0 +3.294314677e-02 -1.478670569e+02 -1.478670569e+02
1480 0 +2.790026647e-02 -1.478720997e+02 -1.478720997e+02
1552 0 +2.254422998e-02 -1.478774558e+02 -1.478774558e+02
1558 0 +1.682112339e-02 -1.478831789e+02 -1.478831789e+02
1612 0 +1.389512588e-02 -1.478861049e+02 -1.478861049e+02
1664 0 +9.260520463e-03 -1.478907395e+02 -1.478907395e+02
1757 0 +8.526188101e-03 -1.478914738e+02 -1.478914738e+02
1828 0 +5.295662442e-03 -1.478947043e+02 -1.478947043e+02
1924 0 +4.431258525e-03 -1.478955687e+02 -1.478955687e+02
1977 0 +3.542641559e-03 -1.478964574e+02 -1.478964574e+02
2087 0 +2.569368583e-03 -1.478974306e+02 -1.478974306e+02
2189 0 +2.188128778e-03 -1.478978119e+02 -1.478978119e+02
2293 0 +1.783018950e-03 -1.478982170e+02 -1.478982170e+02
2395 0 +1.619099609e-03 -1.478983809e+02 -1.478983809e+02
2425 0 +1.505716537e-03 -1.478984943e+02 -1.478984943e+02
2751 0 +1.402517320e-03 -1.478985975e+02 -1.478985975e+02
3794 0 +1.258806965e-03 -1.478987412e+02 -1.478987412e+02
100000 0 +1.202619038e-03 -1.478987974e+02 -1.478987974e+02
% f evaluations | g evaluations | best noise-free fitness - Fopt (4.817100000000e+02) + sum g_i+ | measured fitness | best measured fitness or single-digit g-values | x1 | x2...
1 0 +4.092685739e+01 +5.226368574e+02 +5.226368574e+02
2 0 +3.998803134e+01 +5.216980313e+02 +5.216980313e+02
13 0 +2.822539436e+01 +5.099353944e+02 +5.099353944e+02
19 0 +1.519322703e+01 +4.969032270e+02 +4.969032270e+02
32 0 +1.088475711e+01 +4.925947571e+02 +4.925947571e+02
156 0 +9.920845647e+00 +4.916308456e+02 +4.916308456e+02
181 0 +7.421636345e+00 +4.891316363e+02 +4.891316363e+02
195 0 +7.063439100e+00 +4.887734391e+02 +4.887734391e+02
215 0 +6.054656704e+00 +4.877646567e+02 +4.877646567e+02
252 0 +2.409083027e+00 +4.841190830e+02 +4.841190830e+02
384 0 +2.081379532e+00 +4.837913795e+02 +4.837913795e+02
413 0 +1.910942684e+00 +4.836209427e+02 +4.836209427e+02
421 0 +1.602942651e+00 +4.833129427e+02 +4.833129427e+02
453 0 +1.546357870e+00 +4.832563579e+02 +4.832563579e+02
554 0 +1.299033755e+00 +4.830090338e+02 +4.830090338e+02
557 0 +1.107843599e+00 +4.828178436e+02 +4.828178436e+02
596 0 +9.789375879e-01 +4.826889376e+02 +4.826889376e+02
680 0 +8.282850422e-01 +4.825382850e+02 +4.825382850e+02
685 0 +7.593496533e-01 +4.824693497e+02 +4.824693497e+02
691 0 +7.019194529e-01 +4.824119195e+02 +4.824119195e+02
707 0 +4.442248194e-01 +4.821542248e+02 +4.821542248e+02
855 0 +3.939702774e-01 +4.821039703e+02 +4.821039703e+02
944 0 +3.408092164e-01 +4.820508092e+02 +4.820508092e+02
949 0 +3.143250922e-01 +4.820243251e+02 +4.820243251e+02
994 0 +2.638356854e-01 +4.819738357e+02 +4.819738357e+02
1023 0 +2.475631436e-01 +4.819575631e+02 +4.819575631e+02
1146 0 +2.130445483e-01 +4.819230445e+02 +4.819230445e+02
1166 0 +1.970669015e-01 +4.819070669e+02 +4.819070669e+02
1241 0 +1.767155821e-01 +4.818867156e+02 +4.818867156e+02
1302 0 +1.452843546e-01 +4.818552844e+02 +4.818552844e+02
1382 0 +1.397668418e-01 +4.818497668e+02 +4.818497668e+02
1448 0 +1.204951307e-01 +4.818304951e+02 +4.818304951e+02
1484 0 +1.079385194e-01 +4.818179385e+02 +4.818179385e+02
1535 0 +9.680248375e-02 +4.818068025e+02 +4.818068025e+02
1559 0 +8.737651721e-02 +4.817973765e+02 +4.817973765e+02
1608 0 +7.915502064e-02 +4.817891550e+02 +4.817891550e+02
1676 0 +6.808276730e-02 +4.817780828e+02 +4.817780828e+02
1713 0 +5.820021460e-02 +4.817682002e+02 +4.817682002e+02
1962 0 +5.583030029e-02 +4.817658303e+02 +4.817658303e+02
2255 0 +4.918958441e-02 +4.817591896e+02 +4.817591896e+02
13221 0 +4.458678373e-02 +4.817545868e+02 +4.817545868e+02
23690 0 +3.980777050e-02 +4.817498078e+02 +4.817498078e+02
100000 0 +3.758470794e-02 +4.817475847e+02 +4.817475847e+02
% f evaluations | g evaluations | best noise-free fitness - Fopt (-3.646000000000e+01) + sum g_i+ | measured fitness | best measured fitness or single-digit g-values | x1 | x2...
1 0 +8.952583000e+01 +5.306583000e+01 +5.306583000e+01
11 0 +8.545431359e+01 +4.899431359e+01 +4.899431359e+01
14 0 +7.012539599e+01 +3.366539599e+01 +3.366539599e+01
25 0 +3.619065602e+01 -2.693439810e-01 -2.693439810e-01
42 0 +1.530096040e+01 -2.115903960e+01 -2.115903960e+01
126 0 +1.375233926e+01 -2.270766074e+01 -2.270766074e+01
159 0 +1.166228105e+01 -2.479771895e+01 -2.479771895e+01
162 0 +1.085318726e+01 -2.560681274e+01 -2.560681274e+01
166 0 +8.627420249e+00 -2.783257975e+01 -2.783257975e+01
177 0 +6.723074371e+00 -2.973692563e+01 -2.973692563e+01
233 0 +5.897524140e+00 -3.056247586e+01 -3.056247586e+01
238 0 +5.121622200e+00 -3.133837780e+01 -3.133837780e+01
263 0 +4.574365264e+00 -3.188563474e+01 -3.188563474e+01
266 0 +3.976791300e+00 -3.248320870e+01 -3.248320870e+01
339 0 +3.027379937e+00 -3.343262006e+01 -3.343262006e+01
380 0 +2.726128138e+00 -3.373387186e+01 -3.373387186e+01
416 0 +1.765925293e+00 -3.469407471e+01 -3.469407471e+01
487 0 +1.357392994e+00 -3.510260701e+01 -3.510260701e+01
575 0 +1.183003036e+00 -3.527699696e+01 -3.527699696e+01
596 0 +8.546454451e-01 -3.560535455e+01 -3.560535455e+01
662 0 +7.711777709e-01 -3.568882223e+01 -3.568882223e+01
674 0 +6.659075116e-01 -3.579409249e+01 -3.579409249e+01
726 0 +5.834770715e-01 -3.587652293e+01 -3.587652293e+01
740 0 +5.471657197e-01 -3.591283428e+01 -3.591283428e+01
751 0 +4.461804735e-01 -3.601381953e+01 -3.601381953e+01
844 0 +2.886942685e-01 -3.617130573e+01 -3.617130573e+01
899 0 +2.759559196e-01 -3.618404408e+01 -3.618404408e+01
957 0 +2.457008037e-01 -3.621429920e+01 -3.621429920e+01
1040 0 +1.732324645e-01 -3.628676754e+01 -3.628676754e+01
1105 0 +1.557429093e-01 -3.630425709e+01 -3.630425709e+01
1114 0 +1.383995979e-01 -3.632160040e+01 -3.632160040e+01
1153 0 +1.127530032e-01 -3.634724700e+01 -3.634724700e+01
1154 0 +1.076901896e-01 -3.635230981e+01 -3.635230981e+01
1252 0 +9.249232678e-02 -3.636750767e+01 -3.636750767e+01
1268 0 +7.585701044e-02 -3.638414299e+01 -3.638414299e+01
1287 0 +6.134443158e-02 -3.639865557e+01 -3.639865557e+01
1387 0 +3.719127835e-02 -3.642280872e+01 -3.642280872e+01
1571 0 +3.163685278e-02 -3.642836315e+01 -3.642836315e+01
1691 0 +3.055295451e-02 -3.642944705e+01 -3.642944705e+01
1736 0 +2.722919305e-02 -3.643277081e+01 -3.643277081e+01
1761 0 +2.355704854e-02 -3.643644295e+01 -3.643644295e+01
1809 0 +2.234030216e-02 -3.643765970e+01 -3.643765970e+01
1990 0 +1.721116400e-02 -3.644278884e+01 -3.644278884e+01
2201 0 +1.577624491e-02 -3.644422376e+01 -3.644422376e+01
2449 0 +1.411647009e-02 -3.644588353e+01 -3.644588353e+01
100000 0 +1.356149465e-02 -3.644643851e+01 -3.644643851e+01
% f evaluations | g evaluations | best noise-free fitness - Fopt (3.920000000000e+01) + sum g_i+ | measured fitness | best measured fitness or single-digit g-values | x1 | x2...
1 0 +7.916718680e+01 +1.183671868e+02 +1.183671868e+02
2 0 +7.045723168e+01 +1.096572317e+02 +1.096572317e+02
4 0 +6.044342794e+01 +9.964342794e+01 +9.964342794e+01
13 0 +5.210265341e+01 +9.130265341e+01 +9.130265341e+01
14 0 +3.734815732e+01 +7.654815732e+01 +7.654815732e+01
33 0 +2.677582203e+01 +6.597582203e+01 +6.597582203e+01
84 0 +2.354141926e+01 +6.274141926e+01 +6.274141926e+01
107 0 +2.234065484e+01 +6.154065484e+01 +6.154065484e+01
113 0 +1.613685696e+01 +5.533685696e+01 +5.533685696e+01
186 0 +1.491285446e+01 +5.411285446e+01 +5.411285446e+01
234 0 +1.348243434e+01 +5.268243434e+01 +5.268243434e+01
241 0 +1.203432890e+01 +5.123432890e+01 +5.123432890e+01
264 0 +1.006646204e+01 +4.926646204e+01 +4.926646204e+01
311 0 +9.120886394e+00 +4.832088639e+01 +4.832088639e+01
319 0 +8.666707755e+00 +4.786670776e+01 +4.786670776e+01
323 0 +7.898440819e+00 +4.709844082e+01 +4.709844082e+01
342 0 +6.504122437e+00 +4.570412244e+01 +4.570412244e+01
414 0 +5.842580021e+00 +4.504258002e+01 +4.504258002e+01
482 0 +4.001409112e+00 +4.320140911e+01 +4.320140911e+01
504 0 +3.977504225e+00 +4.317750422e+01 +4.317750422e+01
518 0 +2.783879103e+00 +4.198387910e+01 +4.198387910e+01
634 0 +1.635943565e+00 +4.083594356e+01 +4.083594356e+01
857 0 +1.572658301e+00 +4.077265830e+01 +4.077265830e+01
907 0 +1.230188667e+00 +4.043018867e+01 +4.043018867e+01
1101 0 +1.108443538e+00 +4.030844354e+01 +4.030844354e+01
1240 0 +9.825870068e-01 +4.018258701e+01 +4.018258701e+01
100000 0 +8.965050010e-01 +4.009650500e+01 +4.009650500e+01
% f evaluations | g evaluations | best noise-free fitness - Fopt (-3.225000000000e+01) + sum g_i+ | measured fitness | best measured fitness or single-digit g-values | x1 | x2...
1 0 +6.360548794e+02 +6.038048794e+02 +6.038048794e+02
2 0 +1.606169175e+02 +1.283669175e+02 +1.283669175e+02
17 0 +1.570529365e+02 +1.248029365e+02 +1.248029365e+02
26 0 +1.214157532e+02 +8.916575324e+01 +8.916575324e+01
42 0 +7.739329890e+01 +4.514329890e+01 +4.514329890e+01
53 0 +7.056299514e+01 +3.831299514e+01 +3.831299514e+01
64 0 +4.967996120e+01 +1.742996120e+01 +1.742996120e+01
75 0 +3.980392202e+01 +7.553922017e+00 +7.553922017e+00
87 0 +3.067306050e+01 -1.576939495e+00 -1.576939495e+00
89 0 +2.804884414e+01 -4.201155861e+00 -4.201155861e+00
137 0 +1.826549487e+01 -1.398450513e+01 -1.398450513e+01
148 0 +1.649128256e+01 -1.575871744e+01 -1.575871744e+01
183 0 +1.455518528e+01 -1.769481472e+01 -1.769481472e+01
219 0 +1.389417508e+01 -1.835582492e+01 -1.835582492e+01
255 0 +1.114627557e+01 -2.110372443e+01 -2.110372443e+01
269 0 +7.296932946e+00 -2.495306705e+01 -2.495306705e+01
281 0 +6.404370742e+00 -2.584562926e+01 -2.584562926e+01
295 0 +5.929683339e+00 -2.632031666e+01 -2.632031666e+01
316 0 +5.516711738e+00 -2.673328826e+01 -2.673328826e+01
385 0 +3.493707230e+00 -2.875629277e+01 -2.875629277e+01
448 0 +3.113645845e+00 -2.913635415e+01 -2.913635415e+01
530 0 +2.714162752e+00 -2.953583725e+01 -2.953583725e+01
544 0 +2.153762148e+00 -3.009623785e+01 -3.009623785e+01
606 0 +1.864275451e+00 -3.038572455e+01 -3.038572455e+01
612 0 +1.623836933e+00 -3.062616307e+01 -3.062616307e+01
621 0 +1.525279365e+00 -3.072472064e+01 -3.072472064e+01
667 0 +1.082620872e+00 -3.116737913e+01 -3.116737913e+01
743 0 +8.952942987e-01 -3.135470570e+01 -3.135470570e+01
751 0 +8.714084214e-01 -3.137859158e+01 -3.137859158e+01
803 0 +6.598540527e-01 -3.159014595e+01 -3.159014595e+01
866 0 +6.180123447e-01 -3.163198766e+01 -3.163198766e+01
880 0 +4.869232060e-01 -3.176307679e+01 -3.176307679e+01
883 0 +4.227201627e-01 -3.182727984e+01 -3.182727984e+01
930 0 +3.721733761e-01 -3.187782662e+01 -3.187782662e+01
994 0 +3.110683463e-01 -3.193893165e+01 -3.193893165e+01
1166 0 +2.385862885e-01 -3.201141371e+01 -3.201141371e+01
1216 0 +2.161523258e-01 -3.203384767e+01 -3.203384767e+01
1232 0 +1.777075690e-01 -3.207229243e+01 -3.207229243e+01
1264 0 +1.546690810e-01 -3.209533092e+01 -3.209533092e+01
1314 0 +1.349220721e-01 -3.211507793e+01 -3.211507793e+01
1404 0 +1.256353700e-01 -3.212436463e+01 -3.212436463e+01
1441 0 +1.075074938e-01 -3.214249251e+01 -3.214249251e+01
1480 0 +9.444558867e-02 -3.215555441e+01 -3.215555441e+01
1528 0 +8.659216072e-02 -3.216340784e+01 -3.216340784e+01
1612 0 +7.804884360e-02 -3.217195116e+01 -3.217195116e+01
1824 0 +6.989009148e-02 -3.218010991e+01 -3.218010991e+01
2095 0 +6.284283250e-02 -3.218715717e+01 -3.218715717e+01
2658 0 +5.610998480e-02 -3.219389002e+01 -3.219389002e+01
100000 0 +5.263443844e-02 -3.219736556e+01 -3.219736556e+01
% f evaluations | g evaluations | best noise-free fitness - Fopt (3.681200000000e+02) + sum g_i+ | measured fitness | best measured fitness or single-digit g-values | x1 | x2...
1 0 +8.337127837e+01 +4.514912784e+02 +4.514912784e+02
3 0 +5.538689886e+01 +4.235068989e+02 +4.235068989e+02
12 0 +4.934011188e+01 +4.174601119e+02 +4.174601119e+02
22 0 +2.669261002e+01 +3.948126100e+02 +3.948126100e+02
64 0 +2.311985307e+01 +3.912398531e+02 +3.912398531e+02
77 0 +1.989607696e+01 +3.880160770e+02 +3.880160770e+02
95 0 +1.242156698e+01 +3.805415670e+02 +3.805415670e+02
129 0 +1.072963363e+01 +3.788496336e+02 +3.788496336e+02
133 0 +8.243221993e+00 +3.763632220e+02 +3.763632220e+02
232 0 +6.850055166e+00 +3.749700552e+02 +3.749700552e+02
241 0 +4.763125754e+00 +3.728831258e+02 +3.728831258e+02
282 0 +3.438024376e+00 +3.715580244e+02 +3.715580244e+02
372 0 +2.682386168e+00 +3.708023862e+02 +3.708023862e+02
387 0 +2.487740798e+00 +3.706077408e+02 +3.706077408e+02
405 0 +2.223388218e+00 +3.703433882e+02 +3.703433882e+02
553 0 +1.990361607e+00 +3.701103616e+02 +3.701103616e+02
681 0 +1.737941904e+00 +3.698579419e+02 +3.698579419e+02
705 0 +1.510265604e+00 +3.696302656e+02 +3.696302656e+02
722 0 +1.372446852e+00 +3.694924469e+02 +3.694924469e+02
735 0 +1.207730910e+00 +3.693277309e+02 +3.693277309e+02
794 0 +1.111350761e+00 +3.692313508e+02 +3.692313508e+02
803 0 +9.940090542e-01 +3.691140091e+02 +3.691140091e+02
855 0 +8.553174053e-01 +3.689753174e+02 +3.689753174e+02
891 0 +7.340629940e-01 +3.688540630e+02 +3.688540630e+02
930 0 +6.987480661e-01 +3.688187481e+02 +3.688187481e+02
956 0 +6.251521029e-01 +3.687451521e+02 +3.687451521e+02
1083 0 +5.524030318e-01 +3.686724030e+02 +3.686724030e+02
1132 0 +4.681047656e-01 +3.685881048e+02 +3.685881048e+02
1451 0 +4.441064266e-01 +3.685641064e+02 +3.685641064e+02
1921 0 +3.950962909e-01 +3.685150963e+02 +3.685150963e+02
100000 0 +3.752138674e-01 +3.684952139e+02 +3.684952139e+02
% f evaluations | g evaluations | best noise-free fitness - Fopt (4.739000000000e+01) + sum g_i+ | measured fitness | best measured fitness or single-digit g-values | x1 | x2...
1 0 +6.634127931e+01 +1.137312793e+02 +1.137312793e+02
2 0 +3.422058805e+01 +8.161058805e+01 +8.161058805e+01
5 0 +2.947336370e+01 +7.686336370e+01 +7.686336370e+01
28 0 +2.586891393e+01 +7.325891393e+01 +7.325891393e+01
44 0 +2.451083138e+01 +7.190083138e+01 +7.190083138e+01
74 0 +1.799483458e+01 +6.538483458e+01 +6.538483458e+01
90 0 +1.717963216e+01 +6.456963216e+01 +6.456963216e+01
94 0 +1.584034654e+01 +6.323034654e+01 +6.323034654e+01
126 0 +7.981555374e+00 +5.537155537e+01 +5.537155537e+01
243 0 +7.020271424e+00 +5.441027142e+01 +5.441027142e+01
383 0 +5.676519370e+00 +5.306651937e+01 +5.306651937e+01
417 0 +4.508871253e+00 +5.189887125e+01 +5.189887125e+01
603 0 +4.096934181e+00 +5.148693418e+01 +5.148693418e+01
604 0 +3.762239472e+00 +5.115223947e+01 +5.115223947e+01
646 0 +3.419653709e+00 +5.080965371e+01 +5.080965371e+01
654 0 +3.105824862e+00 +5.049582486e+01 +5.049582486e+01
671 0 +2.382356273e+00 +4.977235627e+01 +4.977235627e+01
740 0 +2.182055124e+00 +4.957205512e+01 +4.957205512e+01
773 0 +1.838661406e+00 +4.922866141e+01 +4.922866141e+01
831 0 +1.556307580e+00 +4.894630758e+01 +4.894630758e+01
933 0 +1.385620041e+00 +4.877562004e+01 +4.877562004e+01
946 0 +1.254645083e+00 +4.864464508e+01 +4.864464508e+01
974 0 +9.651079896e-01 +4.835510799e+01 +4.835510799e+01
1163 0 +8.098331758e-01 +4.819983318e+01 +4.819983318e+01
1286 0 +7.501182385e-01 +4.814011824e+01 +4.814011824e+01
1348 0 +6.526726029e-01 +4.804267260e+01 +4.804267260e+01
1447 0 +6.117026410e-01 +4.800170264e+01 +4.800170264e+01
1518 0 +5.538426803e-01 +4.794384268e+01 +4.794384268e+01
1714 0 +4.935998263e-01 +4.788359983e+01 +4.788359983e+01
1824 0 +4.445090235e-01 +4.783450902e+01 +4.783450902e+01
100000 0 +3.984551314e-01 +4.778845513e+01 +4.778845513e+01
% f evaluations | g evaluations | best noise-free fitness - Fopt (-3.428900000000e+02) + sum g_i+ | measured fitness | best measured fitness or single-digit g-values | x1 | x2...
1 0 +8.543492936e+01 -2.574550706e+02 -2.574550706e+02
2 0 +8.136005656e+01 -2.615299434e+02 -2.615299434e+02
3 0 +7.180364896e+01 -2.710863510e+02 -2.710863510e+02
6 0 +6.307466977e+01 -2.798153302e+02 -2.798153302e+02
7 0 +4.623190610e+01 -2.966580939e+02 -2.966580939e+02
8 0 +4.199861991e+01 -3.008913801e+02 -3.008913801e+02
13 0 +3.328344076e+01 -3.096065592e+02 -3.096065592e+02
15 0 +2.870155090e+01 -3.141884491e+02 -3.141884491e+02
16 0 +2.777599402e+01 -3.151140060e+02 -3.151140060e+02
54 0 +2.431418834e+01 -3.185758117e+02 -3.185758117e+02
59 0 +2.153903978e+01 -3.213509602e+02 -3.213509602e+02
74 0 +1.773486964e+01 -3.251551304e+02 -3.251551304e+02
85 0 +1.295441692e+01 -3.299355831e+02 -3.299355831e+02
132 0 +1.133799455e+01 -3.315520055e+02 -3.315520055e+02
143 0 +7.888568208e+00 -3.350014318e+02 -3.350014318e+02
282 0 +6.087851078e+00 -3.368021489e+02 -3.368021489e+02
308 0 +5.430559814e+00 -3.374594402e+02 -3.374594402e+02
372 0 +4.929567283e+00 -3.379604327e+02 -3.379604327e+02
396 0 +4.210018628e+00 -3.386799814e+02 -3.386799814e+02
397 0 +3.042126228e+00 -3.398478738e+02 -3.398478738e+02
507 0 +2.519997915e+00 -3.403700021e+02 -3.403700021e+02
532 0 +2.281532655e+00 -3.406084673e+02 -3.406084673e+02
549 0 +2.019579270e+00 -3.408704207e+02 -3.408704207e+02
565 0 +1.966015364e+00 -3.409239846e+02 -3.409239846e+02
611 0 +1.748137383e+00 -3.411418626e+02 -3.411418626e+02
642 0 +1.425147666e+00 -3.414648523e+02 -3.414648523e+02
647 0 +1.223088731e+00 -3.416669113e+02 -3.416669113e+02
784 0 +1.060507780e+00 -3.418294922e+02 -3.418294922e+02
792 0 +8.725936016e-01 -3.420174064e+02 -3.420174064e+02
885 0 +7.835100736e-01 -3.421064899e+02 -3.421064899e+02
894 0 +6.635982273e-01 -3.422264018e+02 -3.422264018e+02
1049 0 +6.133108708e-01 -3.422766891e+02 -3.422766891e+02
1249 0 +5.368666928e-01 -3.423531333e+02 -3.423531333e+02
1314 0 +4.976337179e-01 -3.423923663e+02 -3.423923663e+02
1427 0 +4.384399930e-01 -3.424515600e+02 -3.424515600e+02
1680 0 +3.948333986e-01 -3.424951666e+02 -3.424951666e+02
100000 0 +3.593594730e-01 -3.425306405e+02 -3.425306405e+02
% f evaluations | g evaluations | best noise-free fitness - Fopt (9.102000000000e+01) + sum g_i+ | measured fitness | best measured fitness or single-digit g-values | x1 | x2...
1 0 +8.432248165e+01 +1.753424817e+02 +1.753424817e+02
3 0 +2.601503871e+01 +1.170350387e+02 +1.170350387e+02
6 0 +1.918533776e+01 +1.102053378e+02 +1.102053378e+02
118 0 +1.361621402e+01 +1.046362140e+02 +1.046362140e+02
136 0 +1.057774823e+01 +1.015977482e+02 +1.015977482e+02
223 0 +6.581608414e+00 +9.760160841e+01 +9.760160841e+01
224 0 +5.130696591e+00 +9.615069659e+01 +9.615069659e+01
292 0 +3.545860098e+00 +9.456586010e+01 +9.456586010e+01
323 0 +2.350175611e+00 +9.337017561e+01 +9.337017561e+01
383 0 +1.797984857e+00 +9.281798486e+01 +9.281798486e+01
415 0 +1.584031374e+00 +9.260403137e+01 +9.260403137e+01
485 0 +1.376426931e+00 +9.239642693e+01 +9.239642693e+01
550 0 +1.092442625e+00 +9.211244262e+01 +9.211244262e+01
558 0 +9.684892034e-01 +9.198848920e+01 +9.198848920e+01
607 0 +8.473588488e-01 +9.186735885e+01 +9.186735885e+01
612 0 +7.137976767e-01 +9.173379768e+01 +9.173379768e+01
720 0 +6.098026610e-01 +9.162980266e+01 +9.162980266e+01
723 0 +4.564928313e-01 +9.147649283e+01 +9.147649283e+01
762 0 +2.962405958e-01 +9.131624060e+01 +9.131624060e+01
825 0 +2.290982586e-01 +9.124909826e+01 +9.124909826e+01
928 0 +1.062902703e-01 +9.112629027e+01 +9.112629027e+01
1040 0 +8.681067917e-02 +9.110681068e+01 +9.110681068e+01
1146 0 +7.447864784e-02 +9.109447865e+01 +9.109447865e+01
1191 0 +6.287680816e-02 +9.108287681e+01 +9.108287681e+01
1255 0 +3.329888244e-02 +9.105329888e+01 +9.105329888e+01
1321 0 +3.122997499e-02 +9.105122997e+01 +9.105122997e+01
1474 0 +2.603937688e-02 +9.104603938e+01 +9.104603938e+01
1492 0 +2.505127325e-02 +9.104505127e+01 +9.104505127e+01
1538 0 +2.146284920e-02 +9.104146285e+01 +9.104146285e+01
1544 0 +1.968041945e-02 +9.103968042e+01 +9.103968042e+01
1651 0 +1.738567600e-02 +9.103738568e+01 +9.103738568e+01
1679 0 +1.522245950e-02 +9.103522246e+01 +9.103522246e+01
1691 0 +1.383396782e-02 +9.103383397e+01 +9.103383397e+01
1802 0 +1.235668769e-02 +9.103235669e+01 +9.103235669e+01
1888 0 +1.063373751e-02 +9.103063374e+01 +9.103063374e+01
2005 0 +9.798573399e-03 +9.102979857e+01 +9.102979857e+01
2156 0 +8.862803070e-03 +9.102886280e+01 +9.102886280e+01
2514 0 +7.910904908e-03 +9.102791090e+01 +9.102791090e+01
100000 0 +7.279331671e-03 +9.102727933e+01 +9.102727933e+01
% f evaluations | g evaluations | best noise-free fitness - Fopt (7.324200000000e+02) + sum g_i+ | measured fitness | best measured fitness or single-digit g-values | x1 | x2...
1 0 +6.327132968e+01 +7.956913297e+02 +7.956913297e+02
3 0 +3.852662854e+01 +7.709466285e+02 +7.709466285e+02
18 0 +3.487426758e+01 +7.672942676e+02 +7.672942676e+02
30 0 +2.491393401e+01 +7.573339340e+02 +7.573339340e+02
90 0 +1.581153018e+01 +7.482315302e+02 +7.482315302e+02
161 0 +1.264489018e+01 +7.450648902e+02 +7.450648902e+02
277 0 +1.255737954e+01 +7.449773795e+02 +7.449773795e+02
287 0 +1.063258780e+01 +7.430525878e+02 +7.430525878e+02
371 0 +8.857981149e+00 +7.412779811e+02 +7.412779811e+02
539 0 +7.832580129e+00 +7.402525801e+02 +7.402525801e+02
643 0 +6.445247030e+00 +7.388652470e+02 +7.388652470e+02
683 0 +6.266670332e+00 +7.386866703e+02 +7.386866703e+02
733 0 +5.224295543e+00 +7.376442955e+02 +7.376442955e+02
1133 0 +4.893422318e+00 +7.373134223e+02 +7.373134223e+02
1521 0 +4.428480846e+00 +7.368484808e+02 +7.368484808e+02
100000 0 +4.347581550e+00 +7.367675816e+02 +7.367675816e+02
% f evaluations | g evaluations | best noise-free fitness - Fopt (3.542000000000e+01) + sum g_i+ | measured fitness | best measured fitness or single-digit g-values | x1 | x2...
1 0 +9.457331446e+01 +1.299933145e+02 +1.299933145e+02
10 0 +8.873699712e+01 +1.241569971e+02 +1.241569971e+02
12 0 +7.888896213e+01 +1.143089621e+02 +1.143089621e+02
21 0 +5.435968652e+01 +8.977968652e+01 +8.977968652e+01
32 0 +4.512638990e+01 +8.054638990e+01 +8.054638990e+01
35 0 +4.028362213e+01 +7.570362213e+01 +7.570362213e+01
38 0 +3.976692668e+01 +7.518692668e+01 +7.518692668e+01
47 0 +2.917171564e+01 +6.459171564e+01 +6.459171564e+01
58 0 +2.685059729e+01 +6.227059729e+01 +6.227059729e+01
101 0 +2.211119658e+01 +5.753119658e+01 +5.753119658e+01
167 0 +1.741604852e+01 +5.283604852e+01 +5.283604852e+01
178 0 +1.534264868e+01 +5.076264868e+01 +5.076264868e+01
182 0 +1.198845544e+01 +4.740845544e+01 +4.740845544e+01
228 0 +1.038332298e+01 +4.580332298e+01 +4.580332298e+01
242 0 +4.331057572e+00 +3.975105757e+01 +3.975105757e+01
398 0 +3.289467934e+00 +3.870946793e+01 +3.870946793e+01
478 0 +2.110578369e+00 +3.753057837e+01 +3.753057837e+01
520 0 +1.812932996e+00 +3.723293300e+01 +3.723293300e+01
564 0 +1.476173750e+00 +3.689617375e+01 +3.689617375e+01
664 0 +1.240012966e+00 +3.666001297e+01 +3.666001297e+01
786 0 +1.036674251e+00 +3.645667425e+01 +3.645667425e+01
803 0 +8.367286906e-01 +3.625672869e+01 +3.625672869e+01
835 0 +6.886053793e-01 +3.610860538e+01 +3.610860538e+01
848 0 +5.990369634e-01 +3.601903696e+01 +3.601903696e+01
903 0 +4.255515773e-01 +3.584555158e+01 +3.584555158e+01
941 0 +3.587998239e-01 +3.577879982e+01 +3.577879982e+01
957 0 +3.156286113e-01 +3.573562861e+01 +3.573562861e+01
1116 0 +2.676084660e-01 +3.568760847e+01 +3.568760847e+01
1125 0 +2.241608947e-01 +3.564416089e+01 +3.564416089e+01
1158 0 +2.160096966e-01 +3.563600970e+01 +3.563600970e+01
1183 0 +1.908878430e-01 +3.561088784e+01 +3.561088784e+01
1265 0 +1.666591478e-01 +3.558665915e+01 +3.558665915e+01
1292 0 +1.572074423e-01 +3.557720744e+01 +3.557720744e+01
1410 0 +1.209305909e-01 +3.554093059e+01 +3.554093059e+01
1623 0 +1.089772767e-01 +3.552897728e+01 +3.552897728e+01
1626 0 +9.972525854e-02 +3.551972526e+01 +3.551972526e+01
1818 0 +8.753856543e-02 +3.550753857e+01 +3.550753857e+01
1970 0 +7.884954885e-02 +3.549884955e+01 +3.549884955e+01
2875 0 +7.053427477e-02 +3.549053427e+01 +3.549053427e+01
100000 0 +6.860794206e-02 +3.548860794e+01 +3.548860794e+01
