% f evaluations | g evaluations | best noise-free fitness - Fopt (-1.694000000000e+01) + sum g_i+ | measured fitness | best measured fitness or single-digit g-values | x1 | x2...
1 0 +2.879304147e+01 +1.185304147e+01 +1.185304147e+01
5 0 +2.448683661e+01 +7.546836608e+00 +7.546836608e+00
14 0 +1.920852394e+01 +2.268523938e+00 +2.268523938e+00
17 0 +1.288606094e+01 -4.053939061e+00 -4.053939061e+00
31 0 +9.437840996e+00 -7.502159004e+00 -7.502159004e+00
71 0 +8.185452090e+00 -8.754547910e+00 -8.754547910e+00
108 0 +7.670338797e+00 -9.269661203e+00 -9.269661203e+00
118 0 +6.422348050e+00 -1.051765195e+01 -1.051765195e+01
163 0 +6.130193381e+00 -1.080980662e+01 -1.080980662e+01
205 0 +5.435662294e+00 -1.150433771e+01 -1.150433771e+01
268 0 +4.913822377e+00 -1.202617762e+01 -1.202617762e+01
331 0 +4.339088320e+00 -1.260091168e+01 -1.260091168e+01
436 0 +3.945716897e+00 -1.299428310e+01 -1.299428310e+01
2678 0 +3.184167511e+00 -1.375583249e+01 -1.375583249e+01
2720 0 +3.159912230e+00 -1.378008777e+01 -1.378008777e+01
2783 0 +2.786586484e+00 -1.415341352e+01 -1.415341352e+01
2804 0 +2.466864107e+00 -1.447313589e+01 -1.447313589e+01
2888 0 +2.234456209e+00 -1.470554379e+01 -1.470554379e+01
3014 0 +1.964241851e+00 -1.497575815e+01 -1.497575815e+01
3224 0 +1.773477006e+00 -1.516652299e+01 -1.516652299e+01
8271 0 +1.553575503e+00 -1.538642450e+01 -1.538642450e+01
8334 0 +1.366927946e+00 -1.557307205e+01 -1.557307205e+01
8418 0 +1.251070837e+00 -1.568892916e+01 -1.568892916e+01
12918 0 +1.105735183e+00 -1.583426482e+01 -1.583426482e+01
13128 0 +9.968192195e-01 -1.594318078e+01 -1.594318078e+01
15517 0 +8.413737633e-01 -1.609862624e+01 -1.609862624e+01
15538 0 +7.782749114e-01 -1.616172509e+01 -1.616172509e+01
15601 0 +7.060137176e-01 -1.623398628e+01 -1.623398628e+01
15748 0 +6.278689195e-01 -1.631213108e+01 -1.631213108e+01
15832 0 +5.510316708e-01 -1.638896833e+01 -1.638896833e+01
16336 0 +5.011689236e-01 -1.643883108e+01 -1.643883108e+01
22008 0 +4.060314008e-01 -1.653396860e+01 -1.653396860e+01
22050 0 +3.911865236e-01 -1.654881348e+01 -1.654881348e+01
22302 0 +3.541936915e-01 -1.658580631e+01 -1.658580631e+01
25438 0 +3.149929974e-01 -1.662500700e+01 -1.662500700e+01
25543 0 +2.737445340e-01 -1.666625547e+01 -1.666625547e+01
25669 0 +2.486958757e-01 -1.669130412e+01 -1.669130412e+01
29162 0 +2.189538678e-01 -1.672104613e+01 -1.672104613e+01
29288 0 +1.975818521e-01 -1.674241815e+01 -1.674241815e+01
32298 0 +1.683750519e-01 -1.677162495e+01 -1.677162495e+01
32361 0 +1.287346073e-01 -1.681126539e+01 -1.681126539e+01
32382 0 +1.181320870e-01 -1.682186791e+01 -1.682186791e+01
32403 0 +1.062379370e-01 -1.683376206e+01 -1.683376206e+01
32445 0 +9.986245270e-02 -1.684013755e+01 -1.684013755e+01
32592 0 +8.907334371e-02 -1.685092666e+01 -1.685092666e+01
45591 0 +7.875450410e-02 -1.686124550e+01 -1.686124550e+01
45633 0 +7.075450733e-02 -1.686924549e+01 -1.686924549e+01
45822 0 +6.198905859e-02 -1.687801094e+01 -1.687801094e+01
45864 0 +5.602304346e-02 -1.688397696e+01 -1.688397696e+01
55174 0 +4.959319861e-02 -1.689040680e+01 -1.689040680e+01
55321 0 +4.360042643e-02 -1.689639957e+01 -1.689639957e+01
57794 0 +3.947623925e-02 -1.690052376e+01 -1.690052376e+01
60132 0 +3.307304717e-02 -1.690692695e+01 -1.690692695e+01
60153 0 +3.139865550e-02 -1.690860134e+01 -1.690860134e+01
60195 0 +2.796421486e-02 -1.691203579e+01 -1.691203579e+01
60447 0 +2.508729459e-02 -1.691491271e+01 -1.691491271e+01
60741 0 +2.237475393e-02 -1.691762525e+01 -1.691762525e+01
67055 0 +1.966357226e-02 -1.692033643e+01 -1.692033643e+01
67244 0 +1.774261605e-02 -1.692225738e+01 -1.692225738e+01
70484 0 +1.574939030e-02 -1.692425061e+01 -1.692425061e+01
70568 0 +1.398562087e-02 -1.692601438e+01 -1.692601438e+01
80865 0 +1.206928124e-02 -1.692793072e+01 -1.692793072e+01
81411 0 +1.120106758e-02 -1.692879893e+01 -1.692879893e+01
104472 0 +9.989896226e-03 -1.693001010e+01 -1.693001010e+01
200466 0 +9.661941996e-03 -1.693033806e+01 -1.693033806e+01
% f evaluations | g evaluations | best noise-free fitness - Fopt (1.881000000000e+01) + sum g_i+ | measured fitness | best measured fitness or single-digit g-values | x1 | x2...
1 0 +2.198677347e+01 +4.079677347e+01 +4.079677347e+01
2 0 +1.950405479e+01 +3.831405479e+01 +3.831405479e+01
3 0 +1.233292538e+01 +3.114292538e+01 +3.114292538e+01
4 0 +1.117600194e+01 +2.998600194e+01 +2.998600194e+01
14 0 +7.329409766e+00 +2.613940977e+01 +2.613940977e+01
44 0 +7.055147382e+00 +2.586514738e+01 +2.586514738e+01
112 0 +5.947635321e+00 +2.475763532e+01 +2.475763532e+01
142 0 +4.977363656e+00 +2.378736366e+01 +2.378736366e+01
184 0 +4.304130265e+00 +2.311413027e+01 +2.311413027e+01
268 0 +3.958377060e+00 +2.276837706e+01 +2.276837706e+01
352 0 +3.528583435e+00 +2.233858343e+01 +2.233858343e+01
457 0 +3.104642449e+00 +2.191464245e+01 +2.191464245e+01
520 0 +2.807768258e+00 +2.161776826e+01 +2.161776826e+01
6953 0 +2.488451918e+00 +2.129845192e+01 +2.129845192e+01
7121 0 +2.228054952e+00 +2.103805495e+01 +2.103805495e+01
15732 0 +1.945254874e+00 +2.075525487e+01 +2.075525487e+01
15774 0 +1.773122627e+00 +2.058312263e+01 +2.058312263e+01
20380 0 +1.558509216e+00 +2.036850922e+01 +2.036850922e+01
26167 0 +1.405139305e+00 +2.021513931e+01 +2.021513931e+01
26251 0 +1.198230205e+00 +2.000823020e+01 +2.000823020e+01
26314 0 +1.111802999e+00 +1.992180300e+01 +1.992180300e+01
26356 0 +9.859595443e-01 +1.979595954e+01 +1.979595954e+01
27569 0 +8.594856759e-01 +1.966948568e+01 +1.966948568e+01
27674 0 +7.903915592e-01 +1.960039156e+01 +1.960039156e+01
27716 0 +6.396913184e-01 +1.944969132e+01 +1.944969132e+01
27758 0 +5.953280201e-01 +1.940532802e+01 +1.940532802e+01
27821 0 +5.422064390e-01 +1.935220644e+01 +1.935220644e+01
27989 0 +4.941420965e-01 +1.930414210e+01 +1.930414210e+01
39097 0 +4.349649470e-01 +1.924496495e+01 +1.924496495e+01
39475 0 +3.971519383e-01 +1.920715194e+01 +1.920715194e+01
41750 0 +3.446872232e-01 +1.915468722e+01 +1.915468722e+01
41813 0 +3.158027651e-01 +1.912580277e+01 +1.912580277e+01
42002 0 +2.816068396e-01 +1.909160684e+01 +1.909160684e+01
46078 0 +2.442623254e-01 +1.905426233e+01 +1.905426233e+01
46120 0 +2.236288833e-01 +1.903362888e+01 +1.903362888e+01
46246 0 +1.982516807e-01 +1.900825168e+01 +1.900825168e+01
49844 0 +1.742036036e-01 +1.898420360e+01 +1.898420360e+01
50075 0 +1.583448537e-01 +1.896834485e+01 +1.896834485e+01
50243 0 +1.400115451e-01 +1.895001155e+01 +1.895001155e+01
55605 0 +1.243598907e-01 +1.893435989e+01 +1.893435989e+01
62269 0 +1.098484147e-01 +1.891984841e+01 +1.891984841e+01
69738 0 +9.913062671e-02 +1.890913063e+01 +1.890913063e+01
70074 0 +8.826215223e-02 +1.889826215e+01 +1.889826215e+01
75310 0 +7.928702617e-02 +1.888928703e+01 +1.888928703e+01
81162 0 +6.964930694e-02 +1.887964931e+01 +1.887964931e+01
84004 0 +6.259167707e-02 +1.887259168e+01 +1.887259168e+01
86174 0 +5.617897053e-02 +1.886617897e+01 +1.886617897e+01
91585 0 +4.969981228e-02 +1.885969981e+01 +1.885969981e+01
200513 0 +4.654968718e-02 +1.885654969e+01 +1.885654969e+01
% f evaluations | g evaluations | best noise-free fitness - Fopt (2.731500000000e+02) + sum g_i+ | measured fitness | best measured fitness or single-digit g-values | x1 | x2...
1 0 +3.301060494e+01 +3.061606049e+02 +3.061606049e+02
2 0 +3.121827140e+01 +3.043682714e+02 +3.043682714e+02
15 0 +2.629380267e+01 +2.994438027e+02 +2.994438027e+02
25 0 +1.937591220e+01 +2.925259122e+02 +2.925259122e+02
38 0 +1.646005989e+01 +2.896100599e+02 +2.896100599e+02
43 0 +1.206389080e+01 +2.852138908e+02 +2.852138908e+02
74 0 +7.180924963e+00 +2.803309250e+02 +2.803309250e+02
77 0 +6.759517264e+00 +2.799095173e+02 +2.799095173e+02
121 0 +5.461051060e+00 +2.786110511e+02 +2.786110511e+02
184 0 +4.587973417e+00 +2.777379734e+02 +2.777379734e+02
247 0 +4.277868986e+00 +2.774278690e+02 +2.774278690e+02
268 0 +3.943302385e+00 +2.770933024e+02 +2.770933024e+02
373 0 +3.426195832e+00 +2.765761958e+02 +2.765761958e+02
478 0 +3.151423215e+00 +2.763014232e+02 +2.763014232e+02
3739 0 +2.724572752e+00 +2.758745728e+02 +2.758745728e+02
3802 0 +2.487525021e+00 +2.756375250e+02 +2.756375250e+02
5951 0 +2.193079199e+00 +2.753430792e+02 +2.753430792e+02
5993 0 +1.831022968e+00 +2.749810230e+02 +2.749810230e+02
6056 0 +1.776815072e+00 +2.749268151e+02 +2.749268151e+02
6161 0 +1.562836637e+00 +2.747128366e+02 +2.747128366e+02
6581 0 +1.405622726e+00 +2.745556227e+02 +2.745556227e+02
13392 0 +1.249247146e+00 +2.743992471e+02 +2.743992471e+02
15004 0 +1.101869323e+00 +2.742518693e+02 +2.742518693e+02
16784 0 +8.838761645e-01 +2.740338762e+02 +2.740338762e+02
16910 0 +7.589462795e-01 +2.739089463e+02 +2.739089463e+02
16931 0 +7.059034849e-01 +2.738559035e+02 +2.738559035e+02
17288 0 +6.293637156e-01 +2.737793637e+02 +2.737793637e+02
17960 0 +5.622683307e-01 +2.737122683e+02 +2.737122683e+02
25018 0 +4.937577971e-01 +2.736437578e+02 +2.736437578e+02
29087 0 +4.431127372e-01 +2.735931127e+02 +2.735931127e+02
29255 0 +3.980927448e-01 +2.735480927e+02 +2.735480927e+02
34066 0 +3.527301195e-01 +2.735027301e+02 +2.735027301e+02
34318 0 +3.131645706e-01 +2.734631646e+02 +2.734631646e+02
37765 0 +2.756453994e-01 +2.734256454e+02 +2.734256454e+02
37904 0 +2.403343970e-01 +2.733903344e+02 +2.733903344e+02
37967 0 +2.186960773e-01 +2.733686961e+02 +2.733686961e+02
38072 0 +1.875867278e-01 +2.733375867e+02 +2.733375867e+02
38156 0 +1.775570717e-01 +2.733275571e+02 +2.733275571e+02
38324 0 +1.584407529e-01 +2.733084408e+02 +2.733084408e+02
41586 0 +1.401883514e-01 +2.732901884e+02 +2.732901884e+02
42473 0 +1.256352816e-01 +2.732756353e+02 +2.732756353e+02
42505 0 +1.042722989e-01 +2.732542723e+02 +2.732542723e+02
42610 0 +7.831230013e-02 +2.732283123e+02 +2.732283123e+02
42652 0 +6.913282922e-02 +2.732191328e+02 +2.732191328e+02
42736 0 +6.227100936e-02 +2.732122710e+02 +2.732122710e+02
43366 0 +5.620030057e-02 +2.732062003e+02 +2.732062003e+02
46133 0 +4.663616674e-02 +2.731966362e+02 +2.731966362e+02
46175 0 +4.362410151e-02 +2.731936241e+02 +2.731936241e+02
46322 0 +3.859504818e-02 +2.731885950e+02 +2.731885950e+02
51621 0 +3.495120429e-02 +2.731849512e+02 +2.731849512e+02
51642 0 +3.058798671e-02 +2.731805880e+02 +2.731805880e+02
51852 0 +2.747500352e-02 +2.731774750e+02 +2.731774750e+02
52209 0 +2.511212506e-02 +2.731751121e+02 +2.731751121e+02
56689 0 +2.235665332e-02 +2.731723567e+02 +2.731723567e+02
59363 0 +1.987580291e-02 +2.731698758e+02 +2.731698758e+02
62100 0 +1.720674148e-02 +2.731672067e+02 +2.731672067e+02
62121 0 +1.527242015e-02 +2.731652724e+02 +2.731652724e+02
62163 0 +1.337101324e-02 +2.731633710e+02 +2.731633710e+02
62184 0 +1.256550244e-02 +2.731625655e+02 +2.731625655e+02
62373 0 +1.121219029e-02 +2.731612122e+02 +2.731612122e+02
62688 0 +9.880026233e-03 +2.731598800e+02 +2.731598800e+02
62856 0 +8.883907063e-03 +2.731588839e+02 +2.731588839e+02
75346 0 +7.786108495e-03 +2.731577861e+02 +2.731577861e+02
75367 0 +6.792196471e-03 +2.731567922e+02 +2.731567922e+02
75451 0 +6.207232429e-03 +2.731562072e+02 +2.731562072e+02
75577 0 +5.514617402e-03 +2.731555146e+02 +2.731555146e+02
75997 0 +5.002571417e-03 +2.731550026e+02 +2.731550026e+02
80591 0 +4.366497404e-03 +2.731543665e+02 +2.731543665e+02
80738 0 +3.862917738e-03 +2.731538629e+02 +2.731538629e+02
80801 0 +3.486355678e-03 +2.731534864e+02 +2.731534864e+02
82959 0 +3.018828919e-03 +2.731530188e+02 +2.731530188e+02
83127 0 +2.806086902e-03 +2.731528061e+02 +2.731528061e+02
83190 0 +2.391154406e-03 +2.731523912e+02 +2.731523912e+02
83274 0 +2.233320103e-03 +2.731522333e+02 +2.731522333e+02
89630 0 +1.815287018e-03 +2.731518153e+02 +2.731518153e+02
89693 0 +1.735485715e-03 +2.731517355e+02 +2.731517355e+02
89966 0 +1.581951782e-03 +2.731515820e+02 +2.731515820e+02
90176 0 +1.406890192e-03 +2.731514069e+02 +2.731514069e+02
101271 0 +1.253955533e-03 +2.731512540e+02 +2.731512540e+02
103083 0 +1.112626670e-03 +2.731511126e+02 +2.731511126e+02
103167 0 +9.870118239e-04 +2.731509870e+02 +2.731509870e+02
103692 0 +8.897642242e-04 +2.731508898e+02 +2.731508898e+02
200170 0 +8.860860868e-04 +2.731508861e+02 +2.731508861e+02
% f evaluations | g evaluations | best noise-free fitness - Fopt (3.718000000000e+01) + sum g_i+ | measured fitness | best measured fitness or single-digit g-values | x1 | x2...
1 0 +3.312281660e+01 +7.030281660e+01 +7.030281660e+01
2 0 +9.475720999e+00 +4.665572100e+01 +4.665572100e+01
39 0 +8.336685957e+00 +4.551668596e+01 +4.551668596e+01
88 0 +7.612528732e+00 +4.479252873e+01 +4.479252873e+01
95 0 +6.766384295e+00 +4.394638429e+01 +4.394638429e+01
101 0 +6.241663958e+00 +4.342166396e+01 +4.342166396e+01
102 0 +5.380715253e+00 +4.256071525e+01 +4.256071525e+01
142 0 +4.841658161e+00 +4.202165816e+01 +4.202165816e+01
184 0 +4.208929772e+00 +4.138892977e+01 +4.138892977e+01
226 0 +3.661058532e+00 +4.084105853e+01 +4.084105853e+01
310 0 +3.513059272e+00 +4.069305927e+01 +4.069305927e+01
436 0 +3.040868980e+00 +4.022086898e+01 +4.022086898e+01
520 0 +2.766267492e+00 +3.994626749e+01 +3.994626749e+01
3287 0 +2.487777582e+00 +3.966777758e+01 +3.966777758e+01
6527 0 +2.210784921e+00 +3.939078492e+01 +3.939078492e+01
6548 0 +1.841769505e+00 +3.902176950e+01 +3.902176950e+01
6611 0 +1.727564156e+00 +3.890756416e+01 +3.890756416e+01
6653 0 +1.517253961e+00 +3.869725396e+01 +3.869725396e+01
6821 0 +1.408792225e+00 +3.858879222e+01 +3.858879222e+01
8235 0 +1.236957480e+00 +3.841695748e+01 +3.841695748e+01
8256 0 +1.055019108e+00 +3.823501911e+01 +3.823501911e+01
8277 0 +9.395035080e-01 +3.811950351e+01 +3.811950351e+01
8424 0 +8.567110682e-01 +3.803671107e+01 +3.803671107e+01
8508 0 +7.877643125e-01 +3.796776431e+01 +3.796776431e+01
17885 0 +6.954652260e-01 +3.787546523e+01 +3.787546523e+01
20484 0 +6.251225306e-01 +3.780512253e+01 +3.780512253e+01
20589 0 +5.571501511e-01 +3.773715015e+01 +3.773715015e+01
20820 0 +5.005396970e-01 +3.768053970e+01 +3.768053970e+01
24679 0 +4.451313733e-01 +3.762513137e+01 +3.762513137e+01
24805 0 +3.916710846e-01 +3.757167108e+01 +3.757167108e+01
26702 0 +3.081482208e-01 +3.748814822e+01 +3.748814822e+01
26807 0 +2.794157362e-01 +3.745941574e+01 +3.745941574e+01
26870 0 +2.469031285e-01 +3.742690313e+01 +3.742690313e+01
26975 0 +2.149840329e-01 +3.739498403e+01 +3.739498403e+01
27059 0 +1.985691870e-01 +3.737856919e+01 +3.737856919e+01
27206 0 +1.769780574e-01 +3.735697806e+01 +3.735697806e+01
30720 0 +1.568219129e-01 +3.733682191e+01 +3.733682191e+01
31224 0 +1.411031964e-01 +3.732110320e+01 +3.732110320e+01
34801 0 +1.228773643e-01 +3.730287736e+01 +3.730287736e+01
34906 0 +1.121676946e-01 +3.729216769e+01 +3.729216769e+01
38336 0 +9.907260524e-02 +3.727907261e+01 +3.727907261e+01
38672 0 +8.911192468e-02 +3.726911192e+01 +3.726911192e+01
41430 0 +7.634460998e-02 +3.725634461e+01 +3.725634461e+01
41472 0 +6.836194525e-02 +3.724836195e+01 +3.724836195e+01
41619 0 +6.296102020e-02 +3.724296102e+01 +3.724296102e+01
41808 0 +5.619678190e-02 +3.723619678e+01 +3.723619678e+01
45889 0 +4.944465443e-02 +3.722944465e+01 +3.722944465e+01
48899 0 +4.382518301e-02 +3.722382518e+01 +3.722382518e+01
50775 0 +3.973875024e-02 +3.721973875e+01 +3.721973875e+01
51174 0 +3.537643437e-02 +3.721537643e+01 +3.721537643e+01
53626 0 +3.127130405e-02 +3.721127130e+01 +3.721127130e+01
53815 0 +2.790568050e-02 +3.720790568e+01 +3.720790568e+01
56741 0 +2.502908177e-02 +3.720502908e+01 +3.720502908e+01
56951 0 +2.219110360e-02 +3.720219110e+01 +3.720219110e+01
57098 0 +1.952021042e-02 +3.719952021e+01 +3.719952021e+01
62287 0 +1.766093380e-02 +3.719766093e+01 +3.719766093e+01
62518 0 +1.573669629e-02 +3.719573670e+01 +3.719573670e+01
68412 0 +1.409076589e-02 +3.719409077e+01 +3.719409077e+01
68433 0 +1.242634851e-02 +3.719242635e+01 +3.719242635e+01
74831 0 +1.119040742e-02 +3.719119041e+01 +3.719119041e+01
77274 0 +9.921864057e-03 +3.718992186e+01 +3.718992186e+01
81509 0 +8.875507874e-03 +3.718887551e+01 +3.718887551e+01
89573 0 +7.933840049e-03 +3.718793384e+01 +3.718793384e+01
200688 0 +7.347981404e-03 +3.718734798e+01 +3.718734798e+01
% f evaluations | g evaluations | best noise-free fitness - Fopt (-1.479000000000e+02) + sum g_i+ | measured fitness | best measured fitness or single-digit g-values | x1 | x2...
1 0 +1.323337192e+01 -1.346666281e+02 -1.346666281e+02
13 0 +1.161663535e+01 -1.362833646e+02 -1.362833646e+02
28 0 +1.047496538e+01 -1.374250346e+02 -1.374250346e+02
42 0 +9.792253208e+00 -1.381077468e+02 -1.381077468e+02
72 0 +6.877534444e+00 -1.410224656e+02 -1.410224656e+02
247 0 +6.149587743e+00 -1.417504123e+02 -1.417504123e+02
289 0 +5.379440276e+00 -1.425205597e+02 -1.425205597e+02
352 0 +4.993053776e+00 -1.429069462e+02 -1.429069462e+02
520 0 +4.421197062e+00 -1.434788029e+02 -1.434788029e+02
3161 0 +3.667508632e+00 -1.442324914e+02 -1.442324914e+02
3203 0 +3.516498647e+00 -1.443835014e+02 -1.443835014e+02
3266 0 +3.102681646e+00 -1.447973184e+02 -1.447973184e+02
3371 0 +2.805739223e+00 -1.450942608e+02 -1.450942608e+02
5046 0 +2.430874925e+00 -1.454691251e+02 -1.454691251e+02
5172 0 +2.225465638e+00 -1.456745344e+02 -1.456745344e+02
7162 0 +1.907311986e+00 -1.459926880e+02 -1.459926880e+02
7246 0 +1.764029828e+00 -1.461359702e+02 -1.461359702e+02
7393 0 +1.562749969e+00 -1.463372500e+02 -1.463372500e+02
9929 0 +1.394336155e+00 -1.465056638e+02 -1.465056638e+02
15300 0 +1.257723643e+00 -1.466422764e+02 -1.466422764e+02
16450 0 +1.070198100e+00 -1.468298019e+02 -1.468298019e+02
16576 0 +9.910113667e-01 -1.469089886e+02 -1.469089886e+02
16618 0 +8.838778949e-01 -1.470161221e+02 -1.470161221e+02
16681 0 +7.648128896e-01 -1.471351871e+02 -1.471351871e+02
16765 0 +6.960622833e-01 -1.472039377e+02 -1.472039377e+02
23828 0 +6.113557206e-01 -1.472886443e+02 -1.472886443e+02
23849 0 +5.302404417e-01 -1.473697596e+02 -1.473697596e+02
23891 0 +4.968922451e-01 -1.474031078e+02 -1.474031078e+02
23954 0 +4.451585673e-01 -1.474548414e+02 -1.474548414e+02
24080 0 +3.973139861e-01 -1.475026860e+02 -1.475026860e+02
26775 0 +3.424590612e-01 -1.475575409e+02 -1.475575409e+02
26922 0 +3.098733592e-01 -1.475901266e+02 -1.475901266e+02
27174 0 +2.805040158e-01 -1.476194960e+02 -1.476194960e+02
31997 0 +1.989973797e-01 -1.477010026e+02 -1.477010026e+02
32018 0 +1.599697283e-01 -1.477400303e+02 -1.477400303e+02
32060 0 +1.549977208e-01 -1.477450023e+02 -1.477450023e+02
32165 0 +1.396856897e-01 -1.477603143e+02 -1.477603143e+02
32396 0 +1.255105226e-01 -1.477744895e+02 -1.477744895e+02
35835 0 +1.113684377e-01 -1.477886316e+02 -1.477886316e+02
44263 0 +9.858723967e-02 -1.478014128e+02 -1.478014128e+02
47198 0 +8.171973335e-02 -1.478182803e+02 -1.478182803e+02
47240 0 +7.647065583e-02 -1.478235293e+02 -1.478235293e+02
47345 0 +7.023015557e-02 -1.478297698e+02 -1.478297698e+02
50307 0 +5.970129878e-02 -1.478402987e+02 -1.478402987e+02
50481 0 +4.890022558e-02 -1.478510998e+02 -1.478510998e+02
50712 0 +4.359690585e-02 -1.478564031e+02 -1.478564031e+02
51006 0 +3.967599661e-02 -1.478603240e+02 -1.478603240e+02
58869 0 +3.426725769e-02 -1.478657327e+02 -1.478657327e+02
59037 0 +3.122451966e-02 -1.478687755e+02 -1.478687755e+02
59373 0 +2.808094393e-02 -1.478719191e+02 -1.478719191e+02
67173 0 +2.502409746e-02 -1.478749759e+02 -1.478749759e+02
69343 0 +2.236521315e-02 -1.478776348e+02 -1.478776348e+02
76777 0 +1.929024696e-02 -1.478807098e+02 -1.478807098e+02
76924 0 +1.775571032e-02 -1.478822443e+02 -1.478822443e+02
77701 0 +1.580761655e-02 -1.478841924e+02 -1.478841924e+02
200474 0 +1.493585038e-02 -1.478850641e+02 -1.478850641e+02
% f evaluations | g evaluations | best noise-free fitness - Fopt (4.817100000000e+02) + sum g_i+ | measured fitness | best measured fitness or single-digit g-values | x1 | x2...
1 0 +1.880588563e+01 +5.005158856e+02 +5.005158856e+02
2 0 +1.798748655e+01 +4.996974866e+02 +4.996974866e+02
4 0 +9.462998088e+00 +4.911729981e+02 +4.911729981e+02
6 0 +8.125229015e+00 +4.898352290e+02 +4.898352290e+02
52 0 +7.200847605e+00 +4.889108476e+02 +4.889108476e+02
57 0 +6.819661336e+00 +4.885296613e+02 +4.885296613e+02
81 0 +6.098565603e+00 +4.878085656e+02 +4.878085656e+02
142 0 +4.565026612e+00 +4.862750266e+02 +4.862750266e+02
163 0 +3.987472022e+00 +4.856974720e+02 +4.856974720e+02
205 0 +3.818372444e+00 +4.855283724e+02 +4.855283724e+02
226 0 +3.507602367e+00 +4.852176024e+02 +4.852176024e+02
268 0 +3.065304384e+00 +4.847753044e+02 +4.847753044e+02
541 0 +2.786651783e+00 +4.844966518e+02 +4.844966518e+02
5387 0 +2.511824598e+00 +4.842218246e+02 +4.842218246e+02
8616 0 +2.221035302e+00 +4.839310353e+02 +4.839310353e+02
8847 0 +1.988077376e+00 +4.836980774e+02 +4.836980774e+02
10312 0 +1.694000926e+00 +4.834040009e+02 +4.834040009e+02
10375 0 +1.552563588e+00 +4.832625636e+02 +4.832625636e+02
10459 0 +1.377040638e+00 +4.830870406e+02 +4.830870406e+02
18966 0 +1.149439650e+00 +4.828594397e+02 +4.828594397e+02
19071 0 +1.090949369e+00 +4.828009494e+02 +4.828009494e+02
19281 0 +9.935990793e-01 +4.827035991e+02 +4.827035991e+02
21271 0 +8.835316195e-01 +4.825935316e+02 +4.825935316e+02
21397 0 +7.804928044e-01 +4.824904928e+02 +4.824904928e+02
23093 0 +5.698621331e-01 +4.822798621e+02 +4.822798621e+02
23156 0 +5.523522871e-01 +4.822623523e+02 +4.822623523e+02
23198 0 +4.523616820e-01 +4.821623617e+02 +4.821623617e+02
23219 0 +4.022103267e-01 +4.821122103e+02 +4.821122103e+02
23303 0 +3.945024739e-01 +4.821045025e+02 +4.821045025e+02
23366 0 +3.502238695e-01 +4.820602239e+02 +4.820602239e+02
23660 0 +3.155138126e-01 +4.820255138e+02 +4.820255138e+02
27813 0 +2.809598074e-01 +4.819909598e+02 +4.819909598e+02
28023 0 +2.505612292e-01 +4.819605612e+02 +4.819605612e+02
32939 0 +2.230585222e-01 +4.819330585e+02 +4.819330585e+02
34425 0 +1.885026669e-01 +4.818985027e+02 +4.818985027e+02
34467 0 +1.726213332e-01 +4.818826213e+02 +4.818826213e+02
34551 0 +1.551682404e-01 +4.818651682e+02 +4.818651682e+02
34593 0 +1.410118561e-01 +4.818510119e+02 +4.818510119e+02
34698 0 +1.223872201e-01 +4.818323872e+02 +4.818323872e+02
37150 0 +1.099044022e-01 +4.818199044e+02 +4.818199044e+02
38657 0 +8.791568176e-02 +4.817979157e+02 +4.817979157e+02
38699 0 +7.767145168e-02 +4.817876715e+02 +4.817876715e+02
38993 0 +6.997616580e-02 +4.817799762e+02 +4.817799762e+02
39140 0 +6.207305820e-02 +4.817720731e+02 +4.817720731e+02
44770 0 +5.389863548e-02 +4.817638986e+02 +4.817638986e+02
44938 0 +4.954635972e-02 +4.817595464e+02 +4.817595464e+02
50666 0 +4.449337726e-02 +4.817544934e+02 +4.817544934e+02
54138 0 +3.964051132e-02 +4.817496405e+02 +4.817496405e+02
56716 0 +3.541226173e-02 +4.817454123e+02 +4.817454123e+02
64332 0 +3.116237626e-02 +4.817411624e+02 +4.817411624e+02
64584 0 +2.756330212e-02 +4.817375633e+02 +4.817375633e+02
67183 0 +2.487415792e-02 +4.817348742e+02 +4.817348742e+02
70025 0 +2.236508235e-02 +4.817323651e+02 +4.817323651e+02
72993 0 +1.431209079e-02 +4.817243121e+02 +4.817243121e+02
73035 0 +1.389524859e-02 +4.817238952e+02 +4.817238952e+02
73077 0 +1.251489022e-02 +4.817225149e+02 +4.817225149e+02
73203 0 +1.111508102e-02 +4.817211151e+02 +4.817211151e+02
73476 0 +9.982480397e-03 +4.817199825e+02 +4.817199825e+02
87445 0 +8.780711429e-03 +4.817187807e+02 +4.817187807e+02
87550 0 +7.926057824e-03 +4.817179261e+02 +4.817179261e+02
101993 0 +7.059754713e-03 +4.817170598e+02 +4.817170598e+02
108814 0 +6.155750206e-03 +4.817161558e+02 +4.817161558e+02
200831 0 +5.709574303e-03 +4.817157096e+02 +4.817157096e+02
% f evaluations | g evaluations | best noise-free fitness - Fopt (-3.646000000000e+01) + sum g_i+ | measured fitness | best measured fitness or single-digit g-values | x1 | x2...
1 0 +1.412722186e+01 -2.233277814e+01 -2.233277814e+01
4 0 +1.393503512e+01 -2.252496488e+01 -2.252496488e+01
10 0 +1.223154028e+01 -2.422845972e+01 -2.422845972e+01
11 0 +1.069175672e+01 -2.576824328e+01 -2.576824328e+01
37 0 +9.821040138e+00 -2.663895986e+01 -2.663895986e+01
61 0 +8.494250745e+00 -2.796574925e+01 -2.796574925e+01
71 0 +7.563116469e+00 -2.889688353e+01 -2.889688353e+01
73 0 +6.742773819e+00 -2.971722618e+01 -2.971722618e+01
112 0 +6.231042053e+00 -3.022895795e+01 -3.022895795e+01
163 0 +4.683380562e+00 -3.177661944e+01 -3.177661944e+01
205 0 +4.314097574e+00 -3.214590243e+01 -3.214590243e+01
310 0 +3.917194117e+00 -3.254280588e+01 -3.254280588e+01
415 0 +3.518593186e+00 -3.294140681e+01 -3.294140681e+01
499 0 +3.150363161e+00 -3.330963684e+01 -3.330963684e+01
2373 0 +2.759649857e+00 -3.370035014e+01 -3.370035014e+01
2394 0 +2.483157367e+00 -3.397684263e+01 -3.397684263e+01
2415 0 +2.205424942e+00 -3.425457506e+01 -3.425457506e+01
2499 0 +1.950119469e+00 -3.450988053e+01 -3.450988053e+01
5770 0 +1.754364071e+00 -3.470563593e+01 -3.470563593e+01
8852 0 +1.582991139e+00 -3.487700886e+01 -3.487700886e+01
11745 0 +1.318287682e+00 -3.514171232e+01 -3.514171232e+01
11850 0 +1.234964304e+00 -3.522503570e+01 -3.522503570e+01
11892 0 +1.048902990e+00 -3.541109701e+01 -3.541109701e+01
11913 0 +9.256779071e-01 -3.553432209e+01 -3.553432209e+01
11955 0 +8.782070801e-01 -3.558179292e+01 -3.558179292e+01
12060 0 +7.844441401e-01 -3.567555586e+01 -3.567555586e+01
15205 0 +7.072579412e-01 -3.575274206e+01 -3.575274206e+01
17258 0 +4.986851544e-01 -3.596131485e+01 -3.596131485e+01
17300 0 +4.433510683e-01 -3.601664893e+01 -3.601664893e+01
17447 0 +3.944425285e-01 -3.606555747e+01 -3.606555747e+01
17531 0 +3.505365924e-01 -3.610946341e+01 -3.610946341e+01
20814 0 +3.095009313e-01 -3.615049907e+01 -3.615049907e+01
20877 0 +2.733051757e-01 -3.618669482e+01 -3.618669482e+01
20982 0 +2.466296361e-01 -3.621337036e+01 -3.621337036e+01
23572 0 +2.219650352e-01 -3.623803496e+01 -3.623803496e+01
26330 0 +1.827481465e-01 -3.627725185e+01 -3.627725185e+01
26456 0 +1.775640995e-01 -3.628243590e+01 -3.628243590e+01
26603 0 +1.556631449e-01 -3.630433686e+01 -3.630433686e+01
26792 0 +1.409001176e-01 -3.631909988e+01 -3.631909988e+01
32728 0 +1.242619947e-01 -3.633573801e+01 -3.633573801e+01
32833 0 +1.092300089e-01 -3.635076999e+01 -3.635076999e+01
32959 0 +9.983100940e-02 -3.636016899e+01 -3.636016899e+01
36557 0 +8.894820770e-02 -3.637105179e+01 -3.637105179e+01
39714 0 +6.940107752e-02 -3.639059892e+01 -3.639059892e+01
39819 0 +5.820784134e-02 -3.640179216e+01 -3.640179216e+01
39840 0 +4.901643481e-02 -3.641098357e+01 -3.641098357e+01
40008 0 +4.460567760e-02 -3.641539432e+01 -3.641539432e+01
40239 0 +3.974722357e-02 -3.642025278e+01 -3.642025278e+01
55037 0 +3.541671051e-02 -3.642458329e+01 -3.642458329e+01
55121 0 +3.128907054e-02 -3.642871093e+01 -3.642871093e+01
55436 0 +2.816638458e-02 -3.643183362e+01 -3.643183362e+01
58266 0 +2.484759480e-02 -3.643515241e+01 -3.643515241e+01
58497 0 +2.224426758e-02 -3.643775573e+01 -3.643775573e+01
58770 0 +1.921562149e-02 -3.644078438e+01 -3.644078438e+01
62200 0 +1.765238958e-02 -3.644234761e+01 -3.644234761e+01
68619 0 +1.567685855e-02 -3.644432314e+01 -3.644432314e+01
68892 0 +1.383843570e-02 -3.644616156e+01 -3.644616156e+01
72070 0 +1.248667926e-02 -3.644751332e+01 -3.644751332e+01
75143 0 +1.114214290e-02 -3.644885786e+01 -3.644885786e+01
82598 0 +9.989520494e-03 -3.645001048e+01 -3.645001048e+01
85398 0 +8.873773193e-03 -3.645112623e+01 -3.645112623e+01
93398 0 +7.900887713e-03 -3.645209911e+01 -3.645209911e+01
200259 0 +7.391003978e-03 -3.645260900e+01 -3.645260900e+01
% f evaluations | g evaluations | best noise-free fitness - Fopt (3.920000000000e+01) + sum g_i+ | measured fitness | best measured fitness or single-digit g-values | x1 | x2...
1 0 +3.767651363e+01 +7.687651363e+01 +7.687651363e+01
2 0 +2.320359657e+01 +6.240359657e+01 +6.240359657e+01
3 0 +2.038840924e+01 +5.958840924e+01 +5.958840924e+01
6 0 +1.669610034e+01 +5.589610034e+01 +5.589610034e+01
21 0 +1.532742988e+01 +5.452742988e+01 +5.452742988e+01
33 0 +1.373594514e+01 +5.293594514e+01 +5.293594514e+01
58 0 +1.126909289e+01 +5.046909289e+01 +5.046909289e+01
66 0 +9.954260138e+00 +4.915426014e+01 +4.915426014e+01
80 0 +8.650216565e+00 +4.785021657e+01 +4.785021657e+01
163 0 +6.913079244e+00 +4.611307924e+01 +4.611307924e+01
184 0 +6.245167118e+00 +4.544516712e+01 +4.544516712e+01
247 0 +5.546008773e+00 +4.474600877e+01 +4.474600877e+01
310 0 +4.852945829e+00 +4.405294583e+01 +4.405294583e+01
394 0 +4.462751947e+00 +4.366275195e+01 +4.366275195e+01
688 0 +3.962573396e+00 +4.316257340e+01 +4.316257340e+01
5424 0 +3.337073612e+00 +4.253707361e+01 +4.253707361e+01
5466 0 +3.135918331e+00 +4.233591833e+01 +4.233591833e+01
5508 0 +2.744139577e+00 +4.194413958e+01 +4.194413958e+01
5571 0 +2.474224904e+00 +4.167422490e+01 +4.167422490e+01
6033 0 +2.235513553e+00 +4.143551355e+01 +4.143551355e+01
6474 0 +1.972098440e+00 +4.117209844e+01 +4.117209844e+01
6552 0 +1.745678438e+00 +4.094567844e+01 +4.094567844e+01
6573 0 +1.579610396e+00 +4.077961040e+01 +4.077961040e+01
6678 0 +1.357467289e+00 +4.055746729e+01 +4.055746729e+01
6699 0 +1.217233939e+00 +4.041723394e+01 +4.041723394e+01
6804 0 +1.092216593e+00 +4.029221659e+01 +4.029221659e+01
6846 0 +9.912755083e-01 +4.019127551e+01 +4.019127551e+01
7035 0 +8.908432041e-01 +4.009084320e+01 +4.009084320e+01
9583 0 +7.699512170e-01 +3.996995122e+01 +3.996995122e+01
9730 0 +6.949230152e-01 +3.989492302e+01 +3.989492302e+01
10969 0 +6.309571534e-01 +3.983095715e+01 +3.983095715e+01
15119 0 +5.621236464e-01 +3.976212365e+01 +3.976212365e+01
16512 0 +4.918850748e-01 +3.969188507e+01 +3.969188507e+01
16596 0 +4.377708119e-01 +3.963777081e+01 +3.963777081e+01
16806 0 +3.948106480e-01 +3.959481065e+01 +3.959481065e+01
17142 0 +3.529478964e-01 +3.955294790e+01 +3.955294790e+01
21239 0 +3.080917596e-01 +3.950809176e+01 +3.950809176e+01
21281 0 +2.577047940e-01 +3.945770479e+01 +3.945770479e+01
21323 0 +2.461511609e-01 +3.944615116e+01 +3.944615116e+01
21449 0 +2.204358395e-01 +3.942043584e+01 +3.942043584e+01
21638 0 +1.972259118e-01 +3.939722591e+01 +3.939722591e+01
27520 0 +1.777389012e-01 +3.937773890e+01 +3.937773890e+01
33308 0 +1.567740336e-01 +3.935677403e+01 +3.935677403e+01
33413 0 +1.409273448e-01 +3.934092734e+01 +3.934092734e+01
33497 0 +1.237976738e-01 +3.932379767e+01 +3.932379767e+01
33791 0 +1.119094837e-01 +3.931190948e+01 +3.931190948e+01
39851 0 +9.997544009e-02 +3.929997544e+01 +3.929997544e+01
40061 0 +8.761433990e-02 +3.928761434e+01 +3.928761434e+01
51569 0 +7.929345086e-02 +3.927929345e+01 +3.927929345e+01
62783 0 +7.075665442e-02 +3.927075665e+01 +3.927075665e+01
63371 0 +6.285812018e-02 +3.926285812e+01 +3.926285812e+01
75605 0 +5.607105042e-02 +3.925607105e+01 +3.925607105e+01
88219 0 +5.004862199e-02 +3.925004862e+01 +3.925004862e+01
200658 0 +4.632089148e-02 +3.924632089e+01 +3.924632089e+01
% f evaluations | g evaluations | best noise-free fitness - Fopt (-3.225000000000e+01) + sum g_i+ | measured fitness | best measured fitness or single-digit g-values | x1 | x2...
1 0 +1.428850385e+02 +1.106350385e+02 +1.106350385e+02
2 0 +7.585604705e+01 +4.360604705e+01 +4.360604705e+01
3 0 +5.199948037e+01 +1.974948037e+01 +1.974948037e+01
4 0 +1.863389584e+01 -1.361610416e+01 -1.361610416e+01
17 0 +1.586354066e+01 -1.638645934e+01 -1.638645934e+01
41 0 +1.506412471e+01 -1.718587529e+01 -1.718587529e+01
65 0 +1.395771498e+01 -1.829228502e+01 -1.829228502e+01
74 0 +1.242441963e+01 -1.982558037e+01 -1.982558037e+01
92 0 +1.121782910e+01 -2.103217090e+01 -2.103217090e+01
109 0 +9.909015680e+00 -2.234098432e+01 -2.234098432e+01
142 0 +8.271169587e+00 -2.397883041e+01 -2.397883041e+01
184 0 +7.493822568e+00 -2.475617743e+01 -2.475617743e+01
205 0 +6.906401385e+00 -2.534359862e+01 -2.534359862e+01
268 0 +6.188899120e+00 -2.606110088e+01 -2.606110088e+01
331 0 +5.469627122e+00 -2.678037288e+01 -2.678037288e+01
3392 0 +4.879961711e+00 -2.737003829e+01 -2.737003829e+01
3455 0 +4.311491528e+00 -2.793850847e+01 -2.793850847e+01
3539 0 +3.938842323e+00 -2.831115768e+01 -2.831115768e+01
5466 0 +2.564536089e+00 -2.968546391e+01 -2.968546391e+01
5529 0 +2.062655066e+00 -3.018734493e+01 -3.018734493e+01
5592 0 +1.913122459e+00 -3.033687754e+01 -3.033687754e+01
5613 0 +1.747524301e+00 -3.050247570e+01 -3.050247570e+01
5718 0 +1.570614751e+00 -3.067938525e+01 -3.067938525e+01
5823 0 +1.411479553e+00 -3.083852045e+01 -3.083852045e+01
5970 0 +1.255612469e+00 -3.099438753e+01 -3.099438753e+01
7372 0 +1.068603166e+00 -3.118139683e+01 -3.118139683e+01
11894 0 +8.621580849e-01 -3.138784192e+01 -3.138784192e+01
12041 0 +7.921167867e-01 -3.145788321e+01 -3.145788321e+01
12125 0 +6.990404926e-01 -3.155095951e+01 -3.155095951e+01
12251 0 +6.281822658e-01 -3.162181773e+01 -3.162181773e+01
15513 0 +5.469536618e-01 -3.170304634e+01 -3.170304634e+01
15660 0 +4.994487339e-01 -3.175055127e+01 -3.175055127e+01
17461 0 +4.449527076e-01 -3.180504729e+01 -3.180504729e+01
17587 0 +3.971772007e-01 -3.185282280e+01 -3.185282280e+01
26402 0 +3.533182246e-01 -3.189668178e+01 -3.189668178e+01
29202 0 +3.057876172e-01 -3.194421238e+01 -3.194421238e+01
29328 0 +2.790541166e-01 -3.197094588e+01 -3.197094588e+01
33409 0 +2.417909356e-01 -3.200820906e+01 -3.200820906e+01
33514 0 +2.151981917e-01 -3.203480181e+01 -3.203480181e+01
33619 0 +1.956082317e-01 -3.205439177e+01 -3.205439177e+01
33766 0 +1.766899180e-01 -3.207331008e+01 -3.207331008e+01
34081 0 +1.578143767e-01 -3.209218562e+01 -3.209218562e+01
40899 0 +1.406976796e-01 -3.210930232e+01 -3.210930232e+01
44560 0 +1.238219375e-01 -3.212617806e+01 -3.212617806e+01
44644 0 +1.087207823e-01 -3.214127922e+01 -3.214127922e+01
44749 0 +9.673703150e-02 -3.215326297e+01 -3.215326297e+01
44770 0 +8.887079198e-02 -3.216112921e+01 -3.216112921e+01
49838 0 +7.745605011e-02 -3.217254395e+01 -3.217254395e+01
50006 0 +7.072762345e-02 -3.217927238e+01 -3.217927238e+01
56278 0 +6.168596383e-02 -3.218831404e+01 -3.218831404e+01
56383 0 +5.582219924e-02 -3.219417780e+01 -3.219417780e+01
56488 0 +4.993082003e-02 -3.220006918e+01 -3.220006918e+01
59330 0 +4.324608310e-02 -3.220675392e+01 -3.220675392e+01
59372 0 +3.977617927e-02 -3.221022382e+01 -3.221022382e+01
67844 0 +3.527163064e-02 -3.221472837e+01 -3.221472837e+01
67907 0 +3.152880684e-02 -3.221847119e+01 -3.221847119e+01
68159 0 +2.781718460e-02 -3.222218282e+01 -3.222218282e+01
75480 0 +2.500994603e-02 -3.222499005e+01 -3.222499005e+01
79640 0 +2.237359434e-02 -3.222762641e+01 -3.222762641e+01
82314 0 +1.979397369e-02 -3.223020603e+01 -3.223020603e+01
84652 0 +1.762028338e-02 -3.223237972e+01 -3.223237972e+01
85093 0 +1.566234404e-02 -3.223433766e+01 -3.223433766e+01
95584 0 +1.411036734e-02 -3.223588963e+01 -3.223588963e+01
200162 0 +1.326394397e-02 -3.223673606e+01 -3.223673606e+01
% f evaluations | g evaluations | best noise-free fitness - Fopt (3.681200000000e+02) + sum g_i+ | measured fitness | best measured fitness or single-digit g-values | x1 | x2...
1 0 +1.350711103e+01 +3.816271110e+02 +3.816271110e+02
22 0 +1.332433085e+01 +3.814443308e+02 +3.814443308e+02
24 0 +1.027518224e+01 +3.783951822e+02 +3.783951822e+02
26 0 +9.278646723e+00 +3.773986467e+02 +3.773986467e+02
38 0 +8.214529219e+00 +3.763345292e+02 +3.763345292e+02
51 0 +7.847873435e+00 +3.759678734e+02 +3.759678734e+02
77 0 +6.319119783e+00 +3.744391198e+02 +3.744391198e+02
205 0 +5.737522843e+00 +3.738575228e+02 +3.738575228e+02
268 0 +5.441977149e+00 +3.735619771e+02 +3.735619771e+02
310 0 +4.870366720e+00 +3.729903667e+02 +3.729903667e+02
394 0 +4.391649824e+00 +3.725116498e+02 +3.725116498e+02
604 0 +3.966371523e+00 +3.720863715e+02 +3.720863715e+02
1165 0 +3.416127077e+00 +3.715361271e+02 +3.715361271e+02
1207 0 +3.104270376e+00 +3.712242704e+02 +3.712242704e+02
1228 0 +2.723513831e+00 +3.708435138e+02 +3.708435138e+02
1333 0 +2.464277159e+00 +3.705842772e+02 +3.705842772e+02
1375 0 +2.193104514e+00 +3.703131045e+02 +3.703131045e+02
1543 0 +1.989414990e+00 +3.701094150e+02 +3.701094150e+02
4415 0 +1.650346156e+00 +3.697703462e+02 +3.697703462e+02
4436 0 +1.573554752e+00 +3.696935548e+02 +3.696935548e+02
4499 0 +1.340454008e+00 +3.694604540e+02 +3.694604540e+02
4562 0 +1.253941704e+00 +3.693739417e+02 +3.693739417e+02
6804 0 +1.109333926e+00 +3.692293339e+02 +3.692293339e+02
10432 0 +9.922296282e-01 +3.691122296e+02 +3.691122296e+02
10663 0 +8.880744052e-01 +3.690080744e+02 +3.690080744e+02
10915 0 +7.938976491e-01 +3.689138976e+02 +3.689138976e+02
14480 0 +6.951686281e-01 +3.688151686e+02 +3.688151686e+02
14522 0 +6.279800858e-01 +3.687479801e+02 +3.687479801e+02
14627 0 +5.409015287e-01 +3.686609015e+02 +3.686609015e+02
14690 0 +4.921622004e-01 +3.686121622e+02 +3.686121622e+02
14795 0 +4.429946710e-01 +3.685629947e+02 +3.685629947e+02
18141 0 +3.921518471e-01 +3.685121518e+02 +3.685121518e+02
18183 0 +3.212534615e-01 +3.684412535e+02 +3.684412535e+02
18225 0 +3.101099797e-01 +3.684301100e+02 +3.684301100e+02
18309 0 +2.767974191e-01 +3.683967974e+02 +3.683967974e+02
20593 0 +2.371050890e-01 +3.683571051e+02 +3.683571051e+02
20656 0 +1.822123301e-01 +3.683022123e+02 +3.683022123e+02
20698 0 +1.757456279e-01 +3.682957456e+02 +3.682957456e+02
20824 0 +1.565254866e-01 +3.682765255e+02 +3.682765255e+02
26811 0 +1.296645304e-01 +3.682496645e+02 +3.682496645e+02
26895 0 +1.229998537e-01 +3.682429999e+02 +3.682429999e+02
27000 0 +1.113852646e-01 +3.682313853e+02 +3.682313853e+02
28948 0 +9.959125107e-02 +3.682195913e+02 +3.682195913e+02
29074 0 +8.903103695e-02 +3.682090310e+02 +3.682090310e+02
32985 0 +7.797122121e-02 +3.681979712e+02 +3.681979712e+02
33090 0 +6.983537142e-02 +3.681898354e+02 +3.681898354e+02
33237 0 +6.281715526e-02 +3.681828172e+02 +3.681828172e+02
36676 0 +5.475411430e-02 +3.681747541e+02 +3.681747541e+02
36739 0 +4.682102151e-02 +3.681668210e+02 +3.681668210e+02
36802 0 +4.352187734e-02 +3.681635219e+02 +3.681635219e+02
36907 0 +3.960382487e-02 +3.681596038e+02 +3.681596038e+02
37138 0 +3.505445045e-02 +3.681550545e+02 +3.681550545e+02
51602 0 +3.113136500e-02 +3.681511314e+02 +3.681511314e+02
51686 0 +2.747013223e-02 +3.681474701e+02 +3.681474701e+02
52127 0 +2.498234356e-02 +3.681449823e+02 +3.681449823e+02
60298 0 +2.236236600e-02 +3.681423624e+02 +3.681423624e+02
60487 0 +1.978037127e-02 +3.681397804e+02 +3.681397804e+02
66747 0 +1.765358919e-02 +3.681376536e+02 +3.681376536e+02
72766 0 +1.576746799e-02 +3.681357675e+02 +3.681357675e+02
77631 0 +1.381441339e-02 +3.681338144e+02 +3.681338144e+02
79759 0 +1.255289536e-02 +3.681325529e+02 +3.681325529e+02
90180 0 +1.116393379e-02 +3.681311639e+02 +3.681311639e+02
200880 0 +1.057538253e-02 +3.681305754e+02 +3.681305754e+02
% f evaluations | g evaluations | best noise-free fitness - Fopt (4.739000000000e+01) + sum g_i+ | measured fitness | best measured fitness or single-digit g-values | x1 | x2...
1 0 +3.139924408e+01 +7.878924408e+01 +7.878924408e+01
2 0 +2.505283805e+01 +7.244283805e+01 +7.244283805e+01
3 0 +1.064623639e+01 +5.803623639e+01 +5.803623639e+01
37 0 +9.980574255e+00 +5.737057426e+01 +5.737057426e+01
73 0 +8.517642546e+00 +5.590764255e+01 +5.590764255e+01
91 0 +7.819429998e+00 +5.520943000e+01 +5.520943000e+01
121 0 +5.774211723e+00 +5.316421172e+01 +5.316421172e+01
142 0 +5.188307827e+00 +5.257830783e+01 +5.257830783e+01
163 0 +4.523932506e+00 +5.191393251e+01 +5.191393251e+01
184 0 +3.983108944e+00 +5.137310894e+01 +5.137310894e+01
226 0 +3.775844665e+00 +5.116584466e+01 +5.116584466e+01
247 0 +3.507364057e+00 +5.089736406e+01 +5.089736406e+01
688 0 +3.158804339e+00 +5.054880434e+01 +5.054880434e+01
2258 0 +2.796435006e+00 +5.018643501e+01 +5.018643501e+01
5256 0 +2.471370319e+00 +4.986137032e+01 +4.986137032e+01
5382 0 +2.184226621e+00 +4.957422662e+01 +4.957422662e+01
12386 0 +1.986701331e+00 +4.937670133e+01 +4.937670133e+01
12533 0 +1.751904748e+00 +4.914190475e+01 +4.914190475e+01
17811 0 +1.583613492e+00 +4.897361349e+01 +4.897361349e+01
17937 0 +1.390964400e+00 +4.878096440e+01 +4.878096440e+01
18105 0 +1.249240604e+00 +4.863924060e+01 +4.863924060e+01
22291 0 +1.067931121e+00 +4.845793112e+01 +4.845793112e+01
22312 0 +9.744509606e-01 +4.836445096e+01 +4.836445096e+01
22333 0 +8.405580722e-01 +4.823055807e+01 +4.823055807e+01
22396 0 +7.930379417e-01 +4.818303794e+01 +4.818303794e+01
22522 0 +7.037067681e-01 +4.809370677e+01 +4.809370677e+01
26099 0 +6.234484039e-01 +4.801344840e+01 +4.801344840e+01
28362 0 +5.494415290e-01 +4.793944153e+01 +4.793944153e+01
28425 0 +4.994218471e-01 +4.788942185e+01 +4.788942185e+01
29806 0 +4.453374958e-01 +4.783533750e+01 +4.783533750e+01
29911 0 +3.935652338e-01 +4.778356523e+01 +4.778356523e+01
33980 0 +3.178941055e-01 +4.770789411e+01 +4.770789411e+01
34001 0 +2.714381595e-01 +4.766143816e+01 +4.766143816e+01
34064 0 +2.505234931e-01 +4.764052349e+01 +4.764052349e+01
34253 0 +2.186739094e-01 +4.760867391e+01 +4.760867391e+01
34421 0 +1.942242142e-01 +4.758422421e+01 +4.758422421e+01
34631 0 +1.776276845e-01 +4.756762768e+01 +4.756762768e+01
42692 0 +1.582661265e-01 +4.754826613e+01 +4.754826613e+01
42797 0 +1.402629267e-01 +4.753026293e+01 +4.753026293e+01
42965 0 +1.229055170e-01 +4.751290552e+01 +4.751290552e+01
49834 0 +1.106866827e-01 +4.750068668e+01 +4.750068668e+01
50107 0 +9.981007274e-02 +4.748981007e+01 +4.748981007e+01
50611 0 +8.903552607e-02 +4.747903553e+01 +4.747903553e+01
66872 0 +7.767670118e-02 +4.746767670e+01 +4.746767670e+01
74761 0 +7.044899017e-02 +4.746044899e+01 +4.746044899e+01
200038 0 +6.366305928e-02 +4.745366306e+01 +4.745366306e+01
% f evaluations | g evaluations | best noise-free fitness - Fopt (-3.428900000000e+02) + sum g_i+ | measured fitness | best measured fitness or single-digit g-values | x1 | x2...
1 0 +2.044609515e+01 -3.224439048e+02 -3.224439048e+02
5 0 +1.941168055e+01 -3.234783195e+02 -3.234783195e+02
10 0 +1.103901567e+01 -3.318509843e+02 -3.318509843e+02
51 0 +9.959173469e+00 -3.329308265e+02 -3.329308265e+02
76 0 +8.803814283e+00 -3.340861857e+02 -3.340861857e+02
79 0 +7.734181780e+00 -3.351558182e+02 -3.351558182e+02
121 0 +6.766409225e+00 -3.361235908e+02 -3.361235908e+02
142 0 +5.907096765e+00 -3.369829032e+02 -3.369829032e+02
163 0 +5.539153263e+00 -3.373508467e+02 -3.373508467e+02
205 0 +4.318466662e+00 -3.385715333e+02 -3.385715333e+02
226 0 +3.654960557e+00 -3.392350394e+02 -3.392350394e+02
268 0 +3.488621986e+00 -3.394013780e+02 -3.394013780e+02
310 0 +2.944211234e+00 -3.399457888e+02 -3.399457888e+02
394 0 +2.757989984e+00 -3.401320100e+02 -3.401320100e+02
919 0 +2.511501927e+00 -3.403784981e+02 -3.403784981e+02
3581 0 +2.237399565e+00 -3.406526004e+02 -3.406526004e+02
6894 0 +1.897444637e+00 -3.409925554e+02 -3.409925554e+02
6915 0 +1.732488833e+00 -3.411575112e+02 -3.411575112e+02
6978 0 +1.490047120e+00 -3.413999529e+02 -3.413999529e+02
6999 0 +1.267731165e+00 -3.416222688e+02 -3.416222688e+02
7041 0 +1.155509435e+00 -3.417344906e+02 -3.417344906e+02
7104 0 +1.091364277e+00 -3.417986357e+02 -3.417986357e+02
7188 0 +9.870028207e-01 -3.419029972e+02 -3.419029972e+02
15998 0 +8.864564013e-01 -3.420035436e+02 -3.420035436e+02
16145 0 +7.862780310e-01 -3.421037220e+02 -3.421037220e+02
16418 0 +7.002646861e-01 -3.421897353e+02 -3.421897353e+02
22608 0 +6.208149115e-01 -3.422691851e+02 -3.422691851e+02
22734 0 +5.556299563e-01 -3.423343700e+02 -3.423343700e+02
23112 0 +5.001367185e-01 -3.423898633e+02 -3.423898633e+02
24997 0 +4.299274764e-01 -3.424600725e+02 -3.424600725e+02
25102 0 +3.971448195e-01 -3.424928552e+02 -3.424928552e+02
29246 0 +3.322301822e-01 -3.425577698e+02 -3.425577698e+02
29288 0 +2.916223266e-01 -3.425983777e+02 -3.425983777e+02
29351 0 +2.801531501e-01 -3.426098468e+02 -3.426098468e+02
29498 0 +2.453194047e-01 -3.426446806e+02 -3.426446806e+02
29582 0 +2.211790553e-01 -3.426688209e+02 -3.426688209e+02
29624 0 +1.938536317e-01 -3.426961464e+02 -3.426961464e+02
36556 0 +1.778224352e-01 -3.427121776e+02 -3.427121776e+02
38453 0 +1.531742386e-01 -3.427368258e+02 -3.427368258e+02
38474 0 +1.350280977e-01 -3.427549719e+02 -3.427549719e+02
38579 0 +1.237811603e-01 -3.427662188e+02 -3.427662188e+02
38768 0 +1.106616540e-01 -3.427793383e+02 -3.427793383e+02
39020 0 +9.993118800e-02 -3.427900688e+02 -3.427900688e+02
43201 0 +8.888017869e-02 -3.428011198e+02 -3.428011198e+02
43369 0 +7.921301511e-02 -3.428107870e+02 -3.428107870e+02
46001 0 +7.045525477e-02 -3.428195447e+02 -3.428195447e+02
46085 0 +6.294317557e-02 -3.428270568e+02 -3.428270568e+02
46127 0 +5.214204835e-02 -3.428378580e+02 -3.428378580e+02
46190 0 +5.004334107e-02 -3.428399567e+02 -3.428399567e+02
46400 0 +4.466613026e-02 -3.428453339e+02 -3.428453339e+02
46820 0 +3.979341256e-02 -3.428502066e+02 -3.428502066e+02
55922 0 +3.541272376e-02 -3.428545873e+02 -3.428545873e+02
59893 0 +3.102161599e-02 -3.428589784e+02 -3.428589784e+02
60040 0 +2.761783511e-02 -3.428623822e+02 -3.428623822e+02
62051 0 +2.475509429e-02 -3.428652449e+02 -3.428652449e+02
62366 0 +2.229273813e-02 -3.428677073e+02 -3.428677073e+02
68344 0 +1.975858942e-02 -3.428702414e+02 -3.428702414e+02
68617 0 +1.767460463e-02 -3.428723254e+02 -3.428723254e+02
75057 0 +1.557285353e-02 -3.428744271e+02 -3.428744271e+02
75414 0 +1.409094635e-02 -3.428759091e+02 -3.428759091e+02
84402 0 +1.257238663e-02 -3.428774276e+02 -3.428774276e+02
200861 0 +1.133909219e-02 -3.428786609e+02 -3.428786609e+02
% f evaluations | g evaluations | best noise-free fitness - Fopt (9.102000000000e+01) + sum g_i+ | measured fitness | best measured fitness or single-digit g-values | x1 | x2...
1 0 +2.412945059e+01 +1.151494506e+02 +1.151494506e+02
3 0 +2.389657996e+01 +1.149165800e+02 +1.149165800e+02
4 0 +2.200395624e+01 +1.130239562e+02 +1.130239562e+02
5 0 +1.661211128e+01 +1.076321113e+02 +1.076321113e+02
24 0 +1.063626712e+01 +1.016562671e+02 +1.016562671e+02
43 0 +8.935304075e+00 +9.995530408e+01 +9.995530408e+01
94 0 +7.938673382e+00 +9.895867338e+01 +9.895867338e+01
121 0 +6.930155523e+00 +9.795015552e+01 +9.795015552e+01
142 0 +5.752335244e+00 +9.677233524e+01 +9.677233524e+01
163 0 +4.334554635e+00 +9.535455463e+01 +9.535455463e+01
310 0 +3.957694106e+00 +9.497769411e+01 +9.497769411e+01
373 0 +3.449215427e+00 +9.446921543e+01 +9.446921543e+01
646 0 +3.149625878e+00 +9.416962588e+01 +9.416962588e+01
6059 0 +2.691572800e+00 +9.371157280e+01 +9.371157280e+01
6143 0 +2.495961062e+00 +9.351596106e+01 +9.351596106e+01
6416 0 +2.224653705e+00 +9.324465370e+01 +9.324465370e+01
7004 0 +1.993474301e+00 +9.301347430e+01 +9.301347430e+01
7550 0 +1.777894043e+00 +9.279789404e+01 +9.279789404e+01
13273 0 +1.489254632e+00 +9.250925463e+01 +9.250925463e+01
13315 0 +1.391820929e+00 +9.241182093e+01 +9.241182093e+01
13420 0 +1.245000062e+00 +9.226500006e+01 +9.226500006e+01
15200 0 +1.087985586e+00 +9.210798559e+01 +9.210798559e+01
15431 0 +9.965441024e-01 +9.201654410e+01 +9.201654410e+01
16833 0 +8.033637383e-01 +9.182336374e+01 +9.182336374e+01
16875 0 +7.501482452e-01 +9.177014825e+01 +9.177014825e+01
16938 0 +6.807941881e-01 +9.170079419e+01 +9.170079419e+01
17001 0 +6.291517958e-01 +9.164915180e+01 +9.164915180e+01
17106 0 +5.589829517e-01 +9.157898295e+01 +9.157898295e+01
17232 0 +5.006698996e-01 +9.152066990e+01 +9.152066990e+01
23496 0 +4.380476461e-01 +9.145804765e+01 +9.145804765e+01
23580 0 +3.915952976e-01 +9.141159530e+01 +9.141159530e+01
23685 0 +3.476438838e-01 +9.136764388e+01 +9.136764388e+01
23790 0 +3.156429839e-01 +9.133564298e+01 +9.133564298e+01
29777 0 +2.816924507e-01 +9.130169245e+01 +9.130169245e+01
29882 0 +2.473074565e-01 +9.126730746e+01 +9.126730746e+01
29966 0 +2.208713016e-01 +9.124087130e+01 +9.124087130e+01
30071 0 +1.988373803e-01 +9.121883738e+01 +9.121883738e+01
30218 0 +1.765223634e-01 +9.119652236e+01 +9.119652236e+01
34728 0 +1.576442413e-01 +9.117764424e+01 +9.117764424e+01
34791 0 +1.354663041e-01 +9.115546630e+01 +9.115546630e+01
34917 0 +1.239587156e-01 +9.114395872e+01 +9.114395872e+01
35064 0 +1.117656567e-01 +9.113176566e+01 +9.113176566e+01
35274 0 +9.984759759e-02 +9.111984760e+01 +9.111984760e+01
40127 0 +8.890423794e-02 +9.110890424e+01 +9.110890424e+01
43053 0 +7.790790739e-02 +9.109790791e+01 +9.109790791e+01
43179 0 +6.982022862e-02 +9.108982023e+01 +9.108982023e+01
52458 0 +6.024941522e-02 +9.108024942e+01 +9.108024942e+01
52479 0 +5.557018075e-02 +9.107557018e+01 +9.107557018e+01
52710 0 +5.002958441e-02 +9.107002958e+01 +9.107002958e+01
54742 0 +4.420327161e-02 +9.106420327e+01 +9.106420327e+01
60510 0 +3.941845800e-02 +9.105941846e+01 +9.105941846e+01
62701 0 +3.523359941e-02 +9.105523360e+01 +9.105523360e+01
63142 0 +3.146942861e-02 +9.105146943e+01 +9.105146943e+01
66382 0 +2.804546119e-02 +9.104804546e+01 +9.104804546e+01
74215 0 +2.509933947e-02 +9.104509934e+01 +9.104509934e+01
100736 0 +2.234934689e-02 +9.104234935e+01 +9.104234935e+01
200917 0 +2.226601801e-02 +9.104226602e+01 +9.104226602e+01
% f evaluations | g evaluations | best noise-free fitness - Fopt (7.324200000000e+02) + sum g_i+ | measured fitness | best measured fitness or single-digit g-values | x1 | x2...
1 0 +2.674712454e+01 +7.591671245e+02 +7.591671245e+02
2 0 +1.635251521e+01 +7.487725152e+02 +7.487725152e+02
3 0 +1.348623262e+01 +7.459062326e+02 +7.459062326e+02
18 0 +1.068545448e+01 +7.431054545e+02 +7.431054545e+02
51 0 +8.764849384e+00 +7.411848494e+02 +7.411848494e+02
78 0 +7.178535373e+00 +7.395985354e+02 +7.395985354e+02
90 0 +5.633680365e+00 +7.380536804e+02 +7.380536804e+02
111 0 +5.207095704e+00 +7.376270957e+02 +7.376270957e+02
112 0 +4.910906343e+00 +7.373309063e+02 +7.373309063e+02
121 0 +4.215750962e+00 +7.366357510e+02 +7.366357510e+02
163 0 +3.323996648e+00 +7.357439966e+02 +7.357439966e+02
226 0 +3.066172618e+00 +7.354861726e+02 +7.354861726e+02
268 0 +2.523371142e+00 +7.349433711e+02 +7.349433711e+02
310 0 +2.469632562e+00 +7.348896326e+02 +7.348896326e+02
415 0 +2.180393069e+00 +7.346003931e+02 +7.346003931e+02
5660 0 +1.974767444e+00 +7.343947674e+02 +7.343947674e+02
5933 0 +1.777834722e+00 +7.341978347e+02 +7.341978347e+02
6747 0 +1.225899645e+00 +7.336458996e+02 +7.336458996e+02
6789 0 +1.110060504e+00 +7.335300605e+02 +7.335300605e+02
6915 0 +9.870872182e-01 +7.334070872e+02 +7.334070872e+02
7062 0 +8.794214252e-01 +7.332994214e+02 +7.332994214e+02
10219 0 +7.619245354e-01 +7.331819245e+02 +7.331819245e+02
10240 0 +6.213450865e-01 +7.330413451e+02 +7.330413451e+02
10366 0 +5.538769223e-01 +7.329738769e+02 +7.329738769e+02
10471 0 +4.976934785e-01 +7.329176935e+02 +7.329176935e+02
17550 0 +4.413196732e-01 +7.328613197e+02 +7.328613197e+02
17655 0 +3.961270231e-01 +7.328161270e+02 +7.328161270e+02
20737 0 +3.486175056e-01 +7.327686175e+02 +7.327686175e+02
20800 0 +3.134668149e-01 +7.327334668e+02 +7.327334668e+02
22034 0 +2.756109710e-01 +7.326956110e+02 +7.326956110e+02
22265 0 +2.489657754e-01 +7.326689658e+02 +7.326689658e+02
26733 0 +2.185743577e-01 +7.326385744e+02 +7.326385744e+02
26859 0 +1.875973799e-01 +7.326075974e+02 +7.326075974e+02
26922 0 +1.770394576e-01 +7.325970395e+02 +7.325970395e+02
27132 0 +1.578536878e-01 +7.325778537e+02 +7.325778537e+02
29386 0 +1.332049458e-01 +7.325532049e+02 +7.325532049e+02
29428 0 +1.244451590e-01 +7.325444452e+02 +7.325444452e+02
29512 0 +1.105720968e-01 +7.325305721e+02 +7.325305721e+02
29722 0 +9.894153202e-02 +7.325189415e+02 +7.325189415e+02
34386 0 +7.665481986e-02 +7.324966548e+02 +7.324966548e+02
34449 0 +7.020821080e-02 +7.324902082e+02 +7.324902082e+02
34701 0 +6.252560455e-02 +7.324825256e+02 +7.324825256e+02
36775 0 +5.476365526e-02 +7.324747637e+02 +7.324747637e+02
36838 0 +4.703620659e-02 +7.324670362e+02 +7.324670362e+02
36922 0 +4.312559797e-02 +7.324631256e+02 +7.324631256e+02
37195 0 +3.929684485e-02 +7.324592968e+02 +7.324592968e+02
43056 0 +3.530757144e-02 +7.324553076e+02 +7.324553076e+02
50107 0 +3.138002793e-02 +7.324513800e+02 +7.324513800e+02
52571 0 +2.764728949e-02 +7.324476473e+02 +7.324476473e+02
52802 0 +2.474011538e-02 +7.324447401e+02 +7.324447401e+02
52907 0 +2.197746102e-02 +7.324419775e+02 +7.324419775e+02
59662 0 +1.991100871e-02 +7.324399110e+02 +7.324399110e+02
62693 0 +1.769534644e-02 +7.324376953e+02 +7.324376953e+02
66080 0 +1.584245398e-02 +7.324358425e+02 +7.324358425e+02
75508 0 +1.411454854e-02 +7.324341145e+02 +7.324341145e+02
79701 0 +1.257022166e-02 +7.324325702e+02 +7.324325702e+02
85532 0 +1.121099998e-02 +7.324312110e+02 +7.324312110e+02
86246 0 +9.999975922e-03 +7.324300000e+02 +7.324300000e+02
200355 0 +9.443602864e-03 +7.324294436e+02 +7.324294436e+02
% f evaluations | g evaluations | best noise-free fitness - Fopt (3.542000000000e+01) + sum g_i+ | measured fitness | best measured fitness or single-digit g-values | x1 | x2...
1 0 +1.745953446e+01 +5.287953446e+01 +5.287953446e+01
2 0 +1.624362047e+01 +5.166362047e+01 +5.166362047e+01
3 0 +1.477420668e+01 +5.019420668e+01 +5.019420668e+01
6 0 +9.803852482e+00 +4.522385248e+01 +4.522385248e+01
52 0 +7.794690200e+00 +4.321469020e+01 +4.321469020e+01
66 0 +5.055659272e+00 +4.047565927e+01 +4.047565927e+01
226 0 +4.764519641e+00 +4.018451964e+01 +4.018451964e+01
247 0 +4.457256130e+00 +3.987725613e+01 +3.987725613e+01
310 0 +3.941308642e+00 +3.936130864e+01 +3.936130864e+01
562 0 +3.544981603e+00 +3.896498160e+01 +3.896498160e+01
3530 0 +3.160101496e+00 +3.858010150e+01 +3.858010150e+01
3635 0 +2.796631567e+00 +3.821663157e+01 +3.821663157e+01
5961 0 +2.307599531e+00 +3.772759953e+01 +3.772759953e+01
6003 0 +2.055462099e+00 +3.747546210e+01 +3.747546210e+01
6024 0 +1.729622207e+00 +3.714962221e+01 +3.714962221e+01
6192 0 +1.575490103e+00 +3.699549010e+01 +3.699549010e+01
11059 0 +1.381283498e+00 +3.680128350e+01 +3.680128350e+01
11143 0 +1.240457264e+00 +3.666045726e+01 +3.666045726e+01
11962 0 +1.122004652e+00 +3.654200465e+01 +3.654200465e+01
14195 0 +9.787432781e-01 +3.639874328e+01 +3.639874328e+01
14342 0 +8.849655669e-01 +3.630496557e+01 +3.630496557e+01
14573 0 +7.939748423e-01 +3.621397484e+01 +3.621397484e+01
23252 0 +7.052887498e-01 +3.612528875e+01 +3.612528875e+01
30658 0 +6.215113279e-01 +3.604151133e+01 +3.604151133e+01
32837 0 +5.604895333e-01 +3.598048953e+01 +3.598048953e+01
32900 0 +4.911978186e-01 +3.591119782e+01 +3.591119782e+01
33026 0 +4.423988589e-01 +3.586239886e+01 +3.586239886e+01
33152 0 +3.941837219e-01 +3.581418372e+01 +3.581418372e+01
36771 0 +3.476511113e-01 +3.576765111e+01 +3.576765111e+01
39823 0 +3.137851455e-01 +3.573378515e+01 +3.573378515e+01
39907 0 +2.758724270e-01 +3.569587243e+01 +3.569587243e+01
40726 0 +2.511797638e-01 +3.567117976e+01 +3.567117976e+01
43610 0 +2.237155354e-01 +3.564371554e+01 +3.564371554e+01
45318 0 +1.936795851e-01 +3.561367959e+01 +3.561367959e+01
45381 0 +1.761849201e-01 +3.559618492e+01 +3.559618492e+01
45549 0 +1.545334717e-01 +3.557453347e+01 +3.557453347e+01
45654 0 +1.409956367e-01 +3.556099564e+01 +3.556099564e+01
49104 0 +1.203351876e-01 +3.554033519e+01 +3.554033519e+01
49188 0 +1.097975792e-01 +3.552979758e+01 +3.552979758e+01
49335 0 +9.644254986e-02 +3.551644255e+01 +3.551644255e+01
49377 0 +8.851252034e-02 +3.550851252e+01 +3.550851252e+01
61309 0 +7.933437987e-02 +3.549933438e+01 +3.549933438e+01
63689 0 +6.567277232e-02 +3.548567277e+01 +3.548567277e+01
63710 0 +6.171411806e-02 +3.548171412e+01 +3.548171412e+01
64004 0 +5.595509343e-02 +3.547595509e+01 +3.547595509e+01
64319 0 +4.998312937e-02 +3.546998313e+01 +3.546998313e+01
76716 0 +4.449157589e-02 +3.546449158e+01 +3.546449158e+01
80440 0 +3.979512185e-02 +3.545979512e+01 +3.545979512e+01
92746 0 +3.500995577e-02 +3.545500996e+01 +3.545500996e+01
96029 0 +3.159383569e-02 +3.545159384e+01 +3.545159384e+01
105163 0 +2.805566939e-02 +3.544805567e+01 +3.544805567e+01
112176 0 +2.505825705e-02 +3.544505826e+01 +3.544505826e+01
200946 0 +2.262732466e-02 +3.544262732e+01 +3.544262732e+01
