% f evaluations | g evaluations | best noise-free fitness - Fopt (-9.210000000000e+00) + sum g_i+ | measured fitness | best measured fitness or single-digit g-values | x1 | x2...
1 0 +3.957895078e+02 +3.865795078e+02 +3.865795078e+02
5 0 +3.816106025e+02 +3.724006025e+02 +3.724006025e+02
17 0 +3.458101017e+02 +3.366001017e+02 +3.366001017e+02
51 0 +3.095393268e+02 +3.003293268e+02 +3.003293268e+02
73 0 +2.672353991e+02 +2.580253991e+02 +2.580253991e+02
96 0 +2.502638443e+02 +2.410538443e+02 +2.410538443e+02
108 0 +2.111471756e+02 +2.019371756e+02 +2.019371756e+02
115 0 +1.849647291e+02 +1.757547291e+02 +1.757547291e+02
147 0 +1.750290262e+02 +1.658190262e+02 +1.658190262e+02
218 0 +1.536234569e+02 +1.444134569e+02 +1.444134569e+02
258 0 +1.369911762e+02 +1.277811762e+02 +1.277811762e+02
306 0 +1.191749450e+02 +1.099649450e+02 +1.099649450e+02
339 0 +1.099014666e+02 +1.006914666e+02 +1.006914666e+02
444 0 +9.817166854e+01 +8.896166854e+01 +8.896166854e+01
539 0 +8.464183330e+01 +7.543183330e+01 +7.543183330e+01
565 0 +7.833390078e+01 +6.912390078e+01 +6.912390078e+01
821 0 +7.055475968e+01 +6.134475968e+01 +6.134475968e+01
961 0 +6.272808092e+01 +5.351808092e+01 +5.351808092e+01
200004 0 +5.934029824e+01 +5.013029824e+01 +5.013029824e+01
% f evaluations | g evaluations | best noise-free fitness - Fopt (6.559900000000e+02) + sum g_i+ | measured fitness | best measured fitness or single-digit g-values | x1 | x2...
1 0 +4.219435749e+02 +1.077933575e+03 +1.077933575e+03
3 0 +4.093997563e+02 +1.065389756e+03 +1.065389756e+03
5 0 +3.673016581e+02 +1.023291658e+03 +1.023291658e+03
25 0 +3.515408230e+02 +1.007530823e+03 +1.007530823e+03
39 0 +3.136042953e+02 +9.695942953e+02 +9.695942953e+02
61 0 +2.583666356e+02 +9.143566356e+02 +9.143566356e+02
88 0 +2.433489168e+02 +8.993389168e+02 +8.993389168e+02
90 0 +2.199748124e+02 +8.759648124e+02 +8.759648124e+02
99 0 +1.954217623e+02 +8.514117623e+02 +8.514117623e+02
135 0 +1.771957450e+02 +8.331857450e+02 +8.331857450e+02
170 0 +1.578548022e+02 +8.138448022e+02 +8.138448022e+02
207 0 +1.355338165e+02 +7.915238165e+02 +7.915238165e+02
223 0 +1.158984506e+02 +7.718884506e+02 +7.718884506e+02
234 0 +1.071011084e+02 +7.630911084e+02 +7.630911084e+02
264 0 +9.422639154e+01 +7.502163915e+02 +7.502163915e+02
498 0 +8.626105909e+01 +7.422510591e+02 +7.422510591e+02
525 0 +7.811106948e+01 +7.341010695e+02 +7.341010695e+02
633 0 +6.337822335e+01 +7.193682234e+02 +7.193682234e+02
680 0 +6.037594009e+01 +7.163659401e+02 +7.163659401e+02
761 0 +5.318788551e+01 +7.091778855e+02 +7.091778855e+02
781 0 +4.912028753e+01 +7.051102875e+02 +7.051102875e+02
1012 0 +4.406028629e+01 +7.000502863e+02 +7.000502863e+02
1081 0 +3.910063722e+01 +6.950906372e+02 +6.950906372e+02
1386 0 +3.529858671e+01 +6.912885867e+02 +6.912885867e+02
200004 0 +3.450714803e+01 +6.904971480e+02 +6.904971480e+02
% f evaluations | g evaluations | best noise-free fitness - Fopt (6.671000000000e+01) + sum g_i+ | measured fitness | best measured fitness or single-digit g-values | x1 | x2...
1 0 +4.134173994e+02 +4.801273994e+02 +4.801273994e+02
2 0 +3.672126052e+02 +4.339226052e+02 +4.339226052e+02
23 0 +3.399567195e+02 +4.066667195e+02 +4.066667195e+02
32 0 +3.004639880e+02 +3.671739880e+02 +3.671739880e+02
35 0 +2.770927252e+02 +3.438027252e+02 +3.438027252e+02
72 0 +2.365031534e+02 +3.032131534e+02 +3.032131534e+02
79 0 +2.128237389e+02 +2.795337389e+02 +2.795337389e+02
86 0 +1.953037287e+02 +2.620137287e+02 +2.620137287e+02
108 0 +1.776855487e+02 +2.443955487e+02 +2.443955487e+02
167 0 +1.575320770e+02 +2.242420770e+02 +2.242420770e+02
171 0 +1.323117641e+02 +1.990217641e+02 +1.990217641e+02
257 0 +1.238957341e+02 +1.906057341e+02 +1.906057341e+02
282 0 +1.110056423e+02 +1.777156423e+02 +1.777156423e+02
310 0 +9.784250097e+01 +1.645525010e+02 +1.645525010e+02
403 0 +8.901209236e+01 +1.557220924e+02 +1.557220924e+02
420 0 +7.773715706e+01 +1.444471571e+02 +1.444471571e+02
672 0 +7.016613554e+01 +1.368761355e+02 +1.368761355e+02
691 0 +6.292533682e+01 +1.296353368e+02 +1.296353368e+02
970 0 +5.487509089e+01 +1.215850909e+02 +1.215850909e+02
200004 0 +5.277228393e+01 +1.194822839e+02 +1.194822839e+02
% f evaluations | g evaluations | best noise-free fitness - Fopt (9.416700000000e+02) + sum g_i+ | measured fitness | best measured fitness or single-digit g-values | x1 | x2...
1 0 +4.102875005e+02 +1.351957500e+03 +1.351957500e+03
3 0 +3.983699238e+02 +1.340039924e+03 +1.340039924e+03
4 0 +3.728141658e+02 +1.314484166e+03 +1.314484166e+03
38 0 +3.492021471e+02 +1.290872147e+03 +1.290872147e+03
61 0 +2.991431456e+02 +1.240813146e+03 +1.240813146e+03
74 0 +2.790849837e+02 +1.220754984e+03 +1.220754984e+03
91 0 +2.421861822e+02 +1.183856182e+03 +1.183856182e+03
112 0 +2.071315549e+02 +1.148801555e+03 +1.148801555e+03
122 0 +1.864766921e+02 +1.128146692e+03 +1.128146692e+03
137 0 +1.724916699e+02 +1.114161670e+03 +1.114161670e+03
151 0 +1.429219929e+02 +1.084591993e+03 +1.084591993e+03
176 0 +1.407525967e+02 +1.082422597e+03 +1.082422597e+03
254 0 +1.256965253e+02 +1.067366525e+03 +1.067366525e+03
289 0 +1.080698913e+02 +1.049739891e+03 +1.049739891e+03
394 0 +8.996777136e+01 +1.031637771e+03 +1.031637771e+03
450 0 +8.802728074e+01 +1.029697281e+03 +1.029697281e+03
604 0 +7.675270568e+01 +1.018422706e+03 +1.018422706e+03
683 0 +7.078831025e+01 +1.012458310e+03 +1.012458310e+03
200004 0 +6.538618545e+01 +1.007056185e+03 +1.007056185e+03
% f evaluations | g evaluations | best noise-free fitness - Fopt (-3.745000000000e+01) + sum g_i+ | measured fitness | best measured fitness or single-digit g-values | x1 | x2...
1 0 +4.083684004e+02 +3.709184004e+02 +3.709184004e+02
2 0 +3.788687199e+02 +3.414187199e+02 +3.414187199e+02
14 0 +3.439958514e+02 +3.065458514e+02 +3.065458514e+02
40 0 +3.150985362e+02 +2.776485362e+02 +2.776485362e+02
61 0 +2.642991682e+02 +2.268491682e+02 +2.268491682e+02
73 0 +2.018014441e+02 +1.643514441e+02 +1.643514441e+02
130 0 +1.915109407e+02 +1.540609407e+02 +1.540609407e+02
142 0 +1.772650355e+02 +1.398150355e+02 +1.398150355e+02
168 0 +1.485788145e+02 +1.111288145e+02 +1.111288145e+02
175 0 +1.393813258e+02 +1.019313258e+02 +1.019313258e+02
195 0 +1.223832033e+02 +8.493320334e+01 +8.493320334e+01
271 0 +1.101789810e+02 +7.272898098e+01 +7.272898098e+01
282 0 +8.878452973e+01 +5.133452973e+01 +5.133452973e+01
326 0 +7.927072246e+01 +4.182072246e+01 +4.182072246e+01
372 0 +6.972698738e+01 +3.227698738e+01 +3.227698738e+01
407 0 +6.296267468e+01 +2.551267468e+01 +2.551267468e+01
572 0 +4.773755428e+01 +1.028755428e+01 +1.028755428e+01
652 0 +4.187381223e+01 +4.423812232e+00 +4.423812232e+00
724 0 +3.714568140e+01 -3.043185999e-01 -3.043185999e-01
871 0 +3.523641270e+01 -2.213587297e+00 -2.213587297e+00
1180 0 +3.135653861e+01 -6.093461389e+00 -6.093461389e+00
200004 0 +3.080163432e+01 -6.648365676e+00 -6.648365676e+00
% f evaluations | g evaluations | best noise-free fitness - Fopt (-6.639000000000e+01) + sum g_i+ | measured fitness | best measured fitness or single-digit g-values | x1 | x2...
1 0 +3.912399982e+02 +3.248499982e+02 +3.248499982e+02
2 0 +3.759805669e+02 +3.095905669e+02 +3.095905669e+02
21 0 +3.275625992e+02 +2.611725992e+02 +2.611725992e+02
26 0 +3.119777044e+02 +2.455877044e+02 +2.455877044e+02
53 0 +2.464952212e+02 +1.801052212e+02 +1.801052212e+02
66 0 +2.230968902e+02 +1.567068902e+02 +1.567068902e+02
86 0 +1.740941876e+02 +1.077041876e+02 +1.077041876e+02
169 0 +1.550839044e+02 +8.869390443e+01 +8.869390443e+01
215 0 +1.318018261e+02 +6.541182612e+01 +6.541182612e+01
238 0 +1.203076544e+02 +5.391765445e+01 +5.391765445e+01
260 0 +1.076419264e+02 +4.125192641e+01 +4.125192641e+01
285 0 +9.949776219e+01 +3.310776219e+01 +3.310776219e+01
374 0 +8.668153087e+01 +2.029153087e+01 +2.029153087e+01
428 0 +7.322668877e+01 +6.836688774e+00 +6.836688774e+00
455 0 +6.792720379e+01 +1.537203789e+00 +1.537203789e+00
494 0 +6.173422969e+01 -4.655770312e+00 -4.655770312e+00
615 0 +5.551879097e+01 -1.087120903e+01 -1.087120903e+01
734 0 +4.865374106e+01 -1.773625894e+01 -1.773625894e+01
809 0 +4.421044654e+01 -2.217955346e+01 -2.217955346e+01
200004 0 +3.995128186e+01 -2.643871814e+01 -2.643871814e+01
% f evaluations | g evaluations | best noise-free fitness - Fopt (-2.260100000000e+02) + sum g_i+ | measured fitness | best measured fitness or single-digit g-values | x1 | x2...
1 0 +3.919836124e+02 +1.659736124e+02 +1.659736124e+02
4 0 +3.883365613e+02 +1.623265613e+02 +1.623265613e+02
26 0 +3.450066949e+02 +1.189966949e+02 +1.189966949e+02
39 0 +3.100393159e+02 +8.402931586e+01 +8.402931586e+01
55 0 +2.606027716e+02 +3.459277162e+01 +3.459277162e+01
66 0 +2.441770011e+02 +1.816700106e+01 +1.816700106e+01
84 0 +2.178508860e+02 -8.159114027e+00 -8.159114027e+00
86 0 +1.827122676e+02 -4.329773237e+01 -4.329773237e+01
100 0 +1.721953233e+02 -5.381467668e+01 -5.381467668e+01
111 0 +1.582423001e+02 -6.776769994e+01 -6.776769994e+01
144 0 +1.378852012e+02 -8.812479885e+01 -8.812479885e+01
255 0 +1.115457693e+02 -1.144642307e+02 -1.144642307e+02
379 0 +9.851382423e+01 -1.274961758e+02 -1.274961758e+02
389 0 +8.352481839e+01 -1.424851816e+02 -1.424851816e+02
438 0 +7.593624299e+01 -1.500737570e+02 -1.500737570e+02
519 0 +7.072581006e+01 -1.552841899e+02 -1.552841899e+02
565 0 +5.995661728e+01 -1.660533827e+02 -1.660533827e+02
640 0 +5.417582101e+01 -1.718341790e+02 -1.718341790e+02
734 0 +4.825757522e+01 -1.777524248e+02 -1.777524248e+02
867 0 +4.345077056e+01 -1.825592294e+02 -1.825592294e+02
1020 0 +3.967708900e+01 -1.863329110e+02 -1.863329110e+02
200004 0 +3.849871161e+01 -1.875112884e+02 -1.875112884e+02
% f evaluations | g evaluations | best noise-free fitness - Fopt (1.000000000000e+03) + sum g_i+ | measured fitness | best measured fitness or single-digit g-values | x1 | x2...
1 0 +4.446385877e+02 +1.444638588e+03 +1.444638588e+03
2 0 +4.221345636e+02 +1.422134564e+03 +1.422134564e+03
3 0 +3.962443949e+02 +1.396244395e+03 +1.396244395e+03
5 0 +3.452322034e+02 +1.345232203e+03 +1.345232203e+03
40 0 +2.999631174e+02 +1.299963117e+03 +1.299963117e+03
51 0 +2.771737955e+02 +1.277173795e+03 +1.277173795e+03
69 0 +2.436097504e+02 +1.243609750e+03 +1.243609750e+03
79 0 +2.136161050e+02 +1.213616105e+03 +1.213616105e+03
108 0 +1.899814762e+02 +1.189981476e+03 +1.189981476e+03
111 0 +1.735140907e+02 +1.173514091e+03 +1.173514091e+03
121 0 +1.468471834e+02 +1.146847183e+03 +1.146847183e+03
146 0 +1.197157790e+02 +1.119715779e+03 +1.119715779e+03
183 0 +9.689965195e+01 +1.096899652e+03 +1.096899652e+03
250 0 +8.363698738e+01 +1.083636987e+03 +1.083636987e+03
265 0 +7.524045760e+01 +1.075240458e+03 +1.075240458e+03
375 0 +6.599023691e+01 +1.065990237e+03 +1.065990237e+03
387 0 +5.835159796e+01 +1.058351598e+03 +1.058351598e+03
408 0 +5.375644312e+01 +1.053756443e+03 +1.053756443e+03
518 0 +4.864043764e+01 +1.048640438e+03 +1.048640438e+03
623 0 +4.426367958e+01 +1.044263680e+03 +1.044263680e+03
701 0 +3.927848405e+01 +1.039278484e+03 +1.039278484e+03
719 0 +3.213403326e+01 +1.032134033e+03 +1.032134033e+03
800 0 +3.066057057e+01 +1.030660571e+03 +1.030660571e+03
200004 0 +2.884299116e+01 +1.028842991e+03 +1.028842991e+03
% f evaluations | g evaluations | best noise-free fitness - Fopt (-1.830200000000e+02) + sum g_i+ | measured fitness | best measured fitness or single-digit g-values | x1 | x2...
1 0 +4.015051358e+02 +2.184851358e+02 +2.184851358e+02
4 0 +3.795346322e+02 +1.965146322e+02 +1.965146322e+02
5 0 +3.497518344e+02 +1.667318344e+02 +1.667318344e+02
25 0 +3.096795711e+02 +1.266595711e+02 +1.266595711e+02
40 0 +2.575523346e+02 +7.453233456e+01 +7.453233456e+01
52 0 +2.251137387e+02 +4.209373872e+01 +4.209373872e+01
61 0 +1.988719284e+02 +1.585192836e+01 +1.585192836e+01
80 0 +1.653147736e+02 -1.770522645e+01 -1.770522645e+01
93 0 +1.550790912e+02 -2.794090883e+01 -2.794090883e+01
101 0 +1.364848409e+02 -4.653515909e+01 -4.653515909e+01
154 0 +1.214342668e+02 -6.158573316e+01 -6.158573316e+01
207 0 +9.868260526e+01 -8.433739474e+01 -8.433739474e+01
300 0 +8.859957550e+01 -9.442042450e+01 -9.442042450e+01
306 0 +6.997370790e+01 -1.130462921e+02 -1.130462921e+02
367 0 +5.925858251e+01 -1.237614175e+02 -1.237614175e+02
418 0 +5.366549746e+01 -1.293545025e+02 -1.293545025e+02
483 0 +4.857835413e+01 -1.344416459e+02 -1.344416459e+02
522 0 +4.360082249e+01 -1.394191775e+02 -1.394191775e+02
551 0 +3.973009811e+01 -1.432899019e+02 -1.432899019e+02
623 0 +3.500845609e+01 -1.480115439e+02 -1.480115439e+02
804 0 +3.042672198e+01 -1.525932780e+02 -1.525932780e+02
200004 0 +2.906041924e+01 -1.539595808e+02 -1.539595808e+02
% f evaluations | g evaluations | best noise-free fitness - Fopt (-1.026200000000e+02) + sum g_i+ | measured fitness | best measured fitness or single-digit g-values | x1 | x2...
1 0 +3.982350949e+02 +2.956150949e+02 +2.956150949e+02
2 0 +3.719690321e+02 +2.693490321e+02 +2.693490321e+02
27 0 +3.401047589e+02 +2.374847589e+02 +2.374847589e+02
41 0 +3.015924874e+02 +1.989724874e+02 +1.989724874e+02
61 0 +2.467065141e+02 +1.440865141e+02 +1.440865141e+02
75 0 +2.196984246e+02 +1.170784246e+02 +1.170784246e+02
108 0 +1.981454966e+02 +9.552549655e+01 +9.552549655e+01
126 0 +1.746427953e+02 +7.202279525e+01 +7.202279525e+01
131 0 +1.445549465e+02 +4.193494646e+01 +4.193494646e+01
140 0 +1.375050414e+02 +3.488504142e+01 +3.488504142e+01
171 0 +1.204683186e+02 +1.784831859e+01 +1.784831859e+01
200 0 +1.115448943e+02 +8.924894286e+00 +8.924894286e+00
266 0 +8.864373032e+01 -1.397626968e+01 -1.397626968e+01
379 0 +7.830254632e+01 -2.431745368e+01 -2.431745368e+01
525 0 +7.069715891e+01 -3.192284109e+01 -3.192284109e+01
585 0 +6.232207721e+01 -4.029792279e+01 -4.029792279e+01
596 0 +5.578727343e+01 -4.683272657e+01 -4.683272657e+01
712 0 +4.890623066e+01 -5.371376934e+01 -5.371376934e+01
1081 0 +4.445160779e+01 -5.816839221e+01 -5.816839221e+01
200004 0 +4.438156053e+01 -5.823843947e+01 -5.823843947e+01
% f evaluations | g evaluations | best noise-free fitness - Fopt (9.953000000000e+01) + sum g_i+ | measured fitness | best measured fitness or single-digit g-values | x1 | x2...
1 0 +4.197473594e+02 +5.192773594e+02 +5.192773594e+02
2 0 +4.194136922e+02 +5.189436922e+02 +5.189436922e+02
3 0 +3.925736813e+02 +4.921036813e+02 +4.921036813e+02
19 0 +3.375297858e+02 +4.370597858e+02 +4.370597858e+02
25 0 +3.070729092e+02 +4.066029092e+02 +4.066029092e+02
41 0 +2.500889436e+02 +3.496189436e+02 +3.496189436e+02
56 0 +2.197193671e+02 +3.192493671e+02 +3.192493671e+02
88 0 +1.945042640e+02 +2.940342640e+02 +2.940342640e+02
90 0 +1.698486184e+02 +2.693786184e+02 +2.693786184e+02
113 0 +1.457816963e+02 +2.453116963e+02 +2.453116963e+02
129 0 +1.370619293e+02 +2.365919293e+02 +2.365919293e+02
198 0 +1.175552085e+02 +2.170852085e+02 +2.170852085e+02
228 0 +1.085897518e+02 +2.081197518e+02 +2.081197518e+02
257 0 +8.908843798e+01 +1.886184380e+02 +1.886184380e+02
367 0 +7.880611659e+01 +1.783361166e+02 +1.783361166e+02
372 0 +6.541427004e+01 +1.649442700e+02 +1.649442700e+02
466 0 +6.259694881e+01 +1.621269488e+02 +1.621269488e+02
499 0 +5.544894976e+01 +1.549789498e+02 +1.549789498e+02
520 0 +4.926745436e+01 +1.487974544e+02 +1.487974544e+02
642 0 +4.341182531e+01 +1.429418253e+02 +1.429418253e+02
746 0 +3.953108423e+01 +1.390610842e+02 +1.390610842e+02
200004 0 +3.599081974e+01 +1.355208197e+02 +1.355208197e+02
% f evaluations | g evaluations | best noise-free fitness - Fopt (1.495900000000e+02) + sum g_i+ | measured fitness | best measured fitness or single-digit g-values | x1 | x2...
1 0 +4.066230227e+02 +5.562130227e+02 +5.562130227e+02
4 0 +3.913193343e+02 +5.409093343e+02 +5.409093343e+02
5 0 +3.423585907e+02 +4.919485907e+02 +4.919485907e+02
26 0 +3.119537413e+02 +4.615437413e+02 +4.615437413e+02
37 0 +2.779979779e+02 +4.275879779e+02 +4.275879779e+02
53 0 +2.481242510e+02 +3.977142510e+02 +3.977142510e+02
65 0 +2.214284369e+02 +3.710184369e+02 +3.710184369e+02
80 0 +1.929949390e+02 +3.425849390e+02 +3.425849390e+02
97 0 +1.656563447e+02 +3.152463447e+02 +3.152463447e+02
102 0 +1.292702703e+02 +2.788602703e+02 +2.788602703e+02
112 0 +1.239704701e+02 +2.735604701e+02 +2.735604701e+02
143 0 +1.106392469e+02 +2.602292469e+02 +2.602292469e+02
233 0 +9.729486496e+01 +2.468848650e+02 +2.468848650e+02
257 0 +7.962633042e+01 +2.292163304e+02 +2.292163304e+02
282 0 +7.625151120e+01 +2.258415112e+02 +2.258415112e+02
311 0 +6.062351082e+01 +2.102135108e+02 +2.102135108e+02
352 0 +5.413543590e+01 +2.037254359e+02 +2.037254359e+02
382 0 +4.699969170e+01 +1.965896917e+02 +1.965896917e+02
584 0 +4.436590108e+01 +1.939559011e+02 +1.939559011e+02
590 0 +3.705235577e+01 +1.866423558e+02 +1.866423558e+02
689 0 +3.479115065e+01 +1.843811507e+02 +1.843811507e+02
825 0 +3.158429982e+01 +1.811742998e+02 +1.811742998e+02
1126 0 +2.805115413e+01 +1.776411541e+02 +1.776411541e+02
1386 0 +2.502456045e+01 +1.746145604e+02 +1.746145604e+02
200004 0 +2.502456045e+01 +1.746145604e+02 +1.746145604e+02
% f evaluations | g evaluations | best noise-free fitness - Fopt (-1.000000000000e+03) + sum g_i+ | measured fitness | best measured fitness or single-digit g-values | x1 | x2...
1 0 +4.032195890e+02 -5.967804110e+02 -5.967804110e+02
2 0 +3.824298601e+02 -6.175701399e+02 -6.175701399e+02
33 0 +3.530728065e+02 -6.469271935e+02 -6.469271935e+02
56 0 +3.021740786e+02 -6.978259214e+02 -6.978259214e+02
64 0 +2.369858986e+02 -7.630141014e+02 -7.630141014e+02
89 0 +2.202478453e+02 -7.797521547e+02 -7.797521547e+02
140 0 +1.793540541e+02 -8.206459459e+02 -8.206459459e+02
161 0 +1.679822523e+02 -8.320177477e+02 -8.320177477e+02
210 0 +1.570005741e+02 -8.429994259e+02 -8.429994259e+02
272 0 +1.386459465e+02 -8.613540535e+02 -8.613540535e+02
317 0 +1.236871104e+02 -8.763128896e+02 -8.763128896e+02
372 0 +1.027524297e+02 -8.972475703e+02 -8.972475703e+02
395 0 +8.469271965e+01 -9.153072804e+02 -9.153072804e+02
497 0 +7.830073932e+01 -9.216992607e+02 -9.216992607e+02
559 0 +6.926778923e+01 -9.307322108e+02 -9.307322108e+02
604 0 +6.095931437e+01 -9.390406856e+02 -9.390406856e+02
640 0 +5.120415412e+01 -9.487958459e+02 -9.487958459e+02
663 0 +4.848070907e+01 -9.515192909e+02 -9.515192909e+02
800 0 +4.301877923e+01 -9.569812208e+02 -9.569812208e+02
1222 0 +3.934750295e+01 -9.606524970e+02 -9.606524970e+02
200004 0 +3.811572189e+01 -9.618842781e+02 -9.618842781e+02
% f evaluations | g evaluations | best noise-free fitness - Fopt (-2.922000000000e+01) + sum g_i+ | measured fitness | best measured fitness or single-digit g-values | x1 | x2...
1 0 +3.970587823e+02 +3.678387823e+02 +3.678387823e+02
5 0 +3.549398294e+02 +3.257198294e+02 +3.257198294e+02
14 0 +3.323830696e+02 +3.031630696e+02 +3.031630696e+02
33 0 +3.104324150e+02 +2.812124150e+02 +2.812124150e+02
61 0 +2.289204801e+02 +1.997004801e+02 +1.997004801e+02
82 0 +2.162424836e+02 +1.870224836e+02 +1.870224836e+02
108 0 +1.840781073e+02 +1.548581073e+02 +1.548581073e+02
112 0 +1.681582744e+02 +1.389382744e+02 +1.389382744e+02
118 0 +1.576278875e+02 +1.284078875e+02 +1.284078875e+02
152 0 +1.336171595e+02 +1.043971595e+02 +1.043971595e+02
170 0 +1.171042786e+02 +8.788427863e+01 +8.788427863e+01
231 0 +1.114953469e+02 +8.227534693e+01 +8.227534693e+01
267 0 +9.105402464e+01 +6.183402464e+01 +6.183402464e+01
293 0 +8.315919515e+01 +5.393919515e+01 +5.393919515e+01
306 0 +7.775987633e+01 +4.853987633e+01 +4.853987633e+01
379 0 +6.689458739e+01 +3.767458739e+01 +3.767458739e+01
388 0 +6.057931144e+01 +3.135931144e+01 +3.135931144e+01
410 0 +5.588979926e+01 +2.666979926e+01 +2.666979926e+01
440 0 +4.720735670e+01 +1.798735670e+01 +1.798735670e+01
450 0 +4.273952075e+01 +1.351952075e+01 +1.351952075e+01
670 0 +3.948974606e+01 +1.026974606e+01 +1.026974606e+01
680 0 +3.488656034e+01 +5.666560340e+00 +5.666560340e+00
753 0 +2.927407178e+01 +5.407178303e-02 +5.407178303e-02
764 0 +2.773002894e+01 -1.489971057e+00 -1.489971057e+00
829 0 +2.166113838e+01 -7.558861623e+00 -7.558861623e+00
1142 0 +1.975131110e+01 -9.468688901e+00 -9.468688901e+00
1238 0 +1.768078972e+01 -1.153921028e+01 -1.153921028e+01
200004 0 +1.678969607e+01 -1.243030393e+01 -1.243030393e+01
% f evaluations | g evaluations | best noise-free fitness - Fopt (-4.096000000000e+01) + sum g_i+ | measured fitness | best measured fitness or single-digit g-values | x1 | x2...
1 0 +4.195689050e+02 +3.786089050e+02 +3.786089050e+02
2 0 +3.929362922e+02 +3.519762922e+02 +3.519762922e+02
7 0 +3.524359473e+02 +3.114759473e+02 +3.114759473e+02
34 0 +3.084954097e+02 +2.675354097e+02 +2.675354097e+02
59 0 +2.756183641e+02 +2.346583641e+02 +2.346583641e+02
61 0 +2.397809086e+02 +1.988209086e+02 +1.988209086e+02
76 0 +2.154292050e+02 +1.744692050e+02 +1.744692050e+02
91 0 +1.772408392e+02 +1.362808392e+02 +1.362808392e+02
126 0 +1.579158396e+02 +1.169558396e+02 +1.169558396e+02
137 0 +1.349116937e+02 +9.395169374e+01 +9.395169374e+01
215 0 +1.166801256e+02 +7.572012560e+01 +7.572012560e+01
248 0 +9.458799706e+01 +5.362799706e+01 +5.362799706e+01
311 0 +8.057963044e+01 +3.961963044e+01 +3.961963044e+01
367 0 +7.385558716e+01 +3.289558716e+01 +3.289558716e+01
407 0 +7.044244920e+01 +2.948244920e+01 +2.948244920e+01
419 0 +6.065263491e+01 +1.969263491e+01 +1.969263491e+01
494 0 +5.475286116e+01 +1.379286116e+01 +1.379286116e+01
614 0 +4.980414670e+01 +8.844146699e+00 +8.844146699e+00
638 0 +4.405800913e+01 +3.098009128e+00 +3.098009128e+00
658 0 +3.823323616e+01 -2.726763841e+00 -2.726763841e+00
810 0 +3.541915255e+01 -5.540847451e+00 -5.540847451e+00
865 0 +3.099639002e+01 -9.963609981e+00 -9.963609981e+00
955 0 +2.782621660e+01 -1.313378340e+01 -1.313378340e+01
961 0 +2.472279606e+01 -1.623720394e+01 -1.623720394e+01
200004 0 +2.361840533e+01 -1.734159467e+01 -1.734159467e+01
