% f evaluations | g evaluations | best noise-free fitness - Fopt (-1.694000000000e+01) + sum g_i+ | measured fitness | best measured fitness or single-digit g-values | x1 | x2...
1 0 +4.882419592e+01 +3.188419592e+01 +3.188419592e+01
2 0 +1.457016037e+01 -2.369839628e+00 -2.369839628e+00
11 0 +1.037780932e+01 -6.562190676e+00 -6.562190676e+00
26 0 +8.345301629e+00 -8.594698371e+00 -8.594698371e+00
30 0 +7.084300297e+00 -9.855699703e+00 -9.855699703e+00
38 0 +7.063683005e+00 -9.876316995e+00 -9.876316995e+00
43 0 +5.393156587e+00 -1.154684341e+01 -1.154684341e+01
65 0 +3.187967001e+00 -1.375203300e+01 -1.375203300e+01
101 0 +3.115591809e+00 -1.382440819e+01 -1.382440819e+01
134 0 +2.305396009e+00 -1.463460399e+01 -1.463460399e+01
178 0 +2.237294125e+00 -1.470270588e+01 -1.470270588e+01
310 0 +1.910032590e+00 -1.502996741e+01 -1.502996741e+01
387 0 +1.777815320e+00 -1.516218468e+01 -1.516218468e+01
851 0 +1.570740764e+00 -1.536925924e+01 -1.536925924e+01
895 0 +1.234447397e+00 -1.570555260e+01 -1.570555260e+01
928 0 +1.067127326e+00 -1.587287267e+01 -1.587287267e+01
1005 0 +9.978541541e-01 -1.594214585e+01 -1.594214585e+01
1580 0 +8.847213373e-01 -1.605527866e+01 -1.605527866e+01
1624 0 +7.919514302e-01 -1.614804857e+01 -1.614804857e+01
1690 0 +7.005208347e-01 -1.623947917e+01 -1.623947917e+01
3398 0 +6.271339881e-01 -1.631286601e+01 -1.631286601e+01
4170 0 +4.705698492e-01 -1.646943015e+01 -1.646943015e+01
4291 0 +3.659478646e-01 -1.657405214e+01 -1.657405214e+01
4313 0 +3.370285135e-01 -1.660297149e+01 -1.660297149e+01
4346 0 +3.100049853e-01 -1.662999501e+01 -1.662999501e+01
4368 0 +2.700543231e-01 -1.666994568e+01 -1.666994568e+01
4379 0 +2.418314544e-01 -1.669816855e+01 -1.669816855e+01
4390 0 +2.048593672e-01 -1.673514063e+01 -1.673514063e+01
4412 0 +1.972261595e-01 -1.674277384e+01 -1.674277384e+01
4733 0 +1.669629706e-01 -1.677303703e+01 -1.677303703e+01
4744 0 +1.490943400e-01 -1.679090566e+01 -1.679090566e+01
4788 0 +1.380831685e-01 -1.680191683e+01 -1.680191683e+01
4810 0 +1.163622330e-01 -1.682363777e+01 -1.682363777e+01
4821 0 +1.052546351e-01 -1.683474536e+01 -1.683474536e+01
4843 0 +9.989213187e-02 -1.684010787e+01 -1.684010787e+01
5648 0 +8.059524485e-02 -1.685940476e+01 -1.685940476e+01
5659 0 +6.917532667e-02 -1.687082467e+01 -1.687082467e+01
5703 0 +6.240859830e-02 -1.687759140e+01 -1.687759140e+01
5769 0 +5.110089302e-02 -1.688889911e+01 -1.688889911e+01
5780 0 +4.618153591e-02 -1.689381846e+01 -1.689381846e+01
5835 0 +4.465915438e-02 -1.689534085e+01 -1.689534085e+01
7755 0 +3.945633783e-02 -1.690054366e+01 -1.690054366e+01
8539 0 +3.134107518e-02 -1.690865892e+01 -1.690865892e+01
8671 0 +2.782256656e-02 -1.691217743e+01 -1.691217743e+01
11020 0 +2.469533502e-02 -1.691530466e+01 -1.691530466e+01
11925 0 +2.234610479e-02 -1.691765390e+01 -1.691765390e+01
14010 0 +1.978796484e-02 -1.692021204e+01 -1.692021204e+01
100266 0 +1.847778780e-02 -1.692152221e+01 -1.692152221e+01
% f evaluations | g evaluations | best noise-free fitness - Fopt (1.881000000000e+01) + sum g_i+ | measured fitness | best measured fitness or single-digit g-values | x1 | x2...
1 0 +1.131935286e+01 +3.012935286e+01 +3.012935286e+01
2 0 +8.964731809e+00 +2.777473181e+01 +2.777473181e+01
6 0 +7.922103765e+00 +2.673210377e+01 +2.673210377e+01
13 0 +6.796036299e+00 +2.560603630e+01 +2.560603630e+01
15 0 +5.589517908e+00 +2.439951791e+01 +2.439951791e+01
31 0 +4.620090850e+00 +2.343009085e+01 +2.343009085e+01
65 0 +3.752120353e+00 +2.256212035e+01 +2.256212035e+01
156 0 +3.517554706e+00 +2.232755471e+01 +2.232755471e+01
189 0 +3.099102209e+00 +2.190910221e+01 +2.190910221e+01
211 0 +2.774459418e+00 +2.158445942e+01 +2.158445942e+01
1793 0 +2.445221776e+00 +2.125522178e+01 +2.125522178e+01
1809 0 +2.135733128e+00 +2.094573313e+01 +2.094573313e+01
1819 0 +1.557903720e+00 +2.036790372e+01 +2.036790372e+01
1852 0 +1.189420502e+00 +1.999942050e+01 +1.999942050e+01
1874 0 +1.111813100e+00 +1.992181310e+01 +1.992181310e+01
2548 0 +8.975395464e-01 +1.970753955e+01 +1.970753955e+01
2570 0 +7.515280760e-01 +1.956152808e+01 +1.956152808e+01
2581 0 +6.856522324e-01 +1.949565223e+01 +1.949565223e+01
2636 0 +6.305298081e-01 +1.944052981e+01 +1.944052981e+01
2713 0 +5.527639073e-01 +1.936276391e+01 +1.936276391e+01
3364 0 +4.276178165e-01 +1.923761782e+01 +1.923761782e+01
3375 0 +3.676729173e-01 +1.917767292e+01 +1.917767292e+01
3397 0 +3.416609077e-01 +1.915166091e+01 +1.915166091e+01
3441 0 +3.131426695e-01 +1.912314267e+01 +1.912314267e+01
3529 0 +2.794433567e-01 +1.908944336e+01 +1.908944336e+01
4236 0 +2.455414732e-01 +1.905554147e+01 +1.905554147e+01
4302 0 +2.224071074e-01 +1.903240711e+01 +1.903240711e+01
5306 0 +1.908130502e-01 +1.900081305e+01 +1.900081305e+01
5339 0 +1.723657914e-01 +1.898236579e+01 +1.898236579e+01
5372 0 +1.532037915e-01 +1.896320379e+01 +1.896320379e+01
5405 0 +1.409998230e-01 +1.895099982e+01 +1.895099982e+01
6177 0 +1.254140648e-01 +1.893541406e+01 +1.893541406e+01
6320 0 +1.118991769e-01 +1.892189918e+01 +1.892189918e+01
7324 0 +9.817760026e-02 +1.890817760e+01 +1.890817760e+01
7368 0 +8.854414298e-02 +1.889854414e+01 +1.889854414e+01
8148 0 +6.476536108e-02 +1.887476536e+01 +1.887476536e+01
8239 0 +5.602740495e-02 +1.886602740e+01 +1.886602740e+01
8327 0 +5.010576023e-02 +1.886010576e+01 +1.886010576e+01
8929 0 +4.161879536e-02 +1.885161880e+01 +1.885161880e+01
9022 0 +3.545575283e-02 +1.884545575e+01 +1.884545575e+01
9033 0 +3.068756384e-02 +1.884068756e+01 +1.884068756e+01
9132 0 +2.797381844e-02 +1.883797382e+01 +1.883797382e+01
9264 0 +2.507196675e-02 +1.883507197e+01 +1.883507197e+01
12110 0 +2.213809582e-02 +1.883213810e+01 +1.883213810e+01
13223 0 +1.985998448e-02 +1.882985998e+01 +1.882985998e+01
15593 0 +1.760629283e-02 +1.882760629e+01 +1.882760629e+01
100372 0 +1.594726464e-02 +1.882594726e+01 +1.882594726e+01
% f evaluations | g evaluations | best noise-free fitness - Fopt (2.731500000000e+02) + sum g_i+ | measured fitness | best measured fitness or single-digit g-values | x1 | x2...
1 0 +4.412935929e+01 +3.172793593e+02 +3.172793593e+02
2 0 +1.979107390e+01 +2.929410739e+02 +2.929410739e+02
5 0 +1.381939287e+01 +2.869693929e+02 +2.869693929e+02
13 0 +9.044855899e+00 +2.821948559e+02 +2.821948559e+02
42 0 +8.550394319e+00 +2.817003943e+02 +2.817003943e+02
49 0 +7.774889929e+00 +2.809248899e+02 +2.809248899e+02
52 0 +5.244975274e+00 +2.783949753e+02 +2.783949753e+02
255 0 +4.613924250e+00 +2.777639243e+02 +2.777639243e+02
288 0 +4.361315883e+00 +2.775113159e+02 +2.775113159e+02
321 0 +3.807345664e+00 +2.769573457e+02 +2.769573457e+02
623 0 +3.299272986e+00 +2.764492730e+02 +2.764492730e+02
653 0 +3.050614772e+00 +2.762006148e+02 +2.762006148e+02
686 0 +2.633917322e+00 +2.757839173e+02 +2.757839173e+02
730 0 +2.458858368e+00 +2.756088584e+02 +2.756088584e+02
752 0 +2.216263816e+00 +2.753662638e+02 +2.753662638e+02
763 0 +1.991367699e+00 +2.751413677e+02 +2.751413677e+02
774 0 +1.661027948e+00 +2.748110279e+02 +2.748110279e+02
785 0 +1.491411317e+00 +2.746414113e+02 +2.746414113e+02
829 0 +1.392826387e+00 +2.745428264e+02 +2.745428264e+02
1293 0 +1.136762795e+00 +2.742867628e+02 +2.742867628e+02
1315 0 +1.068721832e+00 +2.742187218e+02 +2.742187218e+02
1359 0 +9.937781786e-01 +2.741437782e+02 +2.741437782e+02
2936 0 +8.844981187e-01 +2.740344981e+02 +2.740344981e+02
2991 0 +7.354013507e-01 +2.738854014e+02 +2.738854014e+02
3013 0 +7.011627214e-01 +2.738511627e+02 +2.738511627e+02
3057 0 +6.215805341e-01 +2.737715805e+02 +2.737715805e+02
5099 0 +5.585302232e-01 +2.737085302e+02 +2.737085302e+02
6168 0 +4.699501463e-01 +2.736199501e+02 +2.736199501e+02
7271 0 +4.465786108e-01 +2.735965786e+02 +2.735965786e+02
7625 0 +3.977514824e-01 +2.735477515e+02 +2.735477515e+02
7702 0 +3.491840277e-01 +2.734991840e+02 +2.734991840e+02
8895 0 +3.071054519e-01 +2.734571055e+02 +2.734571055e+02
9579 0 +2.811157703e-01 +2.734311158e+02 +2.734311158e+02
20943 0 +2.507293487e-01 +2.734007293e+02 +2.734007293e+02
100199 0 +2.492461799e-01 +2.733992462e+02 +2.733992462e+02
% f evaluations | g evaluations | best noise-free fitness - Fopt (3.718000000000e+01) + sum g_i+ | measured fitness | best measured fitness or single-digit g-values | x1 | x2...
1 0 +2.389591439e+01 +6.107591439e+01 +6.107591439e+01
2 0 +1.841762662e+01 +5.559762662e+01 +5.559762662e+01
3 0 +1.379052855e+01 +5.097052855e+01 +5.097052855e+01
39 0 +1.201442294e+01 +4.919442294e+01 +4.919442294e+01
60 0 +9.359622838e+00 +4.653962284e+01 +4.653962284e+01
75 0 +8.894431565e+00 +4.607443157e+01 +4.607443157e+01
88 0 +5.688446397e+00 +4.286844640e+01 +4.286844640e+01
222 0 +5.621819261e+00 +4.280181926e+01 +4.280181926e+01
1380 0 +3.590135392e+00 +4.077013539e+01 +4.077013539e+01
1387 0 +2.322276068e+00 +3.950227607e+01 +3.950227607e+01
1501 0 +2.148475398e+00 +3.932847540e+01 +3.932847540e+01
1512 0 +1.991771107e+00 +3.917177111e+01 +3.917177111e+01
1523 0 +1.776301195e+00 +3.895630119e+01 +3.895630119e+01
1567 0 +1.551872827e+00 +3.873187283e+01 +3.873187283e+01
1600 0 +1.389192614e+00 +3.856919261e+01 +3.856919261e+01
2241 0 +1.236289522e+00 +3.841628952e+01 +3.841628952e+01
2263 0 +9.739850934e-01 +3.815398509e+01 +3.815398509e+01
2329 0 +8.874823161e-01 +3.806748232e+01 +3.806748232e+01
2428 0 +7.751961691e-01 +3.795519617e+01 +3.795519617e+01
2472 0 +6.933950827e-01 +3.787339508e+01 +3.787339508e+01
2494 0 +6.073524536e-01 +3.778735245e+01 +3.778735245e+01
2516 0 +5.284115795e-01 +3.770841158e+01 +3.770841158e+01
3167 0 +5.005746501e-01 +3.768057465e+01 +3.768057465e+01
3255 0 +4.449060758e-01 +3.762490608e+01 +3.762490608e+01
3365 0 +3.955296319e-01 +3.757552963e+01 +3.757552963e+01
4358 0 +3.518450553e-01 +3.753184506e+01 +3.753184506e+01
6216 0 +2.739003373e-01 +3.745390034e+01 +3.745390034e+01
6281 0 +2.109224979e-01 +3.739092250e+01 +3.739092250e+01
6286 0 +1.904507594e-01 +3.737045076e+01 +3.737045076e+01
6330 0 +1.531912046e-01 +3.733319120e+01 +3.733319120e+01
6352 0 +1.408426215e-01 +3.732084262e+01 +3.732084262e+01
6385 0 +1.256507674e-01 +3.730565077e+01 +3.730565077e+01
6440 0 +1.117041251e-01 +3.729170413e+01 +3.729170413e+01
6484 0 +9.976964991e-02 +3.727976965e+01 +3.727976965e+01
6506 0 +8.819811698e-02 +3.726819812e+01 +3.726819812e+01
8381 0 +6.927006400e-02 +3.724927006e+01 +3.724927006e+01
8403 0 +6.217661912e-02 +3.724217662e+01 +3.724217662e+01
8513 0 +5.568319821e-02 +3.723568320e+01 +3.723568320e+01
9210 0 +4.843910991e-02 +3.722843911e+01 +3.722843911e+01
9223 0 +4.308881134e-02 +3.722308881e+01 +3.722308881e+01
9341 0 +3.882632084e-02 +3.721882632e+01 +3.721882632e+01
9352 0 +3.269214564e-02 +3.721269215e+01 +3.721269215e+01
9374 0 +3.091873315e-02 +3.721091873e+01 +3.721091873e+01
9495 0 +2.750604029e-02 +3.720750604e+01 +3.720750604e+01
10257 0 +1.901931919e-02 +3.719901932e+01 +3.719901932e+01
10279 0 +1.655109938e-02 +3.719655110e+01 +3.719655110e+01
10301 0 +1.540503475e-02 +3.719540503e+01 +3.719540503e+01
10312 0 +1.391430130e-02 +3.719391430e+01 +3.719391430e+01
10389 0 +1.245918268e-02 +3.719245918e+01 +3.719245918e+01
11514 0 +1.084119890e-02 +3.719084120e+01 +3.719084120e+01
11602 0 +9.862869971e-03 +3.718986287e+01 +3.718986287e+01
11712 0 +8.872588358e-03 +3.718887259e+01 +3.718887259e+01
12636 0 +7.876502049e-03 +3.718787650e+01 +3.718787650e+01
12727 0 +6.407512753e-03 +3.718640751e+01 +3.718640751e+01
12738 0 +5.932536084e-03 +3.718593254e+01 +3.718593254e+01
12760 0 +5.572380422e-03 +3.718557238e+01 +3.718557238e+01
12837 0 +5.011619160e-03 +3.718501162e+01 +3.718501162e+01
14182 0 +4.424898775e-03 +3.718442490e+01 +3.718442490e+01
15029 0 +3.642764759e-03 +3.718364276e+01 +3.718364276e+01
15164 0 +3.461347662e-03 +3.718346135e+01 +3.718346135e+01
15274 0 +3.046809679e-03 +3.718304681e+01 +3.718304681e+01
16033 0 +2.498274613e-03 +3.718249827e+01 +3.718249827e+01
16157 0 +2.129971447e-03 +3.718212997e+01 +3.718212997e+01
16190 0 +1.939638394e-03 +3.718193964e+01 +3.718193964e+01
16267 0 +1.756029490e-03 +3.718175603e+01 +3.718175603e+01
18154 0 +1.579237740e-03 +3.718157924e+01 +3.718157924e+01
19848 0 +1.385984434e-03 +3.718138598e+01 +3.718138598e+01
21407 0 +1.216366934e-03 +3.718121637e+01 +3.718121637e+01
21550 0 +1.119106074e-03 +3.718111911e+01 +3.718111911e+01
22476 0 +9.994354440e-04 +3.718099944e+01 +3.718099944e+01
24500 0 +8.888149294e-04 +3.718088881e+01 +3.718088881e+01
100102 0 +8.065219006e-04 +3.718080652e+01 +3.718080652e+01
% f evaluations | g evaluations | best noise-free fitness - Fopt (-1.479000000000e+02) + sum g_i+ | measured fitness | best measured fitness or single-digit g-values | x1 | x2...
1 0 +1.022785512e+01 -1.376721449e+02 -1.376721449e+02
3 0 +5.939603136e+00 -1.419603969e+02 -1.419603969e+02
22 0 +5.180472350e+00 -1.427195276e+02 -1.427195276e+02
26 0 +4.858631058e+00 -1.430413689e+02 -1.430413689e+02
33 0 +3.868282366e+00 -1.440317176e+02 -1.440317176e+02
48 0 +3.265284454e+00 -1.446347155e+02 -1.446347155e+02
90 0 +2.304786216e+00 -1.455952138e+02 -1.455952138e+02
178 0 +2.182877727e+00 -1.457171223e+02 -1.457171223e+02
244 0 +1.847218781e+00 -1.460527812e+02 -1.460527812e+02
266 0 +1.618737023e+00 -1.462812630e+02 -1.462812630e+02
288 0 +1.569685089e+00 -1.463303149e+02 -1.463303149e+02
1887 0 +1.406770688e+00 -1.464932293e+02 -1.464932293e+02
2681 0 +9.825555986e-01 -1.469174444e+02 -1.469174444e+02
2725 0 +8.566990516e-01 -1.470433009e+02 -1.470433009e+02
2802 0 +7.937165012e-01 -1.471062835e+02 -1.471062835e+02
3828 0 +7.052674461e-01 -1.471947326e+02 -1.471947326e+02
3927 0 +6.203485541e-01 -1.472796514e+02 -1.472796514e+02
3982 0 +5.602362954e-01 -1.473397637e+02 -1.473397637e+02
5436 0 +4.995436338e-01 -1.474004564e+02 -1.474004564e+02
6306 0 +3.616704360e-01 -1.475383296e+02 -1.475383296e+02
6461 0 +3.513510931e-01 -1.475486489e+02 -1.475486489e+02
6505 0 +3.160944756e-01 -1.475839055e+02 -1.475839055e+02
7328 0 +2.698787304e-01 -1.476301213e+02 -1.476301213e+02
7352 0 +1.743287041e-01 -1.477256713e+02 -1.477256713e+02
7421 0 +1.494931248e-01 -1.477505069e+02 -1.477505069e+02
7443 0 +1.396809900e-01 -1.477603190e+02 -1.477603190e+02
7575 0 +1.256970048e-01 -1.477743030e+02 -1.477743030e+02
10155 0 +1.063632242e-01 -1.477936368e+02 -1.477936368e+02
10232 0 +9.844302118e-02 -1.478015570e+02 -1.478015570e+02
11423 0 +8.879983596e-02 -1.478112002e+02 -1.478112002e+02
11599 0 +7.719302239e-02 -1.478228070e+02 -1.478228070e+02
14091 0 +6.845888996e-02 -1.478315411e+02 -1.478315411e+02
14267 0 +6.268870752e-02 -1.478373113e+02 -1.478373113e+02
21889 0 +5.589191129e-02 -1.478441081e+02 -1.478441081e+02
100427 0 +5.225988514e-02 -1.478477401e+02 -1.478477401e+02
% f evaluations | g evaluations | best noise-free fitness - Fopt (4.817100000000e+02) + sum g_i+ | measured fitness | best measured fitness or single-digit g-values | x1 | x2...
1 0 +1.238916101e+01 +4.940991610e+02 +4.940991610e+02
13 0 +7.205500803e+00 +4.889155008e+02 +4.889155008e+02
38 0 +6.541364315e+00 +4.882513643e+02 +4.882513643e+02
96 0 +6.290990011e+00 +4.880009900e+02 +4.880009900e+02
167 0 +5.315396403e+00 +4.870253964e+02 +4.870253964e+02
189 0 +4.875462001e+00 +4.865854620e+02 +4.865854620e+02
277 0 +4.122075158e+00 +4.858320752e+02 +4.858320752e+02
288 0 +3.923168643e+00 +4.856331686e+02 +4.856331686e+02
601 0 +3.131031333e+00 +4.848410313e+02 +4.848410313e+02
697 0 +2.808774119e+00 +4.845187741e+02 +4.845187741e+02
719 0 +2.467835679e+00 +4.841778357e+02 +4.841778357e+02
774 0 +2.176051184e+00 +4.838860512e+02 +4.838860512e+02
840 0 +1.925832035e+00 +4.836358320e+02 +4.836358320e+02
1755 0 +1.720407752e+00 +4.834304078e+02 +4.834304078e+02
1777 0 +1.566952254e+00 +4.832769523e+02 +4.832769523e+02
1821 0 +1.409575246e+00 +4.831195752e+02 +4.831195752e+02
2223 0 +8.786269896e-01 +4.825886270e+02 +4.825886270e+02
2351 0 +7.881059504e-01 +4.824981060e+02 +4.824981060e+02
2362 0 +6.985030873e-01 +4.824085031e+02 +4.824085031e+02
2428 0 +6.127795896e-01 +4.823227796e+02 +4.823227796e+02
2461 0 +5.607039471e-01 +4.822707039e+02 +4.822707039e+02
2749 0 +4.197144928e-01 +4.821297145e+02 +4.821297145e+02
2804 0 +3.779535390e-01 +4.820879535e+02 +4.820879535e+02
2859 0 +3.481668545e-01 +4.820581669e+02 +4.820581669e+02
3131 0 +2.630193943e-01 +4.819730194e+02 +4.819730194e+02
3323 0 +2.449040735e-01 +4.819549041e+02 +4.819549041e+02
3345 0 +2.204533203e-01 +4.819304533e+02 +4.819304533e+02
3411 0 +1.989059316e-01 +4.819089059e+02 +4.819089059e+02
3798 0 +1.694942396e-01 +4.818794942e+02 +4.818794942e+02
3853 0 +1.543221328e-01 +4.818643221e+02 +4.818643221e+02
3930 0 +1.406783540e-01 +4.818506784e+02 +4.818506784e+02
5330 0 +1.233162722e-01 +4.818333163e+02 +4.818333163e+02
5385 0 +1.071135492e-01 +4.818171135e+02 +4.818171135e+02
5407 0 +9.968644224e-02 +4.818096864e+02 +4.818096864e+02
5418 0 +8.517569805e-02 +4.817951757e+02 +4.817951757e+02
5429 0 +6.787235814e-02 +4.817778724e+02 +4.817778724e+02
5484 0 +6.306743716e-02 +4.817730674e+02 +4.817730674e+02
7038 0 +2.830603167e-02 +4.817383060e+02 +4.817383060e+02
7093 0 +2.256204579e-02 +4.817325620e+02 +4.817325620e+02
7126 0 +2.234114462e-02 +4.817323411e+02 +4.817323411e+02
7225 0 +1.977369711e-02 +4.817297737e+02 +4.817297737e+02
7291 0 +1.778023139e-02 +4.817277802e+02 +4.817277802e+02
8691 0 +1.493179537e-02 +4.817249318e+02 +4.817249318e+02
8724 0 +1.390706011e-02 +4.817239071e+02 +4.817239071e+02
11408 0 +1.249434587e-02 +4.817224943e+02 +4.817224943e+02
11414 0 +8.352370792e-03 +4.817183524e+02 +4.817183524e+02
11458 0 +6.645695577e-03 +4.817166457e+02 +4.817166457e+02
11469 0 +5.908248710e-03 +4.817159082e+02 +4.817159082e+02
11480 0 +5.495819100e-03 +4.817154958e+02 +4.817154958e+02
11590 0 +4.965205654e-03 +4.817149652e+02 +4.817149652e+02
11623 0 +4.354819542e-03 +4.817143548e+02 +4.817143548e+02
12804 0 +3.760855064e-03 +4.817137609e+02 +4.817137609e+02
12892 0 +3.382217482e-03 +4.817133822e+02 +4.817133822e+02
12925 0 +3.143829119e-03 +4.817131438e+02 +4.817131438e+02
13929 0 +1.616638147e-03 +4.817116166e+02 +4.817116166e+02
13940 0 +1.185945520e-03 +4.817111859e+02 +4.817111859e+02
13973 0 +9.827073196e-04 +4.817109827e+02 +4.817109827e+02
14061 0 +8.741904736e-04 +4.817108742e+02 +4.817108742e+02
14149 0 +7.639026030e-04 +4.817107639e+02 +4.817107639e+02
14160 0 +6.608071334e-04 +4.817106608e+02 +4.817106608e+02
14226 0 +6.241140646e-04 +4.817106241e+02 +4.817106241e+02
14259 0 +5.319228666e-04 +4.817105319e+02 +4.817105319e+02
14292 0 +4.811987579e-04 +4.817104812e+02 +4.817104812e+02
14391 0 +4.455741065e-04 +4.817104456e+02 +4.817104456e+02
100050 0 +4.362985069e-04 +4.817104363e+02 +4.817104363e+02
% f evaluations | g evaluations | best noise-free fitness - Fopt (-3.646000000000e+01) + sum g_i+ | measured fitness | best measured fitness or single-digit g-values | x1 | x2...
1 0 +2.465382065e+01 -1.180617935e+01 -1.180617935e+01
4 0 +2.139465857e+01 -1.506534143e+01 -1.506534143e+01
21 0 +1.399044977e+01 -2.246955023e+01 -2.246955023e+01
40 0 +1.017832676e+01 -2.628167324e+01 -2.628167324e+01
42 0 +5.654228244e+00 -3.080577176e+01 -3.080577176e+01
54 0 +4.039654228e+00 -3.242034577e+01 -3.242034577e+01
112 0 +3.242793562e+00 -3.321720644e+01 -3.321720644e+01
134 0 +2.832278910e+00 -3.362772109e+01 -3.362772109e+01
156 0 +2.709497275e+00 -3.375050272e+01 -3.375050272e+01
178 0 +2.457801014e+00 -3.400219899e+01 -3.400219899e+01
222 0 +2.204506696e+00 -3.425549330e+01 -3.425549330e+01
554 0 +1.886793381e+00 -3.457320662e+01 -3.457320662e+01
565 0 +1.756057830e+00 -3.470394217e+01 -3.470394217e+01
587 0 +1.361101805e+00 -3.509889819e+01 -3.509889819e+01
598 0 +1.185089372e+00 -3.527491063e+01 -3.527491063e+01
653 0 +1.116852750e+00 -3.534314725e+01 -3.534314725e+01
708 0 +9.832533083e-01 -3.547674669e+01 -3.547674669e+01
1409 0 +8.776178637e-01 -3.558238214e+01 -3.558238214e+01
1470 0 +6.979234058e-01 -3.576207659e+01 -3.576207659e+01
1492 0 +6.309294615e-01 -3.582907054e+01 -3.582907054e+01
1580 0 +5.518130819e-01 -3.590818692e+01 -3.590818692e+01
1668 0 +4.896117016e-01 -3.597038830e+01 -3.597038830e+01
3023 0 +4.303472340e-01 -3.602965277e+01 -3.602965277e+01
3067 0 +3.842876194e-01 -3.607571238e+01 -3.607571238e+01
4235 0 +3.254546167e-01 -3.613454538e+01 -3.613454538e+01
4257 0 +2.958872248e-01 -3.616411278e+01 -3.616411278e+01
4268 0 +2.679063203e-01 -3.619209368e+01 -3.619209368e+01
4301 0 +2.470293508e-01 -3.621297065e+01 -3.621297065e+01
4334 0 +2.198234852e-01 -3.624017651e+01 -3.624017651e+01
4400 0 +1.972510914e-01 -3.626274891e+01 -3.626274891e+01
5107 0 +1.734411102e-01 -3.628655889e+01 -3.628655889e+01
5129 0 +1.563211708e-01 -3.630367883e+01 -3.630367883e+01
5831 0 +1.202629130e-01 -3.633973709e+01 -3.633973709e+01
5957 0 +1.119107967e-01 -3.634808920e+01 -3.634808920e+01
5990 0 +9.195017940e-02 -3.636804982e+01 -3.636804982e+01
6012 0 +8.794165575e-02 -3.637205834e+01 -3.637205834e+01
6056 0 +7.691466093e-02 -3.638308534e+01 -3.638308534e+01
6100 0 +6.672373464e-02 -3.639327627e+01 -3.639327627e+01
6133 0 +6.287615052e-02 -3.639712385e+01 -3.639712385e+01
7203 0 +5.563327371e-02 -3.640436673e+01 -3.640436673e+01
7280 0 +4.966796062e-02 -3.641033204e+01 -3.641033204e+01
7324 0 +4.241997923e-02 -3.641758002e+01 -3.641758002e+01
7379 0 +3.774445911e-02 -3.642225554e+01 -3.642225554e+01
8482 0 +3.448357044e-02 -3.642551643e+01 -3.642551643e+01
8537 0 +3.076957578e-02 -3.642923042e+01 -3.642923042e+01
8614 0 +2.702919269e-02 -3.643297081e+01 -3.643297081e+01
8625 0 +2.444289778e-02 -3.643555710e+01 -3.643555710e+01
8724 0 +2.237077957e-02 -3.643762922e+01 -3.643762922e+01
9948 0 +1.982975931e-02 -3.644017024e+01 -3.644017024e+01
9981 0 +1.734764923e-02 -3.644265235e+01 -3.644265235e+01
10880 0 +1.530134054e-02 -3.644469866e+01 -3.644469866e+01
10941 0 +1.063800863e-02 -3.644936199e+01 -3.644936199e+01
10952 0 +9.216582796e-03 -3.645078342e+01 -3.645078342e+01
10996 0 +8.240631711e-03 -3.645175937e+01 -3.645175937e+01
11051 0 +7.927185286e-03 -3.645207281e+01 -3.645207281e+01
11150 0 +6.934206744e-03 -3.645306579e+01 -3.645306579e+01
11183 0 +6.210588022e-03 -3.645378941e+01 -3.645378941e+01
13334 0 +4.814247250e-03 -3.645518575e+01 -3.645518575e+01
13433 0 +4.207855834e-03 -3.645579214e+01 -3.645579214e+01
13488 0 +3.939553300e-03 -3.645606045e+01 -3.645606045e+01
13598 0 +3.370928145e-03 -3.645662907e+01 -3.645662907e+01
14921 0 +3.161456026e-03 -3.645683854e+01 -3.645683854e+01
14932 0 +2.623867615e-03 -3.645737613e+01 -3.645737613e+01
14943 0 +2.482795186e-03 -3.645751720e+01 -3.645751720e+01
17467 0 +2.190286170e-03 -3.645780971e+01 -3.645780971e+01
17577 0 +1.970567636e-03 -3.645802943e+01 -3.645802943e+01
18614 0 +1.773081214e-03 -3.645822692e+01 -3.645822692e+01
20610 0 +1.525215468e-03 -3.645847478e+01 -3.645847478e+01
20622 0 +1.398079267e-03 -3.645860192e+01 -3.645860192e+01
20864 0 +1.255470636e-03 -3.645874453e+01 -3.645874453e+01
23588 0 +1.063818955e-03 -3.645893618e+01 -3.645893618e+01
23897 0 +9.963725652e-04 -3.645900363e+01 -3.645900363e+01
100005 0 +9.347244413e-04 -3.645906528e+01 -3.645906528e+01
% f evaluations | g evaluations | best noise-free fitness - Fopt (3.920000000000e+01) + sum g_i+ | measured fitness | best measured fitness or single-digit g-values | x1 | x2...
1 0 +1.568236830e+01 +5.488236830e+01 +5.488236830e+01
9 0 +1.457277528e+01 +5.377277528e+01 +5.377277528e+01
11 0 +9.394546312e+00 +4.859454631e+01 +4.859454631e+01
49 0 +8.859854072e+00 +4.805985407e+01 +4.805985407e+01
59 0 +6.646368305e+00 +4.584636831e+01 +4.584636831e+01
81 0 +5.914273006e+00 +4.511427301e+01 +4.511427301e+01
83 0 +4.801216459e+00 +4.400121646e+01 +4.400121646e+01
97 0 +2.865246103e+00 +4.206524610e+01 +4.206524610e+01
101 0 +2.517913745e+00 +4.171791375e+01 +4.171791375e+01
145 0 +2.331768567e+00 +4.153176857e+01 +4.153176857e+01
156 0 +2.023560416e+00 +4.122356042e+01 +4.122356042e+01
178 0 +1.830554215e+00 +4.103055421e+01 +4.103055421e+01
200 0 +1.724891882e+00 +4.092489188e+01 +4.092489188e+01
299 0 +1.570251930e+00 +4.077025193e+01 +4.077025193e+01
1170 0 +1.371582836e+00 +4.057158284e+01 +4.057158284e+01
1225 0 +1.227030492e+00 +4.042703049e+01 +4.042703049e+01
1247 0 +1.087687930e+00 +4.028768793e+01 +4.028768793e+01
1258 0 +9.810434386e-01 +4.018104344e+01 +4.018104344e+01
2649 0 +7.886963485e-01 +3.998869635e+01 +3.998869635e+01
2748 0 +6.636845188e-01 +3.986368452e+01 +3.986368452e+01
2836 0 +6.260347143e-01 +3.982603471e+01 +3.982603471e+01
3609 0 +5.549106101e-01 +3.975491061e+01 +3.975491061e+01
3642 0 +3.891002110e-01 +3.958910021e+01 +3.958910021e+01
3697 0 +3.462310796e-01 +3.954623108e+01 +3.954623108e+01
3719 0 +3.106815411e-01 +3.951068154e+01 +3.951068154e+01
3774 0 +2.675212960e-01 +3.946752130e+01 +3.946752130e+01
3785 0 +2.477192996e-01 +3.944771930e+01 +3.944771930e+01
4569 0 +2.210804369e-01 +3.942108044e+01 +3.942108044e+01
4646 0 +1.994906399e-01 +3.939949064e+01 +3.939949064e+01
4712 0 +1.750454331e-01 +3.937504543e+01 +3.937504543e+01
4745 0 +1.557574034e-01 +3.935575740e+01 +3.935575740e+01
6653 0 +1.324745951e-01 +3.933247460e+01 +3.933247460e+01
6785 0 +1.163014225e-01 +3.931630142e+01 +3.931630142e+01
6807 0 +1.099074376e-01 +3.930990744e+01 +3.930990744e+01
6840 0 +9.986942636e-02 +3.929986943e+01 +3.929986943e+01
7392 0 +8.910851624e-02 +3.928910852e+01 +3.928910852e+01
7425 0 +7.667745621e-02 +3.927667746e+01 +3.927667746e+01
7480 0 +7.033417392e-02 +3.927033417e+01 +3.927033417e+01
7724 0 +5.129186338e-02 +3.925129186e+01 +3.925129186e+01
7779 0 +3.957050541e-02 +3.923957051e+01 +3.923957051e+01
7933 0 +3.501239426e-02 +3.923501239e+01 +3.923501239e+01
8827 0 +3.017469290e-02 +3.923017469e+01 +3.923017469e+01
10139 0 +2.509712274e-02 +3.922509712e+01 +3.922509712e+01
10150 0 +2.214629114e-02 +3.922214629e+01 +3.922214629e+01
10304 0 +1.966322961e-02 +3.921966323e+01 +3.921966323e+01
12059 0 +1.689190294e-02 +3.921689190e+01 +3.921689190e+01
12158 0 +1.583147330e-02 +3.921583147e+01 +3.921583147e+01
14640 0 +1.391449967e-02 +3.921391450e+01 +3.921391450e+01
14858 0 +1.254900505e-02 +3.921254901e+01 +3.921254901e+01
15828 0 +1.114863272e-02 +3.921114863e+01 +3.921114863e+01
16037 0 +9.847859189e-03 +3.920984786e+01 +3.920984786e+01
100516 0 +8.991729950e-03 +3.920899173e+01 +3.920899173e+01
% f evaluations | g evaluations | best noise-free fitness - Fopt (-3.225000000000e+01) + sum g_i+ | measured fitness | best measured fitness or single-digit g-values | x1 | x2...
1 0 +1.162257420e+02 +8.397574203e+01 +8.397574203e+01
2 0 +4.160223443e+01 +9.352234431e+00 +9.352234431e+00
13 0 +2.347728668e+01 -8.772713322e+00 -8.772713322e+00
25 0 +2.168372881e+01 -1.056627119e+01 -1.056627119e+01
31 0 +1.993749352e+01 -1.231250648e+01 -1.231250648e+01
40 0 +1.703539931e+01 -1.521460069e+01 -1.521460069e+01
42 0 +1.232736192e+01 -1.992263808e+01 -1.992263808e+01
52 0 +8.793474302e+00 -2.345652570e+01 -2.345652570e+01
83 0 +7.123135984e+00 -2.512686402e+01 -2.512686402e+01
101 0 +3.958078566e+00 -2.829192143e+01 -2.829192143e+01
134 0 +3.484996688e+00 -2.876500331e+01 -2.876500331e+01
145 0 +3.022570593e+00 -2.922742941e+01 -2.922742941e+01
167 0 +2.768328524e+00 -2.948167148e+01 -2.948167148e+01
675 0 +1.887023035e+00 -3.036297697e+01 -3.036297697e+01
697 0 +1.731456095e+00 -3.051854390e+01 -3.051854390e+01
752 0 +1.582728272e+00 -3.066727173e+01 -3.066727173e+01
851 0 +1.403641827e+00 -3.084635817e+01 -3.084635817e+01
1612 0 +1.063796289e+00 -3.118620371e+01 -3.118620371e+01
1645 0 +9.256501567e-01 -3.132434984e+01 -3.132434984e+01
1656 0 +8.349569042e-01 -3.141504310e+01 -3.141504310e+01
1711 0 +7.862830323e-01 -3.146371697e+01 -3.146371697e+01
1788 0 +6.740724944e-01 -3.157592751e+01 -3.157592751e+01
2494 0 +6.303916119e-01 -3.161960839e+01 -3.161960839e+01
2516 0 +5.410281579e-01 -3.170897184e+01 -3.170897184e+01
2560 0 +4.884165986e-01 -3.176158340e+01 -3.176158340e+01
3223 0 +4.356313273e-01 -3.181436867e+01 -3.181436867e+01
3234 0 +3.936915240e-01 -3.185630848e+01 -3.185630848e+01
3278 0 +3.525211090e-01 -3.189747889e+01 -3.189747889e+01
3344 0 +3.143560744e-01 -3.193564393e+01 -3.193564393e+01
4006 0 +2.536971145e-01 -3.199630289e+01 -3.199630289e+01
4028 0 +2.268260300e-01 -3.202317397e+01 -3.202317397e+01
4050 0 +2.216280223e-01 -3.202837198e+01 -3.202837198e+01
4138 0 +1.915898187e-01 -3.205841018e+01 -3.205841018e+01
4160 0 +1.733463675e-01 -3.207665363e+01 -3.207665363e+01
5341 0 +1.488750185e-01 -3.210112498e+01 -3.210112498e+01
5396 0 +1.399328685e-01 -3.211006713e+01 -3.211006713e+01
5462 0 +1.252506817e-01 -3.212474932e+01 -3.212474932e+01
6686 0 +1.024736411e-01 -3.214752636e+01 -3.214752636e+01
6708 0 +9.895079673e-02 -3.215104920e+01 -3.215104920e+01
6730 0 +8.280094411e-02 -3.216719906e+01 -3.216719906e+01
6763 0 +7.517600226e-02 -3.217482400e+01 -3.217482400e+01
6796 0 +6.958180568e-02 -3.218041819e+01 -3.218041819e+01
6818 0 +6.306685551e-02 -3.218693314e+01 -3.218693314e+01
9484 0 +5.150432192e-02 -3.219849568e+01 -3.219849568e+01
9501 0 +4.970947621e-02 -3.220029052e+01 -3.220029052e+01
9598 0 +4.059227881e-02 -3.220940772e+01 -3.220940772e+01
9642 0 +3.965213359e-02 -3.221034787e+01 -3.221034787e+01
10039 0 +3.461944968e-02 -3.221538055e+01 -3.221538055e+01
10194 0 +3.107102229e-02 -3.221892898e+01 -3.221892898e+01
10315 0 +2.802956387e-02 -3.222197044e+01 -3.222197044e+01
10348 0 +2.503651448e-02 -3.222496349e+01 -3.222496349e+01
11286 0 +2.229152972e-02 -3.222770847e+01 -3.222770847e+01
12213 0 +1.985451107e-02 -3.223014549e+01 -3.223014549e+01
13151 0 +1.774213449e-02 -3.223225787e+01 -3.223225787e+01
14496 0 +1.505030643e-02 -3.223494969e+01 -3.223494969e+01
15610 0 +1.409478206e-02 -3.223590522e+01 -3.223590522e+01
19494 0 +1.258252805e-02 -3.223741747e+01 -3.223741747e+01
100002 0 +1.170988810e-02 -3.223829011e+01 -3.223829011e+01
% f evaluations | g evaluations | best noise-free fitness - Fopt (3.681200000000e+02) + sum g_i+ | measured fitness | best measured fitness or single-digit g-values | x1 | x2...
1 0 +1.434612973e+01 +3.824661297e+02 +3.824661297e+02
3 0 +1.316782235e+01 +3.812878224e+02 +3.812878224e+02
9 0 +9.538127195e+00 +3.776581272e+02 +3.776581272e+02
18 0 +8.593106964e+00 +3.767131070e+02 +3.767131070e+02
25 0 +7.482138307e+00 +3.756021383e+02 +3.756021383e+02
36 0 +6.127738617e+00 +3.742477386e+02 +3.742477386e+02
48 0 +5.119698918e+00 +3.732396989e+02 +3.732396989e+02
53 0 +4.619470096e+00 +3.727394701e+02 +3.727394701e+02
96 0 +3.787682556e+00 +3.719076826e+02 +3.719076826e+02
134 0 +3.332622994e+00 +3.714526230e+02 +3.714526230e+02
156 0 +2.948885026e+00 +3.710688850e+02 +3.710688850e+02
167 0 +2.449671127e+00 +3.705696711e+02 +3.705696711e+02
233 0 +2.067734625e+00 +3.701877346e+02 +3.701877346e+02
244 0 +1.903256855e+00 +3.700232569e+02 +3.700232569e+02
266 0 +1.757739553e+00 +3.698777396e+02 +3.698777396e+02
576 0 +1.383824455e+00 +3.695038245e+02 +3.695038245e+02
598 0 +1.077569928e+00 +3.691975699e+02 +3.691975699e+02
620 0 +9.438673717e-01 +3.690638674e+02 +3.690638674e+02
675 0 +8.795785674e-01 +3.689995786e+02 +3.689995786e+02
697 0 +7.828927337e-01 +3.689028927e+02 +3.689028927e+02
1436 0 +6.269952105e-01 +3.687469952e+02 +3.687469952e+02
1480 0 +5.495299151e-01 +3.686695299e+02 +3.686695299e+02
1524 0 +4.937014072e-01 +3.686137014e+02 +3.686137014e+02
1678 0 +4.456333352e-01 +3.685656333e+02 +3.685656333e+02
3761 0 +3.929553857e-01 +3.685129554e+02 +3.685129554e+02
3926 0 +3.537357990e-01 +3.684737358e+02 +3.684737358e+02
4610 0 +2.813357622e-01 +3.684013358e+02 +3.684013358e+02
4643 0 +2.392346570e-01 +3.683592347e+02 +3.683592347e+02
4687 0 +2.198538786e-01 +3.683398539e+02 +3.683398539e+02
4731 0 +1.994996129e-01 +3.683194996e+02 +3.683194996e+02
6252 0 +1.773178875e-01 +3.682973179e+02 +3.682973179e+02
6373 0 +1.580334408e-01 +3.682780334e+02 +3.682780334e+02
6936 0 +1.321525793e-01 +3.682521526e+02 +3.682521526e+02
6980 0 +1.254002225e-01 +3.682454002e+02 +3.682454002e+02
7046 0 +1.111566995e-01 +3.682311567e+02 +3.682311567e+02
8150 0 +9.565259151e-02 +3.682156526e+02 +3.682156526e+02
8270 0 +8.322579784e-02 +3.682032258e+02 +3.682032258e+02
8314 0 +7.577834569e-02 +3.681957783e+02 +3.681957783e+02
8336 0 +6.874827321e-02 +3.681887483e+02 +3.681887483e+02
8424 0 +6.133793790e-02 +3.681813379e+02 +3.681813379e+02
10333 0 +5.464382494e-02 +3.681746438e+02 +3.681746438e+02
11359 0 +4.990779867e-02 +3.681699078e+02 +3.681699078e+02
11447 0 +4.359784364e-02 +3.681635978e+02 +3.681635978e+02
11579 0 +3.980425823e-02 +3.681598043e+02 +3.681598043e+02
12804 0 +3.426980483e-02 +3.681542698e+02 +3.681542698e+02
12980 0 +3.148078018e-02 +3.681514808e+02 +3.681514808e+02
13940 0 +2.770490250e-02 +3.681477049e+02 +3.681477049e+02
14094 0 +2.498991638e-02 +3.681449899e+02 +3.681449899e+02
18263 0 +2.235564528e-02 +3.681423556e+02 +3.681423556e+02
20480 0 +1.994322641e-02 +3.681399432e+02 +3.681399432e+02
100128 0 +1.889094854e-02 +3.681388909e+02 +3.681388909e+02
% f evaluations | g evaluations | best noise-free fitness - Fopt (4.739000000000e+01) + sum g_i+ | measured fitness | best measured fitness or single-digit g-values | x1 | x2...
1 0 +1.068140261e+01 +5.807140261e+01 +5.807140261e+01
2 0 +1.017310552e+01 +5.756310552e+01 +5.756310552e+01
4 0 +8.060007881e+00 +5.545000788e+01 +5.545000788e+01
11 0 +7.187845399e+00 +5.457784540e+01 +5.457784540e+01
14 0 +6.685904781e+00 +5.407590478e+01 +5.407590478e+01
20 0 +5.425793720e+00 +5.281579372e+01 +5.281579372e+01
79 0 +4.485898121e+00 +5.187589812e+01 +5.187589812e+01
123 0 +4.089129301e+00 +5.147912930e+01 +5.147912930e+01
145 0 +3.715395970e+00 +5.110539597e+01 +5.110539597e+01
156 0 +3.323080129e+00 +5.071308013e+01 +5.071308013e+01
167 0 +2.984685465e+00 +5.037468547e+01 +5.037468547e+01
200 0 +2.689268694e+00 +5.007926869e+01 +5.007926869e+01
211 0 +2.452624621e+00 +4.984262462e+01 +4.984262462e+01
887 0 +1.991892516e+00 +4.938189252e+01 +4.938189252e+01
940 0 +1.442402447e+00 +4.883240245e+01 +4.883240245e+01
962 0 +1.305534527e+00 +4.869553453e+01 +4.869553453e+01
984 0 +1.244564578e+00 +4.863456458e+01 +4.863456458e+01
1028 0 +1.078838177e+00 +4.846883818e+01 +4.846883818e+01
1094 0 +9.723581086e-01 +4.836235811e+01 +4.836235811e+01
1582 0 +7.201224163e-01 +4.811012242e+01 +4.811012242e+01
1614 0 +5.584894109e-01 +4.794848941e+01 +4.794848941e+01
1680 0 +4.999179786e-01 +4.788991798e+01 +4.788991798e+01
1702 0 +4.408822700e-01 +4.783088227e+01 +4.783088227e+01
1845 0 +3.949006343e-01 +4.778490063e+01 +4.778490063e+01
3629 0 +3.315329638e-01 +4.772153296e+01 +4.772153296e+01
3887 0 +3.105078106e-01 +4.770050781e+01 +4.770050781e+01
3898 0 +2.816718126e-01 +4.767167181e+01 +4.767167181e+01
4638 0 +2.429508559e-01 +4.763295086e+01 +4.763295086e+01
4814 0 +2.191064392e-01 +4.760910644e+01 +4.760910644e+01
4858 0 +1.966815708e-01 +4.758668157e+01 +4.758668157e+01
4913 0 +1.757931741e-01 +4.756579317e+01 +4.756579317e+01
5507 0 +1.518096524e-01 +4.754180965e+01 +4.754180965e+01
5542 0 +1.214009588e-01 +4.751140096e+01 +4.751140096e+01
5608 0 +9.480079421e-02 +4.748480079e+01 +4.748480079e+01
5619 0 +7.880881828e-02 +4.746880882e+01 +4.746880882e+01
5641 0 +6.994341136e-02 +4.745994341e+01 +4.745994341e+01
5718 0 +6.297621042e-02 +4.745297621e+01 +4.745297621e+01
7305 0 +5.598422997e-02 +4.744598423e+01 +4.744598423e+01
7349 0 +4.990960372e-02 +4.743990960e+01 +4.743990960e+01
8111 0 +3.802801706e-02 +4.742802802e+01 +4.742802802e+01
8133 0 +3.535481581e-02 +4.742535482e+01 +4.742535482e+01
8210 0 +2.995391474e-02 +4.741995391e+01 +4.741995391e+01
8221 0 +2.759330397e-02 +4.741759330e+01 +4.741759330e+01
8232 0 +2.499641213e-02 +4.741499641e+01 +4.741499641e+01
8265 0 +2.232704554e-02 +4.741232705e+01 +4.741232705e+01
9555 0 +1.899902043e-02 +4.740899902e+01 +4.740899902e+01
9566 0 +1.775901329e-02 +4.740775901e+01 +4.740775901e+01
10285 0 +1.489565754e-02 +4.740489566e+01 +4.740489566e+01
10372 0 +1.375701467e-02 +4.740375701e+01 +4.740375701e+01
10416 0 +1.168914271e-02 +4.740168914e+01 +4.740168914e+01
10438 0 +1.099833723e-02 +4.740099834e+01 +4.740099834e+01
10526 0 +9.990509829e-03 +4.739999051e+01 +4.739999051e+01
12577 0 +8.730903538e-03 +4.739873090e+01 +4.739873090e+01
12665 0 +7.904085489e-03 +4.739790409e+01 +4.739790409e+01
13163 0 +6.184753574e-03 +4.739618475e+01 +4.739618475e+01
13339 0 +5.316291451e-03 +4.739531629e+01 +4.739531629e+01
13427 0 +4.990969555e-03 +4.739499097e+01 +4.739499097e+01
13504 0 +4.420778773e-03 +4.739442078e+01 +4.739442078e+01
13559 0 +3.857519259e-03 +4.739385752e+01 +4.739385752e+01
17297 0 +3.534987513e-03 +4.739353499e+01 +4.739353499e+01
18488 0 +3.097131425e-03 +4.739309713e+01 +4.739309713e+01
18675 0 +2.778157680e-03 +4.739277816e+01 +4.739277816e+01
19778 0 +2.483007749e-03 +4.739248301e+01 +4.739248301e+01
19932 0 +2.198111260e-03 +4.739219811e+01 +4.739219811e+01
100254 0 +1.996547232e-03 +4.739199655e+01 +4.739199655e+01
% f evaluations | g evaluations | best noise-free fitness - Fopt (-3.428900000000e+02) + sum g_i+ | measured fitness | best measured fitness or single-digit g-values | x1 | x2...
1 0 +2.175484508e+01 -3.211351549e+02 -3.211351549e+02
2 0 +1.386620802e+01 -3.290237920e+02 -3.290237920e+02
7 0 +1.052922784e+01 -3.323607722e+02 -3.323607722e+02
13 0 +6.673235964e+00 -3.362167640e+02 -3.362167640e+02
79 0 +4.979677143e+00 -3.379103229e+02 -3.379103229e+02
98 0 +4.034991825e+00 -3.388550082e+02 -3.388550082e+02
134 0 +3.943662325e+00 -3.389463377e+02 -3.389463377e+02
211 0 +3.449843555e+00 -3.394401564e+02 -3.394401564e+02
277 0 +2.716733088e+00 -3.401732669e+02 -3.401732669e+02
310 0 +2.423534023e+00 -3.404664660e+02 -3.404664660e+02
670 0 +1.582472242e+00 -3.413075278e+02 -3.413075278e+02
763 0 +1.358640483e+00 -3.415313595e+02 -3.415313595e+02
796 0 +1.172549974e+00 -3.417174500e+02 -3.417174500e+02
829 0 +1.092654484e+00 -3.417973455e+02 -3.417973455e+02
884 0 +9.746236653e-01 -3.419153763e+02 -3.419153763e+02
1657 0 +8.889906990e-01 -3.420010093e+02 -3.420010093e+02
1690 0 +7.821329680e-01 -3.421078670e+02 -3.421078670e+02
1745 0 +6.944925597e-01 -3.421955074e+02 -3.421955074e+02
1767 0 +5.657034366e-01 -3.423242966e+02 -3.423242966e+02
1789 0 +5.363960329e-01 -3.423536040e+02 -3.423536040e+02
1811 0 +4.787445434e-01 -3.424112555e+02 -3.424112555e+02
1877 0 +4.401048504e-01 -3.424498951e+02 -3.424498951e+02
2539 0 +3.932915416e-01 -3.424967085e+02 -3.424967085e+02
2572 0 +3.357575684e-01 -3.425542424e+02 -3.425542424e+02
2605 0 +3.134963076e-01 -3.425765037e+02 -3.425765037e+02
3267 0 +2.767508227e-01 -3.426132492e+02 -3.426132492e+02
3333 0 +2.420496034e-01 -3.426479504e+02 -3.426479504e+02
3366 0 +2.218512053e-01 -3.426681488e+02 -3.426681488e+02
4139 0 +1.889735281e-01 -3.427010265e+02 -3.427010265e+02
4172 0 +1.768103211e-01 -3.427131897e+02 -3.427131897e+02
4227 0 +1.527273829e-01 -3.427372726e+02 -3.427372726e+02
4238 0 +1.374276922e-01 -3.427525723e+02 -3.427525723e+02
5021 0 +1.185274192e-01 -3.427714726e+02 -3.427714726e+02
5065 0 +1.115933777e-01 -3.427784066e+02 -3.427784066e+02
5430 0 +9.901789020e-02 -3.427909821e+02 -3.427909821e+02
6236 0 +8.844467964e-02 -3.428015553e+02 -3.428015553e+02
6269 0 +7.386036083e-02 -3.428161396e+02 -3.428161396e+02
6280 0 +6.473863254e-02 -3.428252614e+02 -3.428252614e+02
6379 0 +6.241935457e-02 -3.428275806e+02 -3.428275806e+02
6445 0 +5.539866702e-02 -3.428346013e+02 -3.428346013e+02
6522 0 +4.956884239e-02 -3.428404312e+02 -3.428404312e+02
7966 0 +4.275623345e-02 -3.428472438e+02 -3.428472438e+02
8893 0 +3.867100476e-02 -3.428513290e+02 -3.428513290e+02
8926 0 +3.467686488e-02 -3.428553231e+02 -3.428553231e+02
9025 0 +3.118933633e-02 -3.428588107e+02 -3.428588107e+02
9036 0 +2.807418219e-02 -3.428619258e+02 -3.428619258e+02
9500 0 +2.473127054e-02 -3.428652687e+02 -3.428652687e+02
9533 0 +2.189377085e-02 -3.428681062e+02 -3.428681062e+02
9676 0 +1.993938864e-02 -3.428700606e+02 -3.428700606e+02
10019 0 +1.749276021e-02 -3.428725072e+02 -3.428725072e+02
10107 0 +1.575690850e-02 -3.428742431e+02 -3.428742431e+02
11243 0 +1.333915655e-02 -3.428766608e+02 -3.428766608e+02
11309 0 +1.258125668e-02 -3.428774187e+02 -3.428774187e+02
13334 0 +1.071986894e-02 -3.428792801e+02 -3.428792801e+02
13471 0 +9.074137582e-03 -3.428809259e+02 -3.428809259e+02
13548 0 +8.789527739e-03 -3.428812105e+02 -3.428812105e+02
14959 0 +7.708386836e-03 -3.428822916e+02 -3.428822916e+02
14981 0 +6.838062825e-03 -3.428831619e+02 -3.428831619e+02
15135 0 +6.264612601e-03 -3.428837354e+02 -3.428837354e+02
16348 0 +5.524083663e-03 -3.428844759e+02 -3.428844759e+02
17682 0 +4.974856224e-03 -3.428850251e+02 -3.428850251e+02
17957 0 +4.463695904e-03 -3.428855363e+02 -3.428855363e+02
100009 0 +4.122455466e-03 -3.428858775e+02 -3.428858775e+02
% f evaluations | g evaluations | best noise-free fitness - Fopt (9.102000000000e+01) + sum g_i+ | measured fitness | best measured fitness or single-digit g-values | x1 | x2...
1 0 +1.522126509e+01 +1.062412651e+02 +1.062412651e+02
3 0 +7.564922576e+00 +9.858492258e+01 +9.858492258e+01
6 0 +6.989185383e+00 +9.800918538e+01 +9.800918538e+01
11 0 +5.616487269e+00 +9.663648727e+01 +9.663648727e+01
12 0 +4.915397235e+00 +9.593539723e+01 +9.593539723e+01
43 0 +4.385056064e+00 +9.540505606e+01 +9.540505606e+01
78 0 +3.478337665e+00 +9.449833766e+01 +9.449833766e+01
101 0 +2.716832199e+00 +9.373683220e+01 +9.373683220e+01
123 0 +1.835524508e+00 +9.285552451e+01 +9.285552451e+01
178 0 +1.745789198e+00 +9.276578920e+01 +9.276578920e+01
189 0 +1.440275225e+00 +9.246027522e+01 +9.246027522e+01
211 0 +1.370930191e+00 +9.239093019e+01 +9.239093019e+01
255 0 +1.218149399e+00 +9.223814940e+01 +9.223814940e+01
2062 0 +9.642500925e-01 +9.198425009e+01 +9.198425009e+01
2164 0 +8.762191736e-01 +9.189621917e+01 +9.189621917e+01
2175 0 +7.756195567e-01 +9.179561956e+01 +9.179561956e+01
2219 0 +6.937035338e-01 +9.171370353e+01 +9.171370353e+01
2285 0 +6.196631732e-01 +9.163966317e+01 +9.163966317e+01
2329 0 +5.617301072e-01 +9.158173011e+01 +9.158173011e+01
2650 0 +4.385340327e-01 +9.145853403e+01 +9.145853403e+01
2661 0 +3.761715177e-01 +9.139617152e+01 +9.139617152e+01
2694 0 +3.294596371e-01 +9.134945964e+01 +9.134945964e+01
2749 0 +3.094636745e-01 +9.132946367e+01 +9.132946367e+01
2771 0 +2.770999321e-01 +9.129709993e+01 +9.129709993e+01
3731 0 +2.299884098e-01 +9.124998841e+01 +9.124998841e+01
3753 0 +2.179426189e-01 +9.123794262e+01 +9.123794262e+01
3830 0 +1.975152205e-01 +9.121751522e+01 +9.121751522e+01
6574 0 +1.528292497e-01 +9.117282925e+01 +9.117282925e+01
6598 0 +1.347287254e-01 +9.115472873e+01 +9.115472873e+01
6728 0 +1.248701452e-01 +9.114487015e+01 +9.114487015e+01
6794 0 +1.120160807e-01 +9.113201608e+01 +9.113201608e+01
6838 0 +9.455793774e-02 +9.111455794e+01 +9.111455794e+01
6849 0 +8.322787684e-02 +9.110322788e+01 +9.110322788e+01
6871 0 +7.782469242e-02 +9.109782469e+01 +9.109782469e+01
7462 0 +6.523514478e-02 +9.108523514e+01 +9.108523514e+01
7473 0 +5.784172581e-02 +9.107784173e+01 +9.107784173e+01
7479 0 +5.539174390e-02 +9.107539174e+01 +9.107539174e+01
7523 0 +3.840891538e-02 +9.105840892e+01 +9.105840892e+01
7534 0 +3.170994191e-02 +9.105170994e+01 +9.105170994e+01
7545 0 +2.393415108e-02 +9.104393415e+01 +9.104393415e+01
7556 0 +2.033579251e-02 +9.104033579e+01 +9.104033579e+01
7567 0 +1.898099287e-02 +9.103898099e+01 +9.103898099e+01
7655 0 +1.744164668e-02 +9.103744165e+01 +9.103744165e+01
7710 0 +1.544171086e-02 +9.103544171e+01 +9.103544171e+01
9685 0 +1.365553766e-02 +9.103365554e+01 +9.103365554e+01
10535 0 +1.224627426e-02 +9.103224627e+01 +9.103224627e+01
10557 0 +1.069009718e-02 +9.103069010e+01 +9.103069010e+01
10568 0 +9.773641355e-03 +9.102977364e+01 +9.102977364e+01
10667 0 +8.483476980e-03 +9.102848348e+01 +9.102848348e+01
10711 0 +7.825263604e-03 +9.102782526e+01 +9.102782526e+01
13717 0 +6.031246631e-03 +9.102603125e+01 +9.102603125e+01
13739 0 +5.460709320e-03 +9.102546071e+01 +9.102546071e+01
13750 0 +4.751298657e-03 +9.102475130e+01 +9.102475130e+01
13783 0 +4.313289706e-03 +9.102431329e+01 +9.102431329e+01
13915 0 +3.950072545e-03 +9.102395007e+01 +9.102395007e+01
13970 0 +3.499260118e-03 +9.102349926e+01 +9.102349926e+01
16494 0 +3.019262338e-03 +9.102301926e+01 +9.102301926e+01
16527 0 +2.809416414e-03 +9.102280942e+01 +9.102280942e+01
16637 0 +2.465359873e-03 +9.102246536e+01 +9.102246536e+01
18722 0 +2.160266258e-03 +9.102216027e+01 +9.102216027e+01
18777 0 +1.981317319e-03 +9.102198132e+01 +9.102198132e+01
19803 0 +1.769975253e-03 +9.102176998e+01 +9.102176998e+01
19902 0 +1.574295167e-03 +9.102157430e+01 +9.102157430e+01
20653 0 +1.309022242e-03 +9.102130902e+01 +9.102130902e+01
20686 0 +1.212842830e-03 +9.102121284e+01 +9.102121284e+01
20752 0 +1.118982060e-03 +9.102111898e+01 +9.102111898e+01
21888 0 +9.692145572e-04 +9.102096921e+01 +9.102096921e+01
23829 0 +8.774710332e-04 +9.102087747e+01 +9.102087747e+01
24126 0 +7.900656912e-04 +9.102079007e+01 +9.102079007e+01
100312 0 +7.839574684e-04 +9.102078396e+01 +9.102078396e+01
% f evaluations | g evaluations | best noise-free fitness - Fopt (7.324200000000e+02) + sum g_i+ | measured fitness | best measured fitness or single-digit g-values | x1 | x2...
1 0 +1.239160366e+01 +7.448116037e+02 +7.448116037e+02
3 0 +7.710073000e+00 +7.401300730e+02 +7.401300730e+02
82 0 +6.555049997e+00 +7.389750500e+02 +7.389750500e+02
85 0 +6.103338470e+00 +7.385233385e+02 +7.385233385e+02
96 0 +5.521458087e+00 +7.379414581e+02 +7.379414581e+02
101 0 +4.081990339e+00 +7.365019903e+02 +7.365019903e+02
123 0 +3.520518237e+00 +7.359405182e+02 +7.359405182e+02
200 0 +3.138301309e+00 +7.355583013e+02 +7.355583013e+02
255 0 +2.797026183e+00 +7.352170262e+02 +7.352170262e+02
310 0 +2.460411912e+00 +7.348804119e+02 +7.348804119e+02
1335 0 +2.123321820e+00 +7.345433218e+02 +7.345433218e+02
1379 0 +1.818054411e+00 +7.342380544e+02 +7.342380544e+02
1390 0 +1.614717829e+00 +7.340347178e+02 +7.340347178e+02
1401 0 +1.477359616e+00 +7.338973596e+02 +7.338973596e+02
1412 0 +1.363034325e+00 +7.337830343e+02 +7.337830343e+02
1467 0 +1.253887986e+00 +7.336738880e+02 +7.336738880e+02
1522 0 +1.101084913e+00 +7.335210849e+02 +7.335210849e+02
1544 0 +9.971821622e-01 +7.334171822e+02 +7.334171822e+02
2901 0 +8.159049914e-01 +7.332359050e+02 +7.332359050e+02
2912 0 +6.357007871e-01 +7.330557008e+02 +7.330557008e+02
2934 0 +6.084760967e-01 +7.330284761e+02 +7.330284761e+02
2945 0 +5.606708666e-01 +7.329806709e+02 +7.329806709e+02
2956 0 +4.740602959e-01 +7.328940603e+02 +7.328940603e+02
2978 0 +4.169641079e-01 +7.328369641e+02 +7.328369641e+02
3044 0 +3.940790144e-01 +7.328140790e+02 +7.328140790e+02
4103 0 +3.391705434e-01 +7.327591705e+02 +7.327591705e+02
4136 0 +2.990441931e-01 +7.327190442e+02 +7.327190442e+02
4158 0 +2.659878279e-01 +7.326859878e+02 +7.326859878e+02
4235 0 +2.492673459e-01 +7.326692673e+02 +7.326692673e+02
6640 0 +2.123298904e-01 +7.326323299e+02 +7.326323299e+02
6662 0 +1.952574454e-01 +7.326152574e+02 +7.326152574e+02
6728 0 +1.772302338e-01 +7.325972302e+02 +7.325972302e+02
7357 0 +1.579229687e-01 +7.325779230e+02 +7.325779230e+02
8042 0 +1.327270179e-01 +7.325527270e+02 +7.325527270e+02
8056 0 +1.210881626e-01 +7.325410882e+02 +7.325410882e+02
8141 0 +1.108653244e-01 +7.325308653e+02 +7.325308653e+02
8163 0 +9.094692188e-02 +7.325109469e+02 +7.325109469e+02
8185 0 +8.893619902e-02 +7.325089362e+02 +7.325089362e+02
8295 0 +7.785189102e-02 +7.324978519e+02 +7.324978519e+02
9244 0 +6.763997214e-02 +7.324876400e+02 +7.324876400e+02
9266 0 +5.791491446e-02 +7.324779149e+02 +7.324779149e+02
9288 0 +5.589958556e-02 +7.324758996e+02 +7.324758996e+02
10622 0 +4.933298535e-02 +7.324693330e+02 +7.324693330e+02
11471 0 +4.238492441e-02 +7.324623849e+02 +7.324623849e+02
11482 0 +3.936985029e-02 +7.324593699e+02 +7.324593699e+02
11526 0 +3.507786382e-02 +7.324550779e+02 +7.324550779e+02
12695 0 +3.118552954e-02 +7.324511855e+02 +7.324511855e+02
12871 0 +2.807337067e-02 +7.324480734e+02 +7.324480734e+02
18971 0 +2.504675644e-02 +7.324450468e+02 +7.324450468e+02
100006 0 +2.313748963e-02 +7.324431375e+02 +7.324431375e+02
% f evaluations | g evaluations | best noise-free fitness - Fopt (3.542000000000e+01) + sum g_i+ | measured fitness | best measured fitness or single-digit g-values | x1 | x2...
1 0 +3.365626820e+01 +6.907626820e+01 +6.907626820e+01
6 0 +2.334214607e+01 +5.876214607e+01 +5.876214607e+01
14 0 +1.868410982e+01 +5.410410982e+01 +5.410410982e+01
18 0 +1.598369248e+01 +5.140369248e+01 +5.140369248e+01
19 0 +1.494200695e+01 +5.036200695e+01 +5.036200695e+01
22 0 +7.682595790e+00 +4.310259579e+01 +4.310259579e+01
91 0 +6.584584138e+00 +4.200458414e+01 +4.200458414e+01
95 0 +5.904916702e+00 +4.132491670e+01 +4.132491670e+01
123 0 +4.496530871e+00 +3.991653087e+01 +3.991653087e+01
156 0 +4.416843170e+00 +3.983684317e+01 +3.983684317e+01
189 0 +3.770789705e+00 +3.919078971e+01 +3.919078971e+01
797 0 +3.512318590e+00 +3.893231859e+01 +3.893231859e+01
823 0 +3.123307410e+00 +3.854330741e+01 +3.854330741e+01
840 0 +2.784125776e+00 +3.820412578e+01 +3.820412578e+01
862 0 +1.708351264e+00 +3.712835126e+01 +3.712835126e+01
873 0 +1.482344469e+00 +3.690234447e+01 +3.690234447e+01
895 0 +1.289619481e+00 +3.670961948e+01 +3.670961948e+01
939 0 +1.254808390e+00 +3.667480839e+01 +3.667480839e+01
983 0 +1.090784402e+00 +3.651078440e+01 +3.651078440e+01
1071 0 +9.999403814e-01 +3.641994038e+01 +3.641994038e+01
2298 0 +8.496286795e-01 +3.626962868e+01 +3.626962868e+01
2342 0 +7.868081739e-01 +3.620680817e+01 +3.620680817e+01
2375 0 +6.071498638e-01 +3.602714986e+01 +3.602714986e+01
3506 0 +5.521407849e-01 +3.597214078e+01 +3.597214078e+01
3543 0 +4.926181668e-01 +3.591261817e+01 +3.591261817e+01
3609 0 +4.196382530e-01 +3.583963825e+01 +3.583963825e+01
3664 0 +3.945801911e-01 +3.581458019e+01 +3.581458019e+01
3719 0 +3.545204799e-01 +3.577452048e+01 +3.577452048e+01
4679 0 +2.861978820e-01 +3.570619788e+01 +3.570619788e+01
4701 0 +2.795078517e-01 +3.569950785e+01 +3.569950785e+01
4734 0 +2.496228263e-01 +3.566962283e+01 +3.566962283e+01
4789 0 +2.162139562e-01 +3.563621396e+01 +3.563621396e+01
4833 0 +1.964098633e-01 +3.561640986e+01 +3.561640986e+01
5090 0 +1.761356498e-01 +3.559613565e+01 +3.559613565e+01
5154 0 +1.435695914e-01 +3.556356959e+01 +3.556356959e+01
5176 0 +1.406100900e-01 +3.556061009e+01 +3.556061009e+01
5198 0 +1.153776124e-01 +3.553537761e+01 +3.553537761e+01
5220 0 +1.087730943e-01 +3.552877309e+01 +3.552877309e+01
5231 0 +9.944902595e-02 +3.551944903e+01 +3.551944903e+01
5341 0 +8.641842124e-02 +3.550641842e+01 +3.550641842e+01
5396 0 +7.819009651e-02 +3.549819010e+01 +3.549819010e+01
7206 0 +6.934465188e-02 +3.548934465e+01 +3.548934465e+01
7283 0 +6.294915331e-02 +3.548294915e+01 +3.548294915e+01
7327 0 +5.531663066e-02 +3.547531663e+01 +3.547531663e+01
10870 0 +4.953920827e-02 +3.546953921e+01 +3.546953921e+01
11852 0 +4.390812460e-02 +3.546390812e+01 +3.546390812e+01
14036 0 +3.980212402e-02 +3.545980212e+01 +3.545980212e+01
100009 0 +3.698042820e-02 +3.545698043e+01 +3.545698043e+01
