% f evaluations | g evaluations | best noise-free fitness - Fopt (-4.620900000000e+02) + sum g_i+ | measured fitness | best measured fitness or single-digit g-values | x1 | x2...
1 0 +2.556880682e+02 -2.064019318e+02 -2.064019318e+02
8 0 +2.096904648e+02 -2.523995352e+02 -2.523995352e+02
15 0 +1.943062954e+02 -2.677837046e+02 -2.677837046e+02
16 0 +1.765723034e+02 -2.855176966e+02 -2.855176966e+02
22 0 +1.519581916e+02 -3.101318084e+02 -3.101318084e+02
38 0 +1.234473921e+02 -3.386426079e+02 -3.386426079e+02
152 0 +1.036394531e+02 -3.584505469e+02 -3.584505469e+02
234 0 +9.716101897e+01 -3.649289810e+02 -3.649289810e+02
245 0 +8.659700774e+01 -3.754929923e+02 -3.754929923e+02
289 0 +7.529775610e+01 -3.867922439e+02 -3.867922439e+02
355 0 +6.979124808e+01 -3.922987519e+02 -3.922987519e+02
388 0 +5.759057406e+01 -4.044994259e+02 -4.044994259e+02
399 0 +5.500490340e+01 -4.070850966e+02 -4.070850966e+02
1018 0 +4.771568270e+01 -4.143743173e+02 -4.143743173e+02
1051 0 +4.397894003e+01 -4.181110600e+02 -4.181110600e+02
1117 0 +3.347476425e+01 -4.286152358e+02 -4.286152358e+02
1139 0 +3.011543666e+01 -4.319745633e+02 -4.319745633e+02
1150 0 +2.606096463e+01 -4.360290354e+02 -4.360290354e+02
1161 0 +2.455327213e+01 -4.375367279e+02 -4.375367279e+02
1249 0 +2.237977180e+01 -4.397102282e+02 -4.397102282e+02
100003 0 +2.188905891e+01 -4.402009411e+02 -4.402009411e+02
% f evaluations | g evaluations | best noise-free fitness - Fopt (7.766000000000e+01) + sum g_i+ | measured fitness | best measured fitness or single-digit g-values | x1 | x2...
1 0 +2.440883441e+02 +3.217483441e+02 +3.217483441e+02
4 0 +1.942677850e+02 +2.719277850e+02 +2.719277850e+02
36 0 +1.596045175e+02 +2.372645175e+02 +2.372645175e+02
85 0 +1.567838408e+02 +2.344438408e+02 +2.344438408e+02
96 0 +1.358140173e+02 +2.134740173e+02 +2.134740173e+02
189 0 +9.323503040e+01 +1.708950304e+02 +1.708950304e+02
278 0 +8.217883810e+01 +1.598388381e+02 +1.598388381e+02
300 0 +7.347404602e+01 +1.511340460e+02 +1.511340460e+02
377 0 +6.708553807e+01 +1.447455381e+02 +1.447455381e+02
388 0 +6.037815139e+01 +1.380381514e+02 +1.380381514e+02
432 0 +5.155679933e+01 +1.292167993e+02 +1.292167993e+02
443 0 +4.587899272e+01 +1.235389927e+02 +1.235389927e+02
1095 0 +4.465842132e+01 +1.223184213e+02 +1.223184213e+02
1161 0 +3.971032054e+01 +1.173703205e+02 +1.173703205e+02
1890 0 +3.518201468e+01 +1.128420147e+02 +1.128420147e+02
4273 0 +3.037576652e+01 +1.080357665e+02 +1.080357665e+02
4405 0 +2.793879568e+01 +1.055987957e+02 +1.055987957e+02
100047 0 +2.785872221e+01 +1.055187222e+02 +1.055187222e+02
% f evaluations | g evaluations | best noise-free fitness - Fopt (1.156800000000e+02) + sum g_i+ | measured fitness | best measured fitness or single-digit g-values | x1 | x2...
1 0 +4.765049687e+02 +5.921849687e+02 +5.921849687e+02
2 0 +4.461193732e+02 +5.617993732e+02 +5.617993732e+02
8 0 +3.529676487e+02 +4.686476487e+02 +4.686476487e+02
12 0 +3.022503638e+02 +4.179303638e+02 +4.179303638e+02
31 0 +2.506382071e+02 +3.663182071e+02 +3.663182071e+02
58 0 +2.211038247e+02 +3.367838247e+02 +3.367838247e+02
68 0 +1.796570254e+02 +2.953370254e+02 +2.953370254e+02
83 0 +1.720537256e+02 +2.877337256e+02 +2.877337256e+02
92 0 +1.572302807e+02 +2.729102807e+02 +2.729102807e+02
148 0 +1.377434315e+02 +2.534234315e+02 +2.534234315e+02
278 0 +1.252198925e+02 +2.408998925e+02 +2.408998925e+02
355 0 +1.063180140e+02 +2.219980140e+02 +2.219980140e+02
388 0 +9.893844799e+01 +2.146184480e+02 +2.146184480e+02
454 0 +8.901474425e+01 +2.046947443e+02 +2.046947443e+02
487 0 +7.658815847e+01 +1.922681585e+02 +1.922681585e+02
520 0 +6.677741639e+01 +1.824574164e+02 +1.824574164e+02
531 0 +5.683975501e+01 +1.725197550e+02 +1.725197550e+02
553 0 +5.310561283e+01 +1.687856128e+02 +1.687856128e+02
1305 0 +4.297246019e+01 +1.586524602e+02 +1.586524602e+02
1327 0 +3.933521549e+01 +1.550152155e+02 +1.550152155e+02
1371 0 +3.432665418e+01 +1.500066542e+02 +1.500066542e+02
1382 0 +2.712682207e+01 +1.428068221e+02 +1.428068221e+02
1437 0 +2.484074741e+01 +1.405207474e+02 +1.405207474e+02
1459 0 +1.929231492e+01 +1.349723149e+02 +1.349723149e+02
1470 0 +1.647661217e+01 +1.321566122e+02 +1.321566122e+02
1503 0 +1.561295066e+01 +1.312929507e+02 +1.312929507e+02
2166 0 +1.397968152e+01 +1.296596815e+02 +1.296596815e+02
100388 0 +1.392941672e+01 +1.296094167e+02 +1.296094167e+02
% f evaluations | g evaluations | best noise-free fitness - Fopt (-3.710000000000e+00) + sum g_i+ | measured fitness | best measured fitness or single-digit g-values | x1 | x2...
1 0 +2.505468647e+02 +2.468368647e+02 +2.468368647e+02
22 0 +2.200340958e+02 +2.163240958e+02 +2.163240958e+02
31 0 +1.652966026e+02 +1.615866026e+02 +1.615866026e+02
40 0 +1.322145938e+02 +1.285045938e+02 +1.285045938e+02
85 0 +1.082706252e+02 +1.045606252e+02 +1.045606252e+02
189 0 +9.979238748e+01 +9.608238748e+01 +9.608238748e+01
234 0 +8.430466363e+01 +8.059466363e+01 +8.059466363e+01
245 0 +7.520991786e+01 +7.149991786e+01 +7.149991786e+01
256 0 +6.335873910e+01 +5.964873910e+01 +5.964873910e+01
278 0 +6.218824561e+01 +5.847824561e+01 +5.847824561e+01
322 0 +5.513096886e+01 +5.142096886e+01 +5.142096886e+01
333 0 +4.961824281e+01 +4.590824281e+01 +4.590824281e+01
399 0 +4.356362480e+01 +3.985362480e+01 +3.985362480e+01
410 0 +3.880726524e+01 +3.509726524e+01 +3.509726524e+01
465 0 +3.448440376e+01 +3.077440376e+01 +3.077440376e+01
476 0 +3.023797493e+01 +2.652797493e+01 +2.652797493e+01
509 0 +2.788203614e+01 +2.417203614e+01 +2.417203614e+01
100054 0 +2.586889010e+01 +2.215889010e+01 +2.215889010e+01
% f evaluations | g evaluations | best noise-free fitness - Fopt (1.321800000000e+02) + sum g_i+ | measured fitness | best measured fitness or single-digit g-values | x1 | x2...
1 0 +2.607326168e+02 +3.929126168e+02 +3.929126168e+02
2 0 +2.295257396e+02 +3.617057396e+02 +3.617057396e+02
5 0 +2.146916367e+02 +3.468716367e+02 +3.468716367e+02
13 0 +1.740016920e+02 +3.061816920e+02 +3.061816920e+02
58 0 +1.433301117e+02 +2.755101117e+02 +2.755101117e+02
81 0 +1.340938508e+02 +2.662738508e+02 +2.662738508e+02
87 0 +1.130852670e+02 +2.452652670e+02 +2.452652670e+02
89 0 +9.240937380e+01 +2.245893738e+02 +2.245893738e+02
267 0 +8.663192681e+01 +2.188119268e+02 +2.188119268e+02
300 0 +7.891426003e+01 +2.110942600e+02 +2.110942600e+02
366 0 +6.514512398e+01 +1.973251240e+02 +1.973251240e+02
410 0 +5.928695070e+01 +1.914669507e+02 +1.914669507e+02
421 0 +5.346233356e+01 +1.856423336e+02 +1.856423336e+02
941 0 +4.922996341e+01 +1.814099634e+02 +1.814099634e+02
1593 0 +4.341868142e+01 +1.755986814e+02 +1.755986814e+02
2377 0 +3.718413426e+01 +1.693641343e+02 +1.693641343e+02
2410 0 +3.526889073e+01 +1.674488907e+02 +1.674488907e+02
100008 0 +3.482344573e+01 +1.670034457e+02 +1.670034457e+02
% f evaluations | g evaluations | best noise-free fitness - Fopt (-3.930000000000e+01) + sum g_i+ | measured fitness | best measured fitness or single-digit g-values | x1 | x2...
1 0 +3.933062118e+02 +3.540062118e+02 +3.540062118e+02
2 0 +3.706527337e+02 +3.313527337e+02 +3.313527337e+02
4 0 +3.179435420e+02 +2.786435420e+02 +2.786435420e+02
14 0 +3.157634636e+02 +2.764634636e+02 +2.764634636e+02
22 0 +2.727014775e+02 +2.334014775e+02 +2.334014775e+02
29 0 +2.012623849e+02 +1.619623849e+02 +1.619623849e+02
47 0 +1.986103926e+02 +1.593103926e+02 +1.593103926e+02
93 0 +1.415155604e+02 +1.022155604e+02 +1.022155604e+02
123 0 +1.323020201e+02 +9.300202007e+01 +9.300202007e+01
138 0 +8.487837718e+01 +4.557837718e+01 +4.557837718e+01
201 0 +7.939788343e+01 +4.009788343e+01 +4.009788343e+01
223 0 +6.517645732e+01 +2.587645732e+01 +2.587645732e+01
245 0 +5.875439403e+01 +1.945439403e+01 +1.945439403e+01
289 0 +5.523766918e+01 +1.593766918e+01 +1.593766918e+01
454 0 +4.928705447e+01 +9.987054471e+00 +9.987054471e+00
509 0 +4.133091056e+01 +2.030910557e+00 +2.030910557e+00
520 0 +3.668360082e+01 -2.616399179e+00 -2.616399179e+00
531 0 +3.387762915e+01 -5.422370855e+00 -5.422370855e+00
542 0 +3.021801734e+01 -9.081982662e+00 -9.081982662e+00
1758 0 +2.659060605e+01 -1.270939395e+01 -1.270939395e+01
1857 0 +2.494055437e+01 -1.435944563e+01 -1.435944563e+01
3973 0 +2.222928597e+01 -1.707071403e+01 -1.707071403e+01
100004 0 +2.188905891e+01 -1.741094109e+01 -1.741094109e+01
% f evaluations | g evaluations | best noise-free fitness - Fopt (4.296000000000e+01) + sum g_i+ | measured fitness | best measured fitness or single-digit g-values | x1 | x2...
1 0 +2.273065839e+02 +2.702665839e+02 +2.702665839e+02
17 0 +2.100928703e+02 +2.530528703e+02 +2.530528703e+02
34 0 +1.730528561e+02 +2.160128561e+02 +2.160128561e+02
43 0 +1.453672270e+02 +1.883272270e+02 +1.883272270e+02
53 0 +1.379034343e+02 +1.808634343e+02 +1.808634343e+02
61 0 +1.153758420e+02 +1.583358420e+02 +1.583358420e+02
65 0 +8.784808784e+01 +1.308080878e+02 +1.308080878e+02
322 0 +7.931119589e+01 +1.222711959e+02 +1.222711959e+02
344 0 +6.933379281e+01 +1.122937928e+02 +1.122937928e+02
377 0 +5.597980673e+01 +9.893980673e+01 +9.893980673e+01
410 0 +4.690123227e+01 +8.986123227e+01 +8.986123227e+01
421 0 +4.311529805e+01 +8.607529805e+01 +8.607529805e+01
1272 0 +3.265892369e+01 +7.561892369e+01 +7.561892369e+01
1283 0 +3.027720027e+01 +7.323720027e+01 +7.323720027e+01
1316 0 +2.799076683e+01 +7.095076683e+01 +7.095076683e+01
2332 0 +2.311627969e+01 +6.607627969e+01 +6.607627969e+01
2365 0 +2.228599589e+01 +6.524599589e+01 +6.524599589e+01
2742 0 +1.724073356e+01 +6.020073356e+01 +6.020073356e+01
2775 0 +1.557662276e+01 +5.853662276e+01 +5.853662276e+01
2984 0 +1.408792983e+01 +5.704792983e+01 +5.704792983e+01
100030 0 +1.392941672e+01 +5.688941672e+01 +5.688941672e+01
% f evaluations | g evaluations | best noise-free fitness - Fopt (2.842200000000e+02) + sum g_i+ | measured fitness | best measured fitness or single-digit g-values | x1 | x2...
1 0 +3.618890152e+02 +6.461090152e+02 +6.461090152e+02
2 0 +3.229357629e+02 +6.071557629e+02 +6.071557629e+02
4 0 +2.232147424e+02 +5.074347424e+02 +5.074347424e+02
28 0 +1.939592555e+02 +4.781792555e+02 +4.781792555e+02
79 0 +1.514422195e+02 +4.356622195e+02 +4.356622195e+02
102 0 +1.405897081e+02 +4.248097081e+02 +4.248097081e+02
141 0 +1.254348411e+02 +4.096548411e+02 +4.096548411e+02
147 0 +1.023432968e+02 +3.865632968e+02 +3.865632968e+02
234 0 +9.920493297e+01 +3.834249330e+02 +3.834249330e+02
289 0 +8.759011857e+01 +3.718101186e+02 +3.718101186e+02
443 0 +7.924420677e+01 +3.634642068e+02 +3.634642068e+02
487 0 +7.005380152e+01 +3.542738015e+02 +3.542738015e+02
520 0 +5.983590215e+01 +3.440559022e+02 +3.440559022e+02
531 0 +5.518606060e+01 +3.394060606e+02 +3.394060606e+02
597 0 +4.924723857e+01 +3.334672386e+02 +3.334672386e+02
1315 0 +4.294120814e+01 +3.271612081e+02 +3.271612081e+02
1337 0 +3.703285499e+01 +3.212528550e+02 +3.212528550e+02
1370 0 +3.408759739e+01 +3.183075974e+02 +3.183075974e+02
1381 0 +3.136321657e+01 +3.155832166e+02 +3.155832166e+02
1392 0 +2.714112970e+01 +3.113611297e+02 +3.113611297e+02
1403 0 +1.881489328e+01 +3.030348933e+02 +3.030348933e+02
1447 0 +1.767955340e+01 +3.018995534e+02 +3.018995534e+02
2715 0 +1.511188461e+01 +2.993318846e+02 +2.993318846e+02
2737 0 +1.342686936e+01 +2.976468694e+02 +2.976468694e+02
2748 0 +1.220064873e+01 +2.964206487e+02 +2.964206487e+02
2759 0 +1.097783303e+01 +2.951978330e+02 +2.951978330e+02
2792 0 +9.967459184e+00 +2.941874592e+02 +2.941874592e+02
100006 0 +9.949585533e+00 +2.941695855e+02 +2.941695855e+02
% f evaluations | g evaluations | best noise-free fitness - Fopt (-3.217000000000e+01) + sum g_i+ | measured fitness | best measured fitness or single-digit g-values | x1 | x2...
1 0 +2.699864876e+02 +2.378164876e+02 +2.378164876e+02
4 0 +2.687044200e+02 +2.365344200e+02 +2.365344200e+02
6 0 +2.385146008e+02 +2.063446008e+02 +2.063446008e+02
8 0 +1.883470211e+02 +1.561770211e+02 +1.561770211e+02
30 0 +1.308457751e+02 +9.867577505e+01 +9.867577505e+01
31 0 +1.181456380e+02 +8.597563804e+01 +8.597563804e+01
98 0 +9.501067208e+01 +6.284067208e+01 +6.284067208e+01
132 0 +8.172766680e+01 +4.955766680e+01 +4.955766680e+01
267 0 +7.696445849e+01 +4.479445849e+01 +4.479445849e+01
278 0 +6.672542501e+01 +3.455542501e+01 +3.455542501e+01
289 0 +5.947079345e+01 +2.730079345e+01 +2.730079345e+01
311 0 +5.587180872e+01 +2.370180872e+01 +2.370180872e+01
377 0 +4.536877626e+01 +1.319877626e+01 +1.319877626e+01
454 0 +4.459969021e+01 +1.242969021e+01 +1.242969021e+01
476 0 +3.938952264e+01 +7.219522641e+00 +7.219522641e+00
509 0 +3.461044755e+01 +2.440447553e+00 +2.440447553e+00
531 0 +2.703882376e+01 -5.131176243e+00 -5.131176243e+00
542 0 +2.215436583e+01 -1.001563417e+01 -1.001563417e+01
553 0 +1.979287035e+01 -1.237712965e+01 -1.237712965e+01
597 0 +1.772739475e+01 -1.444260525e+01 -1.444260525e+01
100016 0 +1.591932980e+01 -1.625067020e+01 -1.625067020e+01
% f evaluations | g evaluations | best noise-free fitness - Fopt (-5.858000000000e+01) + sum g_i+ | measured fitness | best measured fitness or single-digit g-values | x1 | x2...
1 0 +4.118963602e+02 +3.533163602e+02 +3.533163602e+02
2 0 +4.069280215e+02 +3.483480215e+02 +3.483480215e+02
7 0 +3.781568802e+02 +3.195768802e+02 +3.195768802e+02
11 0 +3.502651560e+02 +2.916851560e+02 +2.916851560e+02
12 0 +2.962213049e+02 +2.376413049e+02 +2.376413049e+02
17 0 +2.590779837e+02 +2.004979837e+02 +2.004979837e+02
22 0 +2.191976363e+02 +1.606176363e+02 +1.606176363e+02
52 0 +1.923196409e+02 +1.337396409e+02 +1.337396409e+02
55 0 +1.262916173e+02 +6.771161733e+01 +6.771161733e+01
147 0 +1.247815166e+02 +6.620151656e+01 +6.620151656e+01
154 0 +1.058285348e+02 +4.724853477e+01 +4.724853477e+01
185 0 +9.566922676e+01 +3.708922676e+01 +3.708922676e+01
223 0 +8.224449124e+01 +2.366449124e+01 +2.366449124e+01
234 0 +7.376182383e+01 +1.518182383e+01 +1.518182383e+01
267 0 +7.012360817e+01 +1.154360817e+01 +1.154360817e+01
289 0 +4.829510559e+01 -1.028489441e+01 -1.028489441e+01
344 0 +4.358211881e+01 -1.499788119e+01 -1.499788119e+01
388 0 +3.937165840e+01 -1.920834160e+01 -1.920834160e+01
421 0 +3.349601984e+01 -2.508398016e+01 -2.508398016e+01
1382 0 +3.143130972e+01 -2.714869028e+01 -2.714869028e+01
100041 0 +2.885376223e+01 -2.972623777e+01 -2.972623777e+01
% f evaluations | g evaluations | best noise-free fitness - Fopt (-6.049200000000e+02) + sum g_i+ | measured fitness | best measured fitness or single-digit g-values | x1 | x2...
1 0 +3.519799320e+02 -2.529400680e+02 -2.529400680e+02
3 0 +2.171098109e+02 -3.878101891e+02 -3.878101891e+02
36 0 +1.760578641e+02 -4.288621359e+02 -4.288621359e+02
55 0 +1.359726331e+02 -4.689473669e+02 -4.689473669e+02
101 0 +1.119510523e+02 -4.929689477e+02 -4.929689477e+02
163 0 +7.965721531e+01 -5.252627847e+02 -5.252627847e+02
443 0 +7.875076708e+01 -5.261692329e+02 -5.261692329e+02
465 0 +6.472570405e+01 -5.401942959e+02 -5.401942959e+02
509 0 +6.213886725e+01 -5.427811328e+02 -5.427811328e+02
575 0 +5.239560970e+01 -5.525243903e+02 -5.525243903e+02
586 0 +4.668702926e+01 -5.582329707e+02 -5.582329707e+02
608 0 +4.242447788e+01 -5.624955221e+02 -5.624955221e+02
696 0 +3.981044617e+01 -5.651095538e+02 -5.651095538e+02
1249 0 +3.181266851e+01 -5.731073315e+02 -5.731073315e+02
1260 0 +3.072229421e+01 -5.741977058e+02 -5.741977058e+02
1923 0 +2.808416884e+01 -5.768358312e+02 -5.768358312e+02
1945 0 +2.030260326e+01 -5.846173967e+02 -5.846173967e+02
1967 0 +1.649279872e+01 -5.884272013e+02 -5.884272013e+02
2443 0 +1.309777068e+01 -5.918222293e+02 -5.918222293e+02
2465 0 +1.114957216e+01 -5.937704278e+02 -5.937704278e+02
2718 0 +9.987941805e+00 -5.949320582e+02 -5.949320582e+02
100285 0 +8.954626476e+00 -5.959653735e+02 -5.959653735e+02
% f evaluations | g evaluations | best noise-free fitness - Fopt (1.337000000000e+02) + sum g_i+ | measured fitness | best measured fitness or single-digit g-values | x1 | x2...
1 0 +2.204571112e+02 +3.541571112e+02 +3.541571112e+02
8 0 +2.140510053e+02 +3.477510053e+02 +3.477510053e+02
17 0 +1.754778201e+02 +3.091778201e+02 +3.091778201e+02
25 0 +1.517860867e+02 +2.854860867e+02 +2.854860867e+02
31 0 +1.241238382e+02 +2.578238382e+02 +2.578238382e+02
63 0 +9.421068173e+01 +2.279106817e+02 +2.279106817e+02
223 0 +5.615322755e+01 +1.898532276e+02 +1.898532276e+02
245 0 +4.538780085e+01 +1.790878009e+02 +1.790878009e+02
267 0 +4.146092497e+01 +1.751609250e+02 +1.751609250e+02
289 0 +3.924501665e+01 +1.729450167e+02 +1.729450167e+02
322 0 +3.539243788e+01 +1.690924379e+02 +1.690924379e+02
432 0 +3.128200633e+01 +1.649820063e+02 +1.649820063e+02
1337 0 +2.812789695e+01 +1.618278970e+02 +1.618278970e+02
1359 0 +2.363567324e+01 +1.573356732e+02 +1.573356732e+02
1370 0 +2.072420301e+01 +1.544242030e+02 +1.544242030e+02
1381 0 +1.993181310e+01 +1.536318131e+02 +1.536318131e+02
100102 0 +1.890420697e+01 +1.526042070e+02 +1.526042070e+02
% f evaluations | g evaluations | best noise-free fitness - Fopt (-2.098000000000e+01) + sum g_i+ | measured fitness | best measured fitness or single-digit g-values | x1 | x2...
1 0 +6.089121267e+02 +5.879321267e+02 +5.879321267e+02
2 0 +4.877464183e+02 +4.667664183e+02 +4.667664183e+02
8 0 +4.066137482e+02 +3.856337482e+02 +3.856337482e+02
15 0 +3.170239743e+02 +2.960439743e+02 +2.960439743e+02
27 0 +3.097453392e+02 +2.887653392e+02 +2.887653392e+02
29 0 +2.752404101e+02 +2.542604101e+02 +2.542604101e+02
41 0 +2.233174524e+02 +2.023374524e+02 +2.023374524e+02
65 0 +1.757246404e+02 +1.547446404e+02 +1.547446404e+02
81 0 +1.536941775e+02 +1.327141775e+02 +1.327141775e+02
84 0 +1.098440345e+02 +8.886403452e+01 +8.886403452e+01
190 0 +9.394774698e+01 +7.296774698e+01 +7.296774698e+01
267 0 +8.493909057e+01 +6.395909057e+01 +6.395909057e+01
311 0 +7.894761062e+01 +5.796761062e+01 +5.796761062e+01
322 0 +4.756327490e+01 +2.658327490e+01 +2.658327490e+01
344 0 +4.391793266e+01 +2.293793266e+01 +2.293793266e+01
366 0 +3.888868149e+01 +1.790868149e+01 +1.790868149e+01
476 0 +3.220836395e+01 +1.122836395e+01 +1.122836395e+01
498 0 +3.149397811e+01 +1.051397811e+01 +1.051397811e+01
586 0 +2.734193768e+01 +6.361937678e+00 +6.361937678e+00
2712 0 +2.217062993e+01 +1.190629932e+00 +1.190629932e+00
2745 0 +1.992471622e+01 -1.055283781e+00 -1.055283781e+00
3144 0 +1.768152721e+01 -3.298472792e+00 -3.298472792e+00
100196 0 +1.691427370e+01 -4.065726302e+00 -4.065726302e+00
% f evaluations | g evaluations | best noise-free fitness - Fopt (1.353300000000e+02) + sum g_i+ | measured fitness | best measured fitness or single-digit g-values | x1 | x2...
1 0 +4.252721901e+02 +5.606021901e+02 +5.606021901e+02
4 0 +3.068653261e+02 +4.421953261e+02 +4.421953261e+02
18 0 +2.201370671e+02 +3.554670671e+02 +3.554670671e+02
28 0 +1.491436892e+02 +2.844736892e+02 +2.844736892e+02
87 0 +1.318357075e+02 +2.671657075e+02 +2.671657075e+02
111 0 +1.230012061e+02 +2.583312061e+02 +2.583312061e+02
190 0 +1.013801827e+02 +2.367101827e+02 +2.367101827e+02
256 0 +9.756280169e+01 +2.328928017e+02 +2.328928017e+02
322 0 +7.581466487e+01 +2.111446649e+02 +2.111446649e+02
344 0 +7.027885877e+01 +2.056088588e+02 +2.056088588e+02
366 0 +6.173285821e+01 +1.970628582e+02 +1.970628582e+02
443 0 +5.605217494e+01 +1.913821749e+02 +1.913821749e+02
542 0 +4.605482157e+01 +1.813848216e+02 +1.813848216e+02
553 0 +4.337570061e+01 +1.787057006e+02 +1.787057006e+02
1348 0 +3.716275340e+01 +1.724927534e+02 +1.724927534e+02
1370 0 +3.371388699e+01 +1.690438870e+02 +1.690438870e+02
1414 0 +3.151384845e+01 +1.668438484e+02 +1.668438484e+02
1535 0 +2.808387223e+01 +1.634138722e+02 +1.634138722e+02
1557 0 +2.420806168e+01 +1.595380617e+02 +1.595380617e+02
1590 0 +2.211850873e+01 +1.574485087e+02 +1.574485087e+02
2473 0 +1.975978687e+01 +1.550897869e+02 +1.550897869e+02
100010 0 +1.890420193e+01 +1.542342019e+02 +1.542342019e+02
% f evaluations | g evaluations | best noise-free fitness - Fopt (4.066000000000e+01) + sum g_i+ | measured fitness | best measured fitness or single-digit g-values | x1 | x2...
1 0 +3.841039073e+02 +4.247639073e+02 +4.247639073e+02
2 0 +3.269150302e+02 +3.675750302e+02 +3.675750302e+02
7 0 +2.933267306e+02 +3.339867306e+02 +3.339867306e+02
9 0 +2.185426022e+02 +2.592026022e+02 +2.592026022e+02
12 0 +1.500818432e+02 +1.907418432e+02 +1.907418432e+02
55 0 +1.282773873e+02 +1.689373873e+02 +1.689373873e+02
136 0 +1.189476267e+02 +1.596076267e+02 +1.596076267e+02
143 0 +1.052854756e+02 +1.459454756e+02 +1.459454756e+02
149 0 +9.661560748e+01 +1.372756075e+02 +1.372756075e+02
256 0 +8.148871558e+01 +1.221487156e+02 +1.221487156e+02
278 0 +7.901560051e+01 +1.196756005e+02 +1.196756005e+02
333 0 +7.070342840e+01 +1.113634284e+02 +1.113634284e+02
355 0 +6.253903099e+01 +1.031990310e+02 +1.031990310e+02
377 0 +5.315099291e+01 +9.381099291e+01 +9.381099291e+01
388 0 +4.924654965e+01 +8.990654965e+01 +8.990654965e+01
421 0 +4.338694831e+01 +8.404694831e+01 +8.404694831e+01
487 0 +3.667100753e+01 +7.733100753e+01 +7.733100753e+01
531 0 +3.547663176e+01 +7.613663176e+01 +7.613663176e+01
2470 0 +3.159726408e+01 +7.225726408e+01 +7.225726408e+01
3177 0 +2.662962587e+01 +6.728962587e+01 +6.728962587e+01
3243 0 +2.508746393e+01 +6.574746393e+01 +6.574746393e+01
3320 0 +2.148902086e+01 +6.214902086e+01 +6.214902086e+01
100004 0 +2.089409985e+01 +6.155409985e+01 +6.155409985e+01
