% f evaluations | g evaluations | best noise-free fitness - Fopt (-1.694000000000e+01) + sum g_i+ | measured fitness | best measured fitness or single-digit g-values | x1 | x2...
1 0 +4.882419592e+01 +3.188419592e+01 +3.188419592e+01
2 0 +1.457016037e+01 -2.369839628e+00 -2.369839628e+00
11 0 +1.037780932e+01 -6.562190676e+00 -6.562190676e+00
26 0 +8.345301629e+00 -8.594698371e+00 -8.594698371e+00
30 0 +7.084300297e+00 -9.855699703e+00 -9.855699703e+00
38 0 +7.063683005e+00 -9.876316995e+00 -9.876316995e+00
43 0 +5.393156587e+00 -1.154684341e+01 -1.154684341e+01
65 0 +3.187967001e+00 -1.375203300e+01 -1.375203300e+01
109 0 +3.096468609e+00 -1.384353139e+01 -1.384353139e+01
195 0 +1.959709381e+00 -1.498029062e+01 -1.498029062e+01
239 0 +1.550907027e+00 -1.538909297e+01 -1.538909297e+01
259 0 +1.219697422e+00 -1.572030258e+01 -1.572030258e+01
284 0 +1.095472881e+00 -1.584452712e+01 -1.584452712e+01
341 0 +9.590093869e-01 -1.598099061e+01 -1.598099061e+01
376 0 +8.790035233e-01 -1.606099648e+01 -1.606099648e+01
398 0 +7.068948691e-01 -1.623310513e+01 -1.623310513e+01
424 0 +4.705698492e-01 -1.646943015e+01 -1.646943015e+01
527 0 +2.318692092e-01 -1.670813079e+01 -1.670813079e+01
583 0 +2.018970374e-01 -1.673810296e+01 -1.673810296e+01
611 0 +1.390719973e-01 -1.680092800e+01 -1.680092800e+01
633 0 +1.142967462e-01 -1.682570325e+01 -1.682570325e+01
725 0 +1.071639758e-01 -1.683283602e+01 -1.683283602e+01
733 0 +8.804929029e-02 -1.685195071e+01 -1.685195071e+01
803 0 +6.141289663e-02 -1.687858710e+01 -1.687858710e+01
903 0 +5.144856966e-02 -1.688855143e+01 -1.688855143e+01
925 0 +4.410232698e-02 -1.689589767e+01 -1.689589767e+01
1005 0 +3.714081606e-02 -1.690285918e+01 -1.690285918e+01
1088 0 +3.160536005e-02 -1.690839464e+01 -1.690839464e+01
1276 0 +2.759867854e-02 -1.691240132e+01 -1.691240132e+01
1373 0 +2.421924228e-02 -1.691578076e+01 -1.691578076e+01
1434 0 +2.212618328e-02 -1.691787382e+01 -1.691787382e+01
1897 0 +1.989002611e-02 -1.692010997e+01 -1.692010997e+01
100000 0 +1.836257080e-02 -1.692163743e+01 -1.692163743e+01
% f evaluations | g evaluations | best noise-free fitness - Fopt (1.881000000000e+01) + sum g_i+ | measured fitness | best measured fitness or single-digit g-values | x1 | x2...
1 0 +1.131935286e+01 +3.012935286e+01 +3.012935286e+01
2 0 +8.964731809e+00 +2.777473181e+01 +2.777473181e+01
6 0 +7.922103765e+00 +2.673210377e+01 +2.673210377e+01
13 0 +6.796036299e+00 +2.560603630e+01 +2.560603630e+01
15 0 +5.589517908e+00 +2.439951791e+01 +2.439951791e+01
31 0 +4.620090850e+00 +2.343009085e+01 +2.343009085e+01
65 0 +3.752120353e+00 +2.256212035e+01 +2.256212035e+01
124 0 +3.107294034e+00 +2.191729403e+01 +2.191729403e+01
175 0 +2.445221776e+00 +2.125522178e+01 +2.125522178e+01
191 0 +2.135733128e+00 +2.094573313e+01 +2.094573313e+01
237 0 +1.725526384e+00 +2.053552638e+01 +2.053552638e+01
268 0 +1.261843288e+00 +2.007184329e+01 +2.007184329e+01
280 0 +1.056225061e+00 +1.986622506e+01 +1.986622506e+01
393 0 +5.512716891e-01 +1.936127169e+01 +1.936127169e+01
478 0 +4.984022486e-01 +1.930840225e+01 +1.930840225e+01
545 0 +4.187869204e-01 +1.922878692e+01 +1.922878692e+01
566 0 +3.842532767e-01 +1.919425328e+01 +1.919425328e+01
571 0 +3.447806213e-01 +1.915478062e+01 +1.915478062e+01
600 0 +3.040907967e-01 +1.911409080e+01 +1.911409080e+01
654 0 +2.528478714e-01 +1.906284787e+01 +1.906284787e+01
657 0 +2.511183759e-01 +1.906111838e+01 +1.906111838e+01
698 0 +1.838202538e-01 +1.899382025e+01 +1.899382025e+01
751 0 +1.514280355e-01 +1.896142804e+01 +1.896142804e+01
794 0 +1.381929161e-01 +1.894819292e+01 +1.894819292e+01
803 0 +1.104170623e-01 +1.892041706e+01 +1.892041706e+01
825 0 +9.372519098e-02 +1.890372519e+01 +1.890372519e+01
839 0 +8.832898928e-02 +1.889832899e+01 +1.889832899e+01
876 0 +6.476536108e-02 +1.887476536e+01 +1.887476536e+01
925 0 +5.006637923e-02 +1.886006638e+01 +1.886006638e+01
974 0 +4.161879536e-02 +1.885161880e+01 +1.885161880e+01
1005 0 +3.431554426e-02 +1.884431554e+01 +1.884431554e+01
1171 0 +2.679994679e-02 +1.883679995e+01 +1.883679995e+01
1297 0 +2.387376108e-02 +1.883387376e+01 +1.883387376e+01
1410 0 +2.166672919e-02 +1.883166673e+01 +1.883166673e+01
1537 0 +1.890910771e-02 +1.882890911e+01 +1.882890911e+01
1624 0 +1.769452563e-02 +1.882769453e+01 +1.882769453e+01
14196 0 +1.584184291e-02 +1.882584184e+01 +1.882584184e+01
100000 0 +1.574505027e-02 +1.882574505e+01 +1.882574505e+01
% f evaluations | g evaluations | best noise-free fitness - Fopt (2.731500000000e+02) + sum g_i+ | measured fitness | best measured fitness or single-digit g-values | x1 | x2...
1 0 +4.412935929e+01 +3.172793593e+02 +3.172793593e+02
2 0 +1.979107390e+01 +2.929410739e+02 +2.929410739e+02
5 0 +1.381939287e+01 +2.869693929e+02 +2.869693929e+02
13 0 +9.044855899e+00 +2.821948559e+02 +2.821948559e+02
42 0 +8.550394319e+00 +2.817003943e+02 +2.817003943e+02
49 0 +7.774889929e+00 +2.809248899e+02 +2.809248899e+02
52 0 +5.244975274e+00 +2.783949753e+02 +2.783949753e+02
127 0 +4.832511845e+00 +2.779825118e+02 +2.779825118e+02
135 0 +3.845622504e+00 +2.769956225e+02 +2.769956225e+02
182 0 +3.299272986e+00 +2.764492730e+02 +2.764492730e+02
211 0 +2.156366059e+00 +2.753063661e+02 +2.753063661e+02
317 0 +1.735047051e+00 +2.748850471e+02 +2.748850471e+02
441 0 +1.281676609e+00 +2.744316766e+02 +2.744316766e+02
454 0 +1.092298598e+00 +2.742422986e+02 +2.742422986e+02
676 0 +9.630078898e-01 +2.741130079e+02 +2.741130079e+02
755 0 +8.471686334e-01 +2.739971686e+02 +2.739971686e+02
786 0 +6.949378406e-01 +2.738449378e+02 +2.738449378e+02
864 0 +6.167966562e-01 +2.737667967e+02 +2.737667967e+02
901 0 +5.442669529e-01 +2.736942670e+02 +2.736942670e+02
1030 0 +4.999208138e-01 +2.736499208e+02 +2.736499208e+02
1132 0 +4.446278128e-01 +2.735946278e+02 +2.735946278e+02
1173 0 +3.770363082e-01 +2.735270363e+02 +2.735270363e+02
1275 0 +3.515404346e-01 +2.735015404e+02 +2.735015404e+02
1348 0 +3.025775192e-01 +2.734525775e+02 +2.734525775e+02
1680 0 +2.792306309e-01 +2.734292306e+02 +2.734292306e+02
17317 0 +2.511843523e-01 +2.734011844e+02 +2.734011844e+02
100000 0 +2.481177437e-01 +2.733981177e+02 +2.733981177e+02
% f evaluations | g evaluations | best noise-free fitness - Fopt (3.718000000000e+01) + sum g_i+ | measured fitness | best measured fitness or single-digit g-values | x1 | x2...
1 0 +2.389591439e+01 +6.107591439e+01 +6.107591439e+01
2 0 +1.841762662e+01 +5.559762662e+01 +5.559762662e+01
3 0 +1.379052855e+01 +5.097052855e+01 +5.097052855e+01
39 0 +1.201442294e+01 +4.919442294e+01 +4.919442294e+01
60 0 +9.359622838e+00 +4.653962284e+01 +4.653962284e+01
75 0 +8.894431565e+00 +4.607443157e+01 +4.607443157e+01
88 0 +5.688446397e+00 +4.286844640e+01 +4.286844640e+01
166 0 +5.462771428e+00 +4.264277143e+01 +4.264277143e+01
168 0 +3.590135392e+00 +4.077013539e+01 +4.077013539e+01
175 0 +2.322276068e+00 +3.950227607e+01 +3.950227607e+01
261 0 +1.642817929e+00 +3.882281793e+01 +3.882281793e+01
295 0 +1.540248889e+00 +3.872024889e+01 +3.872024889e+01
310 0 +1.393358749e+00 +3.857335875e+01 +3.857335875e+01
321 0 +1.113399801e+00 +3.829339980e+01 +3.829339980e+01
369 0 +6.996479171e-01 +3.787964792e+01 +3.787964792e+01
453 0 +5.218563780e-01 +3.770185638e+01 +3.770185638e+01
469 0 +4.486613969e-01 +3.762866140e+01 +3.762866140e+01
531 0 +2.739003373e-01 +3.745390034e+01 +3.745390034e+01
596 0 +2.109224979e-01 +3.739092250e+01 +3.739092250e+01
620 0 +1.763856476e-01 +3.735638565e+01 +3.735638565e+01
700 0 +1.561763277e-01 +3.733617633e+01 +3.733617633e+01
707 0 +1.121131055e-01 +3.729211311e+01 +3.729211311e+01
818 0 +8.176978322e-02 +3.726176978e+01 +3.726176978e+01
822 0 +7.745200368e-02 +3.725745200e+01 +3.725745200e+01
834 0 +6.078569523e-02 +3.724078570e+01 +3.724078570e+01
839 0 +5.083671832e-02 +3.723083672e+01 +3.723083672e+01
847 0 +4.843910991e-02 +3.722843911e+01 +3.722843911e+01
860 0 +4.308881134e-02 +3.722308881e+01 +3.722308881e+01
907 0 +3.916788748e-02 +3.721916789e+01 +3.721916789e+01
930 0 +3.093205263e-02 +3.721093205e+01 +3.721093205e+01
967 0 +2.640836534e-02 +3.720640837e+01 +3.720640837e+01
1018 0 +2.425678307e-02 +3.720425678e+01 +3.720425678e+01
1060 0 +2.130722927e-02 +3.720130723e+01 +3.720130723e+01
1077 0 +1.783302066e-02 +3.719783302e+01 +3.719783302e+01
1111 0 +1.303256603e-02 +3.719303257e+01 +3.719303257e+01
1164 0 +1.215310885e-02 +3.719215311e+01 +3.719215311e+01
1165 0 +7.876502049e-03 +3.718787650e+01 +3.718787650e+01
1279 0 +6.476287355e-03 +3.718647629e+01 +3.718647629e+01
1285 0 +5.783334432e-03 +3.718578333e+01 +3.718578333e+01
1359 0 +5.599476734e-03 +3.718559948e+01 +3.718559948e+01
1387 0 +3.642764759e-03 +3.718364276e+01 +3.718364276e+01
1476 0 +2.498274613e-03 +3.718249827e+01 +3.718249827e+01
1680 0 +2.211586009e-03 +3.718221159e+01 +3.718221159e+01
1733 0 +1.877312532e-03 +3.718187731e+01 +3.718187731e+01
1792 0 +1.684121415e-03 +3.718168412e+01 +3.718168412e+01
1830 0 +1.385984434e-03 +3.718138598e+01 +3.718138598e+01
2080 0 +1.245768482e-03 +3.718124577e+01 +3.718124577e+01
2112 0 +1.107984686e-03 +3.718110798e+01 +3.718110798e+01
2281 0 +9.956699801e-04 +3.718099567e+01 +3.718099567e+01
2553 0 +8.598837282e-04 +3.718085988e+01 +3.718085988e+01
100000 0 +7.982593138e-04 +3.718079826e+01 +3.718079826e+01
% f evaluations | g evaluations | best noise-free fitness - Fopt (-1.479000000000e+02) + sum g_i+ | measured fitness | best measured fitness or single-digit g-values | x1 | x2...
1 0 +1.022785512e+01 -1.376721449e+02 -1.376721449e+02
3 0 +5.939603136e+00 -1.419603969e+02 -1.419603969e+02
22 0 +5.180472350e+00 -1.427195276e+02 -1.427195276e+02
26 0 +4.858631058e+00 -1.430413689e+02 -1.430413689e+02
33 0 +3.868282366e+00 -1.440317176e+02 -1.440317176e+02
48 0 +3.265284454e+00 -1.446347155e+02 -1.446347155e+02
90 0 +2.304786216e+00 -1.455952138e+02 -1.455952138e+02
185 0 +2.171579257e+00 -1.457284207e+02 -1.457284207e+02
276 0 +1.676452886e+00 -1.462235471e+02 -1.462235471e+02
323 0 +1.507356256e+00 -1.463926437e+02 -1.463926437e+02
356 0 +1.411388270e+00 -1.464886117e+02 -1.464886117e+02
417 0 +9.973938595e-01 -1.469026061e+02 -1.469026061e+02
529 0 +7.481763742e-01 -1.471518236e+02 -1.471518236e+02
539 0 +6.887279597e-01 -1.472112720e+02 -1.472112720e+02
634 0 +3.616704360e-01 -1.475383296e+02 -1.475383296e+02
745 0 +3.394212880e-01 -1.475605787e+02 -1.475605787e+02
774 0 +2.698787304e-01 -1.476301213e+02 -1.476301213e+02
798 0 +1.743287041e-01 -1.477256713e+02 -1.477256713e+02
925 0 +1.568429013e-01 -1.477431571e+02 -1.477431571e+02
944 0 +1.402435420e-01 -1.477597565e+02 -1.477597565e+02
988 0 +1.246944702e-01 -1.477753055e+02 -1.477753055e+02
1037 0 +1.108625517e-01 -1.477891374e+02 -1.477891374e+02
1062 0 +9.169151416e-02 -1.478083085e+02 -1.478083085e+02
1237 0 +8.812224079e-02 -1.478118778e+02 -1.478118778e+02
1298 0 +7.844815315e-02 -1.478215518e+02 -1.478215518e+02
1639 0 +7.055178905e-02 -1.478294482e+02 -1.478294482e+02
1889 0 +6.307457699e-02 -1.478369254e+02 -1.478369254e+02
2529 0 +5.622998686e-02 -1.478437700e+02 -1.478437700e+02
100000 0 +5.196432130e-02 -1.478480357e+02 -1.478480357e+02
% f evaluations | g evaluations | best noise-free fitness - Fopt (4.817100000000e+02) + sum g_i+ | measured fitness | best measured fitness or single-digit g-values | x1 | x2...
1 0 +1.238916101e+01 +4.940991610e+02 +4.940991610e+02
13 0 +7.205500803e+00 +4.889155008e+02 +4.889155008e+02
38 0 +6.541364315e+00 +4.882513643e+02 +4.882513643e+02
96 0 +6.290990011e+00 +4.880009900e+02 +4.880009900e+02
127 0 +3.131031333e+00 +4.848410313e+02 +4.848410313e+02
215 0 +2.455420719e+00 +4.841654207e+02 +4.841654207e+02
263 0 +2.132315842e+00 +4.838423158e+02 +4.838423158e+02
311 0 +1.483557404e+00 +4.831935574e+02 +4.831935574e+02
372 0 +8.786269896e-01 +4.825886270e+02 +4.825886270e+02
453 0 +7.608165949e-01 +4.824708166e+02 +4.824708166e+02
499 0 +6.559583882e-01 +4.823659584e+02 +4.823659584e+02
514 0 +4.720105416e-01 +4.821820105e+02 +4.821820105e+02
519 0 +2.630193943e-01 +4.819730194e+02 +4.819730194e+02
654 0 +2.496973189e-01 +4.819596973e+02 +4.819596973e+02
709 0 +1.958346417e-01 +4.819058346e+02 +4.819058346e+02
763 0 +1.602671205e-01 +4.818702671e+02 +4.818702671e+02
776 0 +1.584422214e-01 +4.818684422e+02 +4.818684422e+02
796 0 +1.310723471e-01 +4.818410723e+02 +4.818410723e+02
801 0 +1.019471089e-01 +4.818119471e+02 +4.818119471e+02
833 0 +9.001002979e-02 +4.818000100e+02 +4.818000100e+02
847 0 +5.983691581e-02 +4.817698369e+02 +4.817698369e+02
927 0 +5.284808819e-02 +4.817628481e+02 +4.817628481e+02
953 0 +2.694204596e-02 +4.817369420e+02 +4.817369420e+02
1083 0 +1.902214126e-02 +4.817290221e+02 +4.817290221e+02
1084 0 +1.718180926e-02 +4.817271818e+02 +4.817271818e+02
1192 0 +1.394663374e-02 +4.817239466e+02 +4.817239466e+02
1195 0 +1.249434587e-02 +4.817224943e+02 +4.817224943e+02
1310 0 +1.036968819e-02 +4.817203697e+02 +4.817203697e+02
1392 0 +9.233292109e-03 +4.817192333e+02 +4.817192333e+02
1393 0 +7.750748019e-03 +4.817177507e+02 +4.817177507e+02
1475 0 +6.351813342e-03 +4.817163518e+02 +4.817163518e+02
1487 0 +6.289813953e-03 +4.817162898e+02 +4.817162898e+02
1489 0 +4.187366653e-03 +4.817141874e+02 +4.817141874e+02
1544 0 +3.623060906e-03 +4.817136231e+02 +4.817136231e+02
1571 0 +3.090794253e-03 +4.817130908e+02 +4.817130908e+02
1594 0 +2.697611424e-03 +4.817126976e+02 +4.817126976e+02
1645 0 +2.399775059e-03 +4.817123998e+02 +4.817123998e+02
1694 0 +2.127556429e-03 +4.817121276e+02 +4.817121276e+02
1695 0 +1.748184745e-03 +4.817117482e+02 +4.817117482e+02
1770 0 +1.420311691e-03 +4.817114203e+02 +4.817114203e+02
1792 0 +1.405077750e-03 +4.817114051e+02 +4.817114051e+02
1824 0 +1.213352347e-03 +4.817112134e+02 +4.817112134e+02
1836 0 +1.105201206e-03 +4.817111052e+02 +4.817111052e+02
1961 0 +9.041928974e-04 +4.817109042e+02 +4.817109042e+02
1977 0 +7.649372686e-04 +4.817107649e+02 +4.817107649e+02
2054 0 +6.135668444e-04 +4.817106136e+02 +4.817106136e+02
2292 0 +5.567963485e-04 +4.817105568e+02 +4.817105568e+02
100000 0 +5.226441713e-04 +4.817105226e+02 +4.817105226e+02
% f evaluations | g evaluations | best noise-free fitness - Fopt (-3.646000000000e+01) + sum g_i+ | measured fitness | best measured fitness or single-digit g-values | x1 | x2...
1 0 +2.465382065e+01 -1.180617935e+01 -1.180617935e+01
4 0 +2.139465857e+01 -1.506534143e+01 -1.506534143e+01
21 0 +1.399044977e+01 -2.246955023e+01 -2.246955023e+01
40 0 +1.017832676e+01 -2.628167324e+01 -2.628167324e+01
42 0 +5.654228244e+00 -3.080577176e+01 -3.080577176e+01
54 0 +4.039654228e+00 -3.242034577e+01 -3.242034577e+01
125 0 +2.980417312e+00 -3.347958269e+01 -3.347958269e+01
197 0 +2.795231699e+00 -3.366476830e+01 -3.366476830e+01
198 0 +2.305154978e+00 -3.415484502e+01 -3.415484502e+01
210 0 +2.039311767e+00 -3.442068823e+01 -3.442068823e+01
218 0 +1.786905881e+00 -3.467309412e+01 -3.467309412e+01
221 0 +1.333687958e+00 -3.512631204e+01 -3.512631204e+01
232 0 +1.040754449e+00 -3.541924555e+01 -3.541924555e+01
295 0 +8.776178637e-01 -3.558238214e+01 -3.558238214e+01
342 0 +7.426187295e-01 -3.571738127e+01 -3.571738127e+01
351 0 +7.053614483e-01 -3.575463855e+01 -3.575463855e+01
378 0 +6.299907453e-01 -3.583000925e+01 -3.583000925e+01
454 0 +5.293270508e-01 -3.593067295e+01 -3.593067295e+01
465 0 +5.002427936e-01 -3.595975721e+01 -3.595975721e+01
492 0 +3.859434576e-01 -3.607405654e+01 -3.607405654e+01
525 0 +2.081830370e-01 -3.625181696e+01 -3.625181696e+01
630 0 +1.773201823e-01 -3.628267982e+01 -3.628267982e+01
663 0 +1.202629130e-01 -3.633973709e+01 -3.633973709e+01
713 0 +1.049661114e-01 -3.635503389e+01 -3.635503389e+01
771 0 +8.026759395e-02 -3.637973241e+01 -3.637973241e+01
781 0 +7.493359835e-02 -3.638506640e+01 -3.638506640e+01
811 0 +4.762606790e-02 -3.641237393e+01 -3.641237393e+01
813 0 +3.998702605e-02 -3.642001297e+01 -3.642001297e+01
925 0 +3.023061644e-02 -3.642976938e+01 -3.642976938e+01
989 0 +2.607964140e-02 -3.643392036e+01 -3.643392036e+01
1044 0 +2.286546930e-02 -3.643713453e+01 -3.643713453e+01
1062 0 +2.224625777e-02 -3.643775374e+01 -3.643775374e+01
1084 0 +1.530134054e-02 -3.644469866e+01 -3.644469866e+01
1111 0 +1.259947780e-02 -3.644740052e+01 -3.644740052e+01
1146 0 +1.145267613e-02 -3.644854732e+01 -3.644854732e+01
1168 0 +1.087983978e-02 -3.644912016e+01 -3.644912016e+01
1229 0 +9.256939296e-03 -3.645074306e+01 -3.645074306e+01
1232 0 +7.796883816e-03 -3.645220312e+01 -3.645220312e+01
1298 0 +6.776922516e-03 -3.645322308e+01 -3.645322308e+01
1315 0 +5.051075519e-03 -3.645494892e+01 -3.645494892e+01
1382 0 +4.777418670e-03 -3.645522258e+01 -3.645522258e+01
1414 0 +3.860811945e-03 -3.645613919e+01 -3.645613919e+01
1447 0 +3.330104322e-03 -3.645666990e+01 -3.645666990e+01
1469 0 +2.550304743e-03 -3.645744970e+01 -3.645744970e+01
1480 0 +2.257397027e-03 -3.645774260e+01 -3.645774260e+01
1713 0 +2.156482656e-03 -3.645784352e+01 -3.645784352e+01
1869 0 +1.802401211e-03 -3.645819760e+01 -3.645819760e+01
1881 0 +1.603036688e-03 -3.645839696e+01 -3.645839696e+01
1889 0 +1.525215468e-03 -3.645847478e+01 -3.645847478e+01
2013 0 +1.341135040e-03 -3.645865886e+01 -3.645865886e+01
2156 0 +1.196635231e-03 -3.645880336e+01 -3.645880336e+01
2189 0 +1.063818955e-03 -3.645893618e+01 -3.645893618e+01
2436 0 +9.938101033e-04 -3.645900619e+01 -3.645900619e+01
100000 0 +9.422309776e-04 -3.645905777e+01 -3.645905777e+01
% f evaluations | g evaluations | best noise-free fitness - Fopt (3.920000000000e+01) + sum g_i+ | measured fitness | best measured fitness or single-digit g-values | x1 | x2...
1 0 +1.568236830e+01 +5.488236830e+01 +5.488236830e+01
9 0 +1.457277528e+01 +5.377277528e+01 +5.377277528e+01
11 0 +9.394546312e+00 +4.859454631e+01 +4.859454631e+01
49 0 +8.859854072e+00 +4.805985407e+01 +4.805985407e+01
59 0 +6.646368305e+00 +4.584636831e+01 +4.584636831e+01
81 0 +5.914273006e+00 +4.511427301e+01 +4.511427301e+01
83 0 +4.801216459e+00 +4.400121646e+01 +4.400121646e+01
97 0 +2.865246103e+00 +4.206524610e+01 +4.206524610e+01
102 0 +2.663985790e+00 +4.186398579e+01 +4.186398579e+01
253 0 +2.353898349e+00 +4.155389835e+01 +4.155389835e+01
277 0 +1.876137308e+00 +4.107613731e+01 +4.107613731e+01
326 0 +1.616688407e+00 +4.081668841e+01 +4.081668841e+01
349 0 +1.486764995e+00 +4.068676500e+01 +4.068676500e+01
361 0 +1.232465918e+00 +4.043246592e+01 +4.043246592e+01
437 0 +7.828756047e-01 +3.998287560e+01 +3.998287560e+01
504 0 +5.334793689e-01 +3.973347937e+01 +3.973347937e+01
563 0 +4.818796409e-01 +3.968187964e+01 +3.968187964e+01
580 0 +4.198714800e-01 +3.961987148e+01 +3.961987148e+01
600 0 +2.382152759e-01 +3.943821528e+01 +3.943821528e+01
629 0 +2.103172624e-01 +3.941031726e+01 +3.941031726e+01
724 0 +1.324745951e-01 +3.933247460e+01 +3.933247460e+01
869 0 +1.249826132e-01 +3.932498261e+01 +3.932498261e+01
876 0 +1.104293905e-01 +3.931042939e+01 +3.931042939e+01
898 0 +9.627769554e-02 +3.929627770e+01 +3.929627770e+01
934 0 +7.709769585e-02 +3.927709770e+01 +3.927709770e+01
985 0 +6.780217749e-02 +3.926780218e+01 +3.926780218e+01
1005 0 +6.307086468e-02 +3.926307086e+01 +3.926307086e+01
1011 0 +5.562487077e-02 +3.925562487e+01 +3.925562487e+01
1041 0 +4.687364138e-02 +3.924687364e+01 +3.924687364e+01
1102 0 +4.334340011e-02 +3.924334340e+01 +3.924334340e+01
1162 0 +3.480955141e-02 +3.923480955e+01 +3.923480955e+01
1164 0 +3.022197283e-02 +3.923022197e+01 +3.923022197e+01
1216 0 +2.470017892e-02 +3.922470018e+01 +3.922470018e+01
1372 0 +2.009406116e-02 +3.922009406e+01 +3.922009406e+01
1476 0 +1.877269610e-02 +3.921877270e+01 +3.921877270e+01
1479 0 +1.744175098e-02 +3.921744175e+01 +3.921744175e+01
1541 0 +1.569029701e-02 +3.921569030e+01 +3.921569030e+01
1592 0 +1.391449967e-02 +3.921391450e+01 +3.921391450e+01
1705 0 +1.253940796e-02 +3.921253941e+01 +3.921253941e+01
1847 0 +1.109712575e-02 +3.921109713e+01 +3.921109713e+01
2203 0 +9.999422973e-03 +3.920999942e+01 +3.920999942e+01
28465 0 +8.907382014e-03 +3.920890738e+01 +3.920890738e+01
100000 0 +8.748066448e-03 +3.920874807e+01 +3.920874807e+01
% f evaluations | g evaluations | best noise-free fitness - Fopt (-3.225000000000e+01) + sum g_i+ | measured fitness | best measured fitness or single-digit g-values | x1 | x2...
1 0 +1.162257420e+02 +8.397574203e+01 +8.397574203e+01
2 0 +4.160223443e+01 +9.352234431e+00 +9.352234431e+00
13 0 +2.347728668e+01 -8.772713322e+00 -8.772713322e+00
25 0 +2.168372881e+01 -1.056627119e+01 -1.056627119e+01
31 0 +1.993749352e+01 -1.231250648e+01 -1.231250648e+01
40 0 +1.703539931e+01 -1.521460069e+01 -1.521460069e+01
42 0 +1.232736192e+01 -1.992263808e+01 -1.992263808e+01
52 0 +8.793474302e+00 -2.345652570e+01 -2.345652570e+01
83 0 +7.123135984e+00 -2.512686402e+01 -2.512686402e+01
108 0 +6.865520917e+00 -2.538447908e+01 -2.538447908e+01
120 0 +3.938145819e+00 -2.831185418e+01 -2.831185418e+01
187 0 +3.195382595e+00 -2.905461740e+01 -2.905461740e+01
196 0 +2.714029525e+00 -2.953597048e+01 -2.953597048e+01
223 0 +2.093085107e+00 -3.015691489e+01 -3.015691489e+01
248 0 +1.778484199e+00 -3.047151580e+01 -3.047151580e+01
264 0 +1.443799898e+00 -3.080620010e+01 -3.080620010e+01
372 0 +1.190140800e+00 -3.105985920e+01 -3.105985920e+01
393 0 +9.980739756e-01 -3.125192602e+01 -3.125192602e+01
476 0 +7.259232294e-01 -3.152407677e+01 -3.152407677e+01
513 0 +6.307498799e-01 -3.161925012e+01 -3.161925012e+01
520 0 +5.027642592e-01 -3.174723574e+01 -3.174723574e+01
569 0 +4.835933322e-01 -3.176640667e+01 -3.176640667e+01
587 0 +4.248313099e-01 -3.182516869e+01 -3.182516869e+01
600 0 +3.791602342e-01 -3.187083977e+01 -3.187083977e+01
615 0 +2.562732477e-01 -3.199372675e+01 -3.199372675e+01
661 0 +2.449536559e-01 -3.200504634e+01 -3.200504634e+01
683 0 +2.023062090e-01 -3.204769379e+01 -3.204769379e+01
838 0 +1.983414366e-01 -3.205165856e+01 -3.205165856e+01
865 0 +1.770977832e-01 -3.207290222e+01 -3.207290222e+01
897 0 +1.505867657e-01 -3.209941323e+01 -3.209941323e+01
927 0 +1.174872799e-01 -3.213251272e+01 -3.213251272e+01
934 0 +9.098658693e-02 -3.215901341e+01 -3.215901341e+01
1032 0 +8.506460074e-02 -3.216493540e+01 -3.216493540e+01
1055 0 +7.320798977e-02 -3.217679201e+01 -3.217679201e+01
1098 0 +6.046069345e-02 -3.218953931e+01 -3.218953931e+01
1142 0 +5.150432192e-02 -3.219849568e+01 -3.219849568e+01
1159 0 +4.970947621e-02 -3.220029052e+01 -3.220029052e+01
1234 0 +3.461944968e-02 -3.221538055e+01 -3.221538055e+01
1321 0 +2.495944902e-02 -3.222504055e+01 -3.222504055e+01
1474 0 +2.130321870e-02 -3.222869678e+01 -3.222869678e+01
1645 0 +1.984230616e-02 -3.223015769e+01 -3.223015769e+01
1687 0 +1.743219680e-02 -3.223256780e+01 -3.223256780e+01
1792 0 +1.510942911e-02 -3.223489057e+01 -3.223489057e+01
1992 0 +1.381767232e-02 -3.223618233e+01 -3.223618233e+01
2238 0 +1.234905633e-02 -3.223765094e+01 -3.223765094e+01
100000 0 +1.167844764e-02 -3.223832155e+01 -3.223832155e+01
% f evaluations | g evaluations | best noise-free fitness - Fopt (3.681200000000e+02) + sum g_i+ | measured fitness | best measured fitness or single-digit g-values | x1 | x2...
1 0 +1.434612973e+01 +3.824661297e+02 +3.824661297e+02
3 0 +1.316782235e+01 +3.812878224e+02 +3.812878224e+02
9 0 +9.538127195e+00 +3.776581272e+02 +3.776581272e+02
18 0 +8.593106964e+00 +3.767131070e+02 +3.767131070e+02
25 0 +7.482138307e+00 +3.756021383e+02 +3.756021383e+02
36 0 +6.127738617e+00 +3.742477386e+02 +3.742477386e+02
48 0 +5.119698918e+00 +3.732396989e+02 +3.732396989e+02
53 0 +4.619470096e+00 +3.727394701e+02 +3.727394701e+02
96 0 +3.787682556e+00 +3.719076826e+02 +3.719076826e+02
136 0 +2.911834304e+00 +3.710318343e+02 +3.710318343e+02
161 0 +2.100132442e+00 +3.702201324e+02 +3.702201324e+02
217 0 +1.620261058e+00 +3.697402611e+02 +3.697402611e+02
238 0 +1.568825158e+00 +3.696888252e+02 +3.696888252e+02
258 0 +1.176180327e+00 +3.692961803e+02 +3.692961803e+02
263 0 +1.067509200e+00 +3.691875092e+02 +3.691875092e+02
278 0 +7.792065117e-01 +3.688992065e+02 +3.688992065e+02
422 0 +6.814897665e-01 +3.688014898e+02 +3.688014898e+02
437 0 +5.740859800e-01 +3.686940860e+02 +3.686940860e+02
485 0 +5.056732612e-01 +3.686256733e+02 +3.686256733e+02
504 0 +5.010089429e-01 +3.686210089e+02 +3.686210089e+02
542 0 +4.203089258e-01 +3.685403089e+02 +3.685403089e+02
598 0 +3.659126537e-01 +3.684859127e+02 +3.684859127e+02
618 0 +3.079847190e-01 +3.684279847e+02 +3.684279847e+02
663 0 +2.319605291e-01 +3.683519605e+02 +3.683519605e+02
687 0 +1.864178478e-01 +3.683064178e+02 +3.683064178e+02
702 0 +1.657954191e-01 +3.682857954e+02 +3.682857954e+02
763 0 +1.554350708e-01 +3.682754351e+02 +3.682754351e+02
801 0 +1.253098689e-01 +3.682453099e+02 +3.682453099e+02
825 0 +9.565259151e-02 +3.682156526e+02 +3.682156526e+02
1043 0 +8.903800641e-02 +3.682090380e+02 +3.682090380e+02
1066 0 +7.549492459e-02 +3.681954949e+02 +3.681954949e+02
1146 0 +6.505551469e-02 +3.681850555e+02 +3.681850555e+02
1153 0 +5.621470093e-02 +3.681762147e+02 +3.681762147e+02
1266 0 +4.680428798e-02 +3.681668043e+02 +3.681668043e+02
1335 0 +4.182813376e-02 +3.681618281e+02 +3.681618281e+02
1429 0 +3.744985612e-02 +3.681574499e+02 +3.681574499e+02
1506 0 +3.530113991e-02 +3.681553011e+02 +3.681553011e+02
1639 0 +3.108266640e-02 +3.681510827e+02 +3.681510827e+02
1739 0 +2.709193685e-02 +3.681470919e+02 +3.681470919e+02
1893 0 +2.390304724e-02 +3.681439030e+02 +3.681439030e+02
1967 0 +2.205889024e-02 +3.681420589e+02 +3.681420589e+02
2335 0 +1.980057018e-02 +3.681398006e+02 +3.681398006e+02
100000 0 +1.838047145e-02 +3.681383805e+02 +3.681383805e+02
% f evaluations | g evaluations | best noise-free fitness - Fopt (4.739000000000e+01) + sum g_i+ | measured fitness | best measured fitness or single-digit g-values | x1 | x2...
1 0 +1.068140261e+01 +5.807140261e+01 +5.807140261e+01
2 0 +1.017310552e+01 +5.756310552e+01 +5.756310552e+01
4 0 +8.060007881e+00 +5.545000788e+01 +5.545000788e+01
11 0 +7.187845399e+00 +5.457784540e+01 +5.457784540e+01
14 0 +6.685904781e+00 +5.407590478e+01 +5.407590478e+01
20 0 +5.425793720e+00 +5.281579372e+01 +5.281579372e+01
79 0 +4.485898121e+00 +5.187589812e+01 +5.187589812e+01
101 0 +4.148293601e+00 +5.153829360e+01 +5.153829360e+01
108 0 +2.327811853e+00 +4.971781185e+01 +4.971781185e+01
181 0 +1.991892516e+00 +4.938189252e+01 +4.938189252e+01
213 0 +1.474336677e+00 +4.886433668e+01 +4.886433668e+01
252 0 +1.380336574e+00 +4.877033657e+01 +4.877033657e+01
282 0 +1.011647042e+00 +4.840164704e+01 +4.840164704e+01
291 0 +7.201224163e-01 +4.811012242e+01 +4.811012242e+01
337 0 +5.953286289e-01 +4.798532863e+01 +4.798532863e+01
454 0 +5.512414697e-01 +4.794124147e+01 +4.794124147e+01
539 0 +4.599788992e-01 +4.784997890e+01 +4.784997890e+01
541 0 +3.315329638e-01 +4.772153296e+01 +4.772153296e+01
657 0 +2.429508559e-01 +4.763295086e+01 +4.763295086e+01
735 0 +1.595965241e-01 +4.754959652e+01 +4.754959652e+01
766 0 +1.518096524e-01 +4.754180965e+01 +4.754180965e+01
802 0 +1.408420613e-01 +4.753084206e+01 +4.753084206e+01
841 0 +1.179487892e-01 +4.750794879e+01 +4.750794879e+01
848 0 +1.107526072e-01 +4.750075261e+01 +4.750075261e+01
851 0 +9.103347502e-02 +4.748103348e+01 +4.748103348e+01
865 0 +7.965933797e-02 +4.746965934e+01 +4.746965934e+01
955 0 +6.066124505e-02 +4.745066125e+01 +4.745066125e+01
979 0 +4.679764084e-02 +4.743679764e+01 +4.743679764e+01
1031 0 +2.941987869e-02 +4.741941988e+01 +4.741941988e+01
1131 0 +2.047131079e-02 +4.741047131e+01 +4.741047131e+01
1183 0 +1.985866916e-02 +4.740985867e+01 +4.740985867e+01
1191 0 +1.489565754e-02 +4.740489566e+01 +4.740489566e+01
1346 0 +1.347594337e-02 +4.740347594e+01 +4.740347594e+01
1396 0 +1.130598710e-02 +4.740130599e+01 +4.740130599e+01
1403 0 +1.063954215e-02 +4.740063954e+01 +4.740063954e+01
1433 0 +8.770461699e-03 +4.739877046e+01 +4.739877046e+01
1446 0 +6.184753574e-03 +4.739618475e+01 +4.739618475e+01
1694 0 +5.580056554e-03 +4.739558006e+01 +4.739558006e+01
1765 0 +4.756160155e-03 +4.739475616e+01 +4.739475616e+01
1778 0 +4.408498021e-03 +4.739440850e+01 +4.739440850e+01
1838 0 +3.234505223e-03 +4.739323451e+01 +4.739323451e+01
1952 0 +2.908963147e-03 +4.739290896e+01 +4.739290896e+01
1982 0 +2.745146808e-03 +4.739274515e+01 +4.739274515e+01
2201 0 +2.436354170e-03 +4.739243635e+01 +4.739243635e+01
2418 0 +2.226009792e-03 +4.739222601e+01 +4.739222601e+01
17878 0 +1.995248973e-03 +4.739199525e+01 +4.739199525e+01
100000 0 +1.972033830e-03 +4.739197203e+01 +4.739197203e+01
% f evaluations | g evaluations | best noise-free fitness - Fopt (-3.428900000000e+02) + sum g_i+ | measured fitness | best measured fitness or single-digit g-values | x1 | x2...
1 0 +2.175484508e+01 -3.211351549e+02 -3.211351549e+02
2 0 +1.386620802e+01 -3.290237920e+02 -3.290237920e+02
7 0 +1.052922784e+01 -3.323607722e+02 -3.323607722e+02
13 0 +6.673235964e+00 -3.362167640e+02 -3.362167640e+02
79 0 +4.979677143e+00 -3.379103229e+02 -3.379103229e+02
98 0 +4.034991825e+00 -3.388550082e+02 -3.388550082e+02
106 0 +3.970186253e+00 -3.389198137e+02 -3.389198137e+02
126 0 +3.323706182e+00 -3.395662938e+02 -3.395662938e+02
130 0 +2.948572986e+00 -3.399414270e+02 -3.399414270e+02
163 0 +1.582472242e+00 -3.413075278e+02 -3.413075278e+02
267 0 +1.400838614e+00 -3.414891614e+02 -3.414891614e+02
303 0 +1.044947094e+00 -3.418450529e+02 -3.418450529e+02
306 0 +9.853170446e-01 -3.419046830e+02 -3.419046830e+02
383 0 +8.274616519e-01 -3.420625383e+02 -3.420625383e+02
399 0 +6.494872472e-01 -3.422405128e+02 -3.422405128e+02
401 0 +3.826696528e-01 -3.425073303e+02 -3.425073303e+02
538 0 +3.421746161e-01 -3.425478254e+02 -3.425478254e+02
580 0 +2.674204728e-01 -3.426225795e+02 -3.426225795e+02
643 0 +2.486114890e-01 -3.426413885e+02 -3.426413885e+02
685 0 +1.487025134e-01 -3.427412975e+02 -3.427412975e+02
756 0 +1.282261411e-01 -3.427617739e+02 -3.427617739e+02
851 0 +1.239135834e-01 -3.427660864e+02 -3.427660864e+02
885 0 +1.093610359e-01 -3.427806390e+02 -3.427806390e+02
945 0 +7.902573240e-02 -3.428109743e+02 -3.428109743e+02
1023 0 +6.310708542e-02 -3.428268929e+02 -3.428268929e+02
1077 0 +5.724712800e-02 -3.428327529e+02 -3.428327529e+02
1094 0 +4.961644242e-02 -3.428403836e+02 -3.428403836e+02
1164 0 +3.869496476e-02 -3.428513050e+02 -3.428513050e+02
1187 0 +3.514214304e-02 -3.428548579e+02 -3.428548579e+02
1197 0 +2.778202486e-02 -3.428622180e+02 -3.428622180e+02
1323 0 +2.422085301e-02 -3.428657791e+02 -3.428657791e+02
1373 0 +1.827890445e-02 -3.428717211e+02 -3.428717211e+02
1449 0 +1.732456150e-02 -3.428726754e+02 -3.428726754e+02
1464 0 +1.311952358e-02 -3.428768805e+02 -3.428768805e+02
1541 0 +1.071986894e-02 -3.428792801e+02 -3.428792801e+02
1692 0 +8.542299193e-03 -3.428814577e+02 -3.428814577e+02
1801 0 +7.176304685e-03 -3.428828237e+02 -3.428828237e+02
1809 0 +6.778025918e-03 -3.428832220e+02 -3.428832220e+02
1888 0 +6.277340863e-03 -3.428837227e+02 -3.428837227e+02
1952 0 +5.597190766e-03 -3.428844028e+02 -3.428844028e+02
2706 0 +5.008694872e-03 -3.428849913e+02 -3.428849913e+02
100000 0 +5.007851725e-03 -3.428849921e+02 -3.428849921e+02
% f evaluations | g evaluations | best noise-free fitness - Fopt (9.102000000000e+01) + sum g_i+ | measured fitness | best measured fitness or single-digit g-values | x1 | x2...
1 0 +1.522126509e+01 +1.062412651e+02 +1.062412651e+02
3 0 +7.564922576e+00 +9.858492258e+01 +9.858492258e+01
6 0 +6.989185383e+00 +9.800918538e+01 +9.800918538e+01
11 0 +5.616487269e+00 +9.663648727e+01 +9.663648727e+01
12 0 +4.915397235e+00 +9.593539723e+01 +9.593539723e+01
43 0 +4.385056064e+00 +9.540505606e+01 +9.540505606e+01
78 0 +3.478337665e+00 +9.449833766e+01 +9.449833766e+01
124 0 +2.178388916e+00 +9.319838892e+01 +9.319838892e+01
174 0 +1.778023110e+00 +9.279802311e+01 +9.279802311e+01
220 0 +1.505332990e+00 +9.252533299e+01 +9.252533299e+01
243 0 +1.147990721e+00 +9.216799072e+01 +9.216799072e+01
276 0 +9.642500925e-01 +9.198425009e+01 +9.198425009e+01
304 0 +7.657042659e-01 +9.178570427e+01 +9.178570427e+01
309 0 +6.739974938e-01 +9.169399749e+01 +9.169399749e+01
358 0 +6.269782129e-01 +9.164697821e+01 +9.164697821e+01
399 0 +5.211888339e-01 +9.154118883e+01 +9.154118883e+01
485 0 +3.969023766e-01 +9.141690238e+01 +9.141690238e+01
510 0 +3.133005549e-01 +9.133330055e+01 +9.133330055e+01
582 0 +2.769069796e-01 +9.129690698e+01 +9.129690698e+01
606 0 +2.433950365e-01 +9.126339504e+01 +9.126339504e+01
621 0 +1.954972004e-01 +9.121549720e+01 +9.121549720e+01
657 0 +1.528292497e-01 +9.117282925e+01 +9.117282925e+01
681 0 +1.347287254e-01 +9.115472873e+01 +9.115472873e+01
733 0 +1.115628221e-01 +9.113156282e+01 +9.113156282e+01
755 0 +8.422594787e-02 +9.110422595e+01 +9.110422595e+01
784 0 +6.523514478e-02 +9.108523514e+01 +9.108523514e+01
795 0 +5.784172581e-02 +9.107784173e+01 +9.107784173e+01
892 0 +5.053129392e-02 +9.107053129e+01 +9.107053129e+01
925 0 +4.887208149e-02 +9.106887208e+01 +9.106887208e+01
931 0 +3.648718705e-02 +9.105648719e+01 +9.105648719e+01
951 0 +2.437055658e-02 +9.104437056e+01 +9.104437056e+01
1089 0 +2.236857314e-02 +9.104236857e+01 +9.104236857e+01
1098 0 +1.789393084e-02 +9.103789393e+01 +9.103789393e+01
1101 0 +1.547681121e-02 +9.103547681e+01 +9.103547681e+01
1139 0 +1.352964038e-02 +9.103352964e+01 +9.103352964e+01
1162 0 +1.150539135e-02 +9.103150539e+01 +9.103150539e+01
1184 0 +1.011738068e-02 +9.103011738e+01 +9.103011738e+01
1187 0 +8.154868726e-03 +9.102815487e+01 +9.102815487e+01
1351 0 +6.965427089e-03 +9.102696543e+01 +9.102696543e+01
1387 0 +5.751461634e-03 +9.102575146e+01 +9.102575146e+01
1413 0 +4.541497948e-03 +9.102454150e+01 +9.102454150e+01
1541 0 +4.085585188e-03 +9.102408559e+01 +9.102408559e+01
1552 0 +3.473166653e-03 +9.102347317e+01 +9.102347317e+01
1585 0 +2.588573390e-03 +9.102258857e+01 +9.102258857e+01
1606 0 +2.261743296e-03 +9.102226174e+01 +9.102226174e+01
1634 0 +2.220416023e-03 +9.102222042e+01 +9.102222042e+01
1768 0 +1.869480748e-03 +9.102186948e+01 +9.102186948e+01
1799 0 +1.593262844e-03 +9.102159326e+01 +9.102159326e+01
1844 0 +1.275886768e-03 +9.102127589e+01 +9.102127589e+01
1920 0 +1.159855660e-03 +9.102115986e+01 +9.102115986e+01
1994 0 +1.105757398e-03 +9.102110576e+01 +9.102110576e+01
2148 0 +9.839134973e-04 +9.102098391e+01 +9.102098391e+01
2402 0 +8.568089006e-04 +9.102085681e+01 +9.102085681e+01
100000 0 +8.054340351e-04 +9.102080543e+01 +9.102080543e+01
% f evaluations | g evaluations | best noise-free fitness - Fopt (7.324200000000e+02) + sum g_i+ | measured fitness | best measured fitness or single-digit g-values | x1 | x2...
1 0 +1.239160366e+01 +7.448116037e+02 +7.448116037e+02
3 0 +7.710073000e+00 +7.401300730e+02 +7.401300730e+02
82 0 +6.555049997e+00 +7.389750500e+02 +7.389750500e+02
85 0 +6.103338470e+00 +7.385233385e+02 +7.385233385e+02
96 0 +5.521458087e+00 +7.379414581e+02 +7.379414581e+02
108 0 +4.360009789e+00 +7.367800098e+02 +7.367800098e+02
181 0 +3.955005945e+00 +7.363750059e+02 +7.363750059e+02
198 0 +3.318965869e+00 +7.357389659e+02 +7.357389659e+02
215 0 +3.075855352e+00 +7.354958554e+02 +7.354958554e+02
216 0 +2.755628662e+00 +7.351756287e+02 +7.351756287e+02
223 0 +2.351342032e+00 +7.347713420e+02 +7.347713420e+02
315 0 +2.082813422e+00 +7.345028134e+02 +7.345028134e+02
331 0 +1.769854909e+00 +7.341898549e+02 +7.341898549e+02
337 0 +1.471297247e+00 +7.338912972e+02 +7.338912972e+02
381 0 +1.367566598e+00 +7.337875666e+02 +7.337875666e+02
395 0 +1.153644501e+00 +7.335736445e+02 +7.335736445e+02
422 0 +7.377604737e-01 +7.331577605e+02 +7.331577605e+02
528 0 +6.955940543e-01 +7.331155941e+02 +7.331155941e+02
541 0 +5.311373130e-01 +7.329511373e+02 +7.329511373e+02
619 0 +4.945638006e-01 +7.329145638e+02 +7.329145638e+02
624 0 +3.593440715e-01 +7.327793441e+02 +7.327793441e+02
756 0 +2.978284044e-01 +7.327178284e+02 +7.327178284e+02
768 0 +2.702751225e-01 +7.326902751e+02 +7.326902751e+02
837 0 +2.307192136e-01 +7.326507192e+02 +7.326507192e+02
860 0 +2.130369028e-01 +7.326330369e+02 +7.326330369e+02
864 0 +1.891021330e-01 +7.326091021e+02 +7.326091021e+02
957 0 +1.327270179e-01 +7.325527270e+02 +7.325527270e+02
971 0 +1.210881626e-01 +7.325410882e+02 +7.325410882e+02
1021 0 +1.069778023e-01 +7.325269778e+02 +7.325269778e+02
1044 0 +9.801910752e-02 +7.325180191e+02 +7.325180191e+02
1089 0 +8.127727966e-02 +7.325012773e+02 +7.325012773e+02
1126 0 +7.363916993e-02 +7.324936392e+02 +7.324936392e+02
1197 0 +5.122408264e-02 +7.324712241e+02 +7.324712241e+02
1294 0 +4.953474922e-02 +7.324695347e+02 +7.324695347e+02
1387 0 +4.011650102e-02 +7.324601165e+02 +7.324601165e+02
1445 0 +3.916212062e-02 +7.324591621e+02 +7.324591621e+02
1576 0 +3.037072417e-02 +7.324503707e+02 +7.324503707e+02
1922 0 +2.779806024e-02 +7.324477981e+02 +7.324477981e+02
2125 0 +2.501722435e-02 +7.324450172e+02 +7.324450172e+02
100000 0 +2.294810898e-02 +7.324429481e+02 +7.324429481e+02
% f evaluations | g evaluations | best noise-free fitness - Fopt (3.542000000000e+01) + sum g_i+ | measured fitness | best measured fitness or single-digit g-values | x1 | x2...
1 0 +3.365626820e+01 +6.907626820e+01 +6.907626820e+01
6 0 +2.334214607e+01 +5.876214607e+01 +5.876214607e+01
14 0 +1.868410982e+01 +5.410410982e+01 +5.410410982e+01
18 0 +1.598369248e+01 +5.140369248e+01 +5.140369248e+01
19 0 +1.494200695e+01 +5.036200695e+01 +5.036200695e+01
22 0 +7.682595790e+00 +4.310259579e+01 +4.310259579e+01
91 0 +6.584584138e+00 +4.200458414e+01 +4.200458414e+01
95 0 +5.904916702e+00 +4.132491670e+01 +4.132491670e+01
120 0 +5.481891296e+00 +4.090189130e+01 +4.090189130e+01
150 0 +3.584480701e+00 +3.900448070e+01 +3.900448070e+01
158 0 +3.512318590e+00 +3.893231859e+01 +3.893231859e+01
184 0 +3.123307410e+00 +3.854330741e+01 +3.854330741e+01
239 0 +2.779489010e+00 +3.819948901e+01 +3.819948901e+01
267 0 +1.783015354e+00 +3.720301535e+01 +3.720301535e+01
292 0 +1.733101380e+00 +3.715310138e+01 +3.715310138e+01
326 0 +1.329165164e+00 +3.674916516e+01 +3.674916516e+01
401 0 +1.254570729e+00 +3.667457073e+01 +3.667457073e+01
417 0 +1.074655610e+00 +3.649465561e+01 +3.649465561e+01
421 0 +8.393242968e-01 +3.625932430e+01 +3.625932430e+01
449 0 +6.766297672e-01 +3.609662977e+01 +3.609662977e+01
464 0 +5.521407849e-01 +3.597214078e+01 +3.597214078e+01
552 0 +4.669078063e-01 +3.588690781e+01 +3.588690781e+01
560 0 +4.370051858e-01 +3.585700519e+01 +3.585700519e+01
595 0 +3.967516922e-01 +3.581675169e+01 +3.581675169e+01
604 0 +3.290675772e-01 +3.574906758e+01 +3.574906758e+01
611 0 +2.522046241e-01 +3.567220462e+01 +3.567220462e+01
621 0 +2.503455736e-01 +3.567034557e+01 +3.567034557e+01
673 0 +2.070792368e-01 +3.562707924e+01 +3.562707924e+01
681 0 +1.761356498e-01 +3.559613565e+01 +3.559613565e+01
746 0 +1.161263671e-01 +3.553612637e+01 +3.553612637e+01
762 0 +1.115938942e-01 +3.553159389e+01 +3.553159389e+01
797 0 +9.149960308e-02 +3.551149960e+01 +3.551149960e+01
957 0 +8.650792775e-02 +3.550650793e+01 +3.550650793e+01
1031 0 +7.719976575e-02 +3.549719977e+01 +3.549719977e+01
1107 0 +7.010638147e-02 +3.549010638e+01 +3.549010638e+01
1124 0 +6.167668721e-02 +3.548167669e+01 +3.548167669e+01
1300 0 +5.546632234e-02 +3.547546632e+01 +3.547546632e+01
1315 0 +4.853177105e-02 +3.546853177e+01 +3.546853177e+01
1510 0 +4.410899448e-02 +3.546410899e+01 +3.546410899e+01
1685 0 +3.976110018e-02 +3.545976110e+01 +3.545976110e+01
100000 0 +3.697977058e-02 +3.545697977e+01 +3.545697977e+01
