% f evaluations | g evaluations | best noise-free fitness - Fopt (-1.694000000000e+01) + sum g_i+ | measured fitness | best measured fitness or single-digit g-values | x1 | x2...
1 0 +4.882419592e+01 +3.188419592e+01 +3.188419592e+01
2 0 +1.457016037e+01 -2.369839628e+00 -2.369839628e+00
11 0 +1.037780932e+01 -6.562190676e+00 -6.562190676e+00
26 0 +8.345301629e+00 -8.594698371e+00 -8.594698371e+00
30 0 +7.084300297e+00 -9.855699703e+00 -9.855699703e+00
38 0 +7.063683005e+00 -9.876316995e+00 -9.876316995e+00
43 0 +5.393156587e+00 -1.154684341e+01 -1.154684341e+01
65 0 +3.187967001e+00 -1.375203300e+01 -1.375203300e+01
109 0 +3.096468609e+00 -1.384353139e+01 -1.384353139e+01
195 0 +1.959709381e+00 -1.498029062e+01 -1.498029062e+01
239 0 +1.550907027e+00 -1.538909297e+01 -1.538909297e+01
259 0 +1.219697422e+00 -1.572030258e+01 -1.572030258e+01
284 0 +1.095472881e+00 -1.584452712e+01 -1.584452712e+01
341 0 +9.590093869e-01 -1.598099061e+01 -1.598099061e+01
376 0 +8.790035233e-01 -1.606099648e+01 -1.606099648e+01
398 0 +7.068948691e-01 -1.623310513e+01 -1.623310513e+01
676 0 +6.271339881e-01 -1.631286601e+01 -1.631286601e+01
1448 0 +4.705698492e-01 -1.646943015e+01 -1.646943015e+01
1551 0 +2.318692092e-01 -1.670813079e+01 -1.670813079e+01
1607 0 +2.018970374e-01 -1.673810296e+01 -1.673810296e+01
1635 0 +1.390719973e-01 -1.680092800e+01 -1.680092800e+01
1657 0 +1.142967462e-01 -1.682570325e+01 -1.682570325e+01
1749 0 +1.071639758e-01 -1.683283602e+01 -1.683283602e+01
1757 0 +8.804929029e-02 -1.685195071e+01 -1.685195071e+01
2045 0 +7.241331549e-02 -1.686758668e+01 -1.686758668e+01
2056 0 +6.460456448e-02 -1.687539544e+01 -1.687539544e+01
2078 0 +6.209723530e-02 -1.687790276e+01 -1.687790276e+01
2941 0 +5.144856966e-02 -1.688855143e+01 -1.688855143e+01
2963 0 +4.410232698e-02 -1.689589767e+01 -1.689589767e+01
3043 0 +3.714081606e-02 -1.690285918e+01 -1.690285918e+01
3126 0 +3.160536005e-02 -1.690839464e+01 -1.690839464e+01
3349 0 +2.794898155e-02 -1.691205102e+01 -1.691205102e+01
3459 0 +2.469533502e-02 -1.691530466e+01 -1.691530466e+01
4244 0 +2.212618328e-02 -1.691787382e+01 -1.691787382e+01
4719 0 +1.978680865e-02 -1.692021319e+01 -1.692021319e+01
100341 0 +1.836259639e-02 -1.692163740e+01 -1.692163740e+01
% f evaluations | g evaluations | best noise-free fitness - Fopt (1.881000000000e+01) + sum g_i+ | measured fitness | best measured fitness or single-digit g-values | x1 | x2...
1 0 +1.131935286e+01 +3.012935286e+01 +3.012935286e+01
2 0 +8.964731809e+00 +2.777473181e+01 +2.777473181e+01
6 0 +7.922103765e+00 +2.673210377e+01 +2.673210377e+01
13 0 +6.796036299e+00 +2.560603630e+01 +2.560603630e+01
15 0 +5.589517908e+00 +2.439951791e+01 +2.439951791e+01
31 0 +4.620090850e+00 +2.343009085e+01 +2.343009085e+01
65 0 +3.752120353e+00 +2.256212035e+01 +2.256212035e+01
124 0 +3.107294034e+00 +2.191729403e+01 +2.191729403e+01
175 0 +2.445221776e+00 +2.125522178e+01 +2.125522178e+01
191 0 +2.135733128e+00 +2.094573313e+01 +2.094573313e+01
237 0 +1.725526384e+00 +2.053552638e+01 +2.053552638e+01
268 0 +1.261843288e+00 +2.007184329e+01 +2.007184329e+01
280 0 +1.056225061e+00 +1.986622506e+01 +1.986622506e+01
393 0 +5.512716891e-01 +1.936127169e+01 +1.936127169e+01
445 0 +4.276178165e-01 +1.923761782e+01 +1.923761782e+01
456 0 +3.676729173e-01 +1.917767292e+01 +1.917767292e+01
478 0 +3.416609077e-01 +1.915166091e+01 +1.915166091e+01
522 0 +3.131426695e-01 +1.912314267e+01 +1.912314267e+01
610 0 +2.794433567e-01 +1.908944336e+01 +1.908944336e+01
1407 0 +2.511183759e-01 +1.906111838e+01 +1.906111838e+01
1448 0 +1.838202538e-01 +1.899382025e+01 +1.899382025e+01
1501 0 +1.514280355e-01 +1.896142804e+01 +1.896142804e+01
1544 0 +1.381929161e-01 +1.894819292e+01 +1.894819292e+01
1551 0 +1.244286625e-01 +1.893442866e+01 +1.893442866e+01
1606 0 +1.075584874e-01 +1.891755849e+01 +1.891755849e+01
1628 0 +9.817760026e-02 +1.890817760e+01 +1.890817760e+01
1672 0 +8.854414298e-02 +1.889854414e+01 +1.889854414e+01
2452 0 +6.476536108e-02 +1.887476536e+01 +1.887476536e+01
2501 0 +5.006637923e-02 +1.886006638e+01 +1.886006638e+01
2550 0 +4.161879536e-02 +1.885161880e+01 +1.885161880e+01
2581 0 +3.431554426e-02 +1.884431554e+01 +1.884431554e+01
2747 0 +2.679994679e-02 +1.883679995e+01 +1.883679995e+01
3019 0 +2.465561946e-02 +1.883465562e+01 +1.883465562e+01
3868 0 +2.166672919e-02 +1.883166673e+01 +1.883166673e+01
3995 0 +1.890910771e-02 +1.882890911e+01 +1.882890911e+01
4224 0 +1.760629283e-02 +1.882760629e+01 +1.882760629e+01
35616 0 +1.584184291e-02 +1.882584184e+01 +1.882584184e+01
100003 0 +1.574505559e-02 +1.882574506e+01 +1.882574506e+01
% f evaluations | g evaluations | best noise-free fitness - Fopt (2.731500000000e+02) + sum g_i+ | measured fitness | best measured fitness or single-digit g-values | x1 | x2...
1 0 +4.412935929e+01 +3.172793593e+02 +3.172793593e+02
2 0 +1.979107390e+01 +2.929410739e+02 +2.929410739e+02
5 0 +1.381939287e+01 +2.869693929e+02 +2.869693929e+02
13 0 +9.044855899e+00 +2.821948559e+02 +2.821948559e+02
42 0 +8.550394319e+00 +2.817003943e+02 +2.817003943e+02
49 0 +7.774889929e+00 +2.809248899e+02 +2.809248899e+02
52 0 +5.244975274e+00 +2.783949753e+02 +2.783949753e+02
127 0 +4.832511845e+00 +2.779825118e+02 +2.779825118e+02
135 0 +3.845622504e+00 +2.769956225e+02 +2.769956225e+02
182 0 +3.299272986e+00 +2.764492730e+02 +2.764492730e+02
211 0 +2.156366059e+00 +2.753063661e+02 +2.753063661e+02
317 0 +1.735047051e+00 +2.748850471e+02 +2.748850471e+02
467 0 +1.556285997e+00 +2.747062860e+02 +2.747062860e+02
489 0 +1.374122176e+00 +2.745241222e+02 +2.745241222e+02
500 0 +1.254777068e+00 +2.744047771e+02 +2.744047771e+02
566 0 +1.101997770e+00 +2.742519978e+02 +2.742519978e+02
643 0 +9.955629425e-01 +2.741455629e+02 +2.741455629e+02
1207 0 +8.471686334e-01 +2.739971686e+02 +2.739971686e+02
1238 0 +6.949378406e-01 +2.738449378e+02 +2.738449378e+02
1429 0 +5.987277790e-01 +2.737487278e+02 +2.737487278e+02
1451 0 +5.585302232e-01 +2.737085302e+02 +2.737085302e+02
2462 0 +4.999208138e-01 +2.736499208e+02 +2.736499208e+02
2564 0 +4.446278128e-01 +2.735946278e+02 +2.735946278e+02
2605 0 +3.770363082e-01 +2.735270363e+02 +2.735270363e+02
2798 0 +3.529759464e-01 +2.735029759e+02 +2.735029759e+02
3177 0 +3.025775192e-01 +2.734525775e+02 +2.734525775e+02
3606 0 +2.817584546e-01 +2.734317585e+02 +2.734317585e+02
41687 0 +2.511843523e-01 +2.734011844e+02 +2.734011844e+02
100006 0 +2.481178186e-01 +2.733981178e+02 +2.733981178e+02
% f evaluations | g evaluations | best noise-free fitness - Fopt (3.718000000000e+01) + sum g_i+ | measured fitness | best measured fitness or single-digit g-values | x1 | x2...
1 0 +2.389591439e+01 +6.107591439e+01 +6.107591439e+01
2 0 +1.841762662e+01 +5.559762662e+01 +5.559762662e+01
3 0 +1.379052855e+01 +5.097052855e+01 +5.097052855e+01
39 0 +1.201442294e+01 +4.919442294e+01 +4.919442294e+01
60 0 +9.359622838e+00 +4.653962284e+01 +4.653962284e+01
75 0 +8.894431565e+00 +4.607443157e+01 +4.607443157e+01
88 0 +5.688446397e+00 +4.286844640e+01 +4.286844640e+01
166 0 +5.462771428e+00 +4.264277143e+01 +4.264277143e+01
168 0 +3.590135392e+00 +4.077013539e+01 +4.077013539e+01
175 0 +2.322276068e+00 +3.950227607e+01 +3.950227607e+01
261 0 +1.642817929e+00 +3.882281793e+01 +3.882281793e+01
295 0 +1.540248889e+00 +3.872024889e+01 +3.872024889e+01
310 0 +1.393358749e+00 +3.857335875e+01 +3.857335875e+01
321 0 +1.113399801e+00 +3.829339980e+01 +3.829339980e+01
369 0 +6.996479171e-01 +3.787964792e+01 +3.787964792e+01
434 0 +5.460335370e-01 +3.772603354e+01 +3.772603354e+01
533 0 +5.005746501e-01 +3.768057465e+01 +3.768057465e+01
621 0 +4.449060758e-01 +3.762490608e+01 +3.762490608e+01
731 0 +3.955296319e-01 +3.757552963e+01 +3.757552963e+01
1611 0 +2.739003373e-01 +3.745390034e+01 +3.745390034e+01
1676 0 +2.109224979e-01 +3.739092250e+01 +3.739092250e+01
1700 0 +1.763856476e-01 +3.735638565e+01 +3.735638565e+01
1780 0 +1.561763277e-01 +3.733617633e+01 +3.733617633e+01
1787 0 +1.121131055e-01 +3.729211311e+01 +3.729211311e+01
1881 0 +8.844900737e-02 +3.726844901e+01 +3.726844901e+01
1936 0 +6.927006400e-02 +3.724927006e+01 +3.724927006e+01
1958 0 +6.217661912e-02 +3.724217662e+01 +3.724217662e+01
2068 0 +5.568319821e-02 +3.723568320e+01 +3.723568320e+01
2765 0 +4.843910991e-02 +3.722843911e+01 +3.722843911e+01
2778 0 +4.308881134e-02 +3.722308881e+01 +3.722308881e+01
2825 0 +3.916788748e-02 +3.721916789e+01 +3.721916789e+01
2848 0 +3.093205263e-02 +3.721093205e+01 +3.721093205e+01
2885 0 +2.640836534e-02 +3.720640837e+01 +3.720640837e+01
2936 0 +2.425678307e-02 +3.720425678e+01 +3.720425678e+01
2978 0 +2.130722927e-02 +3.720130723e+01 +3.720130723e+01
2995 0 +1.783302066e-02 +3.719783302e+01 +3.719783302e+01
3029 0 +1.303256603e-02 +3.719303257e+01 +3.719303257e+01
3082 0 +1.215310885e-02 +3.719215311e+01 +3.719215311e+01
3083 0 +7.876502049e-03 +3.718787650e+01 +3.718787650e+01
3174 0 +6.407512753e-03 +3.718640751e+01 +3.718640751e+01
3185 0 +5.932536084e-03 +3.718593254e+01 +3.718593254e+01
3207 0 +5.572380422e-03 +3.718557238e+01 +3.718557238e+01
3284 0 +5.011619160e-03 +3.718501162e+01 +3.718501162e+01
4550 0 +3.642764759e-03 +3.718364276e+01 +3.718364276e+01
4639 0 +2.498274613e-03 +3.718249827e+01 +3.718249827e+01
4841 0 +1.996164670e-03 +3.718199616e+01 +3.718199616e+01
4885 0 +1.952685223e-03 +3.718195269e+01 +3.718195269e+01
5083 0 +1.771149165e-03 +3.718177115e+01 +3.718177115e+01
5710 0 +1.385984434e-03 +3.718138598e+01 +3.718138598e+01
5980 0 +1.216366934e-03 +3.718121637e+01 +3.718121637e+01
6123 0 +1.119106074e-03 +3.718111911e+01 +3.718111911e+01
6987 0 +9.956699801e-04 +3.718099567e+01 +3.718099567e+01
8240 0 +8.598837282e-04 +3.718085988e+01 +3.718085988e+01
46404 0 +7.905505409e-04 +3.718079055e+01 +3.718079055e+01
100492 0 +7.514125735e-04 +3.718075141e+01 +3.718075141e+01
% f evaluations | g evaluations | best noise-free fitness - Fopt (-1.479000000000e+02) + sum g_i+ | measured fitness | best measured fitness or single-digit g-values | x1 | x2...
1 0 +1.022785512e+01 -1.376721449e+02 -1.376721449e+02
3 0 +5.939603136e+00 -1.419603969e+02 -1.419603969e+02
22 0 +5.180472350e+00 -1.427195276e+02 -1.427195276e+02
26 0 +4.858631058e+00 -1.430413689e+02 -1.430413689e+02
33 0 +3.868282366e+00 -1.440317176e+02 -1.440317176e+02
48 0 +3.265284454e+00 -1.446347155e+02 -1.446347155e+02
90 0 +2.304786216e+00 -1.455952138e+02 -1.455952138e+02
185 0 +2.171579257e+00 -1.457284207e+02 -1.457284207e+02
276 0 +1.676452886e+00 -1.462235471e+02 -1.462235471e+02
323 0 +1.507356256e+00 -1.463926437e+02 -1.463926437e+02
356 0 +1.411388270e+00 -1.464886117e+02 -1.464886117e+02
423 0 +9.825555986e-01 -1.469174444e+02 -1.469174444e+02
467 0 +8.566990516e-01 -1.470433009e+02 -1.470433009e+02
544 0 +7.937165012e-01 -1.471062835e+02 -1.471062835e+02
1575 0 +6.887279597e-01 -1.472112720e+02 -1.472112720e+02
1670 0 +3.616704360e-01 -1.475383296e+02 -1.475383296e+02
1781 0 +3.394212880e-01 -1.475605787e+02 -1.475605787e+02
1810 0 +2.698787304e-01 -1.476301213e+02 -1.476301213e+02
1834 0 +1.743287041e-01 -1.477256713e+02 -1.477256713e+02
1903 0 +1.494931248e-01 -1.477505069e+02 -1.477505069e+02
1925 0 +1.396809900e-01 -1.477603190e+02 -1.477603190e+02
2057 0 +1.256970048e-01 -1.477743030e+02 -1.477743030e+02
3384 0 +1.108625517e-01 -1.477891374e+02 -1.477891374e+02
3409 0 +9.169151416e-02 -1.478083085e+02 -1.478083085e+02
3614 0 +8.376318713e-02 -1.478162368e+02 -1.478162368e+02
3779 0 +7.801023062e-02 -1.478219898e+02 -1.478219898e+02
5028 0 +7.061492022e-02 -1.478293851e+02 -1.478293851e+02
6033 0 +6.307457699e-02 -1.478369254e+02 -1.478369254e+02
6420 0 +5.589191129e-02 -1.478441081e+02 -1.478441081e+02
100224 0 +5.196432134e-02 -1.478480357e+02 -1.478480357e+02
% f evaluations | g evaluations | best noise-free fitness - Fopt (4.817100000000e+02) + sum g_i+ | measured fitness | best measured fitness or single-digit g-values | x1 | x2...
1 0 +1.238916101e+01 +4.940991610e+02 +4.940991610e+02
13 0 +7.205500803e+00 +4.889155008e+02 +4.889155008e+02
38 0 +6.541364315e+00 +4.882513643e+02 +4.882513643e+02
96 0 +6.290990011e+00 +4.880009900e+02 +4.880009900e+02
127 0 +3.131031333e+00 +4.848410313e+02 +4.848410313e+02
215 0 +2.455420719e+00 +4.841654207e+02 +4.841654207e+02
263 0 +2.132315842e+00 +4.838423158e+02 +4.838423158e+02
311 0 +1.483557404e+00 +4.831935574e+02 +4.831935574e+02
372 0 +8.786269896e-01 +4.825886270e+02 +4.825886270e+02
500 0 +7.881059504e-01 +4.824981060e+02 +4.824981060e+02
511 0 +6.985030873e-01 +4.824085031e+02 +4.824085031e+02
577 0 +6.127795896e-01 +4.823227796e+02 +4.823227796e+02
610 0 +5.607039471e-01 +4.822707039e+02 +4.822707039e+02
911 0 +4.720105416e-01 +4.821820105e+02 +4.821820105e+02
916 0 +2.630193943e-01 +4.819730194e+02 +4.819730194e+02
1051 0 +2.496973189e-01 +4.819596973e+02 +4.819596973e+02
1106 0 +1.958346417e-01 +4.819058346e+02 +4.819058346e+02
1160 0 +1.602671205e-01 +4.818702671e+02 +4.818702671e+02
1173 0 +1.584422214e-01 +4.818684422e+02 +4.818684422e+02
1193 0 +1.310723471e-01 +4.818410723e+02 +4.818410723e+02
1198 0 +1.233162722e-01 +4.818333163e+02 +4.818333163e+02
1253 0 +1.071135492e-01 +4.818171135e+02 +4.818171135e+02
1275 0 +9.968644224e-02 +4.818096864e+02 +4.818096864e+02
1286 0 +8.517569805e-02 +4.817951757e+02 +4.817951757e+02
1297 0 +6.787235814e-02 +4.817778724e+02 +4.817778724e+02
1352 0 +6.306743716e-02 +4.817730674e+02 +4.817730674e+02
2932 0 +5.284808819e-02 +4.817628481e+02 +4.817628481e+02
2958 0 +2.694204596e-02 +4.817369420e+02 +4.817369420e+02
3088 0 +1.902214126e-02 +4.817290221e+02 +4.817290221e+02
3089 0 +1.718180926e-02 +4.817271818e+02 +4.817271818e+02
3197 0 +1.394663374e-02 +4.817239466e+02 +4.817239466e+02
3200 0 +1.249434587e-02 +4.817224943e+02 +4.817224943e+02
3206 0 +8.352370792e-03 +4.817183524e+02 +4.817183524e+02
3250 0 +6.645695577e-03 +4.817166457e+02 +4.817166457e+02
3261 0 +5.908248710e-03 +4.817159082e+02 +4.817159082e+02
3272 0 +5.495819100e-03 +4.817154958e+02 +4.817154958e+02
3382 0 +4.965205654e-03 +4.817149652e+02 +4.817149652e+02
3415 0 +4.354819542e-03 +4.817143548e+02 +4.817143548e+02
4188 0 +3.623060906e-03 +4.817136231e+02 +4.817136231e+02
4215 0 +3.090794253e-03 +4.817130908e+02 +4.817130908e+02
4238 0 +2.697611424e-03 +4.817126976e+02 +4.817126976e+02
4333 0 +2.386351004e-03 +4.817123864e+02 +4.817123864e+02
4355 0 +2.152261137e-03 +4.817121523e+02 +4.817121523e+02
4388 0 +1.948806951e-03 +4.817119488e+02 +4.817119488e+02
4465 0 +1.765555574e-03 +4.817117656e+02 +4.817117656e+02
4520 0 +1.522181994e-03 +4.817115222e+02 +4.817115222e+02
4564 0 +1.411370520e-03 +4.817114114e+02 +4.817114114e+02
5900 0 +1.213352347e-03 +4.817112134e+02 +4.817112134e+02
5912 0 +1.105201206e-03 +4.817111052e+02 +4.817111052e+02
6037 0 +9.041928974e-04 +4.817109042e+02 +4.817109042e+02
6053 0 +7.649372686e-04 +4.817107649e+02 +4.817107649e+02
6154 0 +7.024126044e-04 +4.817107024e+02 +4.817107024e+02
6957 0 +6.135668444e-04 +4.817106136e+02 +4.817106136e+02
7195 0 +5.567963485e-04 +4.817105568e+02 +4.817105568e+02
81748 0 +5.226448691e-04 +4.817105226e+02 +4.817105226e+02
% f evaluations | g evaluations | best noise-free fitness - Fopt (-3.646000000000e+01) + sum g_i+ | measured fitness | best measured fitness or single-digit g-values | x1 | x2...
1 0 +2.465382065e+01 -1.180617935e+01 -1.180617935e+01
4 0 +2.139465857e+01 -1.506534143e+01 -1.506534143e+01
21 0 +1.399044977e+01 -2.246955023e+01 -2.246955023e+01
40 0 +1.017832676e+01 -2.628167324e+01 -2.628167324e+01
42 0 +5.654228244e+00 -3.080577176e+01 -3.080577176e+01
54 0 +4.039654228e+00 -3.242034577e+01 -3.242034577e+01
125 0 +2.980417312e+00 -3.347958269e+01 -3.347958269e+01
197 0 +2.795231699e+00 -3.366476830e+01 -3.366476830e+01
198 0 +2.305154978e+00 -3.415484502e+01 -3.415484502e+01
210 0 +2.039311767e+00 -3.442068823e+01 -3.442068823e+01
218 0 +1.786905881e+00 -3.467309412e+01 -3.467309412e+01
221 0 +1.333687958e+00 -3.512631204e+01 -3.512631204e+01
232 0 +1.040754449e+00 -3.541924555e+01 -3.541924555e+01
295 0 +8.776178637e-01 -3.558238214e+01 -3.558238214e+01
342 0 +7.426187295e-01 -3.571738127e+01 -3.571738127e+01
351 0 +7.053614483e-01 -3.575463855e+01 -3.575463855e+01
378 0 +6.299907453e-01 -3.583000925e+01 -3.583000925e+01
434 0 +5.370486685e-01 -3.592295133e+01 -3.592295133e+01
467 0 +4.923027856e-01 -3.596769721e+01 -3.596769721e+01
500 0 +4.303472340e-01 -3.602965277e+01 -3.602965277e+01
544 0 +3.842876194e-01 -3.607571238e+01 -3.607571238e+01
1681 0 +2.081830370e-01 -3.625181696e+01 -3.625181696e+01
1786 0 +1.773201823e-01 -3.628267982e+01 -3.628267982e+01
1819 0 +1.202629130e-01 -3.633973709e+01 -3.633973709e+01
1869 0 +1.049661114e-01 -3.635503389e+01 -3.635503389e+01
1927 0 +8.026759395e-02 -3.637973241e+01 -3.637973241e+01
1937 0 +7.493359835e-02 -3.638506640e+01 -3.638506640e+01
2012 0 +7.059210983e-02 -3.638940789e+01 -3.638940789e+01
2045 0 +6.289118004e-02 -3.639710882e+01 -3.639710882e+01
2056 0 +5.563327371e-02 -3.640436673e+01 -3.640436673e+01
2133 0 +4.966796062e-02 -3.641033204e+01 -3.641033204e+01
2177 0 +4.241997923e-02 -3.641758002e+01 -3.641758002e+01
2232 0 +3.774445911e-02 -3.642225554e+01 -3.642225554e+01
3238 0 +3.023061644e-02 -3.642976938e+01 -3.642976938e+01
3302 0 +2.607964140e-02 -3.643392036e+01 -3.643392036e+01
3357 0 +2.286546930e-02 -3.643713453e+01 -3.643713453e+01
3375 0 +2.224625777e-02 -3.643775374e+01 -3.643775374e+01
3397 0 +1.530134054e-02 -3.644469866e+01 -3.644469866e+01
3424 0 +1.259947780e-02 -3.644740052e+01 -3.644740052e+01
3459 0 +1.145267613e-02 -3.644854732e+01 -3.644854732e+01
3481 0 +1.087983978e-02 -3.644912016e+01 -3.644912016e+01
3624 0 +8.940293991e-03 -3.645105971e+01 -3.645105971e+01
3657 0 +8.852309996e-03 -3.645114769e+01 -3.645114769e+01
3745 0 +7.756546512e-03 -3.645224345e+01 -3.645224345e+01
3789 0 +6.628781918e-03 -3.645337122e+01 -3.645337122e+01
3800 0 +6.103521325e-03 -3.645389648e+01 -3.645389648e+01
4818 0 +5.051075519e-03 -3.645494892e+01 -3.645494892e+01
4885 0 +4.777418670e-03 -3.645522258e+01 -3.645522258e+01
4917 0 +3.860811945e-03 -3.645613919e+01 -3.645613919e+01
4950 0 +3.330104322e-03 -3.645666990e+01 -3.645666990e+01
4972 0 +2.550304743e-03 -3.645744970e+01 -3.645744970e+01
4983 0 +2.257397027e-03 -3.645774260e+01 -3.645774260e+01
5203 0 +2.190286170e-03 -3.645780971e+01 -3.645780971e+01
5313 0 +1.970567636e-03 -3.645802943e+01 -3.645802943e+01
6398 0 +1.603036688e-03 -3.645839696e+01 -3.645839696e+01
6406 0 +1.525215468e-03 -3.645847478e+01 -3.645847478e+01
6606 0 +1.398271106e-03 -3.645860173e+01 -3.645860173e+01
7632 0 +1.196635231e-03 -3.645880336e+01 -3.645880336e+01
7665 0 +1.063818955e-03 -3.645893618e+01 -3.645893618e+01
8108 0 +9.994979136e-04 -3.645900050e+01 -3.645900050e+01
100219 0 +9.347244413e-04 -3.645906528e+01 -3.645906528e+01
% f evaluations | g evaluations | best noise-free fitness - Fopt (3.920000000000e+01) + sum g_i+ | measured fitness | best measured fitness or single-digit g-values | x1 | x2...
1 0 +1.568236830e+01 +5.488236830e+01 +5.488236830e+01
9 0 +1.457277528e+01 +5.377277528e+01 +5.377277528e+01
11 0 +9.394546312e+00 +4.859454631e+01 +4.859454631e+01
49 0 +8.859854072e+00 +4.805985407e+01 +4.805985407e+01
59 0 +6.646368305e+00 +4.584636831e+01 +4.584636831e+01
81 0 +5.914273006e+00 +4.511427301e+01 +4.511427301e+01
83 0 +4.801216459e+00 +4.400121646e+01 +4.400121646e+01
97 0 +2.865246103e+00 +4.206524610e+01 +4.206524610e+01
102 0 +2.663985790e+00 +4.186398579e+01 +4.186398579e+01
253 0 +2.353898349e+00 +4.155389835e+01 +4.155389835e+01
277 0 +1.876137308e+00 +4.107613731e+01 +4.107613731e+01
326 0 +1.616688407e+00 +4.081668841e+01 +4.081668841e+01
349 0 +1.486764995e+00 +4.068676500e+01 +4.068676500e+01
361 0 +1.232465918e+00 +4.043246592e+01 +4.043246592e+01
423 0 +9.175156847e-01 +4.011751568e+01 +4.011751568e+01
445 0 +7.886963485e-01 +3.998869635e+01 +3.998869635e+01
544 0 +6.636845188e-01 +3.986368452e+01 +3.986368452e+01
632 0 +6.260347143e-01 +3.982603471e+01 +3.982603471e+01
1386 0 +5.334793689e-01 +3.973347937e+01 +3.973347937e+01
1445 0 +4.818796409e-01 +3.968187964e+01 +3.968187964e+01
1462 0 +4.198714800e-01 +3.961987148e+01 +3.961987148e+01
1482 0 +2.382152759e-01 +3.943821528e+01 +3.943821528e+01
1511 0 +2.103172624e-01 +3.941031726e+01 +3.941031726e+01
1606 0 +1.324745951e-01 +3.933247460e+01 +3.933247460e+01
1738 0 +1.163014225e-01 +3.931630142e+01 +3.931630142e+01
1760 0 +1.099074376e-01 +3.930990744e+01 +3.930990744e+01
1793 0 +9.986942636e-02 +3.929986943e+01 +3.929986943e+01
2224 0 +7.709769585e-02 +3.927709770e+01 +3.927709770e+01
2275 0 +6.780217749e-02 +3.926780218e+01 +3.926780218e+01
2295 0 +6.307086468e-02 +3.926307086e+01 +3.926307086e+01
2301 0 +5.562487077e-02 +3.925562487e+01 +3.925562487e+01
2331 0 +4.687364138e-02 +3.924687364e+01 +3.924687364e+01
2392 0 +4.334340011e-02 +3.924334340e+01 +3.924334340e+01
2452 0 +3.480955141e-02 +3.923480955e+01 +3.923480955e+01
2454 0 +3.022197283e-02 +3.923022197e+01 +3.923022197e+01
2557 0 +2.509712274e-02 +3.922509712e+01 +3.922509712e+01
2568 0 +2.214629114e-02 +3.922214629e+01 +3.922214629e+01
2722 0 +1.966322961e-02 +3.921966323e+01 +3.921966323e+01
3563 0 +1.744175098e-02 +3.921744175e+01 +3.921744175e+01
3625 0 +1.569029701e-02 +3.921569030e+01 +3.921569030e+01
3676 0 +1.391449967e-02 +3.921391450e+01 +3.921391450e+01
3894 0 +1.254900505e-02 +3.921254901e+01 +3.921254901e+01
4889 0 +1.109712575e-02 +3.921109713e+01 +3.921109713e+01
5318 0 +9.993206306e-03 +3.920999321e+01 +3.920999321e+01
66740 0 +8.907382014e-03 +3.920890738e+01 +3.920890738e+01
100468 0 +8.748067627e-03 +3.920874807e+01 +3.920874807e+01
% f evaluations | g evaluations | best noise-free fitness - Fopt (-3.225000000000e+01) + sum g_i+ | measured fitness | best measured fitness or single-digit g-values | x1 | x2...
1 0 +1.162257420e+02 +8.397574203e+01 +8.397574203e+01
2 0 +4.160223443e+01 +9.352234431e+00 +9.352234431e+00
13 0 +2.347728668e+01 -8.772713322e+00 -8.772713322e+00
25 0 +2.168372881e+01 -1.056627119e+01 -1.056627119e+01
31 0 +1.993749352e+01 -1.231250648e+01 -1.231250648e+01
40 0 +1.703539931e+01 -1.521460069e+01 -1.521460069e+01
42 0 +1.232736192e+01 -1.992263808e+01 -1.992263808e+01
52 0 +8.793474302e+00 -2.345652570e+01 -2.345652570e+01
83 0 +7.123135984e+00 -2.512686402e+01 -2.512686402e+01
108 0 +6.865520917e+00 -2.538447908e+01 -2.538447908e+01
120 0 +3.938145819e+00 -2.831185418e+01 -2.831185418e+01
187 0 +3.195382595e+00 -2.905461740e+01 -2.905461740e+01
196 0 +2.714029525e+00 -2.953597048e+01 -2.953597048e+01
223 0 +2.093085107e+00 -3.015691489e+01 -3.015691489e+01
248 0 +1.778484199e+00 -3.047151580e+01 -3.047151580e+01
264 0 +1.443799898e+00 -3.080620010e+01 -3.080620010e+01
372 0 +1.190140800e+00 -3.105985920e+01 -3.105985920e+01
393 0 +9.980739756e-01 -3.125192602e+01 -3.125192602e+01
445 0 +8.217985339e-01 -3.142820147e+01 -3.142820147e+01
467 0 +6.746241134e-01 -3.157537589e+01 -3.157537589e+01
522 0 +6.303916119e-01 -3.161960839e+01 -3.161960839e+01
544 0 +5.410281579e-01 -3.170897184e+01 -3.170897184e+01
588 0 +4.884165986e-01 -3.176158340e+01 -3.176158340e+01
1271 0 +4.248313099e-01 -3.182516869e+01 -3.182516869e+01
1284 0 +3.791602342e-01 -3.187083977e+01 -3.187083977e+01
1299 0 +2.562732477e-01 -3.199372675e+01 -3.199372675e+01
1345 0 +2.449536559e-01 -3.200504634e+01 -3.200504634e+01
1367 0 +2.023062090e-01 -3.204769379e+01 -3.204769379e+01
1540 0 +1.937469190e-01 -3.205625308e+01 -3.205625308e+01
1551 0 +1.675018361e-01 -3.208249816e+01 -3.208249816e+01
1562 0 +1.488750185e-01 -3.210112498e+01 -3.210112498e+01
1617 0 +1.399328685e-01 -3.211006713e+01 -3.211006713e+01
1683 0 +1.252506817e-01 -3.212474932e+01 -3.212474932e+01
2819 0 +9.098658693e-02 -3.215901341e+01 -3.215901341e+01
2917 0 +8.506460074e-02 -3.216493540e+01 -3.216493540e+01
2940 0 +7.320798977e-02 -3.217679201e+01 -3.217679201e+01
2983 0 +6.046069345e-02 -3.218953931e+01 -3.218953931e+01
3027 0 +5.150432192e-02 -3.219849568e+01 -3.219849568e+01
3044 0 +4.970947621e-02 -3.220029052e+01 -3.220029052e+01
3141 0 +4.059227881e-02 -3.220940772e+01 -3.220940772e+01
3185 0 +3.965213359e-02 -3.221034787e+01 -3.221034787e+01
3582 0 +3.461944968e-02 -3.221538055e+01 -3.221538055e+01
3669 0 +2.495944902e-02 -3.222504055e+01 -3.222504055e+01
3822 0 +2.130321870e-02 -3.222869678e+01 -3.222869678e+01
3949 0 +1.885969485e-02 -3.223114031e+01 -3.223114031e+01
4092 0 +1.774213449e-02 -3.223225787e+01 -3.223225787e+01
5440 0 +1.510942911e-02 -3.223489057e+01 -3.223489057e+01
5640 0 +1.381767232e-02 -3.223618233e+01 -3.223618233e+01
6702 0 +1.234905633e-02 -3.223765094e+01 -3.223765094e+01
47945 0 +9.975805647e-03 -3.224002419e+01 -3.224002419e+01
94874 0 +9.975707986e-03 -3.224002429e+01 -3.224002429e+01
% f evaluations | g evaluations | best noise-free fitness - Fopt (3.681200000000e+02) + sum g_i+ | measured fitness | best measured fitness or single-digit g-values | x1 | x2...
1 0 +1.434612973e+01 +3.824661297e+02 +3.824661297e+02
3 0 +1.316782235e+01 +3.812878224e+02 +3.812878224e+02
9 0 +9.538127195e+00 +3.776581272e+02 +3.776581272e+02
18 0 +8.593106964e+00 +3.767131070e+02 +3.767131070e+02
25 0 +7.482138307e+00 +3.756021383e+02 +3.756021383e+02
36 0 +6.127738617e+00 +3.742477386e+02 +3.742477386e+02
48 0 +5.119698918e+00 +3.732396989e+02 +3.732396989e+02
53 0 +4.619470096e+00 +3.727394701e+02 +3.727394701e+02
96 0 +3.787682556e+00 +3.719076826e+02 +3.719076826e+02
136 0 +2.911834304e+00 +3.710318343e+02 +3.710318343e+02
161 0 +2.100132442e+00 +3.702201324e+02 +3.702201324e+02
217 0 +1.620261058e+00 +3.697402611e+02 +3.697402611e+02
238 0 +1.568825158e+00 +3.696888252e+02 +3.696888252e+02
258 0 +1.176180327e+00 +3.692961803e+02 +3.692961803e+02
263 0 +1.067509200e+00 +3.691875092e+02 +3.691875092e+02
278 0 +7.792065117e-01 +3.688992065e+02 +3.688992065e+02
467 0 +6.907802484e-01 +3.688107802e+02 +3.688107802e+02
522 0 +6.147698547e-01 +3.687347699e+02 +3.687347699e+02
566 0 +5.616821913e-01 +3.686816822e+02 +3.686816822e+02
1088 0 +5.010089429e-01 +3.686210089e+02 +3.686210089e+02
1126 0 +4.203089258e-01 +3.685403089e+02 +3.685403089e+02
1182 0 +3.659126537e-01 +3.684859127e+02 +3.684859127e+02
1202 0 +3.079847190e-01 +3.684279847e+02 +3.684279847e+02
1247 0 +2.319605291e-01 +3.683519605e+02 +3.683519605e+02
1271 0 +1.864178478e-01 +3.683064178e+02 +3.683064178e+02
1286 0 +1.657954191e-01 +3.682857954e+02 +3.682857954e+02
1347 0 +1.554350708e-01 +3.682754351e+02 +3.682754351e+02
1572 0 +1.321525793e-01 +3.682521526e+02 +3.682521526e+02
1616 0 +1.254002225e-01 +3.682454002e+02 +3.682454002e+02
1682 0 +1.111566995e-01 +3.682311567e+02 +3.682311567e+02
2786 0 +9.565259151e-02 +3.682156526e+02 +3.682156526e+02
3004 0 +8.903800641e-02 +3.682090380e+02 +3.682090380e+02
3027 0 +7.549492459e-02 +3.681954949e+02 +3.681954949e+02
3107 0 +6.505551469e-02 +3.681850555e+02 +3.681850555e+02
3114 0 +5.621470093e-02 +3.681762147e+02 +3.681762147e+02
3294 0 +4.990779867e-02 +3.681699078e+02 +3.681699078e+02
3382 0 +4.359784364e-02 +3.681635978e+02 +3.681635978e+02
3514 0 +3.980425823e-02 +3.681598043e+02 +3.681598043e+02
4172 0 +3.530113991e-02 +3.681553011e+02 +3.681553011e+02
4344 0 +2.884067658e-02 +3.681488407e+02 +3.681488407e+02
4366 0 +2.780307384e-02 +3.681478031e+02 +3.681478031e+02
4586 0 +2.499676587e-02 +3.681449968e+02 +3.681449968e+02
5702 0 +2.205889024e-02 +3.681420589e+02 +3.681420589e+02
6875 0 +1.980057018e-02 +3.681398006e+02 +3.681398006e+02
100304 0 +1.838112980e-02 +3.681383811e+02 +3.681383811e+02
% f evaluations | g evaluations | best noise-free fitness - Fopt (4.739000000000e+01) + sum g_i+ | measured fitness | best measured fitness or single-digit g-values | x1 | x2...
1 0 +1.068140261e+01 +5.807140261e+01 +5.807140261e+01
2 0 +1.017310552e+01 +5.756310552e+01 +5.756310552e+01
4 0 +8.060007881e+00 +5.545000788e+01 +5.545000788e+01
11 0 +7.187845399e+00 +5.457784540e+01 +5.457784540e+01
14 0 +6.685904781e+00 +5.407590478e+01 +5.407590478e+01
20 0 +5.425793720e+00 +5.281579372e+01 +5.281579372e+01
79 0 +4.485898121e+00 +5.187589812e+01 +5.187589812e+01
101 0 +4.148293601e+00 +5.153829360e+01 +5.153829360e+01
108 0 +2.327811853e+00 +4.971781185e+01 +4.971781185e+01
181 0 +1.991892516e+00 +4.938189252e+01 +4.938189252e+01
213 0 +1.474336677e+00 +4.886433668e+01 +4.886433668e+01
252 0 +1.380336574e+00 +4.877033657e+01 +4.877033657e+01
282 0 +1.011647042e+00 +4.840164704e+01 +4.840164704e+01
291 0 +7.201224163e-01 +4.811012242e+01 +4.811012242e+01
337 0 +5.953286289e-01 +4.798532863e+01 +4.798532863e+01
467 0 +5.564575995e-01 +4.794645760e+01 +4.794645760e+01
489 0 +4.925632097e-01 +4.788256321e+01 +4.788256321e+01
533 0 +4.396049212e-01 +4.782960492e+01 +4.782960492e+01
894 0 +3.315329638e-01 +4.772153296e+01 +4.772153296e+01
1010 0 +2.429508559e-01 +4.763295086e+01 +4.763295086e+01
1088 0 +1.595965241e-01 +4.754959652e+01 +4.754959652e+01
1119 0 +1.518096524e-01 +4.754180965e+01 +4.754180965e+01
1154 0 +1.214009588e-01 +4.751140096e+01 +4.751140096e+01
1220 0 +9.480079421e-02 +4.748480079e+01 +4.748480079e+01
1231 0 +7.880881828e-02 +4.746880882e+01 +4.746880882e+01
1253 0 +6.994341136e-02 +4.745994341e+01 +4.745994341e+01
1330 0 +6.297621042e-02 +4.745297621e+01 +4.745297621e+01
2797 0 +4.679764084e-02 +4.743679764e+01 +4.743679764e+01
2849 0 +2.941987869e-02 +4.741941988e+01 +4.741941988e+01
2949 0 +2.047131079e-02 +4.741047131e+01 +4.741047131e+01
3001 0 +1.985866916e-02 +4.740985867e+01 +4.740985867e+01
3009 0 +1.489565754e-02 +4.740489566e+01 +4.740489566e+01
3096 0 +1.375701467e-02 +4.740375701e+01 +4.740375701e+01
3140 0 +1.168914271e-02 +4.740168914e+01 +4.740168914e+01
3162 0 +1.099833723e-02 +4.740099834e+01 +4.740099834e+01
3250 0 +9.990509829e-03 +4.739999051e+01 +4.739999051e+01
4078 0 +8.770461699e-03 +4.739877046e+01 +4.739877046e+01
4091 0 +6.184753574e-03 +4.739618475e+01 +4.739618475e+01
4455 0 +5.595866648e-03 +4.739559587e+01 +4.739559587e+01
5809 0 +4.756160155e-03 +4.739475616e+01 +4.739475616e+01
5822 0 +4.408498021e-03 +4.739440850e+01 +4.739440850e+01
5882 0 +3.234505223e-03 +4.739323451e+01 +4.739323451e+01
5996 0 +2.908963147e-03 +4.739290896e+01 +4.739290896e+01
6026 0 +2.745146808e-03 +4.739274515e+01 +4.739274515e+01
6188 0 +2.483007749e-03 +4.739248301e+01 +4.739248301e+01
6342 0 +2.198111260e-03 +4.739219811e+01 +4.739219811e+01
43232 0 +1.995256990e-03 +4.739199526e+01 +4.739199526e+01
64333 0 +1.741714427e-03 +4.739174171e+01 +4.739174171e+01
100008 0 +1.732412416e-03 +4.739173241e+01 +4.739173241e+01
% f evaluations | g evaluations | best noise-free fitness - Fopt (-3.428900000000e+02) + sum g_i+ | measured fitness | best measured fitness or single-digit g-values | x1 | x2...
1 0 +2.175484508e+01 -3.211351549e+02 -3.211351549e+02
2 0 +1.386620802e+01 -3.290237920e+02 -3.290237920e+02
7 0 +1.052922784e+01 -3.323607722e+02 -3.323607722e+02
13 0 +6.673235964e+00 -3.362167640e+02 -3.362167640e+02
79 0 +4.979677143e+00 -3.379103229e+02 -3.379103229e+02
98 0 +4.034991825e+00 -3.388550082e+02 -3.388550082e+02
106 0 +3.970186253e+00 -3.389198137e+02 -3.389198137e+02
126 0 +3.323706182e+00 -3.395662938e+02 -3.395662938e+02
130 0 +2.948572986e+00 -3.399414270e+02 -3.399414270e+02
163 0 +1.582472242e+00 -3.413075278e+02 -3.413075278e+02
267 0 +1.400838614e+00 -3.414891614e+02 -3.414891614e+02
303 0 +1.044947094e+00 -3.418450529e+02 -3.418450529e+02
306 0 +9.853170446e-01 -3.419046830e+02 -3.419046830e+02
383 0 +8.274616519e-01 -3.420625383e+02 -3.420625383e+02
399 0 +6.494872472e-01 -3.422405128e+02 -3.422405128e+02
434 0 +4.993952599e-01 -3.423906047e+02 -3.423906047e+02
467 0 +4.438061717e-01 -3.424461938e+02 -3.424461938e+02
500 0 +3.932915416e-01 -3.424967085e+02 -3.424967085e+02
533 0 +3.357575684e-01 -3.425542424e+02 -3.425542424e+02
566 0 +3.134963076e-01 -3.425765037e+02 -3.425765037e+02
1219 0 +2.674204728e-01 -3.426225795e+02 -3.426225795e+02
1282 0 +2.486114890e-01 -3.426413885e+02 -3.426413885e+02
1324 0 +1.487025134e-01 -3.427412975e+02 -3.427412975e+02
1395 0 +1.282261411e-01 -3.427617739e+02 -3.427617739e+02
1473 0 +1.202636352e-01 -3.427697364e+02 -3.427697364e+02
1484 0 +1.044728727e-01 -3.427855271e+02 -3.427855271e+02
1517 0 +9.901789020e-02 -3.427909821e+02 -3.427909821e+02
2323 0 +7.902573240e-02 -3.428109743e+02 -3.428109743e+02
2401 0 +6.310708542e-02 -3.428268929e+02 -3.428268929e+02
2455 0 +5.724712800e-02 -3.428327529e+02 -3.428327529e+02
2472 0 +4.961644242e-02 -3.428403836e+02 -3.428403836e+02
2542 0 +3.869496476e-02 -3.428513050e+02 -3.428513050e+02
2565 0 +3.514214304e-02 -3.428548579e+02 -3.428548579e+02
2575 0 +2.778202486e-02 -3.428622180e+02 -3.428622180e+02
2667 0 +2.473127054e-02 -3.428652687e+02 -3.428652687e+02
2700 0 +2.189377085e-02 -3.428681062e+02 -3.428681062e+02
2843 0 +1.993938864e-02 -3.428700606e+02 -3.428700606e+02
3246 0 +1.732456150e-02 -3.428726754e+02 -3.428726754e+02
3261 0 +1.311952358e-02 -3.428768805e+02 -3.428768805e+02
3338 0 +1.071986894e-02 -3.428792801e+02 -3.428792801e+02
3475 0 +9.074137582e-03 -3.428809259e+02 -3.428809259e+02
3552 0 +8.789527739e-03 -3.428812105e+02 -3.428812105e+02
4986 0 +7.176304685e-03 -3.428828237e+02 -3.428828237e+02
4994 0 +6.778025918e-03 -3.428832220e+02 -3.428832220e+02
5073 0 +6.277340863e-03 -3.428837227e+02 -3.428837227e+02
5137 0 +5.597190766e-03 -3.428844028e+02 -3.428844028e+02
6732 0 +4.995706933e-03 -3.428850043e+02 -3.428850043e+02
100008 0 +4.782995612e-03 -3.428852170e+02 -3.428852170e+02
% f evaluations | g evaluations | best noise-free fitness - Fopt (9.102000000000e+01) + sum g_i+ | measured fitness | best measured fitness or single-digit g-values | x1 | x2...
1 0 +1.522126509e+01 +1.062412651e+02 +1.062412651e+02
3 0 +7.564922576e+00 +9.858492258e+01 +9.858492258e+01
6 0 +6.989185383e+00 +9.800918538e+01 +9.800918538e+01
11 0 +5.616487269e+00 +9.663648727e+01 +9.663648727e+01
12 0 +4.915397235e+00 +9.593539723e+01 +9.593539723e+01
43 0 +4.385056064e+00 +9.540505606e+01 +9.540505606e+01
78 0 +3.478337665e+00 +9.449833766e+01 +9.449833766e+01
124 0 +2.178388916e+00 +9.319838892e+01 +9.319838892e+01
174 0 +1.778023110e+00 +9.279802311e+01 +9.279802311e+01
220 0 +1.505332990e+00 +9.252533299e+01 +9.252533299e+01
243 0 +1.147990721e+00 +9.216799072e+01 +9.216799072e+01
276 0 +9.642500925e-01 +9.198425009e+01 +9.198425009e+01
304 0 +7.657042659e-01 +9.178570427e+01 +9.178570427e+01
309 0 +6.739974938e-01 +9.169399749e+01 +9.169399749e+01
358 0 +6.269782129e-01 +9.164697821e+01 +9.164697821e+01
399 0 +5.211888339e-01 +9.154118883e+01 +9.154118883e+01
445 0 +4.385340327e-01 +9.145853403e+01 +9.145853403e+01
456 0 +3.761715177e-01 +9.139617152e+01 +9.139617152e+01
489 0 +3.294596371e-01 +9.134945964e+01 +9.134945964e+01
544 0 +3.094636745e-01 +9.132946367e+01 +9.132946367e+01
566 0 +2.770999321e-01 +9.129709993e+01 +9.129709993e+01
1565 0 +2.433950365e-01 +9.126339504e+01 +9.126339504e+01
1580 0 +1.954972004e-01 +9.121549720e+01 +9.121549720e+01
1616 0 +1.528292497e-01 +9.117282925e+01 +9.117282925e+01
1640 0 +1.347287254e-01 +9.115472873e+01 +9.115472873e+01
1692 0 +1.115628221e-01 +9.113156282e+01 +9.113156282e+01
1714 0 +8.422594787e-02 +9.110422595e+01 +9.110422595e+01
1743 0 +6.523514478e-02 +9.108523514e+01 +9.108523514e+01
1754 0 +5.784172581e-02 +9.107784173e+01 +9.107784173e+01
1760 0 +5.539174390e-02 +9.107539174e+01 +9.107539174e+01
1804 0 +3.840891538e-02 +9.105840892e+01 +9.105840892e+01
1815 0 +3.170994191e-02 +9.105170994e+01 +9.105170994e+01
1826 0 +2.393415108e-02 +9.104393415e+01 +9.104393415e+01
1837 0 +2.033579251e-02 +9.104033579e+01 +9.104033579e+01
1848 0 +1.898099287e-02 +9.103898099e+01 +9.103898099e+01
1936 0 +1.744164668e-02 +9.103744165e+01 +9.103744165e+01
1991 0 +1.544171086e-02 +9.103544171e+01 +9.103544171e+01
3013 0 +1.352964038e-02 +9.103352964e+01 +9.103352964e+01
3036 0 +1.150539135e-02 +9.103150539e+01 +9.103150539e+01
3058 0 +1.011738068e-02 +9.103011738e+01 +9.103011738e+01
3061 0 +8.154868726e-03 +9.102815487e+01 +9.102815487e+01
3130 0 +6.031246631e-03 +9.102603125e+01 +9.102603125e+01
3152 0 +5.460709320e-03 +9.102546071e+01 +9.102546071e+01
3163 0 +4.751298657e-03 +9.102475130e+01 +9.102475130e+01
3196 0 +4.313289706e-03 +9.102431329e+01 +9.102431329e+01
3328 0 +3.950072545e-03 +9.102395007e+01 +9.102395007e+01
3383 0 +3.499260118e-03 +9.102349926e+01 +9.102349926e+01
4956 0 +2.588573390e-03 +9.102258857e+01 +9.102258857e+01
4972 0 +2.275694791e-03 +9.102227569e+01 +9.102227569e+01
5038 0 +2.160266258e-03 +9.102216027e+01 +9.102216027e+01
5093 0 +1.981317319e-03 +9.102198132e+01 +9.102198132e+01
6096 0 +1.593262844e-03 +9.102159326e+01 +9.102159326e+01
6141 0 +1.275886768e-03 +9.102127589e+01 +9.102127589e+01
6217 0 +1.159855660e-03 +9.102115986e+01 +9.102115986e+01
6291 0 +1.105757398e-03 +9.102110576e+01 +9.102110576e+01
6386 0 +9.797554923e-04 +9.102097976e+01 +9.102097976e+01
7535 0 +8.734060638e-04 +9.102087341e+01 +9.102087341e+01
100004 0 +8.054348855e-04 +9.102080543e+01 +9.102080543e+01
% f evaluations | g evaluations | best noise-free fitness - Fopt (7.324200000000e+02) + sum g_i+ | measured fitness | best measured fitness or single-digit g-values | x1 | x2...
1 0 +1.239160366e+01 +7.448116037e+02 +7.448116037e+02
3 0 +7.710073000e+00 +7.401300730e+02 +7.401300730e+02
82 0 +6.555049997e+00 +7.389750500e+02 +7.389750500e+02
85 0 +6.103338470e+00 +7.385233385e+02 +7.385233385e+02
96 0 +5.521458087e+00 +7.379414581e+02 +7.379414581e+02
108 0 +4.360009789e+00 +7.367800098e+02 +7.367800098e+02
181 0 +3.955005945e+00 +7.363750059e+02 +7.363750059e+02
198 0 +3.318965869e+00 +7.357389659e+02 +7.357389659e+02
215 0 +3.075855352e+00 +7.354958554e+02 +7.354958554e+02
216 0 +2.755628662e+00 +7.351756287e+02 +7.351756287e+02
223 0 +2.351342032e+00 +7.347713420e+02 +7.347713420e+02
315 0 +2.082813422e+00 +7.345028134e+02 +7.345028134e+02
331 0 +1.769854909e+00 +7.341898549e+02 +7.341898549e+02
337 0 +1.471297247e+00 +7.338912972e+02 +7.338912972e+02
381 0 +1.367566598e+00 +7.337875666e+02 +7.337875666e+02
395 0 +1.153644501e+00 +7.335736445e+02 +7.335736445e+02
423 0 +1.023292619e+00 +7.334432926e+02 +7.334432926e+02
434 0 +9.501865896e-01 +7.333701866e+02 +7.333701866e+02
445 0 +8.159049914e-01 +7.332359050e+02 +7.332359050e+02
456 0 +6.357007871e-01 +7.330557008e+02 +7.330557008e+02
478 0 +6.084760967e-01 +7.330284761e+02 +7.330284761e+02
489 0 +5.606708666e-01 +7.329806709e+02 +7.329806709e+02
500 0 +4.740602959e-01 +7.328940603e+02 +7.328940603e+02
522 0 +4.169641079e-01 +7.328369641e+02 +7.328369641e+02
588 0 +3.940790144e-01 +7.328140790e+02 +7.328140790e+02
1847 0 +2.978284044e-01 +7.327178284e+02 +7.327178284e+02
1859 0 +2.702751225e-01 +7.326902751e+02 +7.326902751e+02
1925 0 +2.492332405e-01 +7.326692332e+02 +7.326692332e+02
2002 0 +2.123298904e-01 +7.326323299e+02 +7.326323299e+02
2024 0 +1.952574454e-01 +7.326152574e+02 +7.326152574e+02
2090 0 +1.772302338e-01 +7.325972302e+02 +7.325972302e+02
2478 0 +1.327270179e-01 +7.325527270e+02 +7.325527270e+02
2492 0 +1.210881626e-01 +7.325410882e+02 +7.325410882e+02
2542 0 +1.069778023e-01 +7.325269778e+02 +7.325269778e+02
2565 0 +9.801910752e-02 +7.325180191e+02 +7.325180191e+02
2610 0 +8.127727966e-02 +7.325012773e+02 +7.325012773e+02
2647 0 +7.363916993e-02 +7.324936392e+02 +7.324936392e+02
2718 0 +5.122408264e-02 +7.324712241e+02 +7.324712241e+02
2964 0 +4.933298535e-02 +7.324693330e+02 +7.324693330e+02
3844 0 +4.011650102e-02 +7.324601165e+02 +7.324601165e+02
3902 0 +3.916212062e-02 +7.324591621e+02 +7.324591621e+02
4033 0 +3.037072417e-02 +7.324503707e+02 +7.324503707e+02
4146 0 +2.703691482e-02 +7.324470369e+02 +7.324470369e+02
5428 0 +2.504675644e-02 +7.324450468e+02 +7.324450468e+02
80785 0 +2.256492826e-02 +7.324425649e+02 +7.324425649e+02
% f evaluations | g evaluations | best noise-free fitness - Fopt (3.542000000000e+01) + sum g_i+ | measured fitness | best measured fitness or single-digit g-values | x1 | x2...
1 0 +3.365626820e+01 +6.907626820e+01 +6.907626820e+01
6 0 +2.334214607e+01 +5.876214607e+01 +5.876214607e+01
14 0 +1.868410982e+01 +5.410410982e+01 +5.410410982e+01
18 0 +1.598369248e+01 +5.140369248e+01 +5.140369248e+01
19 0 +1.494200695e+01 +5.036200695e+01 +5.036200695e+01
22 0 +7.682595790e+00 +4.310259579e+01 +4.310259579e+01
91 0 +6.584584138e+00 +4.200458414e+01 +4.200458414e+01
95 0 +5.904916702e+00 +4.132491670e+01 +4.132491670e+01
120 0 +5.481891296e+00 +4.090189130e+01 +4.090189130e+01
150 0 +3.584480701e+00 +3.900448070e+01 +3.900448070e+01
158 0 +3.512318590e+00 +3.893231859e+01 +3.893231859e+01
184 0 +3.123307410e+00 +3.854330741e+01 +3.854330741e+01
239 0 +2.779489010e+00 +3.819948901e+01 +3.819948901e+01
267 0 +1.783015354e+00 +3.720301535e+01 +3.720301535e+01
292 0 +1.733101380e+00 +3.715310138e+01 +3.715310138e+01
326 0 +1.329165164e+00 +3.674916516e+01 +3.674916516e+01
401 0 +1.184151519e+00 +3.660415152e+01 +3.660415152e+01
434 0 +9.795701509e-01 +3.639957015e+01 +3.639957015e+01
467 0 +8.496286795e-01 +3.626962868e+01 +3.626962868e+01
511 0 +7.868081739e-01 +3.620680817e+01 +3.620680817e+01
544 0 +6.071498638e-01 +3.602714986e+01 +3.602714986e+01
1675 0 +5.521407849e-01 +3.597214078e+01 +3.597214078e+01
1763 0 +4.669078063e-01 +3.588690781e+01 +3.588690781e+01
1771 0 +4.370051858e-01 +3.585700519e+01 +3.585700519e+01
1806 0 +3.967516922e-01 +3.581675169e+01 +3.581675169e+01
1815 0 +3.290675772e-01 +3.574906758e+01 +3.574906758e+01
1822 0 +2.522046241e-01 +3.567220462e+01 +3.567220462e+01
1832 0 +2.503455736e-01 +3.567034557e+01 +3.567034557e+01
1884 0 +2.070792368e-01 +3.562707924e+01 +3.562707924e+01
1892 0 +1.761356498e-01 +3.559613565e+01 +3.559613565e+01
1957 0 +1.161263671e-01 +3.553612637e+01 +3.553612637e+01
1973 0 +1.115938942e-01 +3.553159389e+01 +3.553159389e+01
2008 0 +9.149960308e-02 +3.551149960e+01 +3.551149960e+01
2199 0 +8.702691923e-02 +3.550702692e+01 +3.550702692e+01
3080 0 +7.719976575e-02 +3.549719977e+01 +3.549719977e+01
3156 0 +7.010638147e-02 +3.549010638e+01 +3.549010638e+01
3173 0 +6.167668721e-02 +3.548167669e+01 +3.548167669e+01
3338 0 +5.587044266e-02 +3.547587044e+01 +3.547587044e+01
4059 0 +4.853177105e-02 +3.546853177e+01 +3.546853177e+01
4254 0 +4.410899448e-02 +3.546410899e+01 +3.546410899e+01
4532 0 +3.980212402e-02 +3.545980212e+01 +3.545980212e+01
80798 0 +3.698038865e-02 +3.545698039e+01 +3.545698039e+01
