% f evaluations | g evaluations | best noise-free fitness - Fopt (1.238300000000e+02) + sum g_i+ | measured fitness | best measured fitness or single-digit g-values | x1 | x2...
1 0 +1.390825449e+04 +1.403208449e+04 +1.403208449e+04
2 0 +2.819520562e+03 +2.943350562e+03 +2.943350562e+03
9 0 +1.530769631e+03 +1.654599631e+03 +1.654599631e+03
49 0 +1.147745436e+03 +1.271575436e+03 +1.271575436e+03
121 0 +7.495585032e+02 +8.733885032e+02 +8.733885032e+02
142 0 +3.116239350e+02 +4.354539350e+02 +4.354539350e+02
184 0 +1.479463559e+02 +2.717763559e+02 +2.717763559e+02
226 0 +8.753450236e+01 +2.113645024e+02 +2.113645024e+02
247 0 +7.267673240e+01 +1.965067324e+02 +1.965067324e+02
268 0 +5.055525969e+01 +1.743852597e+02 +1.743852597e+02
310 0 +3.806705835e+01 +1.618970584e+02 +1.618970584e+02
394 0 +3.486447119e+01 +1.586944712e+02 +1.586944712e+02
436 0 +3.121107496e+01 +1.550410750e+02 +1.550410750e+02
457 0 +2.807132811e+01 +1.519013281e+02 +1.519013281e+02
478 0 +2.495964626e+01 +1.487896463e+02 +1.487896463e+02
541 0 +2.156716367e+01 +1.453971637e+02 +1.453971637e+02
583 0 +1.870058230e+01 +1.425305823e+02 +1.425305823e+02
730 0 +1.767680065e+01 +1.415068006e+02 +1.415068006e+02
1129 0 +1.572140188e+01 +1.395514019e+02 +1.395514019e+02
1255 0 +1.392335437e+01 +1.377533544e+02 +1.377533544e+02
1423 0 +1.235681184e+01 +1.361868118e+02 +1.361868118e+02
1528 0 +1.098062315e+01 +1.348106231e+02 +1.348106231e+02
1675 0 +9.669099936e+00 +1.334990999e+02 +1.334990999e+02
1759 0 +8.822801932e+00 +1.326528019e+02 +1.326528019e+02
1864 0 +7.827135060e+00 +1.316571351e+02 +1.316571351e+02
1927 0 +6.826160197e+00 +1.306561602e+02 +1.306561602e+02
1969 0 +6.126612012e+00 +1.299566120e+02 +1.299566120e+02
2032 0 +5.610361203e+00 +1.294403612e+02 +1.294403612e+02
2074 0 +4.973871148e+00 +1.288038711e+02 +1.288038711e+02
2137 0 +4.408083214e+00 +1.282380832e+02 +1.282380832e+02
2200 0 +3.882687988e+00 +1.277126880e+02 +1.277126880e+02
2242 0 +3.429783679e+00 +1.272597837e+02 +1.272597837e+02
2263 0 +3.074021697e+00 +1.269040217e+02 +1.269040217e+02
2284 0 +2.683792602e+00 +1.265137926e+02 +1.265137926e+02
2305 0 +2.291730784e+00 +1.261217308e+02 +1.261217308e+02
2326 0 +1.840151385e+00 +1.256701514e+02 +1.256701514e+02
2368 0 +1.758457126e+00 +1.255884571e+02 +1.255884571e+02
2410 0 +1.406927495e+00 +1.252369275e+02 +1.252369275e+02
2431 0 +1.139881397e+00 +1.249698814e+02 +1.249698814e+02
2473 0 +1.017675962e+00 +1.248476760e+02 +1.248476760e+02
2494 0 +8.433971402e-01 +1.246733971e+02 +1.246733971e+02
2515 0 +6.104308434e-01 +1.244404308e+02 +1.244404308e+02
2536 0 +4.028974967e-01 +1.242328975e+02 +1.242328975e+02
2578 0 +3.069024012e-01 +1.241369024e+02 +1.241369024e+02
2620 0 +2.526589208e-01 +1.240826589e+02 +1.240826589e+02
2641 0 +1.877073776e-01 +1.240177074e+02 +1.240177074e+02
2662 0 +1.424377244e-01 +1.239724377e+02 +1.239724377e+02
2683 0 +8.535779055e-02 +1.239153578e+02 +1.239153578e+02
2704 0 +5.561166925e-02 +1.238856117e+02 +1.238856117e+02
2725 0 +2.981251645e-02 +1.238598125e+02 +1.238598125e+02
2746 0 +1.784666202e-02 +1.238478467e+02 +1.238478467e+02
2767 0 +1.212278809e-02 +1.238421228e+02 +1.238421228e+02
2788 0 +5.695083835e-03 +1.238356951e+02 +1.238356951e+02
2809 0 +4.635338901e-03 +1.238346353e+02 +1.238346353e+02
2830 0 +2.785962509e-03 +1.238327860e+02 +1.238327860e+02
2851 0 +4.333919895e-04 +1.238304334e+02 +1.238304334e+02
2872 0 +9.435587953e-05 +1.238300944e+02 +1.238300944e+02
2893 0 +1.806866763e-05 +1.238300181e+02 +1.238300181e+02
2914 0 +1.578582555e-06 +1.238300016e+02 +1.238300016e+02
2935 0 +2.828213468e-07 +1.238300003e+02 +1.238300003e+02
2956 0 +1.107797232e-08 +1.238300000e+02 +1.238300000e+02
2977 0 +6.814104836e-10 +1.238300000e+02 +1.238300000e+02
200003 0 +3.038280738e-11 +1.238300000e+02 +1.238300000e+02
% f evaluations | g evaluations | best noise-free fitness - Fopt (4.751000000000e+01) + sum g_i+ | measured fitness | best measured fitness or single-digit g-values | x1 | x2...
1 0 +1.702953815e+04 +1.707704815e+04 +1.707704815e+04
2 0 +5.756245154e+03 +5.803755154e+03 +5.803755154e+03
9 0 +2.404763783e+03 +2.452273783e+03 +2.452273783e+03
18 0 +1.989170411e+03 +2.036680411e+03 +2.036680411e+03
50 0 +1.707912485e+03 +1.755422485e+03 +1.755422485e+03
90 0 +1.284927647e+03 +1.332437647e+03 +1.332437647e+03
95 0 +1.248989093e+03 +1.296499093e+03 +1.296499093e+03
98 0 +7.449016357e+02 +7.924116357e+02 +7.924116357e+02
121 0 +3.588812280e+02 +4.063912280e+02 +4.063912280e+02
142 0 +1.682470434e+02 +2.157570434e+02 +2.157570434e+02
184 0 +8.632471049e+01 +1.338347105e+02 +1.338347105e+02
226 0 +4.237311545e+01 +8.988311545e+01 +8.988311545e+01
268 0 +2.959051088e+01 +7.710051088e+01 +7.710051088e+01
310 0 +2.815043413e+01 +7.566043413e+01 +7.566043413e+01
352 0 +2.255879950e+01 +7.006879950e+01 +7.006879950e+01
394 0 +2.189553605e+01 +6.940553605e+01 +6.940553605e+01
478 0 +1.930908014e+01 +6.681908014e+01 +6.681908014e+01
583 0 +1.772019116e+01 +6.523019116e+01 +6.523019116e+01
898 0 +1.583713280e+01 +6.334713280e+01 +6.334713280e+01
1108 0 +1.412152996e+01 +6.163152996e+01 +6.163152996e+01
1234 0 +1.241189333e+01 +5.992189333e+01 +5.992189333e+01
1360 0 +1.114896440e+01 +5.865896440e+01 +5.865896440e+01
1528 0 +9.882200430e+00 +5.739220043e+01 +5.739220043e+01
1612 0 +8.895654745e+00 +5.640565474e+01 +5.640565474e+01
1717 0 +7.662303455e+00 +5.517230345e+01 +5.517230345e+01
1780 0 +6.811724369e+00 +5.432172437e+01 +5.432172437e+01
1822 0 +6.165775289e+00 +5.367577529e+01 +5.367577529e+01
1906 0 +5.529492668e+00 +5.303949267e+01 +5.303949267e+01
1948 0 +4.835332781e+00 +5.234533278e+01 +5.234533278e+01
1990 0 +4.338821101e+00 +5.184882110e+01 +5.184882110e+01
2032 0 +3.772120877e+00 +5.128212088e+01 +5.128212088e+01
2053 0 +3.448255916e+00 +5.095825592e+01 +5.095825592e+01
2074 0 +3.017855653e+00 +5.052785565e+01 +5.052785565e+01
2095 0 +2.817424031e+00 +5.032742403e+01 +5.032742403e+01
2137 0 +2.367445473e+00 +4.987744547e+01 +4.987744547e+01
2179 0 +2.201437122e+00 +4.971143712e+01 +4.971143712e+01
2200 0 +1.933995861e+00 +4.944399586e+01 +4.944399586e+01
2221 0 +1.537271920e+00 +4.904727192e+01 +4.904727192e+01
2242 0 +1.193970798e+00 +4.870397080e+01 +4.870397080e+01
2284 0 +1.097634181e+00 +4.860763418e+01 +4.860763418e+01
2305 0 +9.491173238e-01 +4.845911732e+01 +4.845911732e+01
2326 0 +7.567757973e-01 +4.826677580e+01 +4.826677580e+01
2347 0 +5.096888098e-01 +4.801968881e+01 +4.801968881e+01
2368 0 +3.940613375e-01 +4.790406134e+01 +4.790406134e+01
2389 0 +3.070629897e-01 +4.781706299e+01 +4.781706299e+01
2410 0 +1.847843051e-01 +4.769478431e+01 +4.769478431e+01
2452 0 +1.420200206e-01 +4.765202002e+01 +4.765202002e+01
2473 0 +1.036535114e-01 +4.761365351e+01 +4.761365351e+01
2494 0 +6.151451802e-02 +4.757151452e+01 +4.757151452e+01
2536 0 +4.191657346e-02 +4.755191657e+01 +4.755191657e+01
2557 0 +2.329440089e-02 +4.753329440e+01 +4.753329440e+01
2578 0 +1.269079225e-02 +4.752269079e+01 +4.752269079e+01
2599 0 +6.502293991e-03 +4.751650229e+01 +4.751650229e+01
2620 0 +2.286499999e-03 +4.751228650e+01 +4.751228650e+01
2641 0 +8.443417767e-04 +4.751084434e+01 +4.751084434e+01
2662 0 +1.635237078e-04 +4.751016352e+01 +4.751016352e+01
2683 0 +3.918578209e-05 +4.751003919e+01 +4.751003919e+01
2704 0 +1.335848516e-06 +4.751000134e+01 +4.751000134e+01
2725 0 +1.310450273e-07 +4.751000013e+01 +4.751000013e+01
2746 0 +8.111449290e-09 +4.751000001e+01 +4.751000001e+01
200007 0 +1.771383040e-11 +4.751000000e+01 +4.751000000e+01
% f evaluations | g evaluations | best noise-free fitness - Fopt (5.534000000000e+01) + sum g_i+ | measured fitness | best measured fitness or single-digit g-values | x1 | x2...
1 0 +9.943109871e+03 +9.998449871e+03 +9.998449871e+03
2 0 +2.796848073e+03 +2.852188073e+03 +2.852188073e+03
9 0 +1.669337599e+03 +1.724677599e+03 +1.724677599e+03
49 0 +1.446338230e+03 +1.501678230e+03 +1.501678230e+03
79 0 +1.229653580e+03 +1.284993580e+03 +1.284993580e+03
92 0 +7.730636736e+02 +8.284036736e+02 +8.284036736e+02
111 0 +5.773746362e+02 +6.327146362e+02 +6.327146362e+02
121 0 +2.754519686e+02 +3.307919686e+02 +3.307919686e+02
142 0 +8.597711420e+01 +1.413171142e+02 +1.413171142e+02
184 0 +4.142676800e+01 +9.676676800e+01 +9.676676800e+01
226 0 +2.523551906e+01 +8.057551906e+01 +8.057551906e+01
268 0 +2.251480930e+01 +7.785480930e+01 +7.785480930e+01
310 0 +2.232371461e+01 +7.766371461e+01 +7.766371461e+01
436 0 +1.976550900e+01 +7.510550900e+01 +7.510550900e+01
688 0 +1.778006202e+01 +7.312006202e+01 +7.312006202e+01
1045 0 +1.574353380e+01 +7.108353380e+01 +7.108353380e+01
1192 0 +1.387614020e+01 +6.921614020e+01 +6.921614020e+01
1360 0 +1.240252954e+01 +6.774252954e+01 +6.774252954e+01
1444 0 +1.101158148e+01 +6.635158148e+01 +6.635158148e+01
1549 0 +9.707351756e+00 +6.504735176e+01 +6.504735176e+01
1633 0 +8.762188752e+00 +6.410218875e+01 +6.410218875e+01
1717 0 +7.886721566e+00 +6.322672157e+01 +6.322672157e+01
1780 0 +6.949478255e+00 +6.228947825e+01 +6.228947825e+01
1843 0 +5.995155536e+00 +6.133515554e+01 +6.133515554e+01
1885 0 +5.222507256e+00 +6.056250726e+01 +6.056250726e+01
1948 0 +4.749914254e+00 +6.008991425e+01 +6.008991425e+01
1969 0 +4.395313104e+00 +5.973531310e+01 +5.973531310e+01
2032 0 +3.761889311e+00 +5.910188931e+01 +5.910188931e+01
2053 0 +3.479240398e+00 +5.881924040e+01 +5.881924040e+01
2074 0 +3.097147761e+00 +5.843714776e+01 +5.843714776e+01
2095 0 +2.745198731e+00 +5.808519873e+01 +5.808519873e+01
2137 0 +2.171497629e+00 +5.751149763e+01 +5.751149763e+01
2158 0 +1.845150060e+00 +5.718515006e+01 +5.718515006e+01
2179 0 +1.645607985e+00 +5.698560798e+01 +5.698560798e+01
2200 0 +1.357024895e+00 +5.669702490e+01 +5.669702490e+01
2221 0 +1.056415794e+00 +5.639641579e+01 +5.639641579e+01
2263 0 +9.579450290e-01 +5.629794503e+01 +5.629794503e+01
2284 0 +8.025775373e-01 +5.614257754e+01 +5.614257754e+01
2305 0 +5.951076970e-01 +5.593510770e+01 +5.593510770e+01
2326 0 +4.375051115e-01 +5.577750511e+01 +5.577750511e+01
2347 0 +2.980697341e-01 +5.563806973e+01 +5.563806973e+01
2389 0 +2.016746013e-01 +5.554167460e+01 +5.554167460e+01
2410 0 +1.753082751e-01 +5.551530828e+01 +5.551530828e+01
2431 0 +1.390109757e-01 +5.547901098e+01 +5.547901098e+01
2452 0 +1.019586186e-01 +5.544195862e+01 +5.544195862e+01
2473 0 +7.340767292e-02 +5.541340767e+01 +5.541340767e+01
2494 0 +3.710877265e-02 +5.537710877e+01 +5.537710877e+01
2515 0 +2.323663993e-02 +5.536323664e+01 +5.536323664e+01
2536 0 +1.034457225e-02 +5.535034457e+01 +5.535034457e+01
2557 0 +8.449906724e-03 +5.534844991e+01 +5.534844991e+01
2578 0 +4.716836797e-03 +5.534471684e+01 +5.534471684e+01
2599 0 +1.839741046e-03 +5.534183974e+01 +5.534183974e+01
2620 0 +5.407999755e-04 +5.534054080e+01 +5.534054080e+01
2641 0 +8.652018298e-05 +5.534008652e+01 +5.534008652e+01
2662 0 +1.322940753e-05 +5.534001323e+01 +5.534001323e+01
2683 0 +2.506770059e-06 +5.534000251e+01 +5.534000251e+01
2704 0 +2.578310045e-07 +5.534000026e+01 +5.534000026e+01
2725 0 +2.496382479e-08 +5.534000002e+01 +5.534000002e+01
2746 0 +1.427977736e-09 +5.534000000e+01 +5.534000000e+01
200025 0 +9.642064924e-12 +5.534000000e+01 +5.534000000e+01
% f evaluations | g evaluations | best noise-free fitness - Fopt (-9.033000000000e+01) + sum g_i+ | measured fitness | best measured fitness or single-digit g-values | x1 | x2...
1 0 +1.167033023e+04 +1.158000023e+04 +1.158000023e+04
2 0 +3.782303991e+03 +3.691973991e+03 +3.691973991e+03
9 0 +1.949598466e+03 +1.859268466e+03 +1.859268466e+03
22 0 +1.442262322e+03 +1.351932322e+03 +1.351932322e+03
77 0 +1.280343369e+03 +1.190013369e+03 +1.190013369e+03
87 0 +4.307602399e+02 +3.404302399e+02 +3.404302399e+02
121 0 +2.814267082e+02 +1.910967082e+02 +1.910967082e+02
163 0 +1.611321441e+02 +7.080214407e+01 +7.080214407e+01
205 0 +1.272231276e+02 +3.689312757e+01 +3.689312757e+01
247 0 +1.117629127e+02 +2.143291269e+01 +2.143291269e+01
268 0 +9.764603487e+01 +7.316034872e+00 +7.316034872e+00
352 0 +8.616606660e+01 -4.163933401e+00 -4.163933401e+00
478 0 +7.878302983e+01 -1.154697017e+01 -1.154697017e+01
814 0 +7.025853094e+01 -2.007146906e+01 -2.007146906e+01
877 0 +6.233543994e+01 -2.799456006e+01 -2.799456006e+01
919 0 +5.440853407e+01 -3.592146593e+01 -3.592146593e+01
961 0 +4.221234690e+01 -4.811765310e+01 -4.811765310e+01
982 0 +2.905395077e+01 -6.127604923e+01 -6.127604923e+01
1003 0 +1.984568150e+01 -7.048431850e+01 -7.048431850e+01
1024 0 +1.615785621e+01 -7.417214379e+01 -7.417214379e+01
1045 0 +1.577279856e+01 -7.455720144e+01 -7.455720144e+01
1150 0 +1.407063311e+01 -7.625936689e+01 -7.625936689e+01
1297 0 +1.257500427e+01 -7.775499573e+01 -7.775499573e+01
1402 0 +1.111683083e+01 -7.921316917e+01 -7.921316917e+01
1507 0 +9.902667563e+00 -8.042733244e+01 -8.042733244e+01
1633 0 +8.678264001e+00 -8.165173600e+01 -8.165173600e+01
1696 0 +7.912650578e+00 -8.241734942e+01 -8.241734942e+01
1780 0 +7.057112980e+00 -8.327288702e+01 -8.327288702e+01
1843 0 +6.297699523e+00 -8.403230048e+01 -8.403230048e+01
1927 0 +5.565396365e+00 -8.476460363e+01 -8.476460363e+01
2011 0 +4.912523148e+00 -8.541747685e+01 -8.541747685e+01
2074 0 +4.393842184e+00 -8.593615782e+01 -8.593615782e+01
2116 0 +3.950415876e+00 -8.637958412e+01 -8.637958412e+01
2158 0 +3.526034085e+00 -8.680396591e+01 -8.680396591e+01
2200 0 +2.958722086e+00 -8.737127791e+01 -8.737127791e+01
2221 0 +2.769914399e+00 -8.756008560e+01 -8.756008560e+01
2263 0 +2.461563385e+00 -8.786843661e+01 -8.786843661e+01
2305 0 +2.164935985e+00 -8.816506401e+01 -8.816506401e+01
2326 0 +1.977982759e+00 -8.835201724e+01 -8.835201724e+01
2347 0 +1.773907404e+00 -8.855609260e+01 -8.855609260e+01
2389 0 +1.359669135e+00 -8.897033087e+01 -8.897033087e+01
2410 0 +1.041043857e+00 -8.928895614e+01 -8.928895614e+01
2431 0 +8.475937205e-01 -8.948240628e+01 -8.948240628e+01
2452 0 +6.349816468e-01 -8.969501835e+01 -8.969501835e+01
2473 0 +4.874333304e-01 -8.984256667e+01 -8.984256667e+01
2494 0 +3.754359255e-01 -8.995456407e+01 -8.995456407e+01
2515 0 +2.779153103e-01 -9.005208469e+01 -9.005208469e+01
2536 0 +2.144071665e-01 -9.011559283e+01 -9.011559283e+01
2557 0 +1.685227170e-01 -9.016147728e+01 -9.016147728e+01
2578 0 +1.108535078e-01 -9.021914649e+01 -9.021914649e+01
2599 0 +5.337100662e-02 -9.027662899e+01 -9.027662899e+01
2620 0 +3.859003385e-02 -9.029140997e+01 -9.029140997e+01
2641 0 +2.059275904e-02 -9.030940724e+01 -9.030940724e+01
2662 0 +9.523703306e-03 -9.032047630e+01 -9.032047630e+01
2683 0 +2.957002421e-03 -9.032704300e+01 -9.032704300e+01
2704 0 +8.074569899e-04 -9.032919254e+01 -9.032919254e+01
2725 0 +1.717422446e-04 -9.032982826e+01 -9.032982826e+01
2746 0 +6.585588790e-05 -9.032993414e+01 -9.032993414e+01
2767 0 +5.644756625e-05 -9.032994355e+01 -9.032994355e+01
2788 0 +3.916308209e-05 -9.032996084e+01 -9.032996084e+01
2809 0 +1.219411033e-05 -9.032998781e+01 -9.032998781e+01
2830 0 +2.468925686e-07 -9.032999975e+01 -9.032999975e+01
2851 0 +5.006711490e-08 -9.032999995e+01 -9.032999995e+01
2872 0 +1.231654778e-10 -9.033000000e+01 -9.033000000e+01
200022 0 +2.032152224e-12 -9.033000000e+01 -9.033000000e+01
% f evaluations | g evaluations | best noise-free fitness - Fopt (6.561000000000e+01) + sum g_i+ | measured fitness | best measured fitness or single-digit g-values | x1 | x2...
1 0 +1.516080129e+04 +1.522641129e+04 +1.522641129e+04
2 0 +3.861367287e+03 +3.926977287e+03 +3.926977287e+03
9 0 +1.221874695e+03 +1.287484695e+03 +1.287484695e+03
98 0 +8.747060509e+02 +9.403160509e+02 +9.403160509e+02
111 0 +6.623226877e+02 +7.279326877e+02 +7.279326877e+02
117 0 +4.149645924e+02 +4.805745924e+02 +4.805745924e+02
121 0 +2.481018319e+02 +3.137118319e+02 +3.137118319e+02
142 0 +9.711291660e+01 +1.627229166e+02 +1.627229166e+02
184 0 +5.135131511e+01 +1.169613151e+02 +1.169613151e+02
226 0 +2.788386734e+01 +9.349386734e+01 +9.349386734e+01
268 0 +2.357084696e+01 +8.918084696e+01 +8.918084696e+01
352 0 +2.173547647e+01 +8.734547647e+01 +8.734547647e+01
478 0 +1.971869700e+01 +8.532869700e+01 +8.532869700e+01
646 0 +1.764766393e+01 +8.325766393e+01 +8.325766393e+01
1045 0 +1.562853518e+01 +8.123853518e+01 +8.123853518e+01
1213 0 +1.402367181e+01 +7.963367181e+01 +7.963367181e+01
1318 0 +1.243707681e+01 +7.804707681e+01 +7.804707681e+01
1444 0 +1.101543049e+01 +7.662543049e+01 +7.662543049e+01
1549 0 +9.763650860e+00 +7.537365086e+01 +7.537365086e+01
1654 0 +8.766615966e+00 +7.437661597e+01 +7.437661597e+01
1738 0 +7.843532146e+00 +7.345353215e+01 +7.345353215e+01
1822 0 +6.959248906e+00 +7.256924891e+01 +7.256924891e+01
1885 0 +6.029313104e+00 +7.163931310e+01 +7.163931310e+01
1927 0 +5.469599238e+00 +7.107959924e+01 +7.107959924e+01
1990 0 +4.935255102e+00 +7.054525510e+01 +7.054525510e+01
2032 0 +4.369193774e+00 +6.997919377e+01 +6.997919377e+01
2074 0 +3.933517850e+00 +6.954351785e+01 +6.954351785e+01
2116 0 +3.201584896e+00 +6.881158490e+01 +6.881158490e+01
2137 0 +2.818479020e+00 +6.842847902e+01 +6.842847902e+01
2158 0 +2.440048526e+00 +6.805004853e+01 +6.805004853e+01
2221 0 +2.064168599e+00 +6.767416860e+01 +6.767416860e+01
2242 0 +1.782882871e+00 +6.739288287e+01 +6.739288287e+01
2263 0 +1.435665918e+00 +6.704566592e+01 +6.704566592e+01
2284 0 +1.350191973e+00 +6.696019197e+01 +6.696019197e+01
2305 0 +1.228139632e+00 +6.683813963e+01 +6.683813963e+01
2326 0 +9.493498425e-01 +6.655934984e+01 +6.655934984e+01
2347 0 +7.752340754e-01 +6.638523408e+01 +6.638523408e+01
2368 0 +6.752276030e-01 +6.628522760e+01 +6.628522760e+01
2389 0 +5.198692116e-01 +6.612986921e+01 +6.612986921e+01
2410 0 +4.496281835e-01 +6.605962818e+01 +6.605962818e+01
2431 0 +4.082572086e-01 +6.601825721e+01 +6.601825721e+01
2452 0 +3.335173536e-01 +6.594351735e+01 +6.594351735e+01
2473 0 +2.734790143e-01 +6.588347901e+01 +6.588347901e+01
2494 0 +2.128950857e-01 +6.582289509e+01 +6.582289509e+01
2515 0 +1.574526881e-01 +6.576745269e+01 +6.576745269e+01
2536 0 +1.004366884e-01 +6.571043669e+01 +6.571043669e+01
2557 0 +5.866861921e-02 +6.566866862e+01 +6.566866862e+01
2599 0 +4.191762222e-02 +6.565191762e+01 +6.565191762e+01
2620 0 +1.999878347e-02 +6.562999878e+01 +6.562999878e+01
2641 0 +7.856341801e-03 +6.561785634e+01 +6.561785634e+01
2662 0 +2.050558557e-03 +6.561205056e+01 +6.561205056e+01
2683 0 +1.124879517e-03 +6.561112488e+01 +6.561112488e+01
2704 0 +2.753733739e-04 +6.561027537e+01 +6.561027537e+01
2725 0 +5.149634204e-05 +6.561005150e+01 +6.561005150e+01
2746 0 +3.939853983e-06 +6.561000394e+01 +6.561000394e+01
2767 0 +9.830490058e-07 +6.561000098e+01 +6.561000098e+01
2788 0 +1.131042069e-07 +6.561000011e+01 +6.561000011e+01
2809 0 +3.106683266e-08 +6.561000003e+01 +6.561000003e+01
2830 0 +9.187175465e-10 +6.561000000e+01 +6.561000000e+01
200006 0 +4.831690603e-12 +6.561000000e+01 +6.561000000e+01
% f evaluations | g evaluations | best noise-free fitness - Fopt (9.348200000000e+02) + sum g_i+ | measured fitness | best measured fitness or single-digit g-values | x1 | x2...
1 0 +1.188753570e+04 +1.282235570e+04 +1.282235570e+04
2 0 +8.561790347e+03 +9.496610347e+03 +9.496610347e+03
6 0 +4.200821080e+03 +5.135641080e+03 +5.135641080e+03
8 0 +3.484452065e+03 +4.419272065e+03 +4.419272065e+03
9 0 +2.076725311e+03 +3.011545311e+03 +3.011545311e+03
62 0 +1.880159492e+03 +2.814979492e+03 +2.814979492e+03
77 0 +1.265610553e+03 +2.200430553e+03 +2.200430553e+03
92 0 +6.978436588e+02 +1.632663659e+03 +1.632663659e+03
121 0 +4.632769071e+02 +1.398096907e+03 +1.398096907e+03
142 0 +1.501049361e+02 +1.084924936e+03 +1.084924936e+03
184 0 +1.260190285e+02 +1.060839029e+03 +1.060839029e+03
205 0 +1.112124548e+02 +1.046032455e+03 +1.046032455e+03
226 0 +9.511930228e+01 +1.029939302e+03 +1.029939302e+03
268 0 +8.527492772e+01 +1.020094928e+03 +1.020094928e+03
289 0 +7.913173768e+01 +1.013951738e+03 +1.013951738e+03
373 0 +6.286224295e+01 +9.976822429e+02 +9.976822429e+02
436 0 +5.004974604e+01 +9.848697460e+02 +9.848697460e+02
457 0 +4.134293536e+01 +9.761629354e+02 +9.761629354e+02
478 0 +3.168155326e+01 +9.665015533e+02 +9.665015533e+02
520 0 +2.753759028e+01 +9.623575903e+02 +9.623575903e+02
583 0 +2.428919600e+01 +9.591091960e+02 +9.591091960e+02
604 0 +2.235351500e+01 +9.571735150e+02 +9.571735150e+02
625 0 +1.991566782e+01 +9.547356678e+02 +9.547356678e+02
709 0 +1.773482831e+01 +9.525548283e+02 +9.525548283e+02
751 0 +1.561941142e+01 +9.504394114e+02 +9.504394114e+02
835 0 +1.400481006e+01 +9.488248101e+02 +9.488248101e+02
1024 0 +1.229565118e+01 +9.471156512e+02 +9.471156512e+02
1129 0 +1.118163914e+01 +9.460016391e+02 +9.460016391e+02
1255 0 +9.928239862e+00 +9.447482399e+02 +9.447482399e+02
1339 0 +8.905929871e+00 +9.437259299e+02 +9.437259299e+02
1444 0 +7.690907692e+00 +9.425109077e+02 +9.425109077e+02
1507 0 +6.742799591e+00 +9.415627996e+02 +9.415627996e+02
1570 0 +6.221337185e+00 +9.410413372e+02 +9.410413372e+02
1633 0 +5.586633005e+00 +9.404066330e+02 +9.404066330e+02
1696 0 +5.008901451e+00 +9.398289015e+02 +9.398289015e+02
1738 0 +4.358785911e+00 +9.391787859e+02 +9.391787859e+02
1801 0 +3.822539785e+00 +9.386425398e+02 +9.386425398e+02
1843 0 +3.256863246e+00 +9.380768632e+02 +9.380768632e+02
1864 0 +3.126466733e+00 +9.379464667e+02 +9.379464667e+02
1906 0 +2.572009067e+00 +9.373920091e+02 +9.373920091e+02
1927 0 +2.411955741e+00 +9.372319557e+02 +9.372319557e+02
1948 0 +2.219696729e+00 +9.370396967e+02 +9.370396967e+02
1990 0 +1.746329367e+00 +9.365663294e+02 +9.365663294e+02
2011 0 +1.447091707e+00 +9.362670917e+02 +9.362670917e+02
2032 0 +1.062702889e+00 +9.358827029e+02 +9.358827029e+02
2053 0 +8.412294358e-01 +9.356612294e+02 +9.356612294e+02
2095 0 +7.411429884e-01 +9.355611430e+02 +9.355611430e+02
2116 0 +5.728918387e-01 +9.353928918e+02 +9.353928918e+02
2137 0 +4.255071560e-01 +9.352455072e+02 +9.352455072e+02
2158 0 +3.868591194e-01 +9.352068591e+02 +9.352068591e+02
2179 0 +3.185615179e-01 +9.351385615e+02 +9.351385615e+02
2200 0 +2.128752128e-01 +9.350328752e+02 +9.350328752e+02
2242 0 +1.821495915e-01 +9.350021496e+02 +9.350021496e+02
2263 0 +1.595077200e-01 +9.349795077e+02 +9.349795077e+02
2284 0 +1.231410016e-01 +9.349431410e+02 +9.349431410e+02
2305 0 +7.060384612e-02 +9.348906038e+02 +9.348906038e+02
2326 0 +5.374040756e-02 +9.348737404e+02 +9.348737404e+02
2347 0 +2.958295204e-02 +9.348495830e+02 +9.348495830e+02
2368 0 +1.202782887e-02 +9.348320278e+02 +9.348320278e+02
2389 0 +2.986909351e-03 +9.348229869e+02 +9.348229869e+02
2410 0 +1.085114242e-03 +9.348210851e+02 +9.348210851e+02
2431 0 +1.687503735e-04 +9.348201688e+02 +9.348201688e+02
2452 0 +3.432803840e-05 +9.348200343e+02 +9.348200343e+02
2494 0 +8.629967169e-06 +9.348200086e+02 +9.348200086e+02
2515 0 +2.331201586e-06 +9.348200023e+02 +9.348200023e+02
2536 0 +1.089108537e-08 +9.348200000e+02 +9.348200000e+02
2557 0 +2.540559763e-09 +9.348200000e+02 +9.348200000e+02
67104 0 +9.094947018e-13 +9.348200000e+02 +9.348200000e+02
200006 0 +5.684341886e-13 +9.348200000e+02 +9.348200000e+02
% f evaluations | g evaluations | best noise-free fitness - Fopt (-6.371000000000e+01) + sum g_i+ | measured fitness | best measured fitness or single-digit g-values | x1 | x2...
1 0 +1.031131376e+04 +1.024760376e+04 +1.024760376e+04
2 0 +4.520012919e+03 +4.456302919e+03 +4.456302919e+03
9 0 +6.556432037e+02 +5.919332037e+02 +5.919332037e+02
121 0 +2.086392952e+02 +1.449292952e+02 +1.449292952e+02
142 0 +9.683415808e+01 +3.312415808e+01 +3.312415808e+01
184 0 +4.874032960e+01 -1.496967040e+01 -1.496967040e+01
226 0 +3.037405115e+01 -3.333594885e+01 -3.333594885e+01
268 0 +2.605334834e+01 -3.765665166e+01 -3.765665166e+01
310 0 +2.375184533e+01 -3.995815467e+01 -3.995815467e+01
394 0 +2.198382809e+01 -4.172617191e+01 -4.172617191e+01
583 0 +1.987053281e+01 -4.383946719e+01 -4.383946719e+01
1192 0 +1.771325898e+01 -4.599674102e+01 -4.599674102e+01
1402 0 +1.560657349e+01 -4.810342651e+01 -4.810342651e+01
1549 0 +1.376996178e+01 -4.994003822e+01 -4.994003822e+01
1675 0 +1.228662690e+01 -5.142337310e+01 -5.142337310e+01
1780 0 +1.091249143e+01 -5.279750857e+01 -5.279750857e+01
1885 0 +9.844056532e+00 -5.386594347e+01 -5.386594347e+01
1948 0 +8.874404869e+00 -5.483559513e+01 -5.483559513e+01
2053 0 +7.784771704e+00 -5.592522830e+01 -5.592522830e+01
2116 0 +6.763408018e+00 -5.694659198e+01 -5.694659198e+01
2200 0 +6.080486217e+00 -5.762951378e+01 -5.762951378e+01
2263 0 +5.395460371e+00 -5.831453963e+01 -5.831453963e+01
2305 0 +4.905495889e+00 -5.880450411e+01 -5.880450411e+01
2389 0 +4.465992358e+00 -5.924400764e+01 -5.924400764e+01
9060 0 +3.882712110e+00 -5.982728789e+01 -5.982728789e+01
9102 0 +3.372988036e+00 -6.033701196e+01 -6.033701196e+01
9123 0 +2.914987563e+00 -6.079501244e+01 -6.079501244e+01
9144 0 +2.732519312e+00 -6.097748069e+01 -6.097748069e+01
9165 0 +2.454566808e+00 -6.125543319e+01 -6.125543319e+01
9186 0 +2.180711748e+00 -6.152928825e+01 -6.152928825e+01
9207 0 +1.866093504e+00 -6.184390650e+01 -6.184390650e+01
9228 0 +1.662411011e+00 -6.204758899e+01 -6.204758899e+01
9249 0 +1.332098312e+00 -6.237790169e+01 -6.237790169e+01
9270 0 +1.179536969e+00 -6.253046303e+01 -6.253046303e+01
9291 0 +1.097292238e+00 -6.261270776e+01 -6.261270776e+01
9312 0 +8.851169371e-01 -6.282488306e+01 -6.282488306e+01
9333 0 +6.741640617e-01 -6.303583594e+01 -6.303583594e+01
9354 0 +4.933388561e-01 -6.321666114e+01 -6.321666114e+01
9396 0 +3.843931844e-01 -6.332560682e+01 -6.332560682e+01
9438 0 +3.205201369e-01 -6.338947986e+01 -6.338947986e+01
9459 0 +2.427358738e-01 -6.346726413e+01 -6.346726413e+01
9480 0 +1.634782724e-01 -6.354652173e+01 -6.354652173e+01
9501 0 +8.675278065e-02 -6.362324722e+01 -6.362324722e+01
9543 0 +6.315662526e-02 -6.364684337e+01 -6.364684337e+01
9564 0 +3.733606775e-02 -6.367266393e+01 -6.367266393e+01
9585 0 +2.140720659e-02 -6.368859279e+01 -6.368859279e+01
9606 0 +1.212967574e-02 -6.369787032e+01 -6.369787032e+01
9627 0 +6.333706487e-03 -6.370366629e+01 -6.370366629e+01
9648 0 +1.984007474e-03 -6.370801599e+01 -6.370801599e+01
9669 0 +5.419852404e-04 -6.370945801e+01 -6.370945801e+01
9690 0 +1.063850681e-04 -6.370989361e+01 -6.370989361e+01
9711 0 +1.626504528e-05 -6.370998373e+01 -6.370998373e+01
9732 0 +2.779648511e-07 -6.370999972e+01 -6.370999972e+01
9753 0 +7.131983182e-08 -6.370999993e+01 -6.370999993e+01
9774 0 +7.577511951e-10 -6.371000000e+01 -6.371000000e+01
201247 0 +3.873168453e-11 -6.371000000e+01 -6.371000000e+01
% f evaluations | g evaluations | best noise-free fitness - Fopt (1.000000000000e+03) + sum g_i+ | measured fitness | best measured fitness or single-digit g-values | x1 | x2...
1 0 +1.449777276e+04 +1.549777276e+04 +1.549777276e+04
2 0 +2.153679017e+03 +3.153679017e+03 +3.153679017e+03
9 0 +1.264153895e+03 +2.264153895e+03 +2.264153895e+03
121 0 +8.025371220e+02 +1.802537122e+03 +1.802537122e+03
142 0 +2.284032721e+02 +1.228403272e+03 +1.228403272e+03
205 0 +1.952810072e+02 +1.195281007e+03 +1.195281007e+03
226 0 +1.585335454e+02 +1.158533545e+03 +1.158533545e+03
247 0 +1.412210587e+02 +1.141221059e+03 +1.141221059e+03
289 0 +1.196944073e+02 +1.119694407e+03 +1.119694407e+03
352 0 +1.036889293e+02 +1.103688929e+03 +1.103688929e+03
394 0 +8.895483951e+01 +1.088954840e+03 +1.088954840e+03
457 0 +7.481922220e+01 +1.074819222e+03 +1.074819222e+03
478 0 +6.818391606e+01 +1.068183916e+03 +1.068183916e+03
499 0 +5.764709390e+01 +1.057647094e+03 +1.057647094e+03
520 0 +4.972958261e+01 +1.049729583e+03 +1.049729583e+03
562 0 +4.139133700e+01 +1.041391337e+03 +1.041391337e+03
583 0 +3.545323893e+01 +1.035453239e+03 +1.035453239e+03
667 0 +2.937229875e+01 +1.029372299e+03 +1.029372299e+03
688 0 +2.514207453e+01 +1.025142075e+03 +1.025142075e+03
730 0 +2.451935101e+01 +1.024519351e+03 +1.024519351e+03
772 0 +1.947478720e+01 +1.019474787e+03 +1.019474787e+03
856 0 +1.653917514e+01 +1.016539175e+03 +1.016539175e+03
877 0 +1.536954779e+01 +1.015369548e+03 +1.015369548e+03
1003 0 +1.400415602e+01 +1.014004156e+03 +1.014004156e+03
1129 0 +1.242396569e+01 +1.012423966e+03 +1.012423966e+03
1276 0 +1.119328117e+01 +1.011193281e+03 +1.011193281e+03
1360 0 +9.700164478e+00 +1.009700164e+03 +1.009700164e+03
1444 0 +8.875020018e+00 +1.008875020e+03 +1.008875020e+03
1549 0 +7.852405401e+00 +1.007852405e+03 +1.007852405e+03
1591 0 +7.077554177e+00 +1.007077554e+03 +1.007077554e+03
1675 0 +6.290634654e+00 +1.006290635e+03 +1.006290635e+03
1759 0 +5.532641765e+00 +1.005532642e+03 +1.005532642e+03
1801 0 +4.914509777e+00 +1.004914510e+03 +1.004914510e+03
1906 0 +4.399314421e+00 +1.004399314e+03 +1.004399314e+03
4568 0 +3.886811971e+00 +1.003886812e+03 +1.003886812e+03
4610 0 +3.377011315e+00 +1.003377011e+03 +1.003377011e+03
4631 0 +3.000110151e+00 +1.003000110e+03 +1.003000110e+03
4652 0 +2.718744404e+00 +1.002718744e+03 +1.002718744e+03
4715 0 +2.478453677e+00 +1.002478454e+03 +1.002478454e+03
4757 0 +2.129924429e+00 +1.002129924e+03 +1.002129924e+03
4778 0 +1.804543301e+00 +1.001804543e+03 +1.001804543e+03
4799 0 +1.395357177e+00 +1.001395357e+03 +1.001395357e+03
4841 0 +1.196513139e+00 +1.001196513e+03 +1.001196513e+03
4862 0 +1.013840645e+00 +1.001013841e+03 +1.001013841e+03
4883 0 +8.267485576e-01 +1.000826749e+03 +1.000826749e+03
4904 0 +6.704453537e-01 +1.000670445e+03 +1.000670445e+03
4925 0 +5.490789088e-01 +1.000549079e+03 +1.000549079e+03
4946 0 +4.027190768e-01 +1.000402719e+03 +1.000402719e+03
4967 0 +2.843999699e-01 +1.000284400e+03 +1.000284400e+03
4988 0 +2.319045345e-01 +1.000231905e+03 +1.000231905e+03
5009 0 +2.154376719e-01 +1.000215438e+03 +1.000215438e+03
5030 0 +1.296126375e-01 +1.000129613e+03 +1.000129613e+03
5051 0 +7.552423893e-02 +1.000075524e+03 +1.000075524e+03
5072 0 +3.691789697e-02 +1.000036918e+03 +1.000036918e+03
5114 0 +2.428350482e-02 +1.000024284e+03 +1.000024284e+03
5135 0 +1.225472734e-02 +1.000012255e+03 +1.000012255e+03
5156 0 +7.286509967e-03 +1.000007287e+03 +1.000007287e+03
5177 0 +2.347227496e-03 +1.000002347e+03 +1.000002347e+03
5198 0 +9.442233642e-04 +1.000000944e+03 +1.000000944e+03
5219 0 +1.501978886e-04 +1.000000150e+03 +1.000000150e+03
5240 0 +1.712660969e-05 +1.000000017e+03 +1.000000017e+03
5261 0 +7.797093531e-06 +1.000000008e+03 +1.000000008e+03
5282 0 +1.605626380e-06 +1.000000002e+03 +1.000000002e+03
5303 0 +2.097660854e-07 +1.000000000e+03 +1.000000000e+03
5324 0 +3.286572792e-09 +1.000000000e+03 +1.000000000e+03
49141 0 +5.684341886e-13 +1.000000000e+03 +1.000000000e+03
200020 0 +4.547473509e-13 +1.000000000e+03 +1.000000000e+03
% f evaluations | g evaluations | best noise-free fitness - Fopt (3.197000000000e+01) + sum g_i+ | measured fitness | best measured fitness or single-digit g-values | x1 | x2...
1 0 +2.566085749e+04 +2.569282749e+04 +2.569282749e+04
2 0 +7.793794136e+03 +7.825764136e+03 +7.825764136e+03
8 0 +3.063176071e+03 +3.095146071e+03 +3.095146071e+03
9 0 +1.611783448e+03 +1.643753448e+03 +1.643753448e+03
49 0 +1.475336400e+03 +1.507306400e+03 +1.507306400e+03
51 0 +8.063708100e+02 +8.383408100e+02 +8.383408100e+02
98 0 +7.269360041e+02 +7.589060041e+02 +7.589060041e+02
121 0 +3.297700571e+02 +3.617400571e+02 +3.617400571e+02
142 0 +1.814145271e+02 +2.133845271e+02 +2.133845271e+02
163 0 +1.734765894e+02 +2.054465894e+02 +2.054465894e+02
205 0 +1.362523605e+02 +1.682223605e+02 +1.682223605e+02
226 0 +9.777255151e+01 +1.297425515e+02 +1.297425515e+02
289 0 +8.804712251e+01 +1.200171225e+02 +1.200171225e+02
331 0 +6.535064844e+01 +9.732064844e+01 +9.732064844e+01
352 0 +5.025357074e+01 +8.222357074e+01 +8.222357074e+01
394 0 +4.244782257e+01 +7.441782257e+01 +7.441782257e+01
436 0 +3.791594312e+01 +6.988594312e+01 +6.988594312e+01
457 0 +3.544397402e+01 +6.741397402e+01 +6.741397402e+01
520 0 +2.839865408e+01 +6.036865408e+01 +6.036865408e+01
562 0 +2.720021312e+01 +5.917021312e+01 +5.917021312e+01
583 0 +2.503995222e+01 +5.700995222e+01 +5.700995222e+01
604 0 +2.210878875e+01 +5.407878875e+01 +5.407878875e+01
688 0 +1.947189851e+01 +5.144189851e+01 +5.144189851e+01
730 0 +1.663686903e+01 +4.860686903e+01 +4.860686903e+01
751 0 +1.567439719e+01 +4.764439719e+01 +4.764439719e+01
940 0 +1.410735793e+01 +4.607735793e+01 +4.607735793e+01
1087 0 +1.224695430e+01 +4.421695430e+01 +4.421695430e+01
1192 0 +1.121268417e+01 +4.318268417e+01 +4.318268417e+01
1297 0 +9.917471175e+00 +4.188747117e+01 +4.188747117e+01
1402 0 +8.805779358e+00 +4.077577936e+01 +4.077577936e+01
1465 0 +7.890554375e+00 +3.986055438e+01 +3.986055438e+01
1549 0 +6.821595864e+00 +3.879159586e+01 +3.879159586e+01
1612 0 +6.142188204e+00 +3.811218820e+01 +3.811218820e+01
1654 0 +5.594423890e+00 +3.756442389e+01 +3.756442389e+01
1759 0 +4.931259370e+00 +3.690125937e+01 +3.690125937e+01
1822 0 +4.060404497e+00 +3.603040450e+01 +3.603040450e+01
1843 0 +3.794297768e+00 +3.576429777e+01 +3.576429777e+01
1864 0 +3.492600993e+00 +3.546260099e+01 +3.546260099e+01
1948 0 +2.993802754e+00 +3.496380275e+01 +3.496380275e+01
1969 0 +2.805534136e+00 +3.477553414e+01 +3.477553414e+01
1990 0 +2.488917160e+00 +3.445891716e+01 +3.445891716e+01
2011 0 +2.145994437e+00 +3.411599444e+01 +3.411599444e+01
2032 0 +1.829219182e+00 +3.379921918e+01 +3.379921918e+01
2053 0 +1.420599619e+00 +3.339059962e+01 +3.339059962e+01
2074 0 +1.344676121e+00 +3.331467612e+01 +3.331467612e+01
2095 0 +1.215148876e+00 +3.318514888e+01 +3.318514888e+01
2116 0 +1.008047128e+00 +3.297804713e+01 +3.297804713e+01
2137 0 +7.150662049e-01 +3.268506620e+01 +3.268506620e+01
2158 0 +5.730740032e-01 +3.254307400e+01 +3.254307400e+01
2179 0 +3.968447524e-01 +3.236684475e+01 +3.236684475e+01
2200 0 +2.885368439e-01 +3.225853684e+01 +3.225853684e+01
2221 0 +2.113960780e-01 +3.218139608e+01 +3.218139608e+01
2242 0 +1.498898592e-01 +3.211988986e+01 +3.211988986e+01
2263 0 +1.404896931e-01 +3.211048969e+01 +3.211048969e+01
2284 0 +1.194646439e-01 +3.208946464e+01 +3.208946464e+01
2305 0 +7.734749345e-02 +3.204734749e+01 +3.204734749e+01
2326 0 +4.143724091e-02 +3.201143724e+01 +3.201143724e+01
2347 0 +2.158471642e-02 +3.199158472e+01 +3.199158472e+01
2389 0 +9.531706803e-03 +3.197953171e+01 +3.197953171e+01
2410 0 +5.394689195e-03 +3.197539469e+01 +3.197539469e+01
2431 0 +2.690693320e-03 +3.197269069e+01 +3.197269069e+01
2452 0 +1.076471674e-03 +3.197107647e+01 +3.197107647e+01
2473 0 +1.833891660e-04 +3.197018339e+01 +3.197018339e+01
2494 0 +7.679546318e-06 +3.197000768e+01 +3.197000768e+01
2515 0 +4.541981653e-07 +3.197000045e+01 +3.197000045e+01
2536 0 +4.376693497e-08 +3.197000004e+01 +3.197000004e+01
2557 0 +7.766907117e-10 +3.197000000e+01 +3.197000000e+01
200018 0 +4.751399274e-11 +3.197000000e+01 +3.197000000e+01
% f evaluations | g evaluations | best noise-free fitness - Fopt (5.819000000000e+01) + sum g_i+ | measured fitness | best measured fitness or single-digit g-values | x1 | x2...
1 0 +6.374724716e+03 +6.432914716e+03 +6.432914716e+03
2 0 +3.976619630e+03 +4.034809630e+03 +4.034809630e+03
9 0 +2.300404036e+03 +2.358594036e+03 +2.358594036e+03
55 0 +1.961360459e+03 +2.019550459e+03 +2.019550459e+03
62 0 +1.608964731e+03 +1.667154731e+03 +1.667154731e+03
89 0 +1.576040868e+03 +1.634230868e+03 +1.634230868e+03
102 0 +1.389725901e+03 +1.447915901e+03 +1.447915901e+03
110 0 +1.176368378e+03 +1.234558378e+03 +1.234558378e+03
119 0 +1.059652852e+03 +1.117842852e+03 +1.117842852e+03
121 0 +6.953609557e+02 +7.535509557e+02 +7.535509557e+02
142 0 +1.892113942e+02 +2.474013942e+02 +2.474013942e+02
184 0 +1.691419795e+02 +2.273319795e+02 +2.273319795e+02
205 0 +1.351903889e+02 +1.933803889e+02 +1.933803889e+02
226 0 +8.345088561e+01 +1.416408856e+02 +1.416408856e+02
268 0 +6.165321376e+01 +1.198432138e+02 +1.198432138e+02
352 0 +5.551958770e+01 +1.137095877e+02 +1.137095877e+02
415 0 +4.748530975e+01 +1.056753097e+02 +1.056753097e+02
478 0 +4.224235505e+01 +1.004323551e+02 +1.004323551e+02
520 0 +3.877660849e+01 +9.696660849e+01 +9.696660849e+01
541 0 +3.488084725e+01 +9.307084725e+01 +9.307084725e+01
562 0 +3.028106996e+01 +8.847106996e+01 +8.847106996e+01
625 0 +2.616818861e+01 +8.435818861e+01 +8.435818861e+01
667 0 +2.510931514e+01 +8.329931514e+01 +8.329931514e+01
709 0 +2.186169234e+01 +8.005169234e+01 +8.005169234e+01
751 0 +1.871891001e+01 +7.690891001e+01 +7.690891001e+01
898 0 +1.758607935e+01 +7.577607935e+01 +7.577607935e+01
1024 0 +1.547926282e+01 +7.366926282e+01 +7.366926282e+01
1129 0 +1.377141971e+01 +7.196141971e+01 +7.196141971e+01
1234 0 +1.245610078e+01 +7.064610078e+01 +7.064610078e+01
1381 0 +1.108502189e+01 +6.927502189e+01 +6.927502189e+01
1465 0 +9.905859522e+00 +6.809585952e+01 +6.809585952e+01
1570 0 +8.792855540e+00 +6.698285554e+01 +6.698285554e+01
1654 0 +7.853582685e+00 +6.604358269e+01 +6.604358269e+01
1696 0 +7.061906508e+00 +6.525190651e+01 +6.525190651e+01
1801 0 +6.216179067e+00 +6.440617907e+01 +6.440617907e+01
1843 0 +5.522363438e+00 +6.371236344e+01 +6.371236344e+01
1885 0 +4.987620848e+00 +6.317762085e+01 +6.317762085e+01
1927 0 +4.356868065e+00 +6.254686806e+01 +6.254686806e+01
1969 0 +3.758582566e+00 +6.194858257e+01 +6.194858257e+01
1990 0 +3.448388086e+00 +6.163838809e+01 +6.163838809e+01
2032 0 +3.003811236e+00 +6.119381124e+01 +6.119381124e+01
2053 0 +2.726253576e+00 +6.091625358e+01 +6.091625358e+01
2074 0 +2.422306976e+00 +6.061230698e+01 +6.061230698e+01
2095 0 +2.214225946e+00 +6.040422595e+01 +6.040422595e+01
2116 0 +1.935992452e+00 +6.012599245e+01 +6.012599245e+01
2137 0 +1.587400264e+00 +5.977740026e+01 +5.977740026e+01
2158 0 +1.353566568e+00 +5.954356657e+01 +5.954356657e+01
2179 0 +1.099772911e+00 +5.928977291e+01 +5.928977291e+01
2200 0 +8.457829485e-01 +5.903578295e+01 +5.903578295e+01
2221 0 +7.719567658e-01 +5.896195677e+01 +5.896195677e+01
2242 0 +6.817563598e-01 +5.887175636e+01 +5.887175636e+01
2263 0 +4.799995694e-01 +5.866999957e+01 +5.866999957e+01
2305 0 +4.089840461e-01 +5.859898405e+01 +5.859898405e+01
2326 0 +3.175810447e-01 +5.850758104e+01 +5.850758104e+01
2347 0 +2.264544515e-01 +5.841645445e+01 +5.841645445e+01
2368 0 +1.561244282e-01 +5.834612443e+01 +5.834612443e+01
2410 0 +1.214526835e-01 +5.831145268e+01 +5.831145268e+01
2431 0 +7.465448896e-02 +5.826465449e+01 +5.826465449e+01
2452 0 +4.281277477e-02 +5.823281277e+01 +5.823281277e+01
2473 0 +2.056889827e-02 +5.821056890e+01 +5.821056890e+01
2515 0 +1.181097739e-02 +5.820181098e+01 +5.820181098e+01
2536 0 +7.004303448e-03 +5.819700430e+01 +5.819700430e+01
2557 0 +2.423144684e-03 +5.819242314e+01 +5.819242314e+01
2578 0 +1.077724342e-03 +5.819107772e+01 +5.819107772e+01
2599 0 +1.911649681e-04 +5.819019116e+01 +5.819019116e+01
2620 0 +7.439991391e-05 +5.819007440e+01 +5.819007440e+01
2641 0 +3.422224694e-06 +5.819000342e+01 +5.819000342e+01
2662 0 +5.693127605e-07 +5.819000057e+01 +5.819000057e+01
2683 0 +2.572285496e-08 +5.819000003e+01 +5.819000003e+01
2704 0 +2.342090966e-09 +5.819000000e+01 +5.819000000e+01
200018 0 +3.364419854e-11 +5.819000000e+01 +5.819000000e+01
% f evaluations | g evaluations | best noise-free fitness - Fopt (-4.840000000000e+00) + sum g_i+ | measured fitness | best measured fitness or single-digit g-values | x1 | x2...
1 0 +1.054975988e+04 +1.054491988e+04 +1.054491988e+04
2 0 +2.391411272e+03 +2.386571272e+03 +2.386571272e+03
9 0 +1.339685045e+03 +1.334845045e+03 +1.334845045e+03
39 0 +1.176818444e+03 +1.171978444e+03 +1.171978444e+03
82 0 +1.083261933e+03 +1.078421933e+03 +1.078421933e+03
91 0 +8.421935280e+02 +8.373535280e+02 +8.373535280e+02
98 0 +6.040035564e+02 +5.991635564e+02 +5.991635564e+02
121 0 +4.118287397e+02 +4.069887397e+02 +4.069887397e+02
142 0 +2.726861322e+02 +2.678461322e+02 +2.678461322e+02
163 0 +1.650418607e+02 +1.602018607e+02 +1.602018607e+02
205 0 +1.268257856e+02 +1.219857856e+02 +1.219857856e+02
226 0 +1.198455745e+02 +1.150055745e+02 +1.150055745e+02
247 0 +1.047298423e+02 +9.988984226e+01 +9.988984226e+01
289 0 +9.381998439e+01 +8.897998439e+01 +8.897998439e+01
310 0 +8.665449003e+01 +8.181449003e+01 +8.181449003e+01
331 0 +7.362518341e+01 +6.878518341e+01 +6.878518341e+01
352 0 +6.034776813e+01 +5.550776813e+01 +5.550776813e+01
415 0 +5.331085812e+01 +4.847085812e+01 +4.847085812e+01
436 0 +4.669456113e+01 +4.185456113e+01 +4.185456113e+01
457 0 +4.361368933e+01 +3.877368933e+01 +3.877368933e+01
520 0 +3.787646299e+01 +3.303646299e+01 +3.303646299e+01
541 0 +3.420859723e+01 +2.936859723e+01 +2.936859723e+01
562 0 +2.800954270e+01 +2.316954270e+01 +2.316954270e+01
646 0 +2.510621943e+01 +2.026621943e+01 +2.026621943e+01
688 0 +2.202008220e+01 +1.718008220e+01 +1.718008220e+01
730 0 +1.941325159e+01 +1.457325159e+01 +1.457325159e+01
835 0 +1.760284237e+01 +1.276284237e+01 +1.276284237e+01
1003 0 +1.565505001e+01 +1.081505001e+01 +1.081505001e+01
1171 0 +1.403979110e+01 +9.199791098e+00 +9.199791098e+00
1339 0 +1.239640667e+01 +7.556406671e+00 +7.556406671e+00
1444 0 +1.116047604e+01 +6.320476041e+00 +6.320476041e+00
1528 0 +9.930739616e+00 +5.090739616e+00 +5.090739616e+00
1675 0 +8.731669662e+00 +3.891669662e+00 +3.891669662e+00
1738 0 +7.891478990e+00 +3.051478990e+00 +3.051478990e+00
1801 0 +6.978335374e+00 +2.138335374e+00 +2.138335374e+00
1864 0 +6.107406742e+00 +1.267406742e+00 +1.267406742e+00
1927 0 +5.360026403e+00 +5.200264035e-01 +5.200264035e-01
1948 0 +4.991312254e+00 +1.513122544e-01 +1.513122544e-01
1990 0 +4.380169738e+00 -4.598302622e-01 -4.598302622e-01
2032 0 +3.707090479e+00 -1.132909521e+00 -1.132909521e+00
2053 0 +3.429983623e+00 -1.410016377e+00 -1.410016377e+00
2074 0 +3.026989030e+00 -1.813010970e+00 -1.813010970e+00
2095 0 +2.651285790e+00 -2.188714210e+00 -2.188714210e+00
2116 0 +2.412788150e+00 -2.427211850e+00 -2.427211850e+00
2137 0 +2.095092920e+00 -2.744907080e+00 -2.744907080e+00
2158 0 +1.809623705e+00 -3.030376295e+00 -3.030376295e+00
2179 0 +1.707471911e+00 -3.132528089e+00 -3.132528089e+00
2200 0 +1.526512130e+00 -3.313487870e+00 -3.313487870e+00
2221 0 +1.252991128e+00 -3.587008872e+00 -3.587008872e+00
2242 0 +9.495860951e-01 -3.890413905e+00 -3.890413905e+00
2284 0 +8.556232365e-01 -3.984376763e+00 -3.984376763e+00
2305 0 +7.089710960e-01 -4.131028904e+00 -4.131028904e+00
2326 0 +4.942647106e-01 -4.345735289e+00 -4.345735289e+00
2368 0 +4.138369583e-01 -4.426163042e+00 -4.426163042e+00
2389 0 +3.092034377e-01 -4.530796562e+00 -4.530796562e+00
2410 0 +2.296962734e-01 -4.610303727e+00 -4.610303727e+00
2431 0 +1.440081108e-01 -4.695991889e+00 -4.695991889e+00
2473 0 +1.005301569e-01 -4.739469843e+00 -4.739469843e+00
2494 0 +7.456808215e-02 -4.765431918e+00 -4.765431918e+00
2515 0 +4.637740854e-02 -4.793622591e+00 -4.793622591e+00
2536 0 +3.067343259e-02 -4.809326567e+00 -4.809326567e+00
2557 0 +1.148090592e-02 -4.828519094e+00 -4.828519094e+00
2578 0 +4.176879138e-03 -4.835823121e+00 -4.835823121e+00
2599 0 +1.091101459e-03 -4.838908899e+00 -4.838908899e+00
2641 0 +4.884064654e-04 -4.839511594e+00 -4.839511594e+00
2662 0 +1.536766054e-04 -4.839846323e+00 -4.839846323e+00
2683 0 +6.489780748e-06 -4.839993510e+00 -4.839993510e+00
2704 0 +1.163410570e-06 -4.839998837e+00 -4.839998837e+00
2725 0 +2.902529239e-08 -4.839999971e+00 -4.839999971e+00
2746 0 +3.564157858e-09 -4.839999996e+00 -4.839999996e+00
200779 0 +9.149658808e-11 -4.840000000e+00 -4.840000000e+00
% f evaluations | g evaluations | best noise-free fitness - Fopt (-6.337000000000e+01) + sum g_i+ | measured fitness | best measured fitness or single-digit g-values | x1 | x2...
1 0 +1.040300366e+04 +1.033963366e+04 +1.033963366e+04
2 0 +3.801783057e+03 +3.738413057e+03 +3.738413057e+03
9 0 +1.613724980e+03 +1.550354980e+03 +1.550354980e+03
45 0 +1.090447215e+03 +1.027077215e+03 +1.027077215e+03
91 0 +8.626469639e+02 +7.992769639e+02 +7.992769639e+02
121 0 +3.973882349e+02 +3.340182349e+02 +3.340182349e+02
142 0 +1.388613386e+02 +7.549133863e+01 +7.549133863e+01
184 0 +1.050011461e+02 +4.163114607e+01 +4.163114607e+01
205 0 +7.407000348e+01 +1.070000348e+01 +1.070000348e+01
247 0 +5.635022717e+01 -7.019772833e+00 -7.019772833e+00
268 0 +5.213330362e+01 -1.123669638e+01 -1.123669638e+01
289 0 +4.499014618e+01 -1.837985382e+01 -1.837985382e+01
331 0 +4.319636001e+01 -2.017363999e+01 -2.017363999e+01
373 0 +3.873910213e+01 -2.463089787e+01 -2.463089787e+01
394 0 +3.415487582e+01 -2.921512418e+01 -2.921512418e+01
457 0 +3.103846247e+01 -3.233153753e+01 -3.233153753e+01
478 0 +2.809485363e+01 -3.527514637e+01 -3.527514637e+01
583 0 +2.502079071e+01 -3.834920929e+01 -3.834920929e+01
625 0 +2.207927473e+01 -4.129072527e+01 -4.129072527e+01
730 0 +1.977063559e+01 -4.359936441e+01 -4.359936441e+01
1045 0 +1.768304638e+01 -4.568695362e+01 -4.568695362e+01
1234 0 +1.571247469e+01 -4.765752531e+01 -4.765752531e+01
1402 0 +1.407659828e+01 -4.929340172e+01 -4.929340172e+01
1528 0 +1.251175355e+01 -5.085824645e+01 -5.085824645e+01
1633 0 +1.092448152e+01 -5.244551848e+01 -5.244551848e+01
1738 0 +9.920017598e+00 -5.344998240e+01 -5.344998240e+01
1843 0 +8.850972801e+00 -5.451902720e+01 -5.451902720e+01
1927 0 +7.782563184e+00 -5.558743682e+01 -5.558743682e+01
1969 0 +6.973226516e+00 -5.639677348e+01 -5.639677348e+01
2032 0 +6.214766110e+00 -5.715523389e+01 -5.715523389e+01
2095 0 +5.528259434e+00 -5.784174057e+01 -5.784174057e+01
2179 0 +4.894240676e+00 -5.847575932e+01 -5.847575932e+01
2242 0 +4.355211685e+00 -5.901478832e+01 -5.901478832e+01
8745 0 +3.723181485e+00 -5.964681851e+01 -5.964681851e+01
8787 0 +3.445703990e+00 -5.992429601e+01 -5.992429601e+01
8808 0 +3.130801436e+00 -6.023919856e+01 -6.023919856e+01
8850 0 +2.530290558e+00 -6.083970944e+01 -6.083970944e+01
8871 0 +2.248475824e+00 -6.112152418e+01 -6.112152418e+01
8892 0 +1.895723103e+00 -6.147427690e+01 -6.147427690e+01
8913 0 +1.639582484e+00 -6.173041752e+01 -6.173041752e+01
8934 0 +1.355728323e+00 -6.201427168e+01 -6.201427168e+01
8976 0 +1.192936195e+00 -6.217706381e+01 -6.217706381e+01
8997 0 +9.759031221e-01 -6.239409688e+01 -6.239409688e+01
9039 0 +8.367415349e-01 -6.253325847e+01 -6.253325847e+01
9060 0 +6.278598474e-01 -6.274214015e+01 -6.274214015e+01
9102 0 +5.272722314e-01 -6.284272777e+01 -6.284272777e+01
9123 0 +3.735471426e-01 -6.299645286e+01 -6.299645286e+01
9144 0 +2.796006904e-01 -6.309039931e+01 -6.309039931e+01
9165 0 +1.743469139e-01 -6.319565309e+01 -6.319565309e+01
9186 0 +1.127381577e-01 -6.325726184e+01 -6.325726184e+01
9207 0 +7.706017656e-02 -6.329293982e+01 -6.329293982e+01
9228 0 +4.906909359e-02 -6.332093091e+01 -6.332093091e+01
9249 0 +2.715728342e-02 -6.334284272e+01 -6.334284272e+01
9270 0 +1.323313654e-02 -6.335676686e+01 -6.335676686e+01
9312 0 +7.830863138e-03 -6.336216914e+01 -6.336216914e+01
9333 0 +2.269875736e-03 -6.336773012e+01 -6.336773012e+01
9354 0 +7.331923431e-04 -6.336926681e+01 -6.336926681e+01
9375 0 +1.900152773e-04 -6.336980998e+01 -6.336980998e+01
9396 0 +3.086469444e-05 -6.336996914e+01 -6.336996914e+01
9417 0 +2.346891307e-05 -6.336997653e+01 -6.336997653e+01
9438 0 +1.096740510e-05 -6.336998903e+01 -6.336998903e+01
9459 0 +1.310428388e-07 -6.336999987e+01 -6.336999987e+01
9480 0 +6.684938114e-08 -6.336999993e+01 -6.336999993e+01
9501 0 +3.047091468e-10 -6.337000000e+01 -6.337000000e+01
200017 0 +2.515321285e-11 -6.337000000e+01 -6.337000000e+01
% f evaluations | g evaluations | best noise-free fitness - Fopt (2.750000000000e+00) + sum g_i+ | measured fitness | best measured fitness or single-digit g-values | x1 | x2...
1 0 +2.125650132e+04 +2.125925132e+04 +2.125925132e+04
2 0 +3.327988451e+03 +3.330738451e+03 +3.330738451e+03
8 0 +2.864945315e+03 +2.867695315e+03 +2.867695315e+03
9 0 +2.542427550e+03 +2.545177550e+03 +2.545177550e+03
17 0 +2.188351179e+03 +2.191101179e+03 +2.191101179e+03
82 0 +1.993312007e+03 +1.996062007e+03 +1.996062007e+03
83 0 +1.710641267e+03 +1.713391267e+03 +1.713391267e+03
93 0 +1.413981843e+03 +1.416731843e+03 +1.416731843e+03
97 0 +1.319008462e+03 +1.321758462e+03 +1.321758462e+03
98 0 +7.704970810e+02 +7.732470810e+02 +7.732470810e+02
121 0 +5.471993087e+02 +5.499493087e+02 +5.499493087e+02
142 0 +1.792467745e+02 +1.819967745e+02 +1.819967745e+02
184 0 +1.262753391e+02 +1.290253391e+02 +1.290253391e+02
226 0 +1.029744024e+02 +1.057244024e+02 +1.057244024e+02
247 0 +6.529163783e+01 +6.804163783e+01 +6.804163783e+01
289 0 +4.731502066e+01 +5.006502066e+01 +5.006502066e+01
331 0 +4.384017357e+01 +4.659017357e+01 +4.659017357e+01
373 0 +3.938641388e+01 +4.213641388e+01 +4.213641388e+01
394 0 +3.483688949e+01 +3.758688949e+01 +3.758688949e+01
415 0 +3.034425601e+01 +3.309425601e+01 +3.309425601e+01
478 0 +2.637479535e+01 +2.912479535e+01 +2.912479535e+01
499 0 +2.212247998e+01 +2.487247998e+01 +2.487247998e+01
604 0 +1.976176255e+01 +2.251176255e+01 +2.251176255e+01
667 0 +1.776418817e+01 +2.051418817e+01 +2.051418817e+01
835 0 +1.560717760e+01 +1.835717760e+01 +1.835717760e+01
1171 0 +1.387090928e+01 +1.662090928e+01 +1.662090928e+01
1318 0 +1.239370119e+01 +1.514370119e+01 +1.514370119e+01
1465 0 +1.113797454e+01 +1.388797454e+01 +1.388797454e+01
1549 0 +9.913514182e+00 +1.266351418e+01 +1.266351418e+01
1633 0 +8.696803265e+00 +1.144680327e+01 +1.144680327e+01
1696 0 +7.786274695e+00 +1.053627470e+01 +1.053627470e+01
1738 0 +7.071824441e+00 +9.821824441e+00 +9.821824441e+00
1822 0 +6.179932438e+00 +8.929932438e+00 +8.929932438e+00
1885 0 +5.359259135e+00 +8.109259135e+00 +8.109259135e+00
1948 0 +4.818804440e+00 +7.568804440e+00 +7.568804440e+00
1990 0 +4.095647788e+00 +6.845647788e+00 +6.845647788e+00
2053 0 +3.786464807e+00 +6.536464807e+00 +6.536464807e+00
2074 0 +3.478717368e+00 +6.228717368e+00 +6.228717368e+00
2095 0 +3.033988265e+00 +5.783988265e+00 +5.783988265e+00
2158 0 +2.554880444e+00 +5.304880444e+00 +5.304880444e+00
2179 0 +2.105311247e+00 +4.855311247e+00 +4.855311247e+00
2200 0 +1.839025820e+00 +4.589025820e+00 +4.589025820e+00
2221 0 +1.508000914e+00 +4.258000914e+00 +4.258000914e+00
2263 0 +1.380803744e+00 +4.130803744e+00 +4.130803744e+00
2284 0 +1.201842648e+00 +3.951842648e+00 +3.951842648e+00
2305 0 +1.006845781e+00 +3.756845781e+00 +3.756845781e+00
2326 0 +8.015435368e-01 +3.551543537e+00 +3.551543537e+00
2347 0 +5.864792587e-01 +3.336479259e+00 +3.336479259e+00
2368 0 +3.996163590e-01 +3.149616359e+00 +3.149616359e+00
2410 0 +3.144086629e-01 +3.064408663e+00 +3.064408663e+00
2431 0 +2.447908245e-01 +2.994790824e+00 +2.994790824e+00
2452 0 +1.737596664e-01 +2.923759666e+00 +2.923759666e+00
2494 0 +1.397075604e-01 +2.889707560e+00 +2.889707560e+00
2515 0 +8.848966211e-02 +2.838489662e+00 +2.838489662e+00
2536 0 +4.592170222e-02 +2.795921702e+00 +2.795921702e+00
2557 0 +2.970000665e-02 +2.779700007e+00 +2.779700007e+00
2578 0 +8.172956019e-03 +2.758172956e+00 +2.758172956e+00
2599 0 +4.984232640e-03 +2.754984233e+00 +2.754984233e+00
2620 0 +2.754150083e-03 +2.752754150e+00 +2.752754150e+00
2641 0 +1.399765004e-03 +2.751399765e+00 +2.751399765e+00
2662 0 +3.328699062e-04 +2.750332870e+00 +2.750332870e+00
2683 0 +1.509594139e-04 +2.750150959e+00 +2.750150959e+00
2704 0 +1.116077044e-05 +2.750011161e+00 +2.750011161e+00
2725 0 +4.393989075e-07 +2.750000439e+00 +2.750000439e+00
2746 0 +6.981097167e-08 +2.750000070e+00 +2.750000070e+00
2767 0 +3.952550287e-09 +2.750000004e+00 +2.750000004e+00
200013 0 +3.284084116e-11 +2.750000000e+00 +2.750000000e+00
% f evaluations | g evaluations | best noise-free fitness - Fopt (-4.681000000000e+01) + sum g_i+ | measured fitness | best measured fitness or single-digit g-values | x1 | x2...
1 0 +2.089973313e+04 +2.085292313e+04 +2.085292313e+04
2 0 +3.176465402e+03 +3.129655402e+03 +3.129655402e+03
9 0 +9.366415245e+02 +8.898315245e+02 +8.898315245e+02
142 0 +5.831672036e+02 +5.363572036e+02 +5.363572036e+02
184 0 +3.918432963e+02 +3.450332963e+02 +3.450332963e+02
226 0 +3.185785394e+02 +2.717685394e+02 +2.717685394e+02
247 0 +2.282889318e+02 +1.814789318e+02 +1.814789318e+02
289 0 +1.623017531e+02 +1.154917531e+02 +1.154917531e+02
331 0 +1.529315698e+02 +1.061215698e+02 +1.061215698e+02
415 0 +1.409838107e+02 +9.417381073e+01 +9.417381073e+01
478 0 +1.238863988e+02 +7.707639882e+01 +7.707639882e+01
520 0 +1.040536482e+02 +5.724364818e+01 +5.724364818e+01
583 0 +9.568013890e+01 +4.887013890e+01 +4.887013890e+01
604 0 +8.741103102e+01 +4.060103102e+01 +4.060103102e+01
646 0 +7.920667650e+01 +3.239667650e+01 +3.239667650e+01
709 0 +6.530988681e+01 +1.849988681e+01 +1.849988681e+01
772 0 +6.133313831e+01 +1.452313831e+01 +1.452313831e+01
793 0 +5.395459431e+01 +7.144594311e+00 +7.144594311e+00
814 0 +4.556135287e+01 -1.248647132e+00 -1.248647132e+00
835 0 +3.973764260e+01 -7.072357399e+00 -7.072357399e+00
856 0 +3.212273025e+01 -1.468726975e+01 -1.468726975e+01
877 0 +2.234955595e+01 -2.446044405e+01 -2.446044405e+01
919 0 +1.716511228e+01 -2.964488772e+01 -2.964488772e+01
961 0 +1.433818240e+01 -3.247181760e+01 -3.247181760e+01
982 0 +1.313845682e+01 -3.367154318e+01 -3.367154318e+01
1003 0 +1.208004547e+01 -3.472995453e+01 -3.472995453e+01
1024 0 +1.112705291e+01 -3.568294709e+01 -3.568294709e+01
1171 0 +9.904456322e+00 -3.690554368e+01 -3.690554368e+01
1297 0 +8.733976479e+00 -3.807602352e+01 -3.807602352e+01
1381 0 +7.915884729e+00 -3.889411527e+01 -3.889411527e+01
1486 0 +7.052128661e+00 -3.975787134e+01 -3.975787134e+01
1570 0 +6.174266518e+00 -4.063573348e+01 -4.063573348e+01
1612 0 +5.495994929e+00 -4.131400507e+01 -4.131400507e+01
1675 0 +4.999803420e+00 -4.181019658e+01 -4.181019658e+01
1717 0 +4.418575192e+00 -4.239142481e+01 -4.239142481e+01
1759 0 +3.750022144e+00 -4.305997786e+01 -4.305997786e+01
1780 0 +3.484692168e+00 -4.332530783e+01 -4.332530783e+01
1801 0 +3.071495250e+00 -4.373850475e+01 -4.373850475e+01
1864 0 +2.678273438e+00 -4.413172656e+01 -4.413172656e+01
1885 0 +2.449417106e+00 -4.436058289e+01 -4.436058289e+01
1906 0 +2.152064741e+00 -4.465793526e+01 -4.465793526e+01
1927 0 +1.739571066e+00 -4.507042893e+01 -4.507042893e+01
1948 0 +1.399482504e+00 -4.541051750e+01 -4.541051750e+01
1969 0 +1.115355427e+00 -4.569464457e+01 -4.569464457e+01
2011 0 +9.733682665e-01 -4.583663173e+01 -4.583663173e+01
2032 0 +7.769743121e-01 -4.603302569e+01 -4.603302569e+01
2053 0 +5.994103880e-01 -4.621058961e+01 -4.621058961e+01
2074 0 +4.171662800e-01 -4.639283372e+01 -4.639283372e+01
2116 0 +3.516869083e-01 -4.645831309e+01 -4.645831309e+01
2137 0 +2.519975686e-01 -4.655800243e+01 -4.655800243e+01
2158 0 +2.181952302e-01 -4.659180477e+01 -4.659180477e+01
2179 0 +1.869157104e-01 -4.662308429e+01 -4.662308429e+01
2200 0 +1.375557488e-01 -4.667244425e+01 -4.667244425e+01
2221 0 +8.125458943e-02 -4.672874541e+01 -4.672874541e+01
2242 0 +5.297267488e-02 -4.675702733e+01 -4.675702733e+01
2263 0 +1.930719313e-02 -4.679069281e+01 -4.679069281e+01
2284 0 +1.276068484e-02 -4.679723932e+01 -4.679723932e+01
2305 0 +9.498087597e-03 -4.680050191e+01 -4.680050191e+01
2326 0 +5.522503733e-03 -4.680447750e+01 -4.680447750e+01
2347 0 +3.189922780e-03 -4.680681008e+01 -4.680681008e+01
2368 0 +1.191070124e-03 -4.680880893e+01 -4.680880893e+01
2389 0 +1.482239290e-04 -4.680985178e+01 -4.680985178e+01
2410 0 +1.943743631e-05 -4.680998056e+01 -4.680998056e+01
2431 0 +6.752755013e-07 -4.680999932e+01 -4.680999932e+01
2452 0 +3.336175638e-07 -4.680999967e+01 -4.680999967e+01
2473 0 +4.423768019e-10 -4.681000000e+01 -4.681000000e+01
200012 0 +1.881517164e-11 -4.681000000e+01 -4.681000000e+01
% f evaluations | g evaluations | best noise-free fitness - Fopt (6.134000000000e+01) + sum g_i+ | measured fitness | best measured fitness or single-digit g-values | x1 | x2...
1 0 +6.796784145e+03 +6.858124145e+03 +6.858124145e+03
2 0 +3.215219822e+03 +3.276559822e+03 +3.276559822e+03
9 0 +1.898886856e+03 +1.960226856e+03 +1.960226856e+03
24 0 +1.730907016e+03 +1.792247016e+03 +1.792247016e+03
91 0 +1.040345126e+03 +1.101685126e+03 +1.101685126e+03
116 0 +7.815950376e+02 +8.429350376e+02 +8.429350376e+02
121 0 +4.526170119e+02 +5.139570119e+02 +5.139570119e+02
142 0 +2.140340188e+02 +2.753740188e+02 +2.753740188e+02
184 0 +1.312749974e+02 +1.926149974e+02 +1.926149974e+02
205 0 +5.954638731e+01 +1.208863873e+02 +1.208863873e+02
247 0 +3.352389705e+01 +9.486389705e+01 +9.486389705e+01
289 0 +2.844698781e+01 +8.978698781e+01 +8.978698781e+01
331 0 +2.743884129e+01 +8.877884129e+01 +8.877884129e+01
373 0 +2.261462431e+01 +8.395462431e+01 +8.395462431e+01
415 0 +2.195180293e+01 +8.329180293e+01 +8.329180293e+01
457 0 +1.952480092e+01 +8.086480092e+01 +8.086480092e+01
604 0 +1.761775723e+01 +7.895775723e+01 +7.895775723e+01
898 0 +1.571805635e+01 +7.705805635e+01 +7.705805635e+01
1150 0 +1.391964118e+01 +7.525964118e+01 +7.525964118e+01
1255 0 +1.243268174e+01 +7.377268174e+01 +7.377268174e+01
1381 0 +1.107437705e+01 +7.241437705e+01 +7.241437705e+01
1465 0 +9.923792759e+00 +7.126379276e+01 +7.126379276e+01
1591 0 +8.747080860e+00 +7.008708086e+01 +7.008708086e+01
1675 0 +7.892720019e+00 +6.923272002e+01 +6.923272002e+01
1717 0 +7.060129002e+00 +6.840012900e+01 +6.840012900e+01
1822 0 +6.153031852e+00 +6.749303185e+01 +6.749303185e+01
1864 0 +5.578159476e+00 +6.691815948e+01 +6.691815948e+01
1927 0 +4.751591559e+00 +6.609159156e+01 +6.609159156e+01
1990 0 +4.250975619e+00 +6.559097562e+01 +6.559097562e+01
2011 0 +3.856716803e+00 +6.519671680e+01 +6.519671680e+01
2032 0 +3.544182988e+00 +6.488418299e+01 +6.488418299e+01
2116 0 +2.857364790e+00 +6.419736479e+01 +6.419736479e+01
2137 0 +2.442047095e+00 +6.378204709e+01 +6.378204709e+01
2200 0 +2.064433285e+00 +6.340443328e+01 +6.340443328e+01
2221 0 +1.731682550e+00 +6.307168255e+01 +6.307168255e+01
2242 0 +1.331298411e+00 +6.267129841e+01 +6.267129841e+01
2284 0 +1.176435797e+00 +6.251643580e+01 +6.251643580e+01
2305 0 +9.801195802e-01 +6.232011958e+01 +6.232011958e+01
2326 0 +7.504162455e-01 +6.209041625e+01 +6.209041625e+01
2347 0 +5.950877847e-01 +6.193508778e+01 +6.193508778e+01
2368 0 +4.036340837e-01 +6.174363408e+01 +6.174363408e+01
2389 0 +3.147768750e-01 +6.165477687e+01 +6.165477687e+01
2410 0 +2.572385299e-01 +6.159723853e+01 +6.159723853e+01
2431 0 +1.810556791e-01 +6.152105568e+01 +6.152105568e+01
2452 0 +1.483063541e-01 +6.148830635e+01 +6.148830635e+01
2473 0 +9.918848351e-02 +6.143918848e+01 +6.143918848e+01
2494 0 +7.846051019e-02 +6.141846051e+01 +6.141846051e+01
2515 0 +5.007349941e-02 +6.139007350e+01 +6.139007350e+01
2536 0 +3.771890357e-02 +6.137771890e+01 +6.137771890e+01
2557 0 +2.579155267e-02 +6.136579155e+01 +6.136579155e+01
2578 0 +1.640623733e-02 +6.135640624e+01 +6.135640624e+01
2599 0 +4.959864507e-03 +6.134495986e+01 +6.134495986e+01
2620 0 +3.266163276e-03 +6.134326616e+01 +6.134326616e+01
2641 0 +1.039217072e-03 +6.134103922e+01 +6.134103922e+01
2662 0 +4.591884928e-04 +6.134045919e+01 +6.134045919e+01
2683 0 +4.057433829e-05 +6.134004057e+01 +6.134004057e+01
2704 0 +1.289127165e-05 +6.134001289e+01 +6.134001289e+01
2725 0 +9.631001419e-07 +6.134000096e+01 +6.134000096e+01
2746 0 +1.624404007e-07 +6.134000016e+01 +6.134000016e+01
2767 0 +7.821206793e-09 +6.134000001e+01 +6.134000001e+01
200898 0 +4.050093594e-12 +6.134000000e+01 +6.134000000e+01
