% f evaluations | g evaluations | best noise-free fitness - Fopt (-4.620900000000e+02) + sum g_i+ | measured fitness | best measured fitness or single-digit g-values | x1 | x2...
1 0 +2.556880682e+02 -2.064019318e+02 -2.064019318e+02
8 0 +2.096904648e+02 -2.523995352e+02 -2.523995352e+02
15 0 +1.943062954e+02 -2.677837046e+02 -2.677837046e+02
16 0 +1.765723034e+02 -2.855176966e+02 -2.855176966e+02
22 0 +1.519581916e+02 -3.101318084e+02 -3.101318084e+02
38 0 +1.234473921e+02 -3.386426079e+02 -3.386426079e+02
152 0 +1.036394531e+02 -3.584505469e+02 -3.584505469e+02
257 0 +9.320093162e+01 -3.688890684e+02 -3.688890684e+02
348 0 +8.674111058e+01 -3.753488894e+02 -3.753488894e+02
434 0 +6.758111356e+01 -3.945088864e+02 -3.945088864e+02
445 0 +5.277041820e+01 -4.093195818e+02 -4.093195818e+02
456 0 +3.372592195e+01 -4.283640781e+02 -4.283640781e+02
478 0 +2.886645106e+01 -4.332235489e+02 -4.332235489e+02
500 0 +2.793954123e+01 -4.341504588e+02 -4.341504588e+02
577 0 +2.474987694e+01 -4.373401231e+02 -4.373401231e+02
632 0 +2.222029931e+01 -4.398697007e+02 -4.398697007e+02
731 0 +1.966583023e+01 -4.424241698e+02 -4.424241698e+02
100003 0 +1.890418677e+01 -4.431858132e+02 -4.431858132e+02
% f evaluations | g evaluations | best noise-free fitness - Fopt (7.766000000000e+01) + sum g_i+ | measured fitness | best measured fitness or single-digit g-values | x1 | x2...
1 0 +2.440883441e+02 +3.217483441e+02 +3.217483441e+02
4 0 +1.942677850e+02 +2.719277850e+02 +2.719277850e+02
36 0 +1.596045175e+02 +2.372645175e+02 +2.372645175e+02
85 0 +1.567838408e+02 +2.344438408e+02 +2.344438408e+02
96 0 +1.358140173e+02 +2.134740173e+02 +2.134740173e+02
189 0 +9.323503040e+01 +1.708950304e+02 +1.708950304e+02
340 0 +7.954783609e+01 +1.572078361e+02 +1.572078361e+02
377 0 +7.002874991e+01 +1.476887499e+02 +1.476887499e+02
610 0 +6.250254609e+01 +1.401625461e+02 +1.401625461e+02
709 0 +5.447602407e+01 +1.321360241e+02 +1.321360241e+02
731 0 +4.445379340e+01 +1.221137934e+02 +1.221137934e+02
753 0 +3.761786487e+01 +1.152778649e+02 +1.152778649e+02
1484 0 +3.467195394e+01 +1.123319539e+02 +1.123319539e+02
1517 0 +3.075433269e+01 +1.084143327e+02 +1.084143327e+02
1682 0 +2.817043734e+01 +1.058304373e+02 +1.058304373e+02
100001 0 +2.785872221e+01 +1.055187222e+02 +1.055187222e+02
% f evaluations | g evaluations | best noise-free fitness - Fopt (1.156800000000e+02) + sum g_i+ | measured fitness | best measured fitness or single-digit g-values | x1 | x2...
1 0 +4.765049687e+02 +5.921849687e+02 +5.921849687e+02
2 0 +4.461193732e+02 +5.617993732e+02 +5.617993732e+02
8 0 +3.529676487e+02 +4.686476487e+02 +4.686476487e+02
12 0 +3.022503638e+02 +4.179303638e+02 +4.179303638e+02
31 0 +2.506382071e+02 +3.663182071e+02 +3.663182071e+02
58 0 +2.211038247e+02 +3.367838247e+02 +3.367838247e+02
68 0 +1.796570254e+02 +2.953370254e+02 +2.953370254e+02
83 0 +1.720537256e+02 +2.877337256e+02 +2.877337256e+02
92 0 +1.572302807e+02 +2.729102807e+02 +2.729102807e+02
148 0 +1.377434315e+02 +2.534234315e+02 +2.534234315e+02
201 0 +1.255147795e+02 +2.411947795e+02 +2.411947795e+02
226 0 +9.948692811e+01 +2.151669281e+02 +2.151669281e+02
307 0 +8.541511614e+01 +2.010951161e+02 +2.010951161e+02
331 0 +6.852105748e+01 +1.842010575e+02 +1.842010575e+02
423 0 +6.047408754e+01 +1.761540875e+02 +1.761540875e+02
456 0 +5.622677939e+01 +1.719067794e+02 +1.719067794e+02
467 0 +4.870436639e+01 +1.643843664e+02 +1.643843664e+02
478 0 +3.576883472e+01 +1.514488347e+02 +1.514488347e+02
500 0 +3.053272315e+01 +1.462127231e+02 +1.462127231e+02
555 0 +2.815053421e+01 +1.438305342e+02 +1.438305342e+02
599 0 +2.297029197e+01 +1.386502920e+02 +1.386502920e+02
610 0 +1.884538849e+01 +1.345253885e+02 +1.345253885e+02
621 0 +1.598926203e+01 +1.316692620e+02 +1.316692620e+02
643 0 +1.583499314e+01 +1.315149931e+02 +1.315149931e+02
100003 0 +1.492437074e+01 +1.306043707e+02 +1.306043707e+02
% f evaluations | g evaluations | best noise-free fitness - Fopt (-3.710000000000e+00) + sum g_i+ | measured fitness | best measured fitness or single-digit g-values | x1 | x2...
1 0 +2.505468647e+02 +2.468368647e+02 +2.468368647e+02
22 0 +2.200340958e+02 +2.163240958e+02 +2.163240958e+02
31 0 +1.652966026e+02 +1.615866026e+02 +1.615866026e+02
40 0 +1.322145938e+02 +1.285045938e+02 +1.285045938e+02
85 0 +1.082706252e+02 +1.045606252e+02 +1.045606252e+02
189 0 +9.979238748e+01 +9.608238748e+01 +9.608238748e+01
359 0 +6.220131946e+01 +5.849131946e+01 +5.849131946e+01
467 0 +5.490147778e+01 +5.119147778e+01 +5.119147778e+01
489 0 +4.833327703e+01 +4.462327703e+01 +4.462327703e+01
511 0 +4.081128900e+01 +3.710128900e+01 +3.710128900e+01
522 0 +3.446537716e+01 +3.075537716e+01 +3.075537716e+01
599 0 +2.851856039e+01 +2.480856039e+01 +2.480856039e+01
610 0 +2.255398262e+01 +1.884398262e+01 +1.884398262e+01
632 0 +2.204559458e+01 +1.833559458e+01 +1.833559458e+01
100322 0 +2.188905891e+01 +1.817905891e+01 +1.817905891e+01
% f evaluations | g evaluations | best noise-free fitness - Fopt (1.321800000000e+02) + sum g_i+ | measured fitness | best measured fitness or single-digit g-values | x1 | x2...
1 0 +2.607326168e+02 +3.929126168e+02 +3.929126168e+02
2 0 +2.295257396e+02 +3.617057396e+02 +3.617057396e+02
5 0 +2.146916367e+02 +3.468716367e+02 +3.468716367e+02
13 0 +1.740016920e+02 +3.061816920e+02 +3.061816920e+02
58 0 +1.433301117e+02 +2.755101117e+02 +2.755101117e+02
81 0 +1.340938508e+02 +2.662738508e+02 +2.662738508e+02
87 0 +1.130852670e+02 +2.452652670e+02 +2.452652670e+02
89 0 +9.240937380e+01 +2.245893738e+02 +2.245893738e+02
278 0 +8.564612026e+01 +2.178261203e+02 +2.178261203e+02
390 0 +7.282614426e+01 +2.050061443e+02 +2.050061443e+02
478 0 +6.717364541e+01 +1.993536454e+02 +1.993536454e+02
489 0 +5.831224100e+01 +1.904922410e+02 +1.904922410e+02
555 0 +5.582690853e+01 +1.880069085e+02 +1.880069085e+02
577 0 +4.975957112e+01 +1.819395711e+02 +1.819395711e+02
599 0 +4.016591380e+01 +1.723459138e+02 +1.723459138e+02
610 0 +3.932633919e+01 +1.715063392e+02 +1.715063392e+02
1363 0 +3.542842367e+01 +1.676084237e+02 +1.676084237e+02
100000 0 +3.482344573e+01 +1.670034457e+02 +1.670034457e+02
% f evaluations | g evaluations | best noise-free fitness - Fopt (-3.930000000000e+01) + sum g_i+ | measured fitness | best measured fitness or single-digit g-values | x1 | x2...
1 0 +3.933062118e+02 +3.540062118e+02 +3.540062118e+02
2 0 +3.706527337e+02 +3.313527337e+02 +3.313527337e+02
4 0 +3.179435420e+02 +2.786435420e+02 +2.786435420e+02
14 0 +3.157634636e+02 +2.764634636e+02 +2.764634636e+02
22 0 +2.727014775e+02 +2.334014775e+02 +2.334014775e+02
29 0 +2.012623849e+02 +1.619623849e+02 +1.619623849e+02
47 0 +1.986103926e+02 +1.593103926e+02 +1.593103926e+02
93 0 +1.415155604e+02 +1.022155604e+02 +1.022155604e+02
123 0 +1.323020201e+02 +9.300202007e+01 +9.300202007e+01
138 0 +8.487837718e+01 +4.557837718e+01 +4.557837718e+01
423 0 +7.656626351e+01 +3.726626351e+01 +3.726626351e+01
456 0 +6.934077187e+01 +3.004077187e+01 +3.004077187e+01
478 0 +5.588567466e+01 +1.658567466e+01 +1.658567466e+01
511 0 +4.827339498e+01 +8.973394984e+00 +8.973394984e+00
555 0 +4.391768570e+01 +4.617685701e+00 +4.617685701e+00
566 0 +3.707161009e+01 -2.228389909e+00 -2.228389909e+00
599 0 +3.466382565e+01 -4.636174352e+00 -4.636174352e+00
621 0 +2.996584951e+01 -9.334150486e+00 -9.334150486e+00
676 0 +2.778053832e+01 -1.151946168e+01 -1.151946168e+01
2145 0 +2.412875106e+01 -1.517124894e+01 -1.517124894e+01
100003 0 +2.288401797e+01 -1.641598203e+01 -1.641598203e+01
% f evaluations | g evaluations | best noise-free fitness - Fopt (4.296000000000e+01) + sum g_i+ | measured fitness | best measured fitness or single-digit g-values | x1 | x2...
1 0 +2.273065839e+02 +2.702665839e+02 +2.702665839e+02
17 0 +2.100928703e+02 +2.530528703e+02 +2.530528703e+02
34 0 +1.730528561e+02 +2.160128561e+02 +2.160128561e+02
43 0 +1.453672270e+02 +1.883272270e+02 +1.883272270e+02
53 0 +1.379034343e+02 +1.808634343e+02 +1.808634343e+02
61 0 +1.153758420e+02 +1.583358420e+02 +1.583358420e+02
65 0 +8.784808784e+01 +1.308080878e+02 +1.308080878e+02
445 0 +7.936847336e+01 +1.223284734e+02 +1.223284734e+02
456 0 +6.992399725e+01 +1.128839972e+02 +1.128839972e+02
566 0 +6.238697419e+01 +1.053469742e+02 +1.053469742e+02
610 0 +5.448203867e+01 +9.744203867e+01 +9.744203867e+01
621 0 +4.823125097e+01 +9.119125097e+01 +9.119125097e+01
632 0 +4.086280629e+01 +8.382280629e+01 +8.382280629e+01
654 0 +3.818284655e+01 +8.114284655e+01 +8.114284655e+01
676 0 +3.324019814e+01 +7.620019814e+01 +7.620019814e+01
687 0 +3.073602296e+01 +7.369602296e+01 +7.369602296e+01
709 0 +2.725919532e+01 +7.021919532e+01 +7.021919532e+01
1266 0 +2.498857739e+01 +6.794857739e+01 +6.794857739e+01
1312 0 +2.025459879e+01 +6.321459879e+01 +6.321459879e+01
1319 0 +1.724073356e+01 +6.020073356e+01 +6.020073356e+01
1363 0 +1.510266665e+01 +5.806266665e+01 +5.806266665e+01
1528 0 +1.399648045e+01 +5.695648045e+01 +5.695648045e+01
100389 0 +1.392941672e+01 +5.688941672e+01 +5.688941672e+01
% f evaluations | g evaluations | best noise-free fitness - Fopt (2.842200000000e+02) + sum g_i+ | measured fitness | best measured fitness or single-digit g-values | x1 | x2...
1 0 +3.618890152e+02 +6.461090152e+02 +6.461090152e+02
2 0 +3.229357629e+02 +6.071557629e+02 +6.071557629e+02
4 0 +2.232147424e+02 +5.074347424e+02 +5.074347424e+02
28 0 +1.939592555e+02 +4.781792555e+02 +4.781792555e+02
79 0 +1.514422195e+02 +4.356622195e+02 +4.356622195e+02
102 0 +1.405897081e+02 +4.248097081e+02 +4.248097081e+02
141 0 +1.254348411e+02 +4.096548411e+02 +4.096548411e+02
147 0 +1.023432968e+02 +3.865632968e+02 +3.865632968e+02
306 0 +7.948701911e+01 +3.637070191e+02 +3.637070191e+02
311 0 +7.107652126e+01 +3.552965213e+02 +3.552965213e+02
317 0 +6.918537848e+01 +3.534053785e+02 +3.534053785e+02
489 0 +6.275152090e+01 +3.469715209e+02 +3.469715209e+02
544 0 +5.442957388e+01 +3.386495739e+02 +3.386495739e+02
555 0 +4.991564633e+01 +3.341356463e+02 +3.341356463e+02
610 0 +4.299220840e+01 +3.272122084e+02 +3.272122084e+02
621 0 +3.741747261e+01 +3.216374726e+02 +3.216374726e+02
632 0 +3.116698260e+01 +3.153869826e+02 +3.153869826e+02
676 0 +2.724762857e+01 +3.114676286e+02 +3.114676286e+02
698 0 +2.377650721e+01 +3.079965072e+02 +3.079965072e+02
764 0 +2.215660487e+01 +3.063766049e+02 +3.063766049e+02
2485 0 +1.917259194e+01 +3.033925919e+02 +3.033925919e+02
2496 0 +1.712334690e+01 +3.013433469e+02 +3.013433469e+02
2507 0 +1.243183086e+01 +2.966518309e+02 +2.966518309e+02
2529 0 +1.109948751e+01 +2.953194875e+02 +2.953194875e+02
3480 0 +9.999684185e+00 +2.942196842e+02 +2.942196842e+02
100008 0 +9.949585533e+00 +2.941695855e+02 +2.941695855e+02
% f evaluations | g evaluations | best noise-free fitness - Fopt (-3.217000000000e+01) + sum g_i+ | measured fitness | best measured fitness or single-digit g-values | x1 | x2...
1 0 +2.699864876e+02 +2.378164876e+02 +2.378164876e+02
4 0 +2.687044200e+02 +2.365344200e+02 +2.365344200e+02
6 0 +2.385146008e+02 +2.063446008e+02 +2.063446008e+02
8 0 +1.883470211e+02 +1.561770211e+02 +1.561770211e+02
30 0 +1.308457751e+02 +9.867577505e+01 +9.867577505e+01
31 0 +1.181456380e+02 +8.597563804e+01 +8.597563804e+01
98 0 +9.501067208e+01 +6.284067208e+01 +6.284067208e+01
132 0 +8.172766680e+01 +4.955766680e+01 +4.955766680e+01
255 0 +7.445495203e+01 +4.228495203e+01 +4.228495203e+01
478 0 +6.959209835e+01 +3.742209835e+01 +3.742209835e+01
500 0 +6.269689702e+01 +3.052689702e+01 +3.052689702e+01
555 0 +5.569999558e+01 +2.352999558e+01 +2.352999558e+01
566 0 +4.359151826e+01 +1.142151826e+01 +1.142151826e+01
621 0 +3.711758989e+01 +4.947589885e+00 +4.947589885e+00
632 0 +3.310534855e+01 +9.353485505e-01 +9.353485505e-01
643 0 +2.986482365e+01 -2.305176349e+00 -2.305176349e+00
676 0 +2.704329668e+01 -5.126703322e+00 -5.126703322e+00
709 0 +2.448378137e+01 -7.686218634e+00 -7.686218634e+00
100030 0 +2.288401797e+01 -9.285982035e+00 -9.285982035e+00
% f evaluations | g evaluations | best noise-free fitness - Fopt (-5.858000000000e+01) + sum g_i+ | measured fitness | best measured fitness or single-digit g-values | x1 | x2...
1 0 +4.118963602e+02 +3.533163602e+02 +3.533163602e+02
2 0 +4.069280215e+02 +3.483480215e+02 +3.483480215e+02
7 0 +3.781568802e+02 +3.195768802e+02 +3.195768802e+02
11 0 +3.502651560e+02 +2.916851560e+02 +2.916851560e+02
12 0 +2.962213049e+02 +2.376413049e+02 +2.376413049e+02
17 0 +2.590779837e+02 +2.004979837e+02 +2.004979837e+02
22 0 +2.191976363e+02 +1.606176363e+02 +1.606176363e+02
52 0 +1.923196409e+02 +1.337396409e+02 +1.337396409e+02
55 0 +1.262916173e+02 +6.771161733e+01 +6.771161733e+01
147 0 +1.247815166e+02 +6.620151656e+01 +6.620151656e+01
154 0 +1.058285348e+02 +4.724853477e+01 +4.724853477e+01
185 0 +9.566922676e+01 +3.708922676e+01 +3.708922676e+01
349 0 +8.331517741e+01 +2.473517741e+01 +2.473517741e+01
423 0 +6.120770508e+01 +2.627705079e+00 +2.627705079e+00
445 0 +5.216579274e+01 -6.414207258e+00 -6.414207258e+00
478 0 +4.691959913e+01 -1.166040087e+01 -1.166040087e+01
544 0 +4.432964851e+01 -1.425035149e+01 -1.425035149e+01
566 0 +3.960603493e+01 -1.897396507e+01 -1.897396507e+01
621 0 +3.478879274e+01 -2.379120726e+01 -2.379120726e+01
654 0 +3.118226598e+01 -2.739773402e+01 -2.739773402e+01
100002 0 +2.885376223e+01 -2.972623777e+01 -2.972623777e+01
% f evaluations | g evaluations | best noise-free fitness - Fopt (-6.049200000000e+02) + sum g_i+ | measured fitness | best measured fitness or single-digit g-values | x1 | x2...
1 0 +3.519799320e+02 -2.529400680e+02 -2.529400680e+02
3 0 +2.171098109e+02 -3.878101891e+02 -3.878101891e+02
36 0 +1.760578641e+02 -4.288621359e+02 -4.288621359e+02
55 0 +1.359726331e+02 -4.689473669e+02 -4.689473669e+02
101 0 +1.119510523e+02 -4.929689477e+02 -4.929689477e+02
163 0 +7.965721531e+01 -5.252627847e+02 -5.252627847e+02
423 0 +6.652796893e+01 -5.383920311e+02 -5.383920311e+02
434 0 +4.869503486e+01 -5.562249651e+02 -5.562249651e+02
511 0 +4.404290700e+01 -5.608770930e+02 -5.608770930e+02
544 0 +3.919358836e+01 -5.657264116e+02 -5.657264116e+02
577 0 +3.529431930e+01 -5.696256807e+02 -5.696256807e+02
610 0 +2.952872645e+01 -5.753912735e+02 -5.753912735e+02
621 0 +2.355663063e+01 -5.813633694e+02 -5.813633694e+02
654 0 +2.168964462e+01 -5.832303554e+02 -5.832303554e+02
1385 0 +1.500105803e+01 -5.899189420e+02 -5.899189420e+02
1407 0 +1.223233742e+01 -5.926876626e+02 -5.926876626e+02
1418 0 +1.115493786e+01 -5.937650621e+02 -5.937650621e+02
1594 0 +9.982195204e+00 -5.949378048e+02 -5.949378048e+02
100005 0 +8.954626476e+00 -5.959653735e+02 -5.959653735e+02
% f evaluations | g evaluations | best noise-free fitness - Fopt (1.337000000000e+02) + sum g_i+ | measured fitness | best measured fitness or single-digit g-values | x1 | x2...
1 0 +2.204571112e+02 +3.541571112e+02 +3.541571112e+02
8 0 +2.140510053e+02 +3.477510053e+02 +3.477510053e+02
17 0 +1.754778201e+02 +3.091778201e+02 +3.091778201e+02
25 0 +1.517860867e+02 +2.854860867e+02 +2.854860867e+02
31 0 +1.241238382e+02 +2.578238382e+02 +2.578238382e+02
63 0 +9.421068173e+01 +2.279106817e+02 +2.279106817e+02
218 0 +7.238289384e+01 +2.060828938e+02 +2.060828938e+02
247 0 +5.032784784e+01 +1.840278478e+02 +1.840278478e+02
445 0 +4.416212414e+01 +1.778621241e+02 +1.778621241e+02
566 0 +3.814080875e+01 +1.718408088e+02 +1.718408088e+02
577 0 +3.385170238e+01 +1.675517024e+02 +1.675517024e+02
632 0 +3.130804771e+01 +1.650080477e+02 +1.650080477e+02
654 0 +2.477700036e+01 +1.584770004e+02 +1.584770004e+02
665 0 +2.229469526e+01 +1.559946953e+02 +1.559946953e+02
1271 0 +1.983641067e+01 +1.535364107e+02 +1.535364107e+02
100002 0 +1.890420697e+01 +1.526042070e+02 +1.526042070e+02
% f evaluations | g evaluations | best noise-free fitness - Fopt (-2.098000000000e+01) + sum g_i+ | measured fitness | best measured fitness or single-digit g-values | x1 | x2...
1 0 +6.089121267e+02 +5.879321267e+02 +5.879321267e+02
2 0 +4.877464183e+02 +4.667664183e+02 +4.667664183e+02
8 0 +4.066137482e+02 +3.856337482e+02 +3.856337482e+02
15 0 +3.170239743e+02 +2.960439743e+02 +2.960439743e+02
27 0 +3.097453392e+02 +2.887653392e+02 +2.887653392e+02
29 0 +2.752404101e+02 +2.542604101e+02 +2.542604101e+02
41 0 +2.233174524e+02 +2.023374524e+02 +2.023374524e+02
65 0 +1.757246404e+02 +1.547446404e+02 +1.547446404e+02
81 0 +1.536941775e+02 +1.327141775e+02 +1.327141775e+02
84 0 +1.098440345e+02 +8.886403452e+01 +8.886403452e+01
190 0 +9.394774698e+01 +7.296774698e+01 +7.296774698e+01
368 0 +7.810529443e+01 +5.712529443e+01 +5.712529443e+01
434 0 +6.081735293e+01 +3.983735293e+01 +3.983735293e+01
456 0 +5.133635906e+01 +3.035635906e+01 +3.035635906e+01
467 0 +5.007787811e+01 +2.909787811e+01 +2.909787811e+01
533 0 +4.407586380e+01 +2.309586380e+01 +2.309586380e+01
599 0 +3.969159548e+01 +1.871159548e+01 +1.871159548e+01
632 0 +3.530338176e+01 +1.432338176e+01 +1.432338176e+01
1425 0 +3.133138124e+01 +1.035138124e+01 +1.035138124e+01
1486 0 +2.770242936e+01 +6.722429361e+00 +6.722429361e+00
1494 0 +2.501723743e+01 +4.037237425e+00 +4.037237425e+00
1495 0 +2.129261220e+01 +3.126122001e-01 +3.126122001e-01
1528 0 +1.937980615e+01 -1.600193850e+00 -1.600193850e+00
1572 0 +1.752400365e+01 -3.455996349e+00 -3.455996349e+00
100145 0 +1.691427370e+01 -4.065726302e+00 -4.065726302e+00
% f evaluations | g evaluations | best noise-free fitness - Fopt (1.353300000000e+02) + sum g_i+ | measured fitness | best measured fitness or single-digit g-values | x1 | x2...
1 0 +4.252721901e+02 +5.606021901e+02 +5.606021901e+02
4 0 +3.068653261e+02 +4.421953261e+02 +4.421953261e+02
18 0 +2.201370671e+02 +3.554670671e+02 +3.554670671e+02
28 0 +1.491436892e+02 +2.844736892e+02 +2.844736892e+02
87 0 +1.318357075e+02 +2.671657075e+02 +2.671657075e+02
111 0 +1.230012061e+02 +2.583312061e+02 +2.583312061e+02
190 0 +1.013801827e+02 +2.367101827e+02 +2.367101827e+02
284 0 +8.951162298e+01 +2.248416230e+02 +2.248416230e+02
338 0 +8.207851974e+01 +2.174085197e+02 +2.174085197e+02
423 0 +5.193880780e+01 +1.872688078e+02 +1.872688078e+02
445 0 +4.083968739e+01 +1.761696874e+02 +1.761696874e+02
467 0 +3.741477718e+01 +1.727447772e+02 +1.727447772e+02
500 0 +3.529083228e+01 +1.706208323e+02 +1.706208323e+02
599 0 +3.088407584e+01 +1.662140758e+02 +1.662140758e+02
610 0 +2.562969691e+01 +1.609596969e+02 +1.609596969e+02
643 0 +2.508457513e+01 +1.604145751e+02 +1.604145751e+02
698 0 +2.200071535e+01 +1.573307153e+02 +1.573307153e+02
1748 0 +1.989938769e+01 +1.552293877e+02 +1.552293877e+02
100004 0 +1.890420193e+01 +1.542342019e+02 +1.542342019e+02
% f evaluations | g evaluations | best noise-free fitness - Fopt (4.066000000000e+01) + sum g_i+ | measured fitness | best measured fitness or single-digit g-values | x1 | x2...
1 0 +3.841039073e+02 +4.247639073e+02 +4.247639073e+02
2 0 +3.269150302e+02 +3.675750302e+02 +3.675750302e+02
7 0 +2.933267306e+02 +3.339867306e+02 +3.339867306e+02
9 0 +2.185426022e+02 +2.592026022e+02 +2.592026022e+02
12 0 +1.500818432e+02 +1.907418432e+02 +1.907418432e+02
55 0 +1.282773873e+02 +1.689373873e+02 +1.689373873e+02
136 0 +1.189476267e+02 +1.596076267e+02 +1.596076267e+02
143 0 +1.052854756e+02 +1.459454756e+02 +1.459454756e+02
149 0 +9.661560748e+01 +1.372756075e+02 +1.372756075e+02
278 0 +8.782025869e+01 +1.284802587e+02 +1.284802587e+02
306 0 +7.846496905e+01 +1.191249691e+02 +1.191249691e+02
389 0 +5.305783760e+01 +9.371783760e+01 +9.371783760e+01
478 0 +4.834552831e+01 +8.900552831e+01 +8.900552831e+01
522 0 +4.403483713e+01 +8.469483713e+01 +8.469483713e+01
588 0 +3.882703155e+01 +7.948703155e+01 +7.948703155e+01
643 0 +3.510443812e+01 +7.576443812e+01 +7.576443812e+01
665 0 +3.144749904e+01 +7.210749904e+01 +7.210749904e+01
1682 0 +2.628278271e+01 +6.694278271e+01 +6.694278271e+01
1704 0 +2.496561971e+01 +6.562561971e+01 +6.562561971e+01
100443 0 +2.387897198e+01 +6.453897198e+01 +6.453897198e+01
