% f evaluations | g evaluations | best noise-free fitness - Fopt (-6.211100000000e+02) + sum g_i+ | measured fitness | best measured fitness or single-digit g-values | x1 | x2...
1 0 +9.215940298e+07 +9.215878187e+07 +9.215878187e+07
3 0 +4.481810190e+07 +4.481748079e+07 +4.481748079e+07
5 0 +2.149056223e+07 +2.148994112e+07 +2.148994112e+07
12 0 +1.717994602e+07 +1.717932491e+07 +1.717932491e+07
13 0 +1.687364413e+07 +1.687302302e+07 +1.687302302e+07
16 0 +1.043142549e+07 +1.043080438e+07 +1.043080438e+07
38 0 +9.861113213e+06 +9.860492103e+06 +9.860492103e+06
41 0 +9.786446569e+06 +9.785825459e+06 +9.785825459e+06
64 0 +7.670673915e+06 +7.670052805e+06 +7.670052805e+06
65 0 +6.583001564e+06 +6.582380454e+06 +6.582380454e+06
74 0 +5.750570356e+06 +5.749949246e+06 +5.749949246e+06
85 0 +5.192841533e+06 +5.192220423e+06 +5.192220423e+06
87 0 +3.951096264e+06 +3.950475154e+06 +3.950475154e+06
96 0 +3.752609538e+06 +3.751988428e+06 +3.751988428e+06
101 0 +1.376464417e+06 +1.375843307e+06 +1.375843307e+06
112 0 +1.900090140e+05 +1.893879040e+05 +1.893879040e+05
134 0 +2.793037247e+04 +2.730926247e+04 +2.730926247e+04
156 0 +7.078484822e+03 +6.457374822e+03 +6.457374822e+03
178 0 +5.340004951e+03 +4.718894951e+03 +4.718894951e+03
354 0 +4.871920683e+03 +4.250810683e+03 +4.250810683e+03
365 0 +4.157249250e+03 +3.536139250e+03 +3.536139250e+03
376 0 +2.451598774e+03 +1.830488774e+03 +1.830488774e+03
387 0 +3.083853815e+02 -3.127246185e+02 -3.127246185e+02
398 0 +7.423496563e+01 -5.468750344e+02 -5.468750344e+02
409 0 +1.195190900e+01 -6.091580910e+02 -6.091580910e+02
420 0 +4.663060547e+00 -6.164469395e+02 -6.164469395e+02
431 0 +3.354389161e+00 -6.177556108e+02 -6.177556108e+02
519 0 +3.123298551e+00 -6.179867014e+02 -6.179867014e+02
563 0 +2.628025568e+00 -6.184819744e+02 -6.184819744e+02
585 0 +2.466677188e+00 -6.186433228e+02 -6.186433228e+02
651 0 +2.204790219e+00 -6.189052098e+02 -6.189052098e+02
673 0 +1.975511591e+00 -6.191344884e+02 -6.191344884e+02
717 0 +1.742551342e+00 -6.193674487e+02 -6.193674487e+02
739 0 +1.530450382e+00 -6.195795496e+02 -6.195795496e+02
750 0 +1.405864602e+00 -6.197041354e+02 -6.197041354e+02
816 0 +1.203081003e+00 -6.199069190e+02 -6.199069190e+02
849 0 +1.075731324e+00 -6.200342687e+02 -6.200342687e+02
860 0 +9.860116113e-01 -6.201239884e+02 -6.201239884e+02
904 0 +8.764428009e-01 -6.202335572e+02 -6.202335572e+02
926 0 +7.269420464e-01 -6.203830580e+02 -6.203830580e+02
937 0 +6.442175100e-01 -6.204657825e+02 -6.204657825e+02
948 0 +5.690997740e-01 -6.205409002e+02 -6.205409002e+02
959 0 +4.788694397e-01 -6.206311306e+02 -6.206311306e+02
1003 0 +4.309479727e-01 -6.206790520e+02 -6.206790520e+02
1014 0 +3.934562897e-01 -6.207165437e+02 -6.207165437e+02
1025 0 +3.425538566e-01 -6.207674461e+02 -6.207674461e+02
1058 0 +3.160594254e-01 -6.207939406e+02 -6.207939406e+02
1080 0 +2.572980578e-01 -6.208527019e+02 -6.208527019e+02
1102 0 +2.477560189e-01 -6.208622440e+02 -6.208622440e+02
1124 0 +2.094773549e-01 -6.209005226e+02 -6.209005226e+02
1135 0 +1.843762395e-01 -6.209256238e+02 -6.209256238e+02
1146 0 +1.575980520e-01 -6.209524019e+02 -6.209524019e+02
1179 0 +1.373984673e-01 -6.209726015e+02 -6.209726015e+02
1190 0 +1.177985335e-01 -6.209922015e+02 -6.209922015e+02
1212 0 +1.108018554e-01 -6.209991981e+02 -6.209991981e+02
1223 0 +9.903399324e-02 -6.210109660e+02 -6.210109660e+02
1234 0 +8.375392835e-02 -6.210262461e+02 -6.210262461e+02
1245 0 +6.502897589e-02 -6.210449710e+02 -6.210449710e+02
1267 0 +5.860138967e-02 -6.210513986e+02 -6.210513986e+02
1278 0 +5.613308618e-02 -6.210538669e+02 -6.210538669e+02
1300 0 +4.706683405e-02 -6.210629332e+02 -6.210629332e+02
1311 0 +3.620438885e-02 -6.210737956e+02 -6.210737956e+02
1322 0 +3.035201410e-02 -6.210796480e+02 -6.210796480e+02
1333 0 +2.143051989e-02 -6.210885695e+02 -6.210885695e+02
1344 0 +1.362919032e-02 -6.210963708e+02 -6.210963708e+02
1355 0 +1.033922132e-02 -6.210996608e+02 -6.210996608e+02
1366 0 +8.762809259e-03 -6.211012372e+02 -6.211012372e+02
1377 0 +6.448383582e-03 -6.211035516e+02 -6.211035516e+02
1388 0 +4.644189508e-03 -6.211053558e+02 -6.211053558e+02
1399 0 +3.400509791e-03 -6.211065995e+02 -6.211065995e+02
1421 0 +2.926441216e-03 -6.211070736e+02 -6.211070736e+02
1443 0 +2.664431814e-03 -6.211073356e+02 -6.211073356e+02
1454 0 +2.265023415e-03 -6.211077350e+02 -6.211077350e+02
1465 0 +1.770563461e-03 -6.211082294e+02 -6.211082294e+02
1498 0 +1.314408189e-03 -6.211086856e+02 -6.211086856e+02
1509 0 +1.022753310e-03 -6.211089772e+02 -6.211089772e+02
1520 0 +8.028222287e-04 -6.211091972e+02 -6.211091972e+02
1542 0 +6.624471075e-04 -6.211093376e+02 -6.211093376e+02
1564 0 +6.277105293e-04 -6.211093723e+02 -6.211093723e+02
1586 0 +4.875769687e-04 -6.211095124e+02 -6.211095124e+02
1597 0 +3.904945838e-04 -6.211096095e+02 -6.211096095e+02
1608 0 +2.926008225e-04 -6.211097074e+02 -6.211097074e+02
1630 0 +2.419623157e-04 -6.211097580e+02 -6.211097580e+02
1663 0 +2.099837322e-04 -6.211097900e+02 -6.211097900e+02
1674 0 +1.816941852e-04 -6.211098183e+02 -6.211098183e+02
1685 0 +1.421155238e-04 -6.211098579e+02 -6.211098579e+02
1707 0 +1.270069459e-04 -6.211098730e+02 -6.211098730e+02
1718 0 +1.045820699e-04 -6.211098954e+02 -6.211098954e+02
1729 0 +7.915697927e-05 -6.211099208e+02 -6.211099208e+02
1740 0 +5.879783816e-05 -6.211099412e+02 -6.211099412e+02
1762 0 +5.436849847e-05 -6.211099456e+02 -6.211099456e+02
1773 0 +4.908770029e-05 -6.211099509e+02 -6.211099509e+02
1784 0 +4.220208871e-05 -6.211099578e+02 -6.211099578e+02
1795 0 +3.297682781e-05 -6.211099670e+02 -6.211099670e+02
1817 0 +2.894917020e-05 -6.211099711e+02 -6.211099711e+02
1828 0 +2.356671564e-05 -6.211099764e+02 -6.211099764e+02
1839 0 +1.736422564e-05 -6.211099826e+02 -6.211099826e+02
1850 0 +1.183652228e-05 -6.211099882e+02 -6.211099882e+02
1872 0 +1.027481608e-05 -6.211099897e+02 -6.211099897e+02
1883 0 +9.762029777e-06 -6.211099902e+02 -6.211099902e+02
1905 0 +7.950525742e-06 -6.211099920e+02 -6.211099920e+02
1916 0 +6.713645689e-06 -6.211099933e+02 -6.211099933e+02
1927 0 +5.306666594e-06 -6.211099947e+02 -6.211099947e+02
1949 0 +4.936577398e-06 -6.211099951e+02 -6.211099951e+02
1971 0 +4.057246883e-06 -6.211099959e+02 -6.211099959e+02
1982 0 +3.592542726e-06 -6.211099964e+02 -6.211099964e+02
1993 0 +3.144668085e-06 -6.211099969e+02 -6.211099969e+02
2004 0 +2.718646101e-06 -6.211099973e+02 -6.211099973e+02
2015 0 +2.364458055e-06 -6.211099976e+02 -6.211099976e+02
2026 0 +2.019109843e-06 -6.211099980e+02 -6.211099980e+02
2037 0 +1.849871978e-06 -6.211099982e+02 -6.211099982e+02
2048 0 +1.716426823e-06 -6.211099983e+02 -6.211099983e+02
2059 0 +1.550484512e-06 -6.211099984e+02 -6.211099984e+02
2070 0 +1.287618375e-06 -6.211099987e+02 -6.211099987e+02
2081 0 +1.024704943e-06 -6.211099990e+02 -6.211099990e+02
2092 0 +9.020099014e-07 -6.211099991e+02 -6.211099991e+02
2103 0 +7.876917607e-07 -6.211099992e+02 -6.211099992e+02
2114 0 +5.056587042e-07 -6.211099995e+02 -6.211099995e+02
2136 0 +4.836106200e-07 -6.211099995e+02 -6.211099995e+02
2158 0 +4.171812407e-07 -6.211099996e+02 -6.211099996e+02
2169 0 +3.178587349e-07 -6.211099997e+02 -6.211099997e+02
2180 0 +2.647421979e-07 -6.211099997e+02 -6.211099997e+02
2191 0 +2.312509650e-07 -6.211099998e+02 -6.211099998e+02
2202 0 +1.495010338e-07 -6.211099999e+02 -6.211099999e+02
2292 0 +1.411597168e-07 -6.211099999e+02 -6.211099999e+02
2301 0 +1.230929456e-07 -6.211099999e+02 -6.211099999e+02
2312 0 +8.438109944e-08 -6.211099999e+02 -6.211099999e+02
2345 0 +7.778317013e-08 -6.211099999e+02 -6.211099999e+02
2356 0 +6.597031188e-08 -6.211099999e+02 -6.211099999e+02
2367 0 +4.948174137e-08 -6.211100000e+02 -6.211100000e+02
2433 0 +3.923275926e-08 -6.211100000e+02 -6.211100000e+02
2444 0 +2.354283879e-08 -6.211100000e+02 -6.211100000e+02
100086 0 +2.319666237e-08 -6.211100000e+02 -6.211100000e+02
% f evaluations | g evaluations | best noise-free fitness - Fopt (-2.548200000000e+02) + sum g_i+ | measured fitness | best measured fitness or single-digit g-values | x1 | x2...
1 0 +2.752489674e+08 +2.752487126e+08 +2.752487126e+08
2 0 +1.106850589e+08 +1.106848040e+08 +1.106848040e+08
7 0 +9.508345251e+07 +9.508319769e+07 +9.508319769e+07
14 0 +7.557976925e+07 +7.557951443e+07 +7.557951443e+07
18 0 +6.463460083e+07 +6.463434601e+07 +6.463434601e+07
21 0 +3.982096110e+07 +3.982070628e+07 +3.982070628e+07
32 0 +2.634720415e+07 +2.634694933e+07 +2.634694933e+07
46 0 +2.580714305e+07 +2.580688823e+07 +2.580688823e+07
52 0 +1.742773218e+07 +1.742747736e+07 +1.742747736e+07
53 0 +9.481399241e+06 +9.481144421e+06 +9.481144421e+06
62 0 +3.016294795e+06 +3.016039975e+06 +3.016039975e+06
101 0 +1.974141926e+06 +1.973887106e+06 +1.973887106e+06
112 0 +2.242455983e+05 +2.239907783e+05 +2.239907783e+05
134 0 +1.239525086e+05 +1.236976886e+05 +1.236976886e+05
178 0 +1.102257675e+05 +1.099709475e+05 +1.099709475e+05
332 0 +9.330802998e+04 +9.305320998e+04 +9.305320998e+04
343 0 +6.289022759e+04 +6.263540759e+04 +6.263540759e+04
354 0 +9.448936510e+03 +9.194116510e+03 +9.194116510e+03
365 0 +2.505823491e+02 -4.237650888e+00 -4.237650888e+00
376 0 +3.094106852e+00 -2.517258931e+02 -2.517258931e+02
387 0 +2.937959176e-01 -2.545262041e+02 -2.545262041e+02
398 0 +5.990883033e-02 -2.547600912e+02 -2.547600912e+02
409 0 +2.769470668e-02 -2.547923053e+02 -2.547923053e+02
629 0 +2.463317474e-02 -2.547953668e+02 -2.547953668e+02
651 0 +2.148798354e-02 -2.547985120e+02 -2.547985120e+02
662 0 +1.898575496e-02 -2.548010142e+02 -2.548010142e+02
673 0 +1.473168587e-02 -2.548052683e+02 -2.548052683e+02
684 0 +1.149926631e-02 -2.548085007e+02 -2.548085007e+02
695 0 +8.936852642e-03 -2.548110631e+02 -2.548110631e+02
706 0 +8.480220191e-03 -2.548115198e+02 -2.548115198e+02
728 0 +7.486781471e-03 -2.548125132e+02 -2.548125132e+02
739 0 +6.531794457e-03 -2.548134682e+02 -2.548134682e+02
750 0 +5.146111794e-03 -2.548148539e+02 -2.548148539e+02
761 0 +4.067213647e-03 -2.548159328e+02 -2.548159328e+02
783 0 +3.764328926e-03 -2.548162357e+02 -2.548162357e+02
794 0 +3.378493498e-03 -2.548166215e+02 -2.548166215e+02
805 0 +2.816323897e-03 -2.548171837e+02 -2.548171837e+02
816 0 +2.269959029e-03 -2.548177300e+02 -2.548177300e+02
838 0 +2.069080941e-03 -2.548179309e+02 -2.548179309e+02
849 0 +1.832086853e-03 -2.548181679e+02 -2.548181679e+02
860 0 +1.483023458e-03 -2.548185170e+02 -2.548185170e+02
871 0 +1.169038608e-03 -2.548188310e+02 -2.548188310e+02
882 0 +9.352407857e-04 -2.548190648e+02 -2.548190648e+02
893 0 +8.045143732e-04 -2.548191955e+02 -2.548191955e+02
904 0 +5.772206226e-04 -2.548194228e+02 -2.548194228e+02
926 0 +5.349182739e-04 -2.548194651e+02 -2.548194651e+02
937 0 +4.996921385e-04 -2.548195003e+02 -2.548195003e+02
959 0 +4.227445989e-04 -2.548195773e+02 -2.548195773e+02
970 0 +3.714723378e-04 -2.548196285e+02 -2.548196285e+02
981 0 +3.041046113e-04 -2.548196959e+02 -2.548196959e+02
992 0 +2.221510262e-04 -2.548197778e+02 -2.548197778e+02
1025 0 +1.854586114e-04 -2.548198145e+02 -2.548198145e+02
1036 0 +1.613477311e-04 -2.548198387e+02 -2.548198387e+02
1047 0 +1.310219134e-04 -2.548198690e+02 -2.548198690e+02
1058 0 +1.132580223e-04 -2.548198867e+02 -2.548198867e+02
1069 0 +8.795961227e-05 -2.548199120e+02 -2.548199120e+02
1080 0 +7.320922907e-05 -2.548199268e+02 -2.548199268e+02
1091 0 +5.299662422e-05 -2.548199470e+02 -2.548199470e+02
1102 0 +4.603804081e-05 -2.548199540e+02 -2.548199540e+02
1113 0 +3.517615352e-05 -2.548199648e+02 -2.548199648e+02
1124 0 +2.556485418e-05 -2.548199744e+02 -2.548199744e+02
1135 0 +1.700778600e-05 -2.548199830e+02 -2.548199830e+02
1157 0 +1.529577978e-05 -2.548199847e+02 -2.548199847e+02
1168 0 +1.343217500e-05 -2.548199866e+02 -2.548199866e+02
1179 0 +1.212962647e-05 -2.548199879e+02 -2.548199879e+02
1190 0 +1.093383756e-05 -2.548199891e+02 -2.548199891e+02
1201 0 +9.977512718e-06 -2.548199900e+02 -2.548199900e+02
1223 0 +7.276170322e-06 -2.548199927e+02 -2.548199927e+02
1234 0 +5.254720605e-06 -2.548199947e+02 -2.548199947e+02
1259 0 +5.006800563e-06 -2.548199950e+02 -2.548199950e+02
1278 0 +3.477547125e-06 -2.548199965e+02 -2.548199965e+02
1289 0 +2.479800997e-06 -2.548199975e+02 -2.548199975e+02
1300 0 +2.053770089e-06 -2.548199979e+02 -2.548199979e+02
1311 0 +1.704116016e-06 -2.548199983e+02 -2.548199983e+02
1366 0 +1.540138499e-06 -2.548199985e+02 -2.548199985e+02
1377 0 +1.349873031e-06 -2.548199987e+02 -2.548199987e+02
1388 0 +1.215133977e-06 -2.548199988e+02 -2.548199988e+02
1410 0 +1.005599501e-06 -2.548199990e+02 -2.548199990e+02
1418 0 +9.957788336e-07 -2.548199990e+02 -2.548199990e+02
1421 0 +6.827753225e-07 -2.548199993e+02 -2.548199993e+02
1432 0 +5.463374180e-07 -2.548199995e+02 -2.548199995e+02
1443 0 +4.636974325e-07 -2.548199995e+02 -2.548199995e+02
1454 0 +2.567425952e-07 -2.548199997e+02 -2.548199997e+02
5450 0 +2.369464767e-07 -2.548199998e+02 -2.548199998e+02
10075 0 +1.388152100e-07 -2.548199999e+02 -2.548199999e+02
22499 0 +1.144063333e-07 -2.548199999e+02 -2.548199999e+02
22507 0 +1.099314204e-07 -2.548199999e+02 -2.548199999e+02
22521 0 +9.752523056e-08 -2.548199999e+02 -2.548199999e+02
22532 0 +6.879622561e-08 -2.548199999e+02 -2.548199999e+02
100005 0 +6.523865181e-08 -2.548199999e+02 -2.548199999e+02
% f evaluations | g evaluations | best noise-free fitness - Fopt (5.661000000000e+01) + sum g_i+ | measured fitness | best measured fitness or single-digit g-values | x1 | x2...
1 0 +1.253082756e+08 +1.253083322e+08 +1.253083322e+08
11 0 +9.135473581e+07 +9.135479242e+07 +9.135479242e+07
27 0 +8.229135656e+07 +8.229141317e+07 +8.229141317e+07
28 0 +8.167389694e+07 +8.167395355e+07 +8.167395355e+07
31 0 +7.805931258e+07 +7.805936919e+07 +7.805936919e+07
36 0 +7.021106845e+07 +7.021112506e+07 +7.021112506e+07
47 0 +5.680397017e+07 +5.680402678e+07 +5.680402678e+07
53 0 +4.949034835e+07 +4.949040496e+07 +4.949040496e+07
61 0 +3.816445322e+07 +3.816450983e+07 +3.816450983e+07
75 0 +3.242353418e+07 +3.242359079e+07 +3.242359079e+07
83 0 +2.984292667e+07 +2.984298328e+07 +2.984298328e+07
93 0 +2.313567765e+07 +2.313573426e+07 +2.313573426e+07
94 0 +1.807687541e+07 +1.807693202e+07 +1.807693202e+07
112 0 +1.131688864e+07 +1.131694525e+07 +1.131694525e+07
134 0 +9.854540966e+06 +9.854597576e+06 +9.854597576e+06
156 0 +9.608006525e+06 +9.608063135e+06 +9.608063135e+06
178 0 +9.586544002e+06 +9.586600612e+06 +9.586600612e+06
233 0 +9.422853008e+06 +9.422909618e+06 +9.422909618e+06
255 0 +9.398141811e+06 +9.398198421e+06 +9.398198421e+06
343 0 +9.276716965e+06 +9.276773575e+06 +9.276773575e+06
354 0 +8.900549418e+06 +8.900606028e+06 +8.900606028e+06
365 0 +7.524159293e+06 +7.524215903e+06 +7.524215903e+06
376 0 +4.552185099e+06 +4.552241709e+06 +4.552241709e+06
387 0 +9.478406261e+05 +9.478972361e+05 +9.478972361e+05
398 0 +1.643791694e+05 +1.644357794e+05 +1.644357794e+05
409 0 +2.774170765e+04 +2.779831765e+04 +2.779831765e+04
420 0 +7.949516872e+03 +8.006126872e+03 +8.006126872e+03
431 0 +1.780967555e+03 +1.837577555e+03 +1.837577555e+03
442 0 +6.793729143e+02 +7.359829143e+02 +7.359829143e+02
453 0 +1.964487020e+02 +2.530587020e+02 +2.530587020e+02
464 0 +5.279362088e+01 +1.094036209e+02 +1.094036209e+02
475 0 +3.153985928e+00 +5.976398593e+01 +5.976398593e+01
486 0 +9.830606286e-01 +5.759306063e+01 +5.759306063e+01
497 0 +7.762228922e-02 +5.668762229e+01 +5.668762229e+01
508 0 +6.924638336e-02 +5.667924638e+01 +5.667924638e+01
684 0 +6.145346274e-02 +5.667145346e+01 +5.667145346e+01
706 0 +4.915070940e-02 +5.665915071e+01 +5.665915071e+01
717 0 +3.660415861e-02 +5.664660416e+01 +5.664660416e+01
728 0 +2.097492231e-02 +5.663097492e+01 +5.663097492e+01
739 0 +1.178046747e-02 +5.662178047e+01 +5.662178047e+01
750 0 +9.788207507e-03 +5.661978821e+01 +5.661978821e+01
761 0 +7.217331058e-03 +5.661721733e+01 +5.661721733e+01
772 0 +5.938162668e-03 +5.661593816e+01 +5.661593816e+01
783 0 +5.618499351e-03 +5.661561850e+01 +5.661561850e+01
794 0 +4.988894201e-03 +5.661498889e+01 +5.661498889e+01
805 0 +3.939625182e-03 +5.661393963e+01 +5.661393963e+01
838 0 +3.331297771e-03 +5.661333130e+01 +5.661333130e+01
849 0 +3.085391597e-03 +5.661308539e+01 +5.661308539e+01
860 0 +2.668889904e-03 +5.661266889e+01 +5.661266889e+01
871 0 +2.090292842e-03 +5.661209029e+01 +5.661209029e+01
882 0 +1.719641968e-03 +5.661171964e+01 +5.661171964e+01
893 0 +1.297832636e-03 +5.661129783e+01 +5.661129783e+01
904 0 +1.178465824e-03 +5.661117847e+01 +5.661117847e+01
915 0 +1.018908391e-03 +5.661101891e+01 +5.661101891e+01
926 0 +9.895726862e-04 +5.661098957e+01 +5.661098957e+01
948 0 +8.814965210e-04 +5.661088150e+01 +5.661088150e+01
959 0 +7.372125492e-04 +5.661073721e+01 +5.661073721e+01
970 0 +5.748059416e-04 +5.661057481e+01 +5.661057481e+01
992 0 +5.209974685e-04 +5.661052100e+01 +5.661052100e+01
1003 0 +4.442069703e-04 +5.661044421e+01 +5.661044421e+01
1014 0 +3.482172178e-04 +5.661034822e+01 +5.661034822e+01
1036 0 +3.152707163e-04 +5.661031527e+01 +5.661031527e+01
1047 0 +2.762046131e-04 +5.661027620e+01 +5.661027620e+01
1058 0 +2.382536241e-04 +5.661023825e+01 +5.661023825e+01
1069 0 +1.923687995e-04 +5.661019237e+01 +5.661019237e+01
1080 0 +1.730920492e-04 +5.661017309e+01 +5.661017309e+01
1102 0 +1.368857668e-04 +5.661013689e+01 +5.661013689e+01
1113 0 +1.085748222e-04 +5.661010857e+01 +5.661010857e+01
1135 0 +9.209708334e-05 +5.661009210e+01 +5.661009210e+01
1146 0 +8.830384009e-05 +5.661008830e+01 +5.661008830e+01
1168 0 +7.475611149e-05 +5.661007476e+01 +5.661007476e+01
1179 0 +6.163842442e-05 +5.661006164e+01 +5.661006164e+01
1190 0 +5.410493399e-05 +5.661005410e+01 +5.661005410e+01
1212 0 +4.211309570e-05 +5.661004211e+01 +5.661004211e+01
1223 0 +3.499190211e-05 +5.661003499e+01 +5.661003499e+01
1245 0 +3.124489488e-05 +5.661003124e+01 +5.661003124e+01
1256 0 +2.620437510e-05 +5.661002620e+01 +5.661002620e+01
1267 0 +2.168516451e-05 +5.661002169e+01 +5.661002169e+01
1289 0 +1.745537084e-05 +5.661001746e+01 +5.661001746e+01
1311 0 +1.300057902e-05 +5.661001300e+01 +5.661001300e+01
1322 0 +1.072081375e-05 +5.661001072e+01 +5.661001072e+01
1333 0 +6.499808379e-06 +5.661000650e+01 +5.661000650e+01
1355 0 +5.758343072e-06 +5.661000576e+01 +5.661000576e+01
1410 0 +5.582923635e-06 +5.661000558e+01 +5.661000558e+01
1443 0 +4.596641610e-06 +5.661000460e+01 +5.661000460e+01
1465 0 +4.428051625e-06 +5.661000443e+01 +5.661000443e+01
5926 0 +3.815602994e-06 +5.661000382e+01 +5.661000382e+01
5948 0 +3.294039935e-06 +5.661000329e+01 +5.661000329e+01
5959 0 +3.031803644e-06 +5.661000303e+01 +5.661000303e+01
5970 0 +2.777117459e-06 +5.661000278e+01 +5.661000278e+01
5992 0 +2.311284561e-06 +5.661000231e+01 +5.661000231e+01
6003 0 +2.108123333e-06 +5.661000211e+01 +5.661000211e+01
6014 0 +1.928261959e-06 +5.661000193e+01 +5.661000193e+01
6025 0 +1.708177557e-06 +5.661000171e+01 +5.661000171e+01
6036 0 +1.290318082e-06 +5.661000129e+01 +5.661000129e+01
6047 0 +1.153429331e-06 +5.661000115e+01 +5.661000115e+01
6058 0 +9.950246636e-07 +5.661000100e+01 +5.661000100e+01
6069 0 +8.798212150e-07 +5.661000088e+01 +5.661000088e+01
6080 0 +7.719964330e-07 +5.661000077e+01 +5.661000077e+01
6091 0 +7.046587172e-07 +5.661000070e+01 +5.661000070e+01
6113 0 +4.873211950e-07 +5.661000049e+01 +5.661000049e+01
6135 0 +4.249146812e-07 +5.661000042e+01 +5.661000042e+01
6146 0 +3.399387793e-07 +5.661000034e+01 +5.661000034e+01
6157 0 +2.982481959e-07 +5.661000030e+01 +5.661000030e+01
6168 0 +2.682899023e-07 +5.661000027e+01 +5.661000027e+01
6179 0 +1.889622538e-07 +5.661000019e+01 +5.661000019e+01
6245 0 +1.680917876e-07 +5.661000017e+01 +5.661000017e+01
6256 0 +1.333110333e-07 +5.661000013e+01 +5.661000013e+01
6267 0 +1.196415482e-07 +5.661000012e+01 +5.661000012e+01
6300 0 +1.079606022e-07 +5.661000011e+01 +5.661000011e+01
6311 0 +8.372119709e-08 +5.661000008e+01 +5.661000008e+01
6322 0 +7.926997370e-08 +5.661000008e+01 +5.661000008e+01
6366 0 +6.886113368e-08 +5.661000007e+01 +5.661000007e+01
6377 0 +4.753161420e-08 +5.661000005e+01 +5.661000005e+01
100058 0 +4.551450417e-08 +5.661000005e+01 +5.661000005e+01
% f evaluations | g evaluations | best noise-free fitness - Fopt (-1.810000000000e+01) + sum g_i+ | measured fitness | best measured fitness or single-digit g-values | x1 | x2...
1 0 +5.054331596e+07 +5.054329786e+07 +5.054329786e+07
8 0 +4.934059176e+07 +4.934057366e+07 +4.934057366e+07
10 0 +3.719225093e+07 +3.719223283e+07 +3.719223283e+07
15 0 +2.713810588e+07 +2.713808778e+07 +2.713808778e+07
25 0 +1.050329406e+07 +1.050327596e+07 +1.050327596e+07
54 0 +7.310231889e+06 +7.310213789e+06 +7.310213789e+06
74 0 +7.046991835e+06 +7.046973735e+06 +7.046973735e+06
97 0 +5.777755389e+06 +5.777737289e+06 +5.777737289e+06
98 0 +2.417490548e+06 +2.417472448e+06 +2.417472448e+06
101 0 +1.345096254e+06 +1.345078154e+06 +1.345078154e+06
112 0 +1.822780408e+05 +1.822599408e+05 +1.822599408e+05
134 0 +1.628908314e+04 +1.627098314e+04 +1.627098314e+04
156 0 +7.631568841e+03 +7.613468841e+03 +7.613468841e+03
178 0 +6.702568406e+03 +6.684468406e+03 +6.684468406e+03
376 0 +5.761853499e+03 +5.743753499e+03 +5.743753499e+03
387 0 +3.744387489e+03 +3.726287489e+03 +3.726287489e+03
398 0 +1.917397994e+02 +1.736397994e+02 +1.736397994e+02
409 0 +4.305225132e+01 +2.495225132e+01 +2.495225132e+01
431 0 +6.341494947e+00 -1.175850505e+01 -1.175850505e+01
442 0 +1.703066167e-01 -1.792969338e+01 -1.792969338e+01
453 0 +2.040918662e-02 -1.807959081e+01 -1.807959081e+01
464 0 +1.713948447e-02 -1.808286052e+01 -1.808286052e+01
552 0 +1.575083711e-02 -1.808424916e+01 -1.808424916e+01
585 0 +1.386768653e-02 -1.808613231e+01 -1.808613231e+01
607 0 +1.124506611e-02 -1.808875493e+01 -1.808875493e+01
618 0 +8.524542358e-03 -1.809147546e+01 -1.809147546e+01
629 0 +5.504120256e-03 -1.809449588e+01 -1.809449588e+01
640 0 +4.265543374e-03 -1.809573446e+01 -1.809573446e+01
651 0 +2.909739948e-03 -1.809709026e+01 -1.809709026e+01
673 0 +2.475004468e-03 -1.809752500e+01 -1.809752500e+01
695 0 +2.228946891e-03 -1.809777105e+01 -1.809777105e+01
706 0 +1.875640774e-03 -1.809812436e+01 -1.809812436e+01
717 0 +1.503547238e-03 -1.809849645e+01 -1.809849645e+01
728 0 +1.068578172e-03 -1.809893142e+01 -1.809893142e+01
750 0 +9.325898395e-04 -1.809906741e+01 -1.809906741e+01
772 0 +8.628771463e-04 -1.809913712e+01 -1.809913712e+01
783 0 +7.512344921e-04 -1.809924877e+01 -1.809924877e+01
794 0 +5.859450257e-04 -1.809941405e+01 -1.809941405e+01
805 0 +5.528727264e-04 -1.809944713e+01 -1.809944713e+01
827 0 +4.262194110e-04 -1.809957378e+01 -1.809957378e+01
838 0 +3.187593590e-04 -1.809968124e+01 -1.809968124e+01
849 0 +2.404349189e-04 -1.809975957e+01 -1.809975957e+01
871 0 +2.131809461e-04 -1.809978682e+01 -1.809978682e+01
882 0 +1.629429095e-04 -1.809983706e+01 -1.809983706e+01
904 0 +1.516151533e-04 -1.809984838e+01 -1.809984838e+01
915 0 +1.399402861e-04 -1.809986006e+01 -1.809986006e+01
926 0 +1.205846226e-04 -1.809987942e+01 -1.809987942e+01
937 0 +9.240976556e-05 -1.809990759e+01 -1.809990759e+01
948 0 +6.901156601e-05 -1.809993099e+01 -1.809993099e+01
970 0 +5.850286611e-05 -1.809994150e+01 -1.809994150e+01
992 0 +5.386233589e-05 -1.809994614e+01 -1.809994614e+01
1003 0 +4.647589885e-05 -1.809995352e+01 -1.809995352e+01
1014 0 +3.586804713e-05 -1.809996413e+01 -1.809996413e+01
1036 0 +3.141941367e-05 -1.809996858e+01 -1.809996858e+01
1047 0 +2.537252539e-05 -1.809997463e+01 -1.809997463e+01
1058 0 +1.822164921e-05 -1.809998178e+01 -1.809998178e+01
1080 0 +1.534842045e-05 -1.809998465e+01 -1.809998465e+01
1102 0 +1.378381170e-05 -1.809998622e+01 -1.809998622e+01
1113 0 +1.131042157e-05 -1.809998869e+01 -1.809998869e+01
1124 0 +8.226578501e-06 -1.809999177e+01 -1.809999177e+01
1146 0 +7.394958452e-06 -1.809999261e+01 -1.809999261e+01
1157 0 +6.081106182e-06 -1.809999392e+01 -1.809999392e+01
1168 0 +4.250192578e-06 -1.809999575e+01 -1.809999575e+01
1190 0 +3.788714821e-06 -1.809999621e+01 -1.809999621e+01
1201 0 +3.103988753e-06 -1.809999690e+01 -1.809999690e+01
1212 0 +2.138242564e-06 -1.809999786e+01 -1.809999786e+01
1234 0 +1.822231550e-06 -1.809999818e+01 -1.809999818e+01
1245 0 +1.354509227e-06 -1.809999865e+01 -1.809999865e+01
1256 0 +8.914925971e-07 -1.809999911e+01 -1.809999911e+01
1257 0 +8.911954694e-07 -1.809999911e+01 -1.809999911e+01
1278 0 +7.933652562e-07 -1.809999921e+01 -1.809999921e+01
1289 0 +6.505389401e-07 -1.809999935e+01 -1.809999935e+01
1300 0 +4.470868866e-07 -1.809999955e+01 -1.809999955e+01
1301 0 +4.466063253e-07 -1.809999955e+01 -1.809999955e+01
1311 0 +3.503792136e-07 -1.809999965e+01 -1.809999965e+01
1322 0 +2.149970157e-07 -1.809999979e+01 -1.809999979e+01
1333 0 +1.612493605e-07 -1.809999984e+01 -1.809999984e+01
1337 0 +1.576828232e-07 -1.809999984e+01 -1.809999984e+01
1344 0 +9.335646922e-08 -1.809999991e+01 -1.809999991e+01
1355 0 +5.573099315e-08 -1.809999994e+01 -1.809999994e+01
1366 0 +3.844097662e-08 -1.809999996e+01 -1.809999996e+01
1377 0 +1.864921728e-08 -1.809999998e+01 -1.809999998e+01
1399 0 +1.271564187e-08 -1.809999999e+01 -1.809999999e+01
1402 0 +1.234111124e-08 -1.809999999e+01 -1.809999999e+01
1425 0 +1.108967496e-08 -1.809999999e+01 -1.809999999e+01
1443 0 +7.818020009e-09 -1.809999999e+01 -1.809999999e+01
100008 0 +2.288480516e-10 -1.810000000e+01 -1.810000000e+01
% f evaluations | g evaluations | best noise-free fitness - Fopt (3.777000000000e+01) + sum g_i+ | measured fitness | best measured fitness or single-digit g-values | x1 | x2...
1 0 +9.990393330e+07 +9.990397107e+07 +9.990397107e+07
3 0 +4.466971128e+07 +4.466974905e+07 +4.466974905e+07
5 0 +4.297372625e+07 +4.297376402e+07 +4.297376402e+07
17 0 +3.003787206e+07 +3.003790983e+07 +3.003790983e+07
25 0 +2.314161531e+07 +2.314165308e+07 +2.314165308e+07
36 0 +1.738823073e+07 +1.738826850e+07 +1.738826850e+07
41 0 +1.524792800e+07 +1.524796577e+07 +1.524796577e+07
53 0 +1.113923568e+07 +1.113927345e+07 +1.113927345e+07
58 0 +9.525196985e+06 +9.525234755e+06 +9.525234755e+06
62 0 +8.527937564e+06 +8.527975334e+06 +8.527975334e+06
72 0 +6.519719459e+06 +6.519757229e+06 +6.519757229e+06
81 0 +6.221191832e+06 +6.221229602e+06 +6.221229602e+06
83 0 +3.955973589e+06 +3.956011359e+06 +3.956011359e+06
101 0 +2.569779616e+06 +2.569817386e+06 +2.569817386e+06
112 0 +5.845971745e+05 +5.846349445e+05 +5.846349445e+05
134 0 +1.855301909e+05 +1.855679609e+05 +1.855679609e+05
156 0 +1.640459203e+05 +1.640836903e+05 +1.640836903e+05
233 0 +1.529203469e+05 +1.529581169e+05 +1.529581169e+05
244 0 +1.280260490e+05 +1.280638190e+05 +1.280638190e+05
255 0 +7.937932548e+04 +7.941709548e+04 +7.941709548e+04
388 0 +3.514547181e+04 +3.518324181e+04 +3.518324181e+04
410 0 +7.643289987e+03 +7.681059987e+03 +7.681059987e+03
432 0 +8.948883126e+02 +9.326583126e+02 +9.326583126e+02
454 0 +3.262190947e+02 +3.639890947e+02 +3.639890947e+02
476 0 +2.968739849e+02 +3.346439849e+02 +3.346439849e+02
597 0 +2.514246104e+02 +2.891946104e+02 +2.891946104e+02
608 0 +1.886012033e+02 +2.263712033e+02 +2.263712033e+02
619 0 +8.582414486e+01 +1.235941449e+02 +1.235941449e+02
630 0 +2.947109967e+01 +6.724109967e+01 +6.724109967e+01
1358 0 +1.198975206e+01 +4.975975206e+01 +4.975975206e+01
1369 0 +4.403621461e+00 +4.217362146e+01 +4.217362146e+01
1380 0 +3.296671112e+00 +4.106667111e+01 +4.106667111e+01
1391 0 +1.622613170e+00 +3.939261317e+01 +3.939261317e+01
1402 0 +8.979827758e-01 +3.866798278e+01 +3.866798278e+01
1413 0 +6.168354458e-01 +3.838683545e+01 +3.838683545e+01
1435 0 +2.664613033e-01 +3.803646130e+01 +3.803646130e+01
1457 0 +1.501696393e-01 +3.792016964e+01 +3.792016964e+01
1468 0 +6.982207185e-02 +3.783982207e+01 +3.783982207e+01
1479 0 +5.109844912e-02 +3.782109845e+01 +3.782109845e+01
1490 0 +2.025352653e-02 +3.779025353e+01 +3.779025353e+01
1512 0 +1.239300927e-02 +3.778239301e+01 +3.778239301e+01
1523 0 +9.331233772e-03 +3.777933123e+01 +3.777933123e+01
1534 0 +5.430929064e-03 +3.777543093e+01 +3.777543093e+01
1545 0 +4.303007395e-03 +3.777430301e+01 +3.777430301e+01
1556 0 +3.874156290e-03 +3.777387416e+01 +3.777387416e+01
1567 0 +1.535666996e-03 +3.777153567e+01 +3.777153567e+01
1578 0 +7.760674887e-04 +3.777077607e+01 +3.777077607e+01
1600 0 +3.971334897e-04 +3.777039713e+01 +3.777039713e+01
1611 0 +2.533854765e-04 +3.777025339e+01 +3.777025339e+01
1622 0 +1.292037185e-04 +3.777012920e+01 +3.777012920e+01
1633 0 +6.984337173e-05 +3.777006984e+01 +3.777006984e+01
1655 0 +5.543170413e-05 +3.777005543e+01 +3.777005543e+01
1677 0 +4.561548535e-05 +3.777004562e+01 +3.777004562e+01
8019 0 +4.441032480e-05 +3.777004441e+01 +3.777004441e+01
16257 0 +3.954220201e-05 +3.777003954e+01 +3.777003954e+01
39408 0 +3.231105081e-05 +3.777003231e+01 +3.777003231e+01
40592 0 +2.434358927e-05 +3.777002434e+01 +3.777002434e+01
40632 0 +2.188298211e-05 +3.777002188e+01 +3.777002188e+01
40634 0 +1.507927934e-05 +3.777001508e+01 +3.777001508e+01
40668 0 +1.013611788e-05 +3.777001014e+01 +3.777001014e+01
40736 0 +9.988453698e-06 +3.777000999e+01 +3.777000999e+01
41336 0 +8.073503729e-06 +3.777000807e+01 +3.777000807e+01
41385 0 +4.935921552e-06 +3.777000494e+01 +3.777000494e+01
41391 0 +3.055382294e-06 +3.777000306e+01 +3.777000306e+01
42470 0 +2.756646559e-06 +3.777000276e+01 +3.777000276e+01
42981 0 +2.275163311e-06 +3.777000228e+01 +3.777000228e+01
42992 0 +2.168020181e-06 +3.777000217e+01 +3.777000217e+01
43006 0 +1.460606150e-06 +3.777000146e+01 +3.777000146e+01
43072 0 +1.248897412e-06 +3.777000125e+01 +3.777000125e+01
43628 0 +6.215969108e-07 +3.777000062e+01 +3.777000062e+01
43651 0 +3.545237988e-07 +3.777000035e+01 +3.777000035e+01
44285 0 +2.590085941e-07 +3.777000026e+01 +3.777000026e+01
44291 0 +1.779784995e-07 +3.777000018e+01 +3.777000018e+01
44317 0 +1.362946023e-07 +3.777000014e+01 +3.777000014e+01
44328 0 +8.190751544e-08 +3.777000008e+01 +3.777000008e+01
44863 0 +7.812225533e-08 +3.777000008e+01 +3.777000008e+01
44870 0 +3.664278125e-08 +3.777000004e+01 +3.777000004e+01
45459 0 +3.046722696e-08 +3.777000003e+01 +3.777000003e+01
45464 0 +2.500857477e-08 +3.777000003e+01 +3.777000003e+01
45484 0 +1.159733642e-08 +3.777000001e+01 +3.777000001e+01
45522 0 +9.374190313e-09 +3.777000001e+01 +3.777000001e+01
49861 0 +5.826450433e-13 +3.777000000e+01 +3.777000000e+01
52316 0 +0.000000000e+00 +3.777000000e+01 +3.777000000e+01
100477 0 +0.000000000e+00 +3.777000000e+01 +3.777000000e+01
% f evaluations | g evaluations | best noise-free fitness - Fopt (-6.325500000000e+02) + sum g_i+ | measured fitness | best measured fitness or single-digit g-values | x1 | x2...
1 0 +4.026411942e+07 +4.026348687e+07 +4.026348687e+07
3 0 +3.187828672e+07 +3.187765417e+07 +3.187765417e+07
8 0 +2.615375531e+07 +2.615312276e+07 +2.615312276e+07
12 0 +2.583785184e+07 +2.583721929e+07 +2.583721929e+07
14 0 +1.924681869e+07 +1.924618614e+07 +1.924618614e+07
18 0 +1.563729991e+07 +1.563666736e+07 +1.563666736e+07
35 0 +1.497935344e+07 +1.497872089e+07 +1.497872089e+07
38 0 +9.135412850e+06 +9.134780300e+06 +9.134780300e+06
58 0 +8.174127756e+06 +8.173495206e+06 +8.173495206e+06
69 0 +7.219521173e+06 +7.218888623e+06 +7.218888623e+06
85 0 +5.772249339e+06 +5.771616789e+06 +5.771616789e+06
98 0 +3.686331040e+06 +3.685698490e+06 +3.685698490e+06
101 0 +3.327648703e+06 +3.327016153e+06 +3.327016153e+06
112 0 +7.144146464e+05 +7.137820964e+05 +7.137820964e+05
134 0 +5.559178497e+05 +5.552852997e+05 +5.552852997e+05
354 0 +4.392009104e+05 +4.385683604e+05 +4.385683604e+05
365 0 +2.833471555e+05 +2.827146055e+05 +2.827146055e+05
376 0 +6.569015421e+04 +6.505760421e+04 +6.505760421e+04
387 0 +4.167141588e+03 +3.534591588e+03 +3.534591588e+03
398 0 +6.916014969e+02 +5.905149694e+01 +5.905149694e+01
409 0 +8.718916599e+01 -5.453608340e+02 -5.453608340e+02
420 0 +9.953897669e+00 -6.225961023e+02 -6.225961023e+02
431 0 +5.765064009e-01 -6.319734936e+02 -6.319734936e+02
442 0 +5.788151582e-02 -6.324921185e+02 -6.324921185e+02
453 0 +1.522831135e-02 -6.325347717e+02 -6.325347717e+02
464 0 +1.366339037e-02 -6.325363366e+02 -6.325363366e+02
651 0 +1.232647414e-02 -6.325376735e+02 -6.325376735e+02
673 0 +1.024369930e-02 -6.325397563e+02 -6.325397563e+02
684 0 +8.204368455e-03 -6.325417956e+02 -6.325417956e+02
695 0 +5.377400827e-03 -6.325446226e+02 -6.325446226e+02
717 0 +4.844943758e-03 -6.325451551e+02 -6.325451551e+02
728 0 +4.078648918e-03 -6.325459214e+02 -6.325459214e+02
739 0 +3.501194901e-03 -6.325464988e+02 -6.325464988e+02
761 0 +3.080599822e-03 -6.325469194e+02 -6.325469194e+02
772 0 +2.536100841e-03 -6.325474639e+02 -6.325474639e+02
783 0 +1.937518926e-03 -6.325480625e+02 -6.325480625e+02
794 0 +1.721891749e-03 -6.325482781e+02 -6.325482781e+02
805 0 +1.518879859e-03 -6.325484811e+02 -6.325484811e+02
816 0 +1.228123375e-03 -6.325487719e+02 -6.325487719e+02
827 0 +9.760969715e-04 -6.325490239e+02 -6.325490239e+02
849 0 +8.807122703e-04 -6.325491193e+02 -6.325491193e+02
860 0 +7.298490914e-04 -6.325492702e+02 -6.325492702e+02
871 0 +5.844776649e-04 -6.325494155e+02 -6.325494155e+02
893 0 +4.930249645e-04 -6.325495070e+02 -6.325495070e+02
926 0 +4.138258855e-04 -6.325495862e+02 -6.325495862e+02
937 0 +3.525469098e-04 -6.325496475e+02 -6.325496475e+02
948 0 +3.081047666e-04 -6.325496919e+02 -6.325496919e+02
959 0 +2.394811739e-04 -6.325497605e+02 -6.325497605e+02
981 0 +2.169815008e-04 -6.325497830e+02 -6.325497830e+02
992 0 +1.769711394e-04 -6.325498230e+02 -6.325498230e+02
1003 0 +1.460122480e-04 -6.325498540e+02 -6.325498540e+02
1025 0 +1.317029577e-04 -6.325498683e+02 -6.325498683e+02
1036 0 +1.114610284e-04 -6.325498885e+02 -6.325498885e+02
1047 0 +8.984225656e-05 -6.325499102e+02 -6.325499102e+02
1058 0 +7.948745213e-05 -6.325499205e+02 -6.325499205e+02
1066 0 +7.942373452e-05 -6.325499206e+02 -6.325499206e+02
1102 0 +6.105912018e-05 -6.325499389e+02 -6.325499389e+02
1113 0 +5.398823043e-05 -6.325499460e+02 -6.325499460e+02
1124 0 +4.449125765e-05 -6.325499555e+02 -6.325499555e+02
1135 0 +3.793411986e-05 -6.325499621e+02 -6.325499621e+02
1146 0 +3.503315406e-05 -6.325499650e+02 -6.325499650e+02
1157 0 +2.778043552e-05 -6.325499722e+02 -6.325499722e+02
1179 0 +2.310423156e-05 -6.325499769e+02 -6.325499769e+02
1190 0 +1.984073003e-05 -6.325499802e+02 -6.325499802e+02
1201 0 +1.662983527e-05 -6.325499834e+02 -6.325499834e+02
1212 0 +1.551184505e-05 -6.325499845e+02 -6.325499845e+02
1234 0 +1.273516511e-05 -6.325499873e+02 -6.325499873e+02
1256 0 +1.236885191e-05 -6.325499876e+02 -6.325499876e+02
1300 0 +1.008553647e-05 -6.325499899e+02 -6.325499899e+02
4075 0 +9.735987533e-06 -6.325499903e+02 -6.325499903e+02
79959 0 +8.452802149e-06 -6.325499915e+02 -6.325499915e+02
100120 0 +8.437891552e-06 -6.325499916e+02 -6.325499916e+02
% f evaluations | g evaluations | best noise-free fitness - Fopt (-8.530000000000e+01) + sum g_i+ | measured fitness | best measured fitness or single-digit g-values | x1 | x2...
1 0 +4.486785583e+07 +4.486777053e+07 +4.486777053e+07
10 0 +3.997134099e+07 +3.997125569e+07 +3.997125569e+07
16 0 +3.572109874e+07 +3.572101344e+07 +3.572101344e+07
17 0 +2.664974259e+07 +2.664965729e+07 +2.664965729e+07
22 0 +2.051549158e+07 +2.051540628e+07 +2.051540628e+07
36 0 +1.837195119e+07 +1.837186589e+07 +1.837186589e+07
54 0 +1.408286468e+07 +1.408277938e+07 +1.408277938e+07
62 0 +1.216515800e+07 +1.216507270e+07 +1.216507270e+07
88 0 +4.046617914e+06 +4.046532614e+06 +4.046532614e+06
112 0 +1.569425310e+06 +1.569340010e+06 +1.569340010e+06
145 0 +1.153266212e+06 +1.153180912e+06 +1.153180912e+06
167 0 +1.120626873e+06 +1.120541573e+06 +1.120541573e+06
178 0 +1.062232086e+06 +1.062146786e+06 +1.062146786e+06
189 0 +9.663991302e+05 +9.663138302e+05 +9.663138302e+05
343 0 +8.992270122e+05 +8.991417122e+05 +8.991417122e+05
354 0 +8.254702537e+05 +8.253849537e+05 +8.253849537e+05
365 0 +5.681901209e+05 +5.681048209e+05 +5.681048209e+05
376 0 +1.543956148e+05 +1.543103148e+05 +1.543103148e+05
387 0 +2.791211320e+03 +2.705911320e+03 +2.705911320e+03
398 0 +4.692602247e+02 +3.839602247e+02 +3.839602247e+02
409 0 +9.397091614e+01 +8.670916142e+00 +8.670916142e+00
420 0 +1.648390547e+01 -6.881609453e+01 -6.881609453e+01
563 0 +1.568356163e+01 -6.961643837e+01 -6.961643837e+01
618 0 +1.375632419e+01 -7.154367581e+01 -7.154367581e+01
695 0 +1.247543174e+01 -7.282456826e+01 -7.282456826e+01
761 0 +1.097577332e+01 -7.432422668e+01 -7.432422668e+01
816 0 +9.573993054e+00 -7.572600695e+01 -7.572600695e+01
849 0 +8.876251551e+00 -7.642374845e+01 -7.642374845e+01
904 0 +7.701042660e+00 -7.759895734e+01 -7.759895734e+01
937 0 +6.879105699e+00 -7.842089430e+01 -7.842089430e+01
992 0 +6.276239091e+00 -7.902376091e+01 -7.902376091e+01
1047 0 +5.483065321e+00 -7.981693468e+01 -7.981693468e+01
1091 0 +4.900897880e+00 -8.039910212e+01 -8.039910212e+01
1135 0 +4.373790410e+00 -8.092620959e+01 -8.092620959e+01
1168 0 +3.933026383e+00 -8.136697362e+01 -8.136697362e+01
1201 0 +3.471931022e+00 -8.182806898e+01 -8.182806898e+01
1245 0 +3.093731353e+00 -8.220626865e+01 -8.220626865e+01
1289 0 +2.809232890e+00 -8.249076711e+01 -8.249076711e+01
1322 0 +2.452331981e+00 -8.284766802e+01 -8.284766802e+01
1366 0 +2.215520248e+00 -8.308447975e+01 -8.308447975e+01
1421 0 +1.915103430e+00 -8.338489657e+01 -8.338489657e+01
1454 0 +1.734332255e+00 -8.356566774e+01 -8.356566774e+01
1509 0 +1.533481943e+00 -8.376651806e+01 -8.376651806e+01
1542 0 +1.399105335e+00 -8.390089466e+01 -8.390089466e+01
1597 0 +1.213623176e+00 -8.408637682e+01 -8.408637682e+01
1630 0 +1.116946896e+00 -8.418305310e+01 -8.418305310e+01
1674 0 +9.579144156e-01 -8.434208558e+01 -8.434208558e+01
1718 0 +8.803498747e-01 -8.441965013e+01 -8.441965013e+01
1751 0 +7.782611187e-01 -8.452173888e+01 -8.452173888e+01
1795 0 +7.062631387e-01 -8.459373686e+01 -8.459373686e+01
1828 0 +6.203580448e-01 -8.467964196e+01 -8.467964196e+01
1894 0 +5.577952983e-01 -8.474220470e+01 -8.474220470e+01
1927 0 +4.783620027e-01 -8.482163800e+01 -8.482163800e+01
1960 0 +4.353464095e-01 -8.486465359e+01 -8.486465359e+01
1982 0 +3.811526177e-01 -8.491884738e+01 -8.491884738e+01
2037 0 +3.437094326e-01 -8.495629057e+01 -8.495629057e+01
2081 0 +3.053193155e-01 -8.499468068e+01 -8.499468068e+01
2114 0 +2.743044840e-01 -8.502569552e+01 -8.502569552e+01
2136 0 +2.447551686e-01 -8.505524483e+01 -8.505524483e+01
2158 0 +2.139778113e-01 -8.508602219e+01 -8.508602219e+01
2169 0 +1.957674223e-01 -8.510423258e+01 -8.510423258e+01
2202 0 +1.721674525e-01 -8.512783255e+01 -8.512783255e+01
2235 0 +1.575957506e-01 -8.514240425e+01 -8.514240425e+01
2268 0 +1.327444619e-01 -8.516725554e+01 -8.516725554e+01
2279 0 +1.245353143e-01 -8.517546469e+01 -8.517546469e+01
2323 0 +1.029838173e-01 -8.519701618e+01 -8.519701618e+01
2334 0 +9.538364649e-02 -8.520461635e+01 -8.520461635e+01
2345 0 +8.793104333e-02 -8.521206896e+01 -8.521206896e+01
2378 0 +7.754703400e-02 -8.522245297e+01 -8.522245297e+01
2389 0 +7.051459125e-02 -8.522948541e+01 -8.522948541e+01
2411 0 +5.941740295e-02 -8.524058260e+01 -8.524058260e+01
2422 0 +5.019706204e-02 -8.524980294e+01 -8.524980294e+01
2433 0 +4.201358418e-02 -8.525798642e+01 -8.525798642e+01
2455 0 +3.756316662e-02 -8.526243683e+01 -8.526243683e+01
2488 0 +3.337757691e-02 -8.526662242e+01 -8.526662242e+01
2499 0 +2.938790354e-02 -8.527061210e+01 -8.527061210e+01
2510 0 +2.605189703e-02 -8.527394810e+01 -8.527394810e+01
2521 0 +2.227879185e-02 -8.527772121e+01 -8.527772121e+01
2532 0 +1.705182670e-02 -8.528294817e+01 -8.528294817e+01
2543 0 +1.472286553e-02 -8.528527713e+01 -8.528527713e+01
2554 0 +1.135706119e-02 -8.528864294e+01 -8.528864294e+01
2565 0 +8.689992844e-03 -8.529131001e+01 -8.529131001e+01
2576 0 +6.660404717e-03 -8.529333960e+01 -8.529333960e+01
2587 0 +5.245303973e-03 -8.529475470e+01 -8.529475470e+01
2609 0 +4.657927466e-03 -8.529534207e+01 -8.529534207e+01
2620 0 +3.739537267e-03 -8.529626046e+01 -8.529626046e+01
2631 0 +3.267652405e-03 -8.529673235e+01 -8.529673235e+01
2642 0 +2.985512260e-03 -8.529701449e+01 -8.529701449e+01
2664 0 +2.391813725e-03 -8.529760819e+01 -8.529760819e+01
2675 0 +1.997335417e-03 -8.529800266e+01 -8.529800266e+01
2697 0 +1.862063695e-03 -8.529813794e+01 -8.529813794e+01
2708 0 +1.602248639e-03 -8.529839775e+01 -8.529839775e+01
2719 0 +1.343356971e-03 -8.529865664e+01 -8.529865664e+01
2741 0 +1.191635990e-03 -8.529880836e+01 -8.529880836e+01
2774 0 +9.973926790e-04 -8.529900261e+01 -8.529900261e+01
2785 0 +8.456150382e-04 -8.529915438e+01 -8.529915438e+01
2807 0 +7.655744275e-04 -8.529923443e+01 -8.529923443e+01
2818 0 +6.707905526e-04 -8.529932921e+01 -8.529932921e+01
2829 0 +5.866943735e-04 -8.529941331e+01 -8.529941331e+01
2840 0 +4.871164351e-04 -8.529951288e+01 -8.529951288e+01
2862 0 +4.256574166e-04 -8.529957434e+01 -8.529957434e+01
2873 0 +3.967520738e-04 -8.529960325e+01 -8.529960325e+01
2884 0 +3.371222280e-04 -8.529966288e+01 -8.529966288e+01
2895 0 +3.111637333e-04 -8.529968884e+01 -8.529968884e+01
2917 0 +2.766378814e-04 -8.529972336e+01 -8.529972336e+01
2939 0 +2.320140316e-04 -8.529976799e+01 -8.529976799e+01
2950 0 +2.150492929e-04 -8.529978495e+01 -8.529978495e+01
2972 0 +1.943123336e-04 -8.529980569e+01 -8.529980569e+01
2994 0 +1.647284695e-04 -8.529983527e+01 -8.529983527e+01
3005 0 +1.443238729e-04 -8.529985568e+01 -8.529985568e+01
3027 0 +1.362739078e-04 -8.529986373e+01 -8.529986373e+01
3049 0 +1.132686776e-04 -8.529988673e+01 -8.529988673e+01
3071 0 +1.006342046e-04 -8.529989937e+01 -8.529989937e+01
3104 0 +9.909128373e-05 -8.529990091e+01 -8.529990091e+01
3126 0 +8.513671244e-05 -8.529991486e+01 -8.529991486e+01
3148 0 +7.771704242e-05 -8.529992228e+01 -8.529992228e+01
6982 0 +7.003121542e-05 -8.529992997e+01 -8.529992997e+01
7721 0 +4.680005992e-05 -8.529995320e+01 -8.529995320e+01
7853 0 +4.453829496e-05 -8.529995546e+01 -8.529995546e+01
7919 0 +3.787951499e-05 -8.529996212e+01 -8.529996212e+01
7930 0 +3.535192788e-05 -8.529996465e+01 -8.529996465e+01
7952 0 +2.849779642e-05 -8.529997150e+01 -8.529997150e+01
7963 0 +2.457284995e-05 -8.529997543e+01 -8.529997543e+01
7974 0 +2.085080830e-05 -8.529997915e+01 -8.529997915e+01
7985 0 +1.761614141e-05 -8.529998238e+01 -8.529998238e+01
7996 0 +1.514788134e-05 -8.529998485e+01 -8.529998485e+01
8007 0 +1.296884504e-05 -8.529998703e+01 -8.529998703e+01
8018 0 +1.247540612e-05 -8.529998752e+01 -8.529998752e+01
8051 0 +1.087013602e-05 -8.529998913e+01 -8.529998913e+01
8073 0 +8.192256558e-06 -8.529999181e+01 -8.529999181e+01
8084 0 +6.958821501e-06 -8.529999304e+01 -8.529999304e+01
8095 0 +5.848355187e-06 -8.529999415e+01 -8.529999415e+01
8106 0 +5.543910603e-06 -8.529999446e+01 -8.529999446e+01
8128 0 +4.690687632e-06 -8.529999531e+01 -8.529999531e+01
8139 0 +4.202758916e-06 -8.529999580e+01 -8.529999580e+01
8150 0 +3.901336740e-06 -8.529999610e+01 -8.529999610e+01
8161 0 +3.344653663e-06 -8.529999666e+01 -8.529999666e+01
8172 0 +2.753869680e-06 -8.529999725e+01 -8.529999725e+01
8205 0 +2.453556675e-06 -8.529999755e+01 -8.529999755e+01
8216 0 +2.009086103e-06 -8.529999799e+01 -8.529999799e+01
8227 0 +1.824934486e-06 -8.529999818e+01 -8.529999818e+01
8238 0 +1.716473534e-06 -8.529999828e+01 -8.529999828e+01
8249 0 +1.405406863e-06 -8.529999859e+01 -8.529999859e+01
8282 0 +1.201510116e-06 -8.529999880e+01 -8.529999880e+01
8293 0 +9.403306933e-07 -8.529999906e+01 -8.529999906e+01
8315 0 +8.858637983e-07 -8.529999911e+01 -8.529999911e+01
8337 0 +6.579945193e-07 -8.529999934e+01 -8.529999934e+01
8397 0 +6.295930888e-07 -8.529999937e+01 -8.529999937e+01
8414 0 +4.918305478e-07 -8.529999951e+01 -8.529999951e+01
8491 0 +4.429636391e-07 -8.529999956e+01 -8.529999956e+01
8502 0 +3.589065471e-07 -8.529999964e+01 -8.529999964e+01
8510 0 +3.544012088e-07 -8.529999965e+01 -8.529999965e+01
8579 0 +3.063105964e-07 -8.529999969e+01 -8.529999969e+01
8590 0 +2.260580487e-07 -8.529999977e+01 -8.529999977e+01
8595 0 +2.230167837e-07 -8.529999978e+01 -8.529999978e+01
14889 0 +1.569163004e-07 -8.529999984e+01 -8.529999984e+01
22324 0 +1.208101281e-07 -8.529999988e+01 -8.529999988e+01
92861 0 +1.085264216e-07 -8.529999989e+01 -8.529999989e+01
100015 0 +1.059810160e-07 -8.529999989e+01 -8.529999989e+01
% f evaluations | g evaluations | best noise-free fitness - Fopt (1.719500000000e+02) + sum g_i+ | measured fitness | best measured fitness or single-digit g-values | x1 | x2...
1 0 +3.023283599e+08 +3.023285319e+08 +3.023285319e+08
2 0 +1.447997998e+08 +1.447999717e+08 +1.447999717e+08
7 0 +8.394007989e+07 +8.394025184e+07 +8.394025184e+07
11 0 +7.654157562e+07 +7.654174757e+07 +7.654174757e+07
14 0 +6.629240867e+07 +6.629258062e+07 +6.629258062e+07
15 0 +6.528539041e+07 +6.528556236e+07 +6.528556236e+07
20 0 +6.410741594e+07 +6.410758789e+07 +6.410758789e+07
27 0 +4.477706598e+07 +4.477723793e+07 +4.477723793e+07
39 0 +4.343550388e+07 +4.343567583e+07 +4.343567583e+07
53 0 +3.435529103e+07 +3.435546298e+07 +3.435546298e+07
55 0 +3.157047367e+07 +3.157064562e+07 +3.157064562e+07
61 0 +1.469016740e+07 +1.469033935e+07 +1.469033935e+07
75 0 +9.934942651e+06 +9.935114601e+06 +9.935114601e+06
85 0 +6.262694255e+06 +6.262866205e+06 +6.262866205e+06
98 0 +5.537634994e+06 +5.537806944e+06 +5.537806944e+06
101 0 +3.339943418e+06 +3.340115368e+06 +3.340115368e+06
112 0 +8.088520569e+05 +8.090240069e+05 +8.090240069e+05
134 0 +5.069140333e+05 +5.070859833e+05 +5.070859833e+05
156 0 +4.580161134e+05 +4.581880634e+05 +4.581880634e+05
343 0 +4.378576998e+05 +4.380296498e+05 +4.380296498e+05
354 0 +3.898773099e+05 +3.900492599e+05 +3.900492599e+05
365 0 +2.255609573e+05 +2.257329073e+05 +2.257329073e+05
376 0 +6.800301020e+04 +6.817496020e+04 +6.817496020e+04
387 0 +6.191968870e+04 +6.209163870e+04 +6.209163870e+04
398 0 +5.093973060e+04 +5.111168060e+04 +5.111168060e+04
409 0 +3.148969285e+04 +3.166164285e+04 +3.166164285e+04
420 0 +4.653641665e+03 +4.825591665e+03 +4.825591665e+03
431 0 +6.499169958e+01 +2.369416996e+02 +2.369416996e+02
442 0 +1.163328491e+01 +1.835832849e+02 +1.835832849e+02
453 0 +1.550607484e+00 +1.735006075e+02 +1.735006075e+02
464 0 +2.475055586e-01 +1.721975056e+02 +1.721975056e+02
475 0 +6.681569551e-02 +1.720168157e+02 +1.720168157e+02
486 0 +5.773457322e-02 +1.720077346e+02 +1.720077346e+02
585 0 +5.593422334e-02 +1.720059342e+02 +1.720059342e+02
629 0 +4.588659085e-02 +1.719958866e+02 +1.719958866e+02
640 0 +3.834305222e-02 +1.719883431e+02 +1.719883431e+02
651 0 +2.614390808e-02 +1.719761439e+02 +1.719761439e+02
662 0 +1.617666349e-02 +1.719661767e+02 +1.719661767e+02
673 0 +1.142725374e-02 +1.719614273e+02 +1.719614273e+02
695 0 +9.426595802e-03 +1.719594266e+02 +1.719594266e+02
706 0 +7.533948693e-03 +1.719575339e+02 +1.719575339e+02
717 0 +5.556074190e-03 +1.719555561e+02 +1.719555561e+02
728 0 +4.702766062e-03 +1.719547028e+02 +1.719547028e+02
739 0 +3.882008397e-03 +1.719538820e+02 +1.719538820e+02
750 0 +2.930627631e-03 +1.719529306e+02 +1.719529306e+02
761 0 +2.127913450e-03 +1.719521279e+02 +1.719521279e+02
783 0 +1.883636768e-03 +1.719518836e+02 +1.719518836e+02
794 0 +1.451434060e-03 +1.719514514e+02 +1.719514514e+02
805 0 +1.116838804e-03 +1.719511168e+02 +1.719511168e+02
827 0 +9.604790340e-04 +1.719509605e+02 +1.719509605e+02
838 0 +7.492657104e-04 +1.719507493e+02 +1.719507493e+02
849 0 +6.424259502e-04 +1.719506424e+02 +1.719506424e+02
860 0 +4.935079180e-04 +1.719504935e+02 +1.719504935e+02
882 0 +3.723165962e-04 +1.719503723e+02 +1.719503723e+02
893 0 +3.018450015e-04 +1.719503018e+02 +1.719503018e+02
904 0 +2.455194297e-04 +1.719502455e+02 +1.719502455e+02
915 0 +1.928566592e-04 +1.719501929e+02 +1.719501929e+02
937 0 +1.640702017e-04 +1.719501641e+02 +1.719501641e+02
959 0 +1.503225009e-04 +1.719501503e+02 +1.719501503e+02
970 0 +1.211765199e-04 +1.719501212e+02 +1.719501212e+02
992 0 +1.097332647e-04 +1.719501097e+02 +1.719501097e+02
1036 0 +8.809084227e-05 +1.719500881e+02 +1.719500881e+02
1047 0 +7.941136869e-05 +1.719500794e+02 +1.719500794e+02
1069 0 +7.009379024e-05 +1.719500701e+02 +1.719500701e+02
2667 0 +5.745918116e-05 +1.719500575e+02 +1.719500575e+02
2678 0 +4.899645663e-05 +1.719500490e+02 +1.719500490e+02
2689 0 +4.180819218e-05 +1.719500418e+02 +1.719500418e+02
2700 0 +3.535420763e-05 +1.719500354e+02 +1.719500354e+02
2733 0 +2.680078316e-05 +1.719500268e+02 +1.719500268e+02
2744 0 +2.174720890e-05 +1.719500217e+02 +1.719500217e+02
2755 0 +1.823706600e-05 +1.719500182e+02 +1.719500182e+02
2766 0 +1.565951752e-05 +1.719500157e+02 +1.719500157e+02
2788 0 +1.321284276e-05 +1.719500132e+02 +1.719500132e+02
2799 0 +9.883855057e-06 +1.719500099e+02 +1.719500099e+02
2854 0 +8.761168289e-06 +1.719500088e+02 +1.719500088e+02
2865 0 +7.680213855e-06 +1.719500077e+02 +1.719500077e+02
2876 0 +6.582125621e-06 +1.719500066e+02 +1.719500066e+02
2887 0 +4.390894702e-06 +1.719500044e+02 +1.719500044e+02
2898 0 +3.134259032e-06 +1.719500031e+02 +1.719500031e+02
2909 0 +2.429066257e-06 +1.719500024e+02 +1.719500024e+02
4781 0 +1.813639187e-06 +1.719500018e+02 +1.719500018e+02
100207 0 +1.788108875e-06 +1.719500018e+02 +1.719500018e+02
% f evaluations | g evaluations | best noise-free fitness - Fopt (6.816000000000e+01) + sum g_i+ | measured fitness | best measured fitness or single-digit g-values | x1 | x2...
1 0 +8.547857245e+07 +8.547864061e+07 +8.547864061e+07
4 0 +8.212065334e+07 +8.212072150e+07 +8.212072150e+07
11 0 +8.011479047e+07 +8.011485863e+07 +8.011485863e+07
12 0 +6.753131370e+07 +6.753138186e+07 +6.753138186e+07
13 0 +5.804352120e+07 +5.804358936e+07 +5.804358936e+07
20 0 +5.350448511e+07 +5.350455327e+07 +5.350455327e+07
27 0 +3.608656865e+07 +3.608663681e+07 +3.608663681e+07
41 0 +3.259605697e+07 +3.259612513e+07 +3.259612513e+07
44 0 +3.128987081e+07 +3.128993897e+07 +3.128993897e+07
56 0 +2.519514346e+07 +2.519521162e+07 +2.519521162e+07
58 0 +2.435156906e+07 +2.435163722e+07 +2.435163722e+07
63 0 +1.908313220e+07 +1.908320036e+07 +1.908320036e+07
72 0 +1.182251720e+07 +1.182258536e+07 +1.182258536e+07
79 0 +1.161257466e+07 +1.161264282e+07 +1.161264282e+07
85 0 +7.565599985e+06 +7.565668145e+06 +7.565668145e+06
87 0 +7.405181917e+06 +7.405250077e+06 +7.405250077e+06
112 0 +3.377894032e+06 +3.377962192e+06 +3.377962192e+06
134 0 +1.601335942e+06 +1.601404102e+06 +1.601404102e+06
167 0 +1.504332617e+06 +1.504400777e+06 +1.504400777e+06
189 0 +1.481915161e+06 +1.481983321e+06 +1.481983321e+06
321 0 +1.409602938e+06 +1.409671098e+06 +1.409671098e+06
332 0 +1.380696133e+06 +1.380764293e+06 +1.380764293e+06
343 0 +1.272260366e+06 +1.272328526e+06 +1.272328526e+06
354 0 +1.003661586e+06 +1.003729746e+06 +1.003729746e+06
365 0 +5.363844317e+05 +5.364525917e+05 +5.364525917e+05
487 0 +8.926996898e+04 +8.933812898e+04 +8.933812898e+04
509 0 +3.018868784e+04 +3.025684784e+04 +3.025684784e+04
531 0 +2.815334082e+04 +2.822150082e+04 +2.822150082e+04
597 0 +2.490270056e+04 +2.497086056e+04 +2.497086056e+04
740 0 +2.074391033e+04 +2.081207033e+04 +2.081207033e+04
751 0 +1.158932428e+04 +1.165748428e+04 +1.165748428e+04
762 0 +7.457580754e+01 +1.427358075e+02 +1.427358075e+02
773 0 +5.093018139e+01 +1.190901814e+02 +1.190901814e+02
784 0 +1.481730546e+01 +8.297730546e+01 +8.297730546e+01
795 0 +1.258987371e+00 +6.941898737e+01 +6.941898737e+01
806 0 +1.238285889e+00 +6.939828589e+01 +6.939828589e+01
916 0 +1.071906897e+00 +6.923190690e+01 +6.923190690e+01
927 0 +9.809964732e-01 +6.914099647e+01 +6.914099647e+01
938 0 +8.505408347e-01 +6.901054083e+01 +6.901054083e+01
971 0 +7.890296626e-01 +6.894902966e+01 +6.894902966e+01
1004 0 +6.668063383e-01 +6.882680634e+01 +6.882680634e+01
1015 0 +5.928708902e-01 +6.875287089e+01 +6.875287089e+01
1026 0 +5.122956924e-01 +6.867229569e+01 +6.867229569e+01
1048 0 +4.867956612e-01 +6.864679566e+01 +6.864679566e+01
1070 0 +4.449029910e-01 +6.860490299e+01 +6.860490299e+01
1092 0 +3.442134957e-01 +6.850421350e+01 +6.850421350e+01
1103 0 +3.131329677e-01 +6.847313297e+01 +6.847313297e+01
1125 0 +2.552239151e-01 +6.841522392e+01 +6.841522392e+01
1136 0 +2.343655096e-01 +6.839436551e+01 +6.839436551e+01
1147 0 +2.096000683e-01 +6.836960007e+01 +6.836960007e+01
1169 0 +1.987690215e-01 +6.835876902e+01 +6.835876902e+01
1191 0 +1.651063848e-01 +6.832510638e+01 +6.832510638e+01
1202 0 +1.418962995e-01 +6.830189630e+01 +6.830189630e+01
1213 0 +1.113018286e-01 +6.827130183e+01 +6.827130183e+01
1246 0 +8.746837788e-02 +6.824746838e+01 +6.824746838e+01
1257 0 +6.620344450e-02 +6.822620344e+01 +6.822620344e+01
1268 0 +4.895933546e-02 +6.820895934e+01 +6.820895934e+01
1279 0 +3.178062462e-02 +6.819178062e+01 +6.819178062e+01
1290 0 +2.776975633e-02 +6.818776976e+01 +6.818776976e+01
1301 0 +2.295672599e-02 +6.818295673e+01 +6.818295673e+01
1312 0 +1.988440379e-02 +6.817988440e+01 +6.817988440e+01
1334 0 +1.209649481e-02 +6.817209649e+01 +6.817209649e+01
1345 0 +7.763830784e-03 +6.816776383e+01 +6.816776383e+01
1367 0 +7.033788637e-03 +6.816703379e+01 +6.816703379e+01
1378 0 +5.944123071e-03 +6.816594412e+01 +6.816594412e+01
1389 0 +4.526613415e-03 +6.816452661e+01 +6.816452661e+01
1411 0 +4.004534919e-03 +6.816400453e+01 +6.816400453e+01
1422 0 +3.203990436e-03 +6.816320399e+01 +6.816320399e+01
1433 0 +2.374859556e-03 +6.816237486e+01 +6.816237486e+01
1455 0 +2.077110803e-03 +6.816207711e+01 +6.816207711e+01
1477 0 +1.901797080e-03 +6.816190180e+01 +6.816190180e+01
1488 0 +1.632151736e-03 +6.816163215e+01 +6.816163215e+01
1499 0 +1.257963685e-03 +6.816125796e+01 +6.816125796e+01
1532 0 +9.416586088e-04 +6.816094166e+01 +6.816094166e+01
1543 0 +6.752771945e-04 +6.816067528e+01 +6.816067528e+01
1554 0 +5.249539107e-04 +6.816052495e+01 +6.816052495e+01
1565 0 +3.940655178e-04 +6.816039407e+01 +6.816039407e+01
1587 0 +3.021785159e-04 +6.816030218e+01 +6.816030218e+01
1620 0 +2.617404406e-04 +6.816026174e+01 +6.816026174e+01
1631 0 +2.269951884e-04 +6.816022700e+01 +6.816022700e+01
1642 0 +1.892942613e-04 +6.816018929e+01 +6.816018929e+01
1653 0 +1.464797514e-04 +6.816014648e+01 +6.816014648e+01
1675 0 +1.261711123e-04 +6.816012617e+01 +6.816012617e+01
1686 0 +1.157045042e-04 +6.816011570e+01 +6.816011570e+01
1697 0 +9.815477142e-05 +6.816009815e+01 +6.816009815e+01
1708 0 +7.646840091e-05 +6.816007647e+01 +6.816007647e+01
1719 0 +6.394053959e-05 +6.816006394e+01 +6.816006394e+01
1730 0 +5.222017846e-05 +6.816005222e+01 +6.816005222e+01
1741 0 +3.711060668e-05 +6.816003711e+01 +6.816003711e+01
1752 0 +3.044698833e-05 +6.816003045e+01 +6.816003045e+01
1763 0 +2.351148407e-05 +6.816002351e+01 +6.816002351e+01
1776 0 +2.237624555e-05 +6.816002238e+01 +6.816002238e+01
1785 0 +1.967460206e-05 +6.816001967e+01 +6.816001967e+01
1807 0 +1.555389191e-05 +6.816001555e+01 +6.816001555e+01
1818 0 +1.210055837e-05 +6.816001210e+01 +6.816001210e+01
1829 0 +8.400047406e-06 +6.816000840e+01 +6.816000840e+01
1851 0 +7.623268971e-06 +6.816000762e+01 +6.816000762e+01
1862 0 +6.731855464e-06 +6.816000673e+01 +6.816000673e+01
1873 0 +5.652063749e-06 +6.816000565e+01 +6.816000565e+01
1884 0 +4.524754573e-06 +6.816000452e+01 +6.816000452e+01
1895 0 +3.322445821e-06 +6.816000332e+01 +6.816000332e+01
1928 0 +2.991767047e-06 +6.816000299e+01 +6.816000299e+01
1939 0 +2.269113153e-06 +6.816000227e+01 +6.816000227e+01
1950 0 +1.377198785e-06 +6.816000138e+01 +6.816000138e+01
1961 0 +1.025637602e-06 +6.816000103e+01 +6.816000103e+01
1972 0 +6.121400418e-07 +6.816000061e+01 +6.816000061e+01
1983 0 +5.401305145e-07 +6.816000054e+01 +6.816000054e+01
1994 0 +4.841251382e-07 +6.816000048e+01 +6.816000048e+01
2005 0 +3.822117378e-07 +6.816000038e+01 +6.816000038e+01
2016 0 +2.243481987e-07 +6.816000022e+01 +6.816000022e+01
2018 0 +2.228286888e-07 +6.816000022e+01 +6.816000022e+01
2040 0 +1.987162648e-07 +6.816000020e+01 +6.816000020e+01
2049 0 +1.682617210e-07 +6.816000017e+01 +6.816000017e+01
2060 0 +1.434931249e-07 +6.816000014e+01 +6.816000014e+01
2067 0 +1.364122539e-07 +6.816000014e+01 +6.816000014e+01
2071 0 +1.052663379e-07 +6.816000011e+01 +6.816000011e+01
2078 0 +9.874334239e-08 +6.816000010e+01 +6.816000010e+01
2082 0 +6.481553783e-08 +6.816000006e+01 +6.816000006e+01
2089 0 +5.977477713e-08 +6.816000006e+01 +6.816000006e+01
4517 0 +5.598957387e-08 +6.816000006e+01 +6.816000006e+01
4526 0 +4.763292338e-08 +6.816000005e+01 +6.816000005e+01
4533 0 +4.318543745e-08 +6.816000004e+01 +6.816000004e+01
4537 0 +3.198240961e-08 +6.816000003e+01 +6.816000003e+01
4539 0 +3.097677848e-08 +6.816000003e+01 +6.816000003e+01
10594 0 +2.635420060e-08 +6.816000003e+01 +6.816000003e+01
10596 0 +2.484412676e-08 +6.816000002e+01 +6.816000002e+01
16245 0 +2.205908345e-08 +6.816000002e+01 +6.816000002e+01
16252 0 +1.904392377e-08 +6.816000002e+01 +6.816000002e+01
16258 0 +1.774830594e-08 +6.816000002e+01 +6.816000002e+01
16263 0 +1.567259744e-08 +6.816000002e+01 +6.816000002e+01
16269 0 +1.394140270e-08 +6.816000001e+01 +6.816000001e+01
16274 0 +1.210341338e-08 +6.816000001e+01 +6.816000001e+01
16278 0 +5.189420449e-09 +6.816000001e+01 +6.816000001e+01
100118 0 +2.967368573e-10 +6.816000000e+01 +6.816000000e+01
% f evaluations | g evaluations | best noise-free fitness - Fopt (1.000000000000e+03) + sum g_i+ | measured fitness | best measured fitness or single-digit g-values | x1 | x2...
1 0 +1.209458774e+08 +1.209468774e+08 +1.209468774e+08
3 0 +5.269025961e+07 +5.269125961e+07 +5.269125961e+07
12 0 +4.030704141e+07 +4.030804141e+07 +4.030804141e+07
13 0 +2.799083298e+07 +2.799183298e+07 +2.799183298e+07
31 0 +2.387261159e+07 +2.387361159e+07 +2.387361159e+07
61 0 +2.172375486e+07 +2.172475486e+07 +2.172475486e+07
65 0 +1.910987628e+07 +1.911087628e+07 +1.911087628e+07
74 0 +1.704614666e+07 +1.704714666e+07 +1.704714666e+07
77 0 +1.050135398e+07 +1.050235398e+07 +1.050235398e+07
82 0 +5.306658364e+06 +5.307658364e+06 +5.307658364e+06
101 0 +2.623188741e+06 +2.624188741e+06 +2.624188741e+06
112 0 +7.521187824e+05 +7.531187824e+05 +7.531187824e+05
134 0 +1.452681084e+05 +1.462681084e+05 +1.462681084e+05
156 0 +9.546473605e+04 +9.646473605e+04 +9.646473605e+04
178 0 +8.278800539e+04 +8.378800539e+04 +8.378800539e+04
354 0 +7.887992105e+04 +7.987992105e+04 +7.987992105e+04
376 0 +4.944912696e+04 +5.044912696e+04 +5.044912696e+04
387 0 +6.612484670e+03 +7.612484670e+03 +7.612484670e+03
398 0 +1.714881581e+02 +1.171488158e+03 +1.171488158e+03
409 0 +4.906957392e+01 +1.049069574e+03 +1.049069574e+03
420 0 +1.421242814e+01 +1.014212428e+03 +1.014212428e+03
431 0 +1.333792321e+01 +1.013337923e+03 +1.013337923e+03
530 0 +1.251361384e+01 +1.012513614e+03 +1.012513614e+03
596 0 +1.120332050e+01 +1.011203321e+03 +1.011203321e+03
684 0 +9.777820607e+00 +1.009777821e+03 +1.009777821e+03
706 0 +8.724942791e+00 +1.008724943e+03 +1.008724943e+03
761 0 +7.615647103e+00 +1.007615647e+03 +1.007615647e+03
794 0 +6.852695111e+00 +1.006852695e+03 +1.006852695e+03
849 0 +6.144164652e+00 +1.006144165e+03 +1.006144165e+03
871 0 +5.617289255e+00 +1.005617289e+03 +1.005617289e+03
915 0 +4.933892634e+00 +1.004933893e+03 +1.004933893e+03
959 0 +4.359911700e+00 +1.004359912e+03 +1.004359912e+03
1003 0 +3.866107099e+00 +1.003866107e+03 +1.003866107e+03
1025 0 +3.476435142e+00 +1.003476435e+03 +1.003476435e+03
1058 0 +3.121318498e+00 +1.003121318e+03 +1.003121318e+03
1091 0 +2.688562064e+00 +1.002688562e+03 +1.002688562e+03
1102 0 +2.496615557e+00 +1.002496616e+03 +1.002496616e+03
1168 0 +2.164896405e+00 +1.002164896e+03 +1.002164896e+03
1190 0 +1.958942023e+00 +1.001958942e+03 +1.001958942e+03
1234 0 +1.731591124e+00 +1.001731591e+03 +1.001731591e+03
1256 0 +1.544242826e+00 +1.001544243e+03 +1.001544243e+03
1289 0 +1.306598253e+00 +1.001306598e+03 +1.001306598e+03
1322 0 +1.208862831e+00 +1.001208863e+03 +1.001208863e+03
1344 0 +1.048135622e+00 +1.001048136e+03 +1.001048136e+03
1377 0 +9.651963954e-01 +1.000965196e+03 +1.000965196e+03
1399 0 +8.523059572e-01 +1.000852306e+03 +1.000852306e+03
1410 0 +7.852276098e-01 +1.000785228e+03 +1.000785228e+03
1443 0 +7.051818803e-01 +1.000705182e+03 +1.000705182e+03
1476 0 +6.210622064e-01 +1.000621062e+03 +1.000621062e+03
1509 0 +5.280538743e-01 +1.000528054e+03 +1.000528054e+03
1520 0 +4.918097294e-01 +1.000491810e+03 +1.000491810e+03
1542 0 +4.266085086e-01 +1.000426609e+03 +1.000426609e+03
1586 0 +3.757965002e-01 +1.000375797e+03 +1.000375797e+03
1597 0 +3.356632625e-01 +1.000335663e+03 +1.000335663e+03
1630 0 +3.054591464e-01 +1.000305459e+03 +1.000305459e+03
1641 0 +2.764666049e-01 +1.000276467e+03 +1.000276467e+03
1652 0 +2.430980431e-01 +1.000243098e+03 +1.000243098e+03
1663 0 +2.133228280e-01 +1.000213323e+03 +1.000213323e+03
1685 0 +1.942738485e-01 +1.000194274e+03 +1.000194274e+03
1718 0 +1.768972325e-01 +1.000176897e+03 +1.000176897e+03
1740 0 +1.512151353e-01 +1.000151215e+03 +1.000151215e+03
1751 0 +1.379841678e-01 +1.000137984e+03 +1.000137984e+03
1762 0 +1.195675842e-01 +1.000119568e+03 +1.000119568e+03
1773 0 +1.055168192e-01 +1.000105517e+03 +1.000105517e+03
1784 0 +8.764496633e-02 +1.000087645e+03 +1.000087645e+03
1806 0 +7.559509974e-02 +1.000075595e+03 +1.000075595e+03
1817 0 +6.370145853e-02 +1.000063701e+03 +1.000063701e+03
1828 0 +5.615821147e-02 +1.000056158e+03 +1.000056158e+03
1850 0 +4.753552906e-02 +1.000047536e+03 +1.000047536e+03
1861 0 +4.070482637e-02 +1.000040705e+03 +1.000040705e+03
1872 0 +3.622400857e-02 +1.000036224e+03 +1.000036224e+03
1883 0 +3.015513791e-02 +1.000030155e+03 +1.000030155e+03
1894 0 +2.552365475e-02 +1.000025524e+03 +1.000025524e+03
1905 0 +2.226261359e-02 +1.000022263e+03 +1.000022263e+03
1916 0 +1.763622012e-02 +1.000017636e+03 +1.000017636e+03
1949 0 +1.409786132e-02 +1.000014098e+03 +1.000014098e+03
1960 0 +1.096065369e-02 +1.000010961e+03 +1.000010961e+03
1982 0 +9.746212255e-03 +1.000009746e+03 +1.000009746e+03
1993 0 +7.858247958e-03 +1.000007858e+03 +1.000007858e+03
2004 0 +5.947947029e-03 +1.000005948e+03 +1.000005948e+03
2026 0 +5.029684594e-03 +1.000005030e+03 +1.000005030e+03
2048 0 +4.645477457e-03 +1.000004645e+03 +1.000004645e+03
2059 0 +4.040914440e-03 +1.000004041e+03 +1.000004041e+03
2070 0 +3.349013592e-03 +1.000003349e+03 +1.000003349e+03
2092 0 +3.046932419e-03 +1.000003047e+03 +1.000003047e+03
2103 0 +2.690625936e-03 +1.000002691e+03 +1.000002691e+03
2114 0 +2.144974385e-03 +1.000002145e+03 +1.000002145e+03
2125 0 +1.802647228e-03 +1.000001803e+03 +1.000001803e+03
2136 0 +1.555220694e-03 +1.000001555e+03 +1.000001555e+03
2147 0 +1.339869680e-03 +1.000001340e+03 +1.000001340e+03
2169 0 +1.255540865e-03 +1.000001256e+03 +1.000001256e+03
2180 0 +1.115625678e-03 +1.000001116e+03 +1.000001116e+03
2191 0 +9.287033015e-04 +1.000000929e+03 +1.000000929e+03
2202 0 +8.111370532e-04 +1.000000811e+03 +1.000000811e+03
2213 0 +6.402052779e-04 +1.000000640e+03 +1.000000640e+03
2235 0 +5.801258516e-04 +1.000000580e+03 +1.000000580e+03
2246 0 +4.868991481e-04 +1.000000487e+03 +1.000000487e+03
2257 0 +4.054842323e-04 +1.000000405e+03 +1.000000405e+03
2279 0 +3.584325764e-04 +1.000000358e+03 +1.000000358e+03
2290 0 +3.474804749e-04 +1.000000347e+03 +1.000000347e+03
2312 0 +2.936612361e-04 +1.000000294e+03 +1.000000294e+03
2323 0 +2.428403269e-04 +1.000000243e+03 +1.000000243e+03
2356 0 +1.951545604e-04 +1.000000195e+03 +1.000000195e+03
2367 0 +1.483706682e-04 +1.000000148e+03 +1.000000148e+03
2378 0 +1.238918697e-04 +1.000000124e+03 +1.000000124e+03
2389 0 +9.370470639e-05 +1.000000094e+03 +1.000000094e+03
2411 0 +8.374218839e-05 +1.000000084e+03 +1.000000084e+03
2422 0 +7.444737685e-05 +1.000000074e+03 +1.000000074e+03
2433 0 +6.344857763e-05 +1.000000063e+03 +1.000000063e+03
2444 0 +5.541707185e-05 +1.000000055e+03 +1.000000055e+03
2455 0 +4.661914920e-05 +1.000000047e+03 +1.000000047e+03
2466 0 +3.876321887e-05 +1.000000039e+03 +1.000000039e+03
2477 0 +3.242922310e-05 +1.000000032e+03 +1.000000032e+03
2499 0 +2.918490964e-05 +1.000000029e+03 +1.000000029e+03
2510 0 +2.504232918e-05 +1.000000025e+03 +1.000000025e+03
2521 0 +1.958724818e-05 +1.000000020e+03 +1.000000020e+03
2543 0 +1.729325982e-05 +1.000000017e+03 +1.000000017e+03
2554 0 +1.455869210e-05 +1.000000015e+03 +1.000000015e+03
2565 0 +1.144218152e-05 +1.000000011e+03 +1.000000011e+03
2576 0 +9.585403063e-06 +1.000000010e+03 +1.000000010e+03
2598 0 +8.467461043e-06 +1.000000008e+03 +1.000000008e+03
2620 0 +6.794392448e-06 +1.000000007e+03 +1.000000007e+03
2631 0 +5.748140438e-06 +1.000000006e+03 +1.000000006e+03
2653 0 +4.500744012e-06 +1.000000005e+03 +1.000000005e+03
2664 0 +4.049229460e-06 +1.000000004e+03 +1.000000004e+03
2675 0 +3.211613603e-06 +1.000000003e+03 +1.000000003e+03
2686 0 +2.780981049e-06 +1.000000003e+03 +1.000000003e+03
2697 0 +2.202905875e-06 +1.000000002e+03 +1.000000002e+03
2708 0 +1.929929113e-06 +1.000000002e+03 +1.000000002e+03
2730 0 +1.598259701e-06 +1.000000002e+03 +1.000000002e+03
2741 0 +1.302933924e-06 +1.000000001e+03 +1.000000001e+03
2763 0 +1.159722387e-06 +1.000000001e+03 +1.000000001e+03
2774 0 +1.106477157e-06 +1.000000001e+03 +1.000000001e+03
71648 0 +9.857054692e-07 +1.000000001e+03 +1.000000001e+03
100001 0 +9.851977438e-07 +1.000000001e+03 +1.000000001e+03
% f evaluations | g evaluations | best noise-free fitness - Fopt (-6.837000000000e+01) + sum g_i+ | measured fitness | best measured fitness or single-digit g-values | x1 | x2...
1 0 +9.818634605e+07 +9.818627768e+07 +9.818627768e+07
2 0 +3.118475722e+07 +3.118468885e+07 +3.118468885e+07
14 0 +3.072881300e+07 +3.072874463e+07 +3.072874463e+07
24 0 +1.911116211e+07 +1.911109374e+07 +1.911109374e+07
32 0 +9.885439645e+06 +9.885371275e+06 +9.885371275e+06
81 0 +8.098588711e+06 +8.098520341e+06 +8.098520341e+06
98 0 +6.041715749e+06 +6.041647379e+06 +6.041647379e+06
101 0 +3.532452805e+06 +3.532384435e+06 +3.532384435e+06
112 0 +9.067829694e+05 +9.067145994e+05 +9.067145994e+05
134 0 +5.057925515e+05 +5.057241815e+05 +5.057241815e+05
156 0 +4.482293772e+05 +4.481610072e+05 +4.481610072e+05
178 0 +4.465133058e+05 +4.464449358e+05 +4.464449358e+05
354 0 +3.464329104e+05 +3.463645404e+05 +3.463645404e+05
365 0 +1.753854937e+05 +1.753171237e+05 +1.753171237e+05
376 0 +4.675720573e+03 +4.607350573e+03 +4.607350573e+03
387 0 +4.074554205e+03 +4.006184205e+03 +4.006184205e+03
398 0 +2.965740177e+03 +2.897370177e+03 +2.897370177e+03
409 0 +1.150442597e+03 +1.082072597e+03 +1.082072597e+03
420 0 +5.104810230e+01 -1.732189770e+01 -1.732189770e+01
431 0 +1.763389169e+01 -5.073610831e+01 -5.073610831e+01
442 0 +1.545821617e+00 -6.682417838e+01 -6.682417838e+01
453 0 +2.977077225e-01 -6.807229228e+01 -6.807229228e+01
464 0 +9.380359456e-03 -6.836061964e+01 -6.836061964e+01
475 0 +1.237268178e-03 -6.836876273e+01 -6.836876273e+01
486 0 +1.007302290e-03 -6.836899270e+01 -6.836899270e+01
607 0 +9.985636860e-04 -6.836900144e+01 -6.836900144e+01
662 0 +8.241809110e-04 -6.836917582e+01 -6.836917582e+01
673 0 +6.952051812e-04 -6.836930479e+01 -6.836930479e+01
684 0 +5.382080117e-04 -6.836946179e+01 -6.836946179e+01
695 0 +4.424321786e-04 -6.836955757e+01 -6.836955757e+01
706 0 +3.161268349e-04 -6.836968387e+01 -6.836968387e+01
732 0 +2.818145178e-04 -6.836971819e+01 -6.836971819e+01
739 0 +2.482502847e-04 -6.836975175e+01 -6.836975175e+01
750 0 +2.100855504e-04 -6.836978991e+01 -6.836978991e+01
761 0 +1.715579610e-04 -6.836982844e+01 -6.836982844e+01
772 0 +1.438749351e-04 -6.836985613e+01 -6.836985613e+01
783 0 +1.227611732e-04 -6.836987724e+01 -6.836987724e+01
805 0 +1.086705307e-04 -6.836989133e+01 -6.836989133e+01
827 0 +9.228528927e-05 -6.836990771e+01 -6.836990771e+01
838 0 +7.744064293e-05 -6.836992256e+01 -6.836992256e+01
849 0 +5.779058432e-05 -6.836994221e+01 -6.836994221e+01
871 0 +4.703856820e-05 -6.836995296e+01 -6.836995296e+01
882 0 +4.230407167e-05 -6.836995770e+01 -6.836995770e+01
904 0 +3.835847124e-05 -6.836996164e+01 -6.836996164e+01
915 0 +2.989429623e-05 -6.836997011e+01 -6.836997011e+01
937 0 +2.698935188e-05 -6.836997301e+01 -6.836997301e+01
959 0 +2.159530753e-05 -6.836997840e+01 -6.836997840e+01
970 0 +1.902171327e-05 -6.836998098e+01 -6.836998098e+01
992 0 +1.757487036e-05 -6.836998243e+01 -6.836998243e+01
1003 0 +1.471439894e-05 -6.836998529e+01 -6.836998529e+01
2799 0 +1.217215615e-05 -6.836998783e+01 -6.836998783e+01
2810 0 +9.068901491e-06 -6.836999093e+01 -6.836999093e+01
2821 0 +6.456206719e-06 -6.836999354e+01 -6.836999354e+01
2832 0 +4.264959145e-06 -6.836999574e+01 -6.836999574e+01
2854 0 +3.895914631e-06 -6.836999610e+01 -6.836999610e+01
2876 0 +3.516100747e-06 -6.836999648e+01 -6.836999648e+01
2898 0 +3.046987032e-06 -6.836999695e+01 -6.836999695e+01
2920 0 +2.544701204e-06 -6.836999746e+01 -6.836999746e+01
2931 0 +2.150682562e-06 -6.836999785e+01 -6.836999785e+01
2942 0 +1.823642933e-06 -6.836999818e+01 -6.836999818e+01
2953 0 +1.595933028e-06 -6.836999840e+01 -6.836999840e+01
2964 0 +1.428849487e-06 -6.836999857e+01 -6.836999857e+01
2975 0 +1.084550419e-06 -6.836999892e+01 -6.836999892e+01
2986 0 +7.385948066e-07 -6.836999926e+01 -6.836999926e+01
3074 0 +7.076328927e-07 -6.836999929e+01 -6.836999929e+01
3088 0 +6.299282660e-07 -6.836999937e+01 -6.836999937e+01
3096 0 +5.399047325e-07 -6.836999946e+01 -6.836999946e+01
3107 0 +4.582594926e-07 -6.836999954e+01 -6.836999954e+01
3118 0 +4.101621869e-07 -6.836999959e+01 -6.836999959e+01
3129 0 +2.906703003e-07 -6.836999971e+01 -6.836999971e+01
3140 0 +2.623764885e-07 -6.836999974e+01 -6.836999974e+01
3151 0 +2.435451449e-07 -6.836999976e+01 -6.836999976e+01
3162 0 +1.813568673e-07 -6.836999982e+01 -6.836999982e+01
3187 0 +1.777864185e-07 -6.836999982e+01 -6.836999982e+01
100007 0 +1.776902963e-07 -6.836999982e+01 -6.836999982e+01
% f evaluations | g evaluations | best noise-free fitness - Fopt (-5.548000000000e+01) + sum g_i+ | measured fitness | best measured fitness or single-digit g-values | x1 | x2...
1 0 +2.965346246e+08 +2.965345691e+08 +2.965345691e+08
4 0 +2.580843718e+08 +2.580843164e+08 +2.580843164e+08
11 0 +2.333043266e+08 +2.333042711e+08 +2.333042711e+08
12 0 +2.233658474e+08 +2.233657919e+08 +2.233657919e+08
15 0 +1.658220686e+08 +1.658220131e+08 +1.658220131e+08
17 0 +1.323923575e+08 +1.323923020e+08 +1.323923020e+08
25 0 +9.380696465e+07 +9.380690917e+07 +9.380690917e+07
28 0 +6.740527229e+07 +6.740521681e+07 +6.740521681e+07
45 0 +4.439593844e+07 +4.439588296e+07 +4.439588296e+07
47 0 +4.387914647e+07 +4.387909099e+07 +4.387909099e+07
78 0 +4.306078192e+07 +4.306072644e+07 +4.306072644e+07
85 0 +2.257977304e+07 +2.257971756e+07 +2.257971756e+07
101 0 +1.711484816e+07 +1.711479268e+07 +1.711479268e+07
112 0 +8.824968939e+06 +8.824913459e+06 +8.824913459e+06
123 0 +5.567282578e+06 +5.567227098e+06 +5.567227098e+06
145 0 +5.448373402e+06 +5.448317922e+06 +5.448317922e+06
321 0 +5.388466992e+06 +5.388411512e+06 +5.388411512e+06
343 0 +5.147562447e+06 +5.147506967e+06 +5.147506967e+06
354 0 +4.430377543e+06 +4.430322063e+06 +4.430322063e+06
365 0 +2.829297064e+06 +2.829241584e+06 +2.829241584e+06
376 0 +1.007244145e+06 +1.007188665e+06 +1.007188665e+06
387 0 +1.900849941e+05 +1.900295141e+05 +1.900295141e+05
398 0 +2.115480381e+04 +2.109932381e+04 +2.109932381e+04
806 0 +5.457202784e+03 +5.401722784e+03 +5.401722784e+03
817 0 +2.099107218e+01 -3.448892782e+01 -3.448892782e+01
839 0 +7.486198394e+00 -4.799380161e+01 -4.799380161e+01
850 0 +3.323714390e+00 -5.215628561e+01 -5.215628561e+01
861 0 +3.070870335e+00 -5.240912967e+01 -5.240912967e+01
1004 0 +2.813485850e+00 -5.266651415e+01 -5.266651415e+01
1026 0 +2.477261442e+00 -5.300273856e+01 -5.300273856e+01
1092 0 +2.178109069e+00 -5.330189093e+01 -5.330189093e+01
1114 0 +1.930353665e+00 -5.354964633e+01 -5.354964633e+01
1158 0 +1.757748902e+00 -5.372225110e+01 -5.372225110e+01
1202 0 +1.559768303e+00 -5.392023170e+01 -5.392023170e+01
1224 0 +1.391448073e+00 -5.408855193e+01 -5.408855193e+01
1257 0 +1.240539374e+00 -5.423946063e+01 -5.423946063e+01
1312 0 +1.085860519e+00 -5.439413948e+01 -5.439413948e+01
1334 0 +9.706556049e-01 -5.450934440e+01 -5.450934440e+01
1367 0 +8.760050695e-01 -5.460399493e+01 -5.460399493e+01
1389 0 +7.870316942e-01 -5.469296831e+01 -5.469296831e+01
1433 0 +7.037969549e-01 -5.477620305e+01 -5.477620305e+01
1466 0 +6.010617266e-01 -5.487893827e+01 -5.487893827e+01
1488 0 +5.538009941e-01 -5.492619901e+01 -5.492619901e+01
1510 0 +4.965219168e-01 -5.498347808e+01 -5.498347808e+01
1543 0 +4.446159274e-01 -5.503538407e+01 -5.503538407e+01
1576 0 +3.851010831e-01 -5.509489892e+01 -5.509489892e+01
1587 0 +3.530006759e-01 -5.512699932e+01 -5.512699932e+01
1631 0 +3.097612644e-01 -5.517023874e+01 -5.517023874e+01
1653 0 +2.700953663e-01 -5.520990463e+01 -5.520990463e+01
1708 0 +2.419810411e-01 -5.523801896e+01 -5.523801896e+01
1741 0 +2.211743859e-01 -5.525882561e+01 -5.525882561e+01
1763 0 +1.962836133e-01 -5.528371639e+01 -5.528371639e+01
1796 0 +1.775708388e-01 -5.530242916e+01 -5.530242916e+01
1829 0 +1.584431141e-01 -5.532155689e+01 -5.532155689e+01
1873 0 +1.367563489e-01 -5.534324365e+01 -5.534324365e+01
1895 0 +1.235781772e-01 -5.535642182e+01 -5.535642182e+01
1917 0 +1.018014174e-01 -5.537819858e+01 -5.537819858e+01
1928 0 +9.263009436e-02 -5.538736991e+01 -5.538736991e+01
1961 0 +8.400378010e-02 -5.539599622e+01 -5.539599622e+01
1994 0 +7.869494680e-02 -5.540130505e+01 -5.540130505e+01
2016 0 +6.932965985e-02 -5.541067034e+01 -5.541067034e+01
2038 0 +6.102970667e-02 -5.541897029e+01 -5.541897029e+01
2049 0 +5.557089593e-02 -5.542442910e+01 -5.542442910e+01
2060 0 +4.906712160e-02 -5.543093288e+01 -5.543093288e+01
2104 0 +4.188946335e-02 -5.543811054e+01 -5.543811054e+01
2115 0 +3.731469351e-02 -5.544268531e+01 -5.544268531e+01
2126 0 +3.443144441e-02 -5.544556856e+01 -5.544556856e+01
2137 0 +3.055548791e-02 -5.544944451e+01 -5.544944451e+01
2148 0 +2.784551343e-02 -5.545215449e+01 -5.545215449e+01
2159 0 +2.446639102e-02 -5.545553361e+01 -5.545553361e+01
2192 0 +2.029039776e-02 -5.545970960e+01 -5.545970960e+01
2203 0 +1.740688770e-02 -5.546259311e+01 -5.546259311e+01
2236 0 +1.435944370e-02 -5.546564056e+01 -5.546564056e+01
2247 0 +1.191828152e-02 -5.546808172e+01 -5.546808172e+01
2258 0 +9.982511979e-03 -5.547001749e+01 -5.547001749e+01
2291 0 +7.510345736e-03 -5.547248965e+01 -5.547248965e+01
2302 0 +5.359919166e-03 -5.547464008e+01 -5.547464008e+01
2313 0 +4.899248510e-03 -5.547510075e+01 -5.547510075e+01
2335 0 +3.572567386e-03 -5.547642743e+01 -5.547642743e+01
2346 0 +2.883967488e-03 -5.547711603e+01 -5.547711603e+01
2357 0 +1.975095125e-03 -5.547802490e+01 -5.547802490e+01
2368 0 +1.441401139e-03 -5.547855860e+01 -5.547855860e+01
2379 0 +1.324015322e-03 -5.547867598e+01 -5.547867598e+01
2390 0 +1.106459476e-03 -5.547889354e+01 -5.547889354e+01
2412 0 +9.205022171e-04 -5.547907950e+01 -5.547907950e+01
2434 0 +8.721079998e-04 -5.547912789e+01 -5.547912789e+01
2456 0 +7.226262189e-04 -5.547927737e+01 -5.547927737e+01
2467 0 +6.540924940e-04 -5.547934591e+01 -5.547934591e+01
2478 0 +5.743459583e-04 -5.547942565e+01 -5.547942565e+01
2489 0 +4.727613698e-04 -5.547952724e+01 -5.547952724e+01
2511 0 +4.407898066e-04 -5.547955921e+01 -5.547955921e+01
2522 0 +3.964148349e-04 -5.547960359e+01 -5.547960359e+01
2533 0 +3.353247182e-04 -5.547966468e+01 -5.547966468e+01
2544 0 +2.941816515e-04 -5.547970582e+01 -5.547970582e+01
2555 0 +2.441058154e-04 -5.547975589e+01 -5.547975589e+01
2577 0 +1.948790581e-04 -5.547980512e+01 -5.547980512e+01
2588 0 +1.622559314e-04 -5.547983774e+01 -5.547983774e+01
2599 0 +1.274018584e-04 -5.547987260e+01 -5.547987260e+01
2621 0 +1.161684098e-04 -5.547988383e+01 -5.547988383e+01
2632 0 +1.107502396e-04 -5.547988925e+01 -5.547988925e+01
2654 0 +9.584416266e-05 -5.547990416e+01 -5.547990416e+01
2665 0 +8.574722457e-05 -5.547991425e+01 -5.547991425e+01
2676 0 +7.429688682e-05 -5.547992570e+01 -5.547992570e+01
2687 0 +6.441210622e-05 -5.547993559e+01 -5.547993559e+01
2698 0 +5.366033961e-05 -5.547994634e+01 -5.547994634e+01
2731 0 +4.828764276e-05 -5.547995171e+01 -5.547995171e+01
2753 0 +4.147519574e-05 -5.547995852e+01 -5.547995852e+01
2764 0 +3.463969320e-05 -5.547996536e+01 -5.547996536e+01
2775 0 +2.771440212e-05 -5.547997229e+01 -5.547997229e+01
2819 0 +2.319789878e-05 -5.547997680e+01 -5.547997680e+01
2830 0 +2.050321702e-05 -5.547997950e+01 -5.547997950e+01
2841 0 +1.819907914e-05 -5.547998180e+01 -5.547998180e+01
2852 0 +1.659797896e-05 -5.547998340e+01 -5.547998340e+01
2863 0 +1.513696343e-05 -5.547998486e+01 -5.547998486e+01
2885 0 +1.378661899e-05 -5.547998621e+01 -5.547998621e+01
2896 0 +1.203428894e-05 -5.547998797e+01 -5.547998797e+01
2907 0 +1.069518363e-05 -5.547998930e+01 -5.547998930e+01
2918 0 +9.666525848e-06 -5.547999033e+01 -5.547999033e+01
2940 0 +8.680685603e-06 -5.547999132e+01 -5.547999132e+01
2951 0 +7.366557796e-06 -5.547999263e+01 -5.547999263e+01
2962 0 +6.929334319e-06 -5.547999307e+01 -5.547999307e+01
2984 0 +5.791867729e-06 -5.547999421e+01 -5.547999421e+01
2995 0 +5.164635191e-06 -5.547999484e+01 -5.547999484e+01
3006 0 +4.783607167e-06 -5.547999522e+01 -5.547999522e+01
3017 0 +4.112118503e-06 -5.547999589e+01 -5.547999589e+01
3028 0 +3.354454137e-06 -5.547999665e+01 -5.547999665e+01
3064 0 +3.161147490e-06 -5.547999684e+01 -5.547999684e+01
3083 0 +2.623680430e-06 -5.547999738e+01 -5.547999738e+01
3105 0 +2.393718916e-06 -5.547999761e+01 -5.547999761e+01
3116 0 +1.910035287e-06 -5.547999809e+01 -5.547999809e+01
3127 0 +1.599121454e-06 -5.547999840e+01 -5.547999840e+01
3138 0 +1.459227875e-06 -5.547999854e+01 -5.547999854e+01
3149 0 +1.267739933e-06 -5.547999873e+01 -5.547999873e+01
3157 0 +1.256346003e-06 -5.547999874e+01 -5.547999874e+01
3160 0 +9.973527000e-07 -5.547999900e+01 -5.547999900e+01
5198 0 +8.697155423e-07 -5.547999913e+01 -5.547999913e+01
5231 0 +7.535878623e-07 -5.547999925e+01 -5.547999925e+01
5242 0 +5.137279189e-07 -5.547999949e+01 -5.547999949e+01
7444 0 +4.938683063e-07 -5.547999951e+01 -5.547999951e+01
7477 0 +4.101742448e-07 -5.547999959e+01 -5.547999959e+01
7488 0 +2.284165248e-07 -5.547999977e+01 -5.547999977e+01
7496 0 +2.233148635e-07 -5.547999978e+01 -5.547999978e+01
8602 0 +8.090604098e-08 -5.547999992e+01 -5.547999992e+01
57495 0 +6.467281111e-08 -5.547999994e+01 -5.547999994e+01
57503 0 +4.481850624e-08 -5.547999996e+01 -5.547999996e+01
58160 0 +4.304648371e-08 -5.547999996e+01 -5.547999996e+01
58176 0 +3.876170496e-08 -5.547999996e+01 -5.547999996e+01
58191 0 +2.463995941e-08 -5.547999998e+01 -5.547999998e+01
58221 0 +1.475963529e-08 -5.547999999e+01 -5.547999999e+01
58227 0 +6.924068430e-09 -5.547999999e+01 -5.547999999e+01
64054 0 +8.597567103e-13 -5.548000000e+01 -5.548000000e+01
66002 0 +0.000000000e+00 -5.548000000e+01 -5.548000000e+01
100153 0 +0.000000000e+00 -5.548000000e+01 -5.548000000e+01
% f evaluations | g evaluations | best noise-free fitness - Fopt (-5.349000000000e+01) + sum g_i+ | measured fitness | best measured fitness or single-digit g-values | x1 | x2...
1 0 +3.400382324e+07 +3.400376975e+07 +3.400376975e+07
2 0 +2.983118292e+07 +2.983112943e+07 +2.983112943e+07
3 0 +1.518233975e+07 +1.518228626e+07 +1.518228626e+07
12 0 +1.452846030e+07 +1.452840681e+07 +1.452840681e+07
17 0 +7.971372276e+06 +7.971318786e+06 +7.971318786e+06
29 0 +7.034029557e+06 +7.033976067e+06 +7.033976067e+06
33 0 +6.661658361e+06 +6.661604871e+06 +6.661604871e+06
35 0 +5.878294098e+06 +5.878240608e+06 +5.878240608e+06
38 0 +3.547798716e+06 +3.547745226e+06 +3.547745226e+06
83 0 +2.992019730e+06 +2.991966240e+06 +2.991966240e+06
101 0 +2.867142986e+06 +2.867089496e+06 +2.867089496e+06
112 0 +4.373911340e+05 +4.373376440e+05 +4.373376440e+05
134 0 +1.209192359e+05 +1.208657459e+05 +1.208657459e+05
156 0 +9.965778331e+04 +9.960429331e+04 +9.960429331e+04
211 0 +7.812921635e+04 +7.807572635e+04 +7.807572635e+04
233 0 +6.895490245e+04 +6.890141245e+04 +6.890141245e+04
376 0 +5.710582252e+04 +5.705233252e+04 +5.705233252e+04
387 0 +3.655966011e+04 +3.650617011e+04 +3.650617011e+04
398 0 +8.358404988e+03 +8.304914988e+03 +8.304914988e+03
409 0 +3.525199749e+03 +3.471709749e+03 +3.471709749e+03
420 0 +3.386576954e+01 -1.962423046e+01 -1.962423046e+01
431 0 +2.737807421e+01 -2.611192579e+01 -2.611192579e+01
552 0 +2.428541174e+01 -2.920458826e+01 -2.920458826e+01
607 0 +2.220786925e+01 -3.128213075e+01 -3.128213075e+01
640 0 +1.889544472e+01 -3.459455528e+01 -3.459455528e+01
673 0 +1.773162746e+01 -3.575837254e+01 -3.575837254e+01
739 0 +1.550387318e+01 -3.798612682e+01 -3.798612682e+01
794 0 +1.379537459e+01 -3.969462541e+01 -3.969462541e+01
827 0 +1.192842490e+01 -4.156157510e+01 -4.156157510e+01
871 0 +1.095652796e+01 -4.253347204e+01 -4.253347204e+01
915 0 +9.964230162e+00 -4.352576984e+01 -4.352576984e+01
970 0 +8.607043305e+00 -4.488295670e+01 -4.488295670e+01
992 0 +7.843624512e+00 -4.564637549e+01 -4.564637549e+01
1036 0 +6.935272155e+00 -4.655472785e+01 -4.655472785e+01
1091 0 +6.190931526e+00 -4.729906847e+01 -4.729906847e+01
1124 0 +5.442149028e+00 -4.804785097e+01 -4.804785097e+01
1168 0 +4.787771666e+00 -4.870222833e+01 -4.870222833e+01
1190 0 +4.276572367e+00 -4.921342763e+01 -4.921342763e+01
1245 0 +3.856087868e+00 -4.963391213e+01 -4.963391213e+01
1267 0 +3.539288293e+00 -4.995071171e+01 -4.995071171e+01
1311 0 +3.159487286e+00 -5.033051271e+01 -5.033051271e+01
1355 0 +2.781906380e+00 -5.070809362e+01 -5.070809362e+01
1377 0 +2.507958284e+00 -5.098204172e+01 -5.098204172e+01
1421 0 +2.207684146e+00 -5.128231585e+01 -5.128231585e+01
1465 0 +1.980166005e+00 -5.150983399e+01 -5.150983399e+01
1509 0 +1.715625249e+00 -5.177437475e+01 -5.177437475e+01
1553 0 +1.544575669e+00 -5.194542433e+01 -5.194542433e+01
1575 0 +1.357327419e+00 -5.213267258e+01 -5.213267258e+01
1608 0 +1.254685223e+00 -5.223531478e+01 -5.223531478e+01
1641 0 +1.085061930e+00 -5.240493807e+01 -5.240493807e+01
1663 0 +9.589807794e-01 -5.253101922e+01 -5.253101922e+01
1696 0 +8.792179374e-01 -5.261078206e+01 -5.261078206e+01
1718 0 +7.885231275e-01 -5.270147687e+01 -5.270147687e+01
1762 0 +7.043703226e-01 -5.278562968e+01 -5.278562968e+01
1784 0 +6.280988077e-01 -5.286190119e+01 -5.286190119e+01
1817 0 +5.318552169e-01 -5.295814478e+01 -5.295814478e+01
1828 0 +4.825671901e-01 -5.300743281e+01 -5.300743281e+01
1872 0 +4.170716471e-01 -5.307292835e+01 -5.307292835e+01
1905 0 +3.762425944e-01 -5.311375741e+01 -5.311375741e+01
1916 0 +3.444392412e-01 -5.314556076e+01 -5.314556076e+01
1960 0 +2.935469054e-01 -5.319645309e+01 -5.319645309e+01
1971 0 +2.672447891e-01 -5.322275521e+01 -5.322275521e+01
2004 0 +2.487001666e-01 -5.324129983e+01 -5.324129983e+01
2026 0 +2.049544618e-01 -5.328504554e+01 -5.328504554e+01
2048 0 +1.959794517e-01 -5.329402055e+01 -5.329402055e+01
2070 0 +1.610495199e-01 -5.332895048e+01 -5.332895048e+01
2092 0 +1.561719539e-01 -5.333382805e+01 -5.333382805e+01
2114 0 +1.347638634e-01 -5.335523614e+01 -5.335523614e+01
2125 0 +1.171373497e-01 -5.337286265e+01 -5.337286265e+01
2136 0 +9.986072324e-02 -5.339013928e+01 -5.339013928e+01
2180 0 +8.709590788e-02 -5.340290409e+01 -5.340290409e+01
2202 0 +7.496372720e-02 -5.341503627e+01 -5.341503627e+01
2213 0 +6.548480958e-02 -5.342451519e+01 -5.342451519e+01
2224 0 +5.872651454e-02 -5.343127349e+01 -5.343127349e+01
2235 0 +5.482322945e-02 -5.343517677e+01 -5.343517677e+01
2279 0 +4.537107169e-02 -5.344462893e+01 -5.344462893e+01
2290 0 +3.927653114e-02 -5.345072347e+01 -5.345072347e+01
2312 0 +3.280611552e-02 -5.345719388e+01 -5.345719388e+01
2323 0 +2.642952820e-02 -5.346357047e+01 -5.346357047e+01
2334 0 +1.804934329e-02 -5.347195066e+01 -5.347195066e+01
2356 0 +1.611214859e-02 -5.347388785e+01 -5.347388785e+01
2367 0 +1.333910661e-02 -5.347666089e+01 -5.347666089e+01
2378 0 +1.017092829e-02 -5.347982907e+01 -5.347982907e+01
2389 0 +8.526500057e-03 -5.348147350e+01 -5.348147350e+01
2411 0 +7.401147948e-03 -5.348259885e+01 -5.348259885e+01
2422 0 +5.698354701e-03 -5.348430165e+01 -5.348430165e+01
2433 0 +4.444124983e-03 -5.348555588e+01 -5.348555588e+01
2444 0 +3.664930041e-03 -5.348633507e+01 -5.348633507e+01
2455 0 +2.877066385e-03 -5.348712293e+01 -5.348712293e+01
2488 0 +2.649469047e-03 -5.348735053e+01 -5.348735053e+01
2510 0 +2.380733243e-03 -5.348761927e+01 -5.348761927e+01
2521 0 +2.145835953e-03 -5.348785416e+01 -5.348785416e+01
2532 0 +1.791058425e-03 -5.348820894e+01 -5.348820894e+01
2543 0 +1.393803193e-03 -5.348860620e+01 -5.348860620e+01
2576 0 +1.136056619e-03 -5.348886394e+01 -5.348886394e+01
2598 0 +1.021623854e-03 -5.348897838e+01 -5.348897838e+01
2609 0 +8.920524315e-04 -5.348910795e+01 -5.348910795e+01
2620 0 +7.835456762e-04 -5.348921645e+01 -5.348921645e+01
2642 0 +7.032806353e-04 -5.348929672e+01 -5.348929672e+01
2675 0 +5.716937233e-04 -5.348942831e+01 -5.348942831e+01
2686 0 +5.011837102e-04 -5.348949882e+01 -5.348949882e+01
2708 0 +3.762664133e-04 -5.348962373e+01 -5.348962373e+01
2719 0 +3.258129852e-04 -5.348967419e+01 -5.348967419e+01
2730 0 +2.700674749e-04 -5.348972993e+01 -5.348972993e+01
2741 0 +2.303866001e-04 -5.348976961e+01 -5.348976961e+01
2752 0 +1.971477145e-04 -5.348980285e+01 -5.348980285e+01
2763 0 +1.665536563e-04 -5.348983345e+01 -5.348983345e+01
2785 0 +1.547794938e-04 -5.348984522e+01 -5.348984522e+01
2796 0 +1.217642052e-04 -5.348987824e+01 -5.348987824e+01
2818 0 +1.095201504e-04 -5.348989048e+01 -5.348989048e+01
2862 0 +9.515279766e-05 -5.348990485e+01 -5.348990485e+01
2873 0 +8.508520629e-05 -5.348991491e+01 -5.348991491e+01
2884 0 +7.679949992e-05 -5.348992320e+01 -5.348992320e+01
2917 0 +6.236542277e-05 -5.348993763e+01 -5.348993763e+01
2928 0 +4.868280990e-05 -5.348995132e+01 -5.348995132e+01
2939 0 +4.141763239e-05 -5.348995858e+01 -5.348995858e+01
2950 0 +3.452497850e-05 -5.348996548e+01 -5.348996548e+01
2972 0 +3.128960237e-05 -5.348996871e+01 -5.348996871e+01
2994 0 +2.454365035e-05 -5.348997546e+01 -5.348997546e+01
3005 0 +2.107082638e-05 -5.348997893e+01 -5.348997893e+01
3016 0 +1.802479377e-05 -5.348998198e+01 -5.348998198e+01
3027 0 +1.445949574e-05 -5.348998554e+01 -5.348998554e+01
3038 0 +1.060617255e-05 -5.348998939e+01 -5.348998939e+01
3060 0 +9.710067260e-06 -5.348999029e+01 -5.348999029e+01
3071 0 +8.684304930e-06 -5.348999132e+01 -5.348999132e+01
3082 0 +7.154643171e-06 -5.348999285e+01 -5.348999285e+01
3093 0 +5.628605749e-06 -5.348999437e+01 -5.348999437e+01
3094 0 +5.622626070e-06 -5.348999438e+01 -5.348999438e+01
3104 0 +4.707068520e-06 -5.348999529e+01 -5.348999529e+01
3115 0 +3.449242421e-06 -5.348999655e+01 -5.348999655e+01
3137 0 +3.043777227e-06 -5.348999696e+01 -5.348999696e+01
3148 0 +2.471013651e-06 -5.348999753e+01 -5.348999753e+01
3159 0 +1.761852076e-06 -5.348999824e+01 -5.348999824e+01
3192 0 +1.465488729e-06 -5.348999853e+01 -5.348999853e+01
3203 0 +1.224876016e-06 -5.348999878e+01 -5.348999878e+01
3214 0 +9.509251768e-07 -5.348999905e+01 -5.348999905e+01
3225 0 +6.467691875e-07 -5.348999935e+01 -5.348999935e+01
3247 0 +5.934077194e-07 -5.348999941e+01 -5.348999941e+01
3258 0 +5.354122763e-07 -5.348999946e+01 -5.348999946e+01
3269 0 +4.658374237e-07 -5.348999953e+01 -5.348999953e+01
3280 0 +3.851090540e-07 -5.348999961e+01 -5.348999961e+01
3291 0 +3.022139836e-07 -5.348999970e+01 -5.348999970e+01
3302 0 +2.196080260e-07 -5.348999978e+01 -5.348999978e+01
3313 0 +1.909706597e-07 -5.348999981e+01 -5.348999981e+01
3324 0 +1.560263243e-07 -5.348999984e+01 -5.348999984e+01
3335 0 +1.216380099e-07 -5.348999988e+01 -5.348999988e+01
3346 0 +9.007457891e-08 -5.348999991e+01 -5.348999991e+01
3347 0 +8.855450773e-08 -5.348999991e+01 -5.348999991e+01
3358 0 +7.777318700e-08 -5.348999992e+01 -5.348999992e+01
3368 0 +6.886232029e-08 -5.348999993e+01 -5.348999993e+01
3379 0 +6.113170770e-08 -5.348999994e+01 -5.348999994e+01
3390 0 +5.426982597e-08 -5.348999995e+01 -5.348999995e+01
3401 0 +3.679873117e-08 -5.348999996e+01 -5.348999996e+01
3412 0 +3.071647825e-08 -5.348999997e+01 -5.348999997e+01
3423 0 +2.556497947e-08 -5.348999997e+01 -5.348999997e+01
3424 0 +2.423329448e-08 -5.348999998e+01 -5.348999998e+01
3434 0 +1.336088218e-08 -5.348999999e+01 -5.348999999e+01
3435 0 +1.254697679e-08 -5.348999999e+01 -5.348999999e+01
6670 0 +1.103698821e-08 -5.348999999e+01 -5.348999999e+01
10471 0 +9.951790503e-09 -5.348999999e+01 -5.348999999e+01
100007 0 +5.627001087e-10 -5.349000000e+01 -5.349000000e+01
% f evaluations | g evaluations | best noise-free fitness - Fopt (1.172700000000e+02) + sum g_i+ | measured fitness | best measured fitness or single-digit g-values | x1 | x2...
1 0 +7.848821337e+07 +7.848833064e+07 +7.848833064e+07
2 0 +4.410301594e+07 +4.410313321e+07 +4.410313321e+07
21 0 +3.560951703e+07 +3.560963430e+07 +3.560963430e+07
24 0 +2.639925800e+07 +2.639937527e+07 +2.639937527e+07
40 0 +2.484629785e+07 +2.484641512e+07 +2.484641512e+07
42 0 +8.737020626e+06 +8.737137896e+06 +8.737137896e+06
72 0 +6.812662229e+06 +6.812779499e+06 +6.812779499e+06
79 0 +5.607950444e+06 +5.608067714e+06 +5.608067714e+06
98 0 +3.471160696e+06 +3.471277966e+06 +3.471277966e+06
101 0 +2.518739153e+06 +2.518856423e+06 +2.518856423e+06
112 0 +4.193525579e+05 +4.194698279e+05 +4.194698279e+05
134 0 +2.439447934e+05 +2.440620634e+05 +2.440620634e+05
310 0 +2.217538120e+05 +2.218710820e+05 +2.218710820e+05
332 0 +1.739076216e+05 +1.740248916e+05 +1.740248916e+05
343 0 +8.702999497e+04 +8.714726497e+04 +8.714726497e+04
354 0 +9.322502853e+00 +1.265925029e+02 +1.265925029e+02
365 0 +2.244328591e-02 +1.172924433e+02 +1.172924433e+02
376 0 +1.383884790e-03 +1.172713839e+02 +1.172713839e+02
530 0 +1.223452428e-03 +1.172712235e+02 +1.172712235e+02
541 0 +9.200711933e-04 +1.172709201e+02 +1.172709201e+02
563 0 +8.890864491e-04 +1.172708891e+02 +1.172708891e+02
585 0 +7.268268917e-04 +1.172707268e+02 +1.172707268e+02
596 0 +6.138717752e-04 +1.172706139e+02 +1.172706139e+02
629 0 +5.457377319e-04 +1.172705457e+02 +1.172705457e+02
640 0 +4.748910264e-04 +1.172704749e+02 +1.172704749e+02
651 0 +3.643527870e-04 +1.172703644e+02 +1.172703644e+02
662 0 +2.698879946e-04 +1.172702699e+02 +1.172702699e+02
684 0 +2.218315488e-04 +1.172702218e+02 +1.172702218e+02
717 0 +1.763186965e-04 +1.172701763e+02 +1.172701763e+02
728 0 +1.431046266e-04 +1.172701431e+02 +1.172701431e+02
739 0 +1.105210489e-04 +1.172701105e+02 +1.172701105e+02
761 0 +9.784487300e-05 +1.172700978e+02 +1.172700978e+02
772 0 +8.130725536e-05 +1.172700813e+02 +1.172700813e+02
783 0 +6.533747462e-05 +1.172700653e+02 +1.172700653e+02
794 0 +5.412387438e-05 +1.172700541e+02 +1.172700541e+02
805 0 +4.538053058e-05 +1.172700454e+02 +1.172700454e+02
816 0 +3.720116479e-05 +1.172700372e+02 +1.172700372e+02
838 0 +2.899066689e-05 +1.172700290e+02 +1.172700290e+02
849 0 +2.580862564e-05 +1.172700258e+02 +1.172700258e+02
860 0 +2.243769043e-05 +1.172700224e+02 +1.172700224e+02
871 0 +1.919155189e-05 +1.172700192e+02 +1.172700192e+02
882 0 +1.662981839e-05 +1.172700166e+02 +1.172700166e+02
893 0 +1.377625613e-05 +1.172700138e+02 +1.172700138e+02
904 0 +1.095844823e-05 +1.172700110e+02 +1.172700110e+02
926 0 +8.846103029e-06 +1.172700088e+02 +1.172700088e+02
937 0 +7.879062437e-06 +1.172700079e+02 +1.172700079e+02
948 0 +6.523939376e-06 +1.172700065e+02 +1.172700065e+02
970 0 +5.250670142e-06 +1.172700053e+02 +1.172700053e+02
992 0 +4.707078190e-06 +1.172700047e+02 +1.172700047e+02
1014 0 +4.122121823e-06 +1.172700041e+02 +1.172700041e+02
1025 0 +3.475553555e-06 +1.172700035e+02 +1.172700035e+02
22142 0 +3.147664074e-06 +1.172700031e+02 +1.172700031e+02
100005 0 +3.045600906e-06 +1.172700030e+02 +1.172700030e+02
% f evaluations | g evaluations | best noise-free fitness - Fopt (7.789000000000e+01) + sum g_i+ | measured fitness | best measured fitness or single-digit g-values | x1 | x2...
1 0 +1.308202320e+08 +1.308203099e+08 +1.308203099e+08
3 0 +1.286265173e+08 +1.286265951e+08 +1.286265951e+08
8 0 +1.031608497e+08 +1.031609275e+08 +1.031609275e+08
9 0 +6.194617808e+07 +6.194625597e+07 +6.194625597e+07
10 0 +5.949002621e+07 +5.949010410e+07 +5.949010410e+07
13 0 +4.452908383e+07 +4.452916172e+07 +4.452916172e+07
16 0 +4.297996294e+07 +4.298004083e+07 +4.298004083e+07
21 0 +2.336107747e+07 +2.336115536e+07 +2.336115536e+07
33 0 +2.106800633e+07 +2.106808422e+07 +2.106808422e+07
56 0 +1.849651908e+07 +1.849659697e+07 +1.849659697e+07
63 0 +1.312002913e+07 +1.312010702e+07 +1.312010702e+07
74 0 +1.254985908e+07 +1.254993697e+07 +1.254993697e+07
83 0 +7.762064889e+06 +7.762142779e+06 +7.762142779e+06
112 0 +3.384268640e+06 +3.384346530e+06 +3.384346530e+06
145 0 +3.207547900e+06 +3.207625790e+06 +3.207625790e+06
167 0 +3.182160939e+06 +3.182238829e+06 +3.182238829e+06
277 0 +3.151145570e+06 +3.151223460e+06 +3.151223460e+06
431 0 +3.054988839e+06 +3.055066729e+06 +3.055066729e+06
442 0 +2.790329413e+06 +2.790407303e+06 +2.790407303e+06
453 0 +1.856444087e+06 +1.856521977e+06 +1.856521977e+06
475 0 +1.539995632e+06 +1.540073522e+06 +1.540073522e+06
586 0 +1.046772186e+06 +1.046850076e+06 +1.046850076e+06
597 0 +3.204147580e+04 +3.211936580e+04 +3.211936580e+04
630 0 +7.176704272e+03 +7.254594272e+03 +7.254594272e+03
652 0 +2.021722234e+03 +2.099612234e+03 +2.099612234e+03
674 0 +1.870292019e+03 +1.948182019e+03 +1.948182019e+03
707 0 +1.756765588e+03 +1.834655588e+03 +1.834655588e+03
718 0 +1.525524164e+03 +1.603414164e+03 +1.603414164e+03
729 0 +1.152790289e+03 +1.230680289e+03 +1.230680289e+03
861 0 +1.108522296e+03 +1.186412296e+03 +1.186412296e+03
883 0 +7.689439458e+02 +8.468339458e+02 +8.468339458e+02
894 0 +2.088880189e+02 +2.867780189e+02 +2.867780189e+02
905 0 +3.216763900e-01 +7.821167639e+01 +7.821167639e+01
916 0 +2.574395005e-01 +7.814743950e+01 +7.814743950e+01
993 0 +2.472373457e-01 +7.813723735e+01 +7.813723735e+01
1026 0 +2.094835336e-01 +7.809948353e+01 +7.809948353e+01
1037 0 +1.834188845e-01 +7.807341888e+01 +7.807341888e+01
1048 0 +1.477890055e-01 +7.803778901e+01 +7.803778901e+01
1059 0 +1.353763593e-01 +7.802537636e+01 +7.802537636e+01
1070 0 +1.198261505e-01 +7.800982615e+01 +7.800982615e+01
1081 0 +1.110446441e-01 +7.800104464e+01 +7.800104464e+01
1092 0 +9.677769067e-02 +7.798677769e+01 +7.798677769e+01
1114 0 +8.809181295e-02 +7.797809181e+01 +7.797809181e+01
1125 0 +7.537287732e-02 +7.796537288e+01 +7.796537288e+01
1136 0 +6.428291260e-02 +7.795428291e+01 +7.795428291e+01
1147 0 +4.898943589e-02 +7.793898944e+01 +7.793898944e+01
1169 0 +4.272240833e-02 +7.793272241e+01 +7.793272241e+01
1180 0 +3.307943031e-02 +7.792307943e+01 +7.792307943e+01
1191 0 +2.511939726e-02 +7.791511940e+01 +7.791511940e+01
1213 0 +2.169336280e-02 +7.791169336e+01 +7.791169336e+01
1224 0 +1.967367808e-02 +7.790967368e+01 +7.790967368e+01
1246 0 +1.504633334e-02 +7.790504633e+01 +7.790504633e+01
1257 0 +1.132246439e-02 +7.790132246e+01 +7.790132246e+01
1279 0 +9.992588645e-03 +7.789999259e+01 +7.789999259e+01
1290 0 +8.510899977e-03 +7.789851090e+01 +7.789851090e+01
1301 0 +6.402507165e-03 +7.789640251e+01 +7.789640251e+01
1312 0 +4.957668966e-03 +7.789495767e+01 +7.789495767e+01
1323 0 +3.803489913e-03 +7.789380349e+01 +7.789380349e+01
1345 0 +3.268135869e-03 +7.789326814e+01 +7.789326814e+01
1356 0 +2.552080546e-03 +7.789255208e+01 +7.789255208e+01
1367 0 +2.129020884e-03 +7.789212902e+01 +7.789212902e+01
1378 0 +1.645091316e-03 +7.789164509e+01 +7.789164509e+01
1389 0 +1.471075235e-03 +7.789147108e+01 +7.789147108e+01
1400 0 +1.201120597e-03 +7.789120112e+01 +7.789120112e+01
1411 0 +1.103321646e-03 +7.789110332e+01 +7.789110332e+01
1433 0 +8.704647660e-04 +7.789087046e+01 +7.789087046e+01
1444 0 +6.241393921e-04 +7.789062414e+01 +7.789062414e+01
1466 0 +5.483705340e-04 +7.789054837e+01 +7.789054837e+01
1477 0 +4.409774948e-04 +7.789044098e+01 +7.789044098e+01
1488 0 +3.373291672e-04 +7.789033733e+01 +7.789033733e+01
1499 0 +3.088303200e-04 +7.789030883e+01 +7.789030883e+01
1521 0 +2.691478169e-04 +7.789026915e+01 +7.789026915e+01
1543 0 +2.353184612e-04 +7.789023532e+01 +7.789023532e+01
1565 0 +1.975592890e-04 +7.789019756e+01 +7.789019756e+01
1576 0 +1.690024479e-04 +7.789016900e+01 +7.789016900e+01
1587 0 +1.416141002e-04 +7.789014161e+01 +7.789014161e+01
1609 0 +1.046853181e-04 +7.789010469e+01 +7.789010469e+01
1620 0 +9.258349570e-05 +7.789009258e+01 +7.789009258e+01
1631 0 +7.030447813e-05 +7.789007030e+01 +7.789007030e+01
1642 0 +6.167317002e-05 +7.789006167e+01 +7.789006167e+01
1653 0 +5.304229917e-05 +7.789005304e+01 +7.789005304e+01
1664 0 +4.375704602e-05 +7.789004376e+01 +7.789004376e+01
1675 0 +3.151560762e-05 +7.789003152e+01 +7.789003152e+01
1697 0 +2.524840114e-05 +7.789002525e+01 +7.789002525e+01
1719 0 +2.032507548e-05 +7.789002033e+01 +7.789002033e+01
1730 0 +1.955529740e-05 +7.789001956e+01 +7.789001956e+01
1741 0 +1.753222220e-05 +7.789001753e+01 +7.789001753e+01
1752 0 +1.475205674e-05 +7.789001475e+01 +7.789001475e+01
1763 0 +1.175722298e-05 +7.789001176e+01 +7.789001176e+01
1774 0 +1.068358532e-05 +7.789001068e+01 +7.789001068e+01
1785 0 +9.385566415e-06 +7.789000939e+01 +7.789000939e+01
3581 0 +8.449707849e-06 +7.789000845e+01 +7.789000845e+01
100194 0 +8.279738068e-06 +7.789000828e+01 +7.789000828e+01
