% f evaluations | g evaluations | best noise-free fitness - Fopt (-2.098800000000e+02) + sum g_i+ | measured fitness | best measured fitness or single-digit g-values | x1 | x2...
1 0 +1.115195441e+07 +1.115174453e+07 +1.115174453e+07
3 0 +1.095862579e+07 +1.095841591e+07 +1.095841591e+07
5 0 +8.604323789e+06 +8.604113909e+06 +8.604113909e+06
14 0 +5.555070713e+06 +5.554860833e+06 +5.554860833e+06
15 0 +5.075380834e+06 +5.075170954e+06 +5.075170954e+06
27 0 +3.478824970e+06 +3.478615090e+06 +3.478615090e+06
41 0 +2.443166279e+06 +2.442956399e+06 +2.442956399e+06
45 0 +2.120704675e+06 +2.120494795e+06 +2.120494795e+06
60 0 +1.432877619e+06 +1.432667739e+06 +1.432667739e+06
69 0 +4.290887831e+05 +4.288789031e+05 +4.288789031e+05
118 0 +1.817879303e+05 +1.815780503e+05 +1.815780503e+05
121 0 +1.617734378e+05 +1.615635578e+05 +1.615635578e+05
163 0 +1.504737409e+05 +1.502638609e+05 +1.502638609e+05
184 0 +1.321249736e+05 +1.319150936e+05 +1.319150936e+05
205 0 +8.968912320e+04 +8.947924320e+04 +8.947924320e+04
247 0 +7.766669202e+04 +7.745681202e+04 +7.745681202e+04
289 0 +6.089946720e+04 +6.068958720e+04 +6.068958720e+04
310 0 +4.412795990e+04 +4.391807990e+04 +4.391807990e+04
352 0 +3.386803986e+04 +3.365815986e+04 +3.365815986e+04
373 0 +3.021194051e+04 +3.000206051e+04 +3.000206051e+04
394 0 +2.694658577e+04 +2.673670577e+04 +2.673670577e+04
415 0 +2.319089405e+04 +2.298101405e+04 +2.298101405e+04
457 0 +2.196157450e+04 +2.175169450e+04 +2.175169450e+04
499 0 +1.980824799e+04 +1.959836799e+04 +1.959836799e+04
541 0 +1.550923690e+04 +1.529935690e+04 +1.529935690e+04
562 0 +1.174604890e+04 +1.153616890e+04 +1.153616890e+04
604 0 +1.000138640e+04 +9.791506396e+03 +9.791506396e+03
625 0 +6.872076399e+03 +6.662196399e+03 +6.662196399e+03
4243 0 +5.976268586e+03 +5.766388586e+03 +5.766388586e+03
4264 0 +5.046290406e+03 +4.836410406e+03 +4.836410406e+03
4285 0 +4.472452495e+03 +4.262572495e+03 +4.262572495e+03
4306 0 +3.432952300e+03 +3.223072300e+03 +3.223072300e+03
4327 0 +2.479104598e+03 +2.269224598e+03 +2.269224598e+03
4348 0 +1.560816682e+03 +1.350936682e+03 +1.350936682e+03
5659 0 +1.340237438e+03 +1.130357438e+03 +1.130357438e+03
6886 0 +1.122278052e+03 +9.123980521e+02 +9.123980521e+02
8260 0 +7.037057152e+02 +4.938257152e+02 +4.938257152e+02
8302 0 +5.510153222e+02 +3.411353222e+02 +3.411353222e+02
9010 0 +4.539516691e+02 +2.440716691e+02 +2.440716691e+02
9052 0 +3.352161008e+02 +1.253361008e+02 +1.253361008e+02
9073 0 +2.839450118e+02 +7.406501177e+01 +7.406501177e+01
9094 0 +2.285581044e+02 +1.867810438e+01 +1.867810438e+01
9115 0 +1.880786720e+02 -2.180132801e+01 -2.180132801e+01
9136 0 +1.743912501e+02 -3.548874989e+01 -3.548874989e+01
9199 0 +1.088014325e+02 -1.010785675e+02 -1.010785675e+02
9241 0 +9.917721448e+01 -1.107027855e+02 -1.107027855e+02
9346 0 +8.486599150e+01 -1.250140085e+02 -1.250140085e+02
9367 0 +7.569965361e+01 -1.341803464e+02 -1.341803464e+02
9388 0 +6.455751497e+01 -1.453224850e+02 -1.453224850e+02
9409 0 +5.277055177e+01 -1.571094482e+02 -1.571094482e+02
9430 0 +3.718570252e+01 -1.726942975e+02 -1.726942975e+02
9451 0 +2.756382470e+01 -1.823161753e+02 -1.823161753e+02
9472 0 +1.635958147e+01 -1.935204185e+02 -1.935204185e+02
9493 0 +1.046526843e+01 -1.994147316e+02 -1.994147316e+02
9514 0 +9.930447327e+00 -1.999495527e+02 -1.999495527e+02
9535 0 +7.073775282e+00 -2.028062247e+02 -2.028062247e+02
9556 0 +4.640344782e+00 -2.052396552e+02 -2.052396552e+02
9577 0 +2.439348833e+00 -2.074406512e+02 -2.074406512e+02
9598 0 +1.689880198e+00 -2.081901198e+02 -2.081901198e+02
9619 0 +1.196518490e+00 -2.086834815e+02 -2.086834815e+02
9640 0 +7.519374531e-01 -2.091280625e+02 -2.091280625e+02
9661 0 +5.019336912e-01 -2.093780663e+02 -2.093780663e+02
9682 0 +4.014424960e-01 -2.094785575e+02 -2.094785575e+02
9703 0 +2.434313041e-01 -2.096365687e+02 -2.096365687e+02
9724 0 +1.955435132e-01 -2.096844565e+02 -2.096844565e+02
9745 0 +1.252944313e-01 -2.097547056e+02 -2.097547056e+02
9766 0 +7.530446729e-02 -2.098046955e+02 -2.098046955e+02
9787 0 +3.469338185e-02 -2.098453066e+02 -2.098453066e+02
9829 0 +2.968568047e-02 -2.098503143e+02 -2.098503143e+02
9850 0 +1.762658034e-02 -2.098623734e+02 -2.098623734e+02
9871 0 +5.651280670e-03 -2.098743487e+02 -2.098743487e+02
9892 0 +4.045755196e-03 -2.098759542e+02 -2.098759542e+02
9913 0 +2.939513764e-03 -2.098770605e+02 -2.098770605e+02
9934 0 +2.445207057e-03 -2.098775548e+02 -2.098775548e+02
9976 0 +2.209966279e-03 -2.098777900e+02 -2.098777900e+02
10018 0 +1.090331814e-03 -2.098789097e+02 -2.098789097e+02
10060 0 +9.782548532e-04 -2.098790217e+02 -2.098790217e+02
10102 0 +7.481363485e-04 -2.098792519e+02 -2.098792519e+02
10123 0 +5.236657992e-04 -2.098794763e+02 -2.098794763e+02
10144 0 +3.255336141e-04 -2.098796745e+02 -2.098796745e+02
10165 0 +2.220283471e-04 -2.098797780e+02 -2.098797780e+02
10186 0 +1.644031789e-04 -2.098798356e+02 -2.098798356e+02
10207 0 +9.023307243e-05 -2.098799098e+02 -2.098799098e+02
10228 0 +6.001709525e-05 -2.098799400e+02 -2.098799400e+02
10249 0 +4.846640604e-05 -2.098799515e+02 -2.098799515e+02
10270 0 +4.352861041e-05 -2.098799565e+02 -2.098799565e+02
10291 0 +3.443886010e-05 -2.098799656e+02 -2.098799656e+02
10333 0 +2.226799356e-05 -2.098799777e+02 -2.098799777e+02
10354 0 +1.613187877e-05 -2.098799839e+02 -2.098799839e+02
10375 0 +1.033210216e-05 -2.098799897e+02 -2.098799897e+02
10396 0 +7.077880468e-06 -2.098799929e+02 -2.098799929e+02
10417 0 +4.397250564e-06 -2.098799956e+02 -2.098799956e+02
10438 0 +2.794497959e-06 -2.098799972e+02 -2.098799972e+02
10459 0 +1.816062650e-06 -2.098799982e+02 -2.098799982e+02
10501 0 +1.673445269e-06 -2.098799983e+02 -2.098799983e+02
10522 0 +1.494666577e-06 -2.098799985e+02 -2.098799985e+02
10543 0 +1.288784063e-06 -2.098799987e+02 -2.098799987e+02
10564 0 +1.192824840e-06 -2.098799988e+02 -2.098799988e+02
10585 0 +9.231552838e-07 -2.098799991e+02 -2.098799991e+02
10627 0 +7.281175272e-07 -2.098799993e+02 -2.098799993e+02
10711 0 +6.719723729e-07 -2.098799993e+02 -2.098799993e+02
10732 0 +5.798160885e-07 -2.098799994e+02 -2.098799994e+02
10753 0 +4.575753678e-07 -2.098799995e+02 -2.098799995e+02
10774 0 +3.392772214e-07 -2.098799997e+02 -2.098799997e+02
10795 0 +2.978659381e-07 -2.098799997e+02 -2.098799997e+02
10816 0 +2.791672671e-07 -2.098799997e+02 -2.098799997e+02
10879 0 +1.691046521e-07 -2.098799998e+02 -2.098799998e+02
11005 0 +1.549776982e-07 -2.098799998e+02 -2.098799998e+02
11047 0 +1.247713328e-07 -2.098799999e+02 -2.098799999e+02
11068 0 +1.001881174e-07 -2.098799999e+02 -2.098799999e+02
11084 0 +9.989378214e-08 -2.098799999e+02 -2.098799999e+02
11089 0 +8.440287047e-08 -2.098799999e+02 -2.098799999e+02
11110 0 +6.142181519e-08 -2.098799999e+02 -2.098799999e+02
11152 0 +4.585058377e-08 -2.098800000e+02 -2.098800000e+02
11173 0 +2.561384349e-08 -2.098800000e+02 -2.098800000e+02
11192 0 +2.507090358e-08 -2.098800000e+02 -2.098800000e+02
11194 0 +1.254841209e-08 -2.098800000e+02 -2.098800000e+02
11215 0 +4.785022156e-09 -2.098800000e+02 -2.098800000e+02
200010 0 +7.278799785e-11 -2.098800000e+02 -2.098800000e+02
% f evaluations | g evaluations | best noise-free fitness - Fopt (-9.209000000000e+01) + sum g_i+ | measured fitness | best measured fitness or single-digit g-values | x1 | x2...
1 0 +1.289804158e+07 +1.289794949e+07 +1.289794949e+07
2 0 +9.244285710e+06 +9.244193620e+06 +9.244193620e+06
3 0 +6.125399138e+06 +6.125307048e+06 +6.125307048e+06
4 0 +4.701213782e+06 +4.701121692e+06 +4.701121692e+06
15 0 +4.396316954e+06 +4.396224864e+06 +4.396224864e+06
26 0 +3.143272077e+06 +3.143179987e+06 +3.143179987e+06
47 0 +3.051331246e+06 +3.051239156e+06 +3.051239156e+06
55 0 +2.435748824e+06 +2.435656734e+06 +2.435656734e+06
78 0 +1.391826695e+06 +1.391734605e+06 +1.391734605e+06
87 0 +1.147527420e+06 +1.147435330e+06 +1.147435330e+06
91 0 +5.879290756e+05 +5.878369856e+05 +5.878369856e+05
121 0 +4.997879431e+05 +4.996958531e+05 +4.996958531e+05
142 0 +2.865975365e+05 +2.865054465e+05 +2.865054465e+05
184 0 +2.154736596e+05 +2.153815696e+05 +2.153815696e+05
247 0 +1.919531211e+05 +1.918610311e+05 +1.918610311e+05
310 0 +1.637819683e+05 +1.636898783e+05 +1.636898783e+05
478 0 +1.571387491e+05 +1.570466591e+05 +1.570466591e+05
541 0 +1.275292964e+05 +1.274372064e+05 +1.274372064e+05
562 0 +1.112364811e+05 +1.111443911e+05 +1.111443911e+05
745 0 +9.467025649e+04 +9.457816649e+04 +9.457816649e+04
766 0 +7.508284669e+04 +7.499075669e+04 +7.499075669e+04
808 0 +7.051026422e+04 +7.041817422e+04 +7.041817422e+04
871 0 +5.075469637e+04 +5.066260637e+04 +5.066260637e+04
913 0 +4.955113783e+04 +4.945904783e+04 +4.945904783e+04
1060 0 +4.393121684e+04 +4.383912684e+04 +4.383912684e+04
1123 0 +3.810323105e+04 +3.801114105e+04 +3.801114105e+04
1165 0 +3.175503990e+04 +3.166294990e+04 +3.166294990e+04
1186 0 +2.800338223e+04 +2.791129223e+04 +2.791129223e+04
1207 0 +2.104475547e+04 +2.095266547e+04 +2.095266547e+04
1228 0 +1.043727882e+04 +1.034518882e+04 +1.034518882e+04
3556 0 +7.873216784e+03 +7.781126784e+03 +7.781126784e+03
3661 0 +6.818531925e+03 +6.726441925e+03 +6.726441925e+03
3724 0 +6.013846189e+03 +5.921756189e+03 +5.921756189e+03
3745 0 +5.580630860e+03 +5.488540860e+03 +5.488540860e+03
3787 0 +4.836505139e+03 +4.744415139e+03 +4.744415139e+03
3808 0 +4.328839582e+03 +4.236749582e+03 +4.236749582e+03
3829 0 +3.643644503e+03 +3.551554503e+03 +3.551554503e+03
3850 0 +2.779062194e+03 +2.686972194e+03 +2.686972194e+03
3871 0 +2.025076068e+03 +1.932986068e+03 +1.932986068e+03
3892 0 +1.550150264e+03 +1.458060264e+03 +1.458060264e+03
5932 0 +1.214525896e+03 +1.122435896e+03 +1.122435896e+03
5953 0 +7.407772241e+02 +6.486872241e+02 +6.486872241e+02
6037 0 +6.881106953e+02 +5.960206953e+02 +5.960206953e+02
6058 0 +6.051347727e+02 +5.130447727e+02 +5.130447727e+02
6079 0 +4.507460297e+02 +3.586560297e+02 +3.586560297e+02
6100 0 +2.644609779e+02 +1.723709779e+02 +1.723709779e+02
6142 0 +1.755980461e+02 +8.350804606e+01 +8.350804606e+01
6163 0 +1.098583874e+02 +1.776838744e+01 +1.776838744e+01
6205 0 +8.114997472e+01 -1.094002528e+01 -1.094002528e+01
6226 0 +6.668870474e+01 -2.540129526e+01 -2.540129526e+01
6247 0 +4.759539276e+01 -4.449460724e+01 -4.449460724e+01
6268 0 +3.119662015e+01 -6.089337985e+01 -6.089337985e+01
6289 0 +1.503291603e+01 -7.705708397e+01 -7.705708397e+01
6310 0 +5.892017349e+00 -8.619798265e+01 -8.619798265e+01
6331 0 +1.974827867e+00 -9.011517213e+01 -9.011517213e+01
6352 0 +9.379415516e-01 -9.115205845e+01 -9.115205845e+01
6373 0 +1.744000518e-01 -9.191559995e+01 -9.191559995e+01
6394 0 +1.048432117e-01 -9.198515679e+01 -9.198515679e+01
6415 0 +4.255739579e-02 -9.204744260e+01 -9.204744260e+01
6457 0 +2.282436142e-02 -9.206717564e+01 -9.206717564e+01
6478 0 +1.423231921e-02 -9.207576768e+01 -9.207576768e+01
6499 0 +8.060476376e-03 -9.208193952e+01 -9.208193952e+01
6520 0 +3.968378090e-03 -9.208603162e+01 -9.208603162e+01
6541 0 +1.569993640e-03 -9.208843001e+01 -9.208843001e+01
6562 0 +4.966761026e-04 -9.208950332e+01 -9.208950332e+01
6583 0 +3.492987236e-04 -9.208965070e+01 -9.208965070e+01
6604 0 +1.551955419e-04 -9.208984480e+01 -9.208984480e+01
6625 0 +8.682778420e-05 -9.208991317e+01 -9.208991317e+01
6646 0 +2.896395478e-05 -9.208997104e+01 -9.208997104e+01
6667 0 +1.672862349e-05 -9.208998327e+01 -9.208998327e+01
6688 0 +9.040315433e-06 -9.208999096e+01 -9.208999096e+01
6709 0 +2.297227866e-06 -9.208999770e+01 -9.208999770e+01
6730 0 +7.636403296e-07 -9.208999924e+01 -9.208999924e+01
6751 0 +2.742716276e-07 -9.208999973e+01 -9.208999973e+01
6772 0 +9.051888128e-08 -9.208999991e+01 -9.208999991e+01
6791 0 +8.774934201e-08 -9.208999991e+01 -9.208999991e+01
6793 0 +7.587171069e-08 -9.208999992e+01 -9.208999992e+01
6814 0 +4.397644204e-08 -9.208999996e+01 -9.208999996e+01
6835 0 +3.534881898e-08 -9.208999996e+01 -9.208999996e+01
6856 0 +5.481524568e-09 -9.208999999e+01 -9.208999999e+01
200020 0 +7.038636340e-11 -9.209000000e+01 -9.209000000e+01
% f evaluations | g evaluations | best noise-free fitness - Fopt (-8.789000000000e+01) + sum g_i+ | measured fitness | best measured fitness or single-digit g-values | x1 | x2...
1 0 +1.431238538e+07 +1.431229749e+07 +1.431229749e+07
4 0 +1.212334816e+07 +1.212326027e+07 +1.212326027e+07
5 0 +5.181729101e+06 +5.181641211e+06 +5.181641211e+06
13 0 +4.003245022e+06 +4.003157132e+06 +4.003157132e+06
21 0 +3.001901608e+06 +3.001813718e+06 +3.001813718e+06
32 0 +2.794048575e+06 +2.793960685e+06 +2.793960685e+06
37 0 +2.462340317e+06 +2.462252427e+06 +2.462252427e+06
50 0 +1.243949184e+06 +1.243861294e+06 +1.243861294e+06
66 0 +7.503979953e+05 +7.503101053e+05 +7.503101053e+05
96 0 +6.022777958e+05 +6.021899058e+05 +6.021899058e+05
163 0 +3.899901174e+05 +3.899022274e+05 +3.899022274e+05
205 0 +2.272980289e+05 +2.272101389e+05 +2.272101389e+05
247 0 +2.072452780e+05 +2.071573880e+05 +2.071573880e+05
268 0 +1.737064216e+05 +1.736185316e+05 +1.736185316e+05
289 0 +1.446292048e+05 +1.445413148e+05 +1.445413148e+05
310 0 +1.384085675e+05 +1.383206775e+05 +1.383206775e+05
352 0 +1.239081837e+05 +1.238202937e+05 +1.238202937e+05
499 0 +1.090292967e+05 +1.089414067e+05 +1.089414067e+05
520 0 +9.599125853e+04 +9.590336853e+04 +9.590336853e+04
541 0 +7.578949710e+04 +7.570160710e+04 +7.570160710e+04
1474 0 +6.348649617e+04 +6.339860617e+04 +6.339860617e+04
1516 0 +5.994317543e+04 +5.985528543e+04 +5.985528543e+04
1621 0 +5.467122381e+04 +5.458333381e+04 +5.458333381e+04
1705 0 +4.807781726e+04 +4.798992726e+04 +4.798992726e+04
1726 0 +3.420298810e+04 +3.411509810e+04 +3.411509810e+04
2308 0 +2.902930518e+04 +2.894141518e+04 +2.894141518e+04
2722 0 +2.639879377e+04 +2.631090377e+04 +2.631090377e+04
2743 0 +2.497642248e+04 +2.488853248e+04 +2.488853248e+04
2764 0 +2.177278422e+04 +2.168489422e+04 +2.168489422e+04
2848 0 +1.963680871e+04 +1.954891871e+04 +1.954891871e+04
2932 0 +1.723116285e+04 +1.714327285e+04 +1.714327285e+04
2953 0 +1.508005375e+04 +1.499216375e+04 +1.499216375e+04
3016 0 +1.369354299e+04 +1.360565299e+04 +1.360565299e+04
3472 0 +1.138491616e+04 +1.129702616e+04 +1.129702616e+04
3514 0 +1.062928252e+04 +1.054139252e+04 +1.054139252e+04
3535 0 +9.776388691e+03 +9.688498691e+03 +9.688498691e+03
3577 0 +8.369580947e+03 +8.281690947e+03 +8.281690947e+03
3619 0 +7.934708731e+03 +7.846818731e+03 +7.846818731e+03
3661 0 +6.506218833e+03 +6.418328833e+03 +6.418328833e+03
3682 0 +6.141981304e+03 +6.054091304e+03 +6.054091304e+03
3703 0 +5.585130387e+03 +5.497240387e+03 +5.497240387e+03
3745 0 +4.849937478e+03 +4.762047478e+03 +4.762047478e+03
3787 0 +4.106179425e+03 +4.018289425e+03 +4.018289425e+03
5056 0 +3.729087539e+03 +3.641197539e+03 +3.641197539e+03
5077 0 +2.373876511e+03 +2.285986511e+03 +2.285986511e+03
5098 0 +1.675205467e+03 +1.587315467e+03 +1.587315467e+03
5806 0 +1.205980417e+03 +1.118090417e+03 +1.118090417e+03
8218 0 +9.575376259e+02 +8.696476259e+02 +8.696476259e+02
8239 0 +7.844178847e+02 +6.965278847e+02 +6.965278847e+02
9550 0 +6.887607118e+02 +6.008707118e+02 +6.008707118e+02
9592 0 +6.047942110e+02 +5.169042110e+02 +5.169042110e+02
9613 0 +5.095076635e+02 +4.216176635e+02 +4.216176635e+02
9634 0 +4.924323210e+02 +4.045423210e+02 +4.045423210e+02
9676 0 +3.868985912e+02 +2.990085912e+02 +2.990085912e+02
10657 0 +3.361137847e+02 +2.482237847e+02 +2.482237847e+02
10678 0 +3.046752143e+02 +2.167852143e+02 +2.167852143e+02
10699 0 +2.775203564e+02 +1.896303564e+02 +1.896303564e+02
10720 0 +2.511826773e+02 +1.632926773e+02 +1.632926773e+02
10762 0 +2.206135026e+02 +1.327235026e+02 +1.327235026e+02
10846 0 +1.782297370e+02 +9.033973701e+01 +9.033973701e+01
10867 0 +1.596950717e+02 +7.180507167e+01 +7.180507167e+01
10888 0 +1.263194540e+02 +3.842945399e+01 +3.842945399e+01
10930 0 +1.220344201e+02 +3.414442006e+01 +3.414442006e+01
10972 0 +9.717015436e+01 +9.280154356e+00 +9.280154356e+00
10993 0 +7.497335238e+01 -1.291664762e+01 -1.291664762e+01
11014 0 +6.287611707e+01 -2.501388293e+01 -2.501388293e+01
11035 0 +5.587845811e+01 -3.201154189e+01 -3.201154189e+01
11056 0 +4.202802480e+01 -4.586197520e+01 -4.586197520e+01
11077 0 +2.256939375e+01 -6.532060625e+01 -6.532060625e+01
11098 0 +2.116429450e+01 -6.672570550e+01 -6.672570550e+01
11119 0 +1.847378479e+01 -6.941621521e+01 -6.941621521e+01
11140 0 +1.356300951e+01 -7.432699049e+01 -7.432699049e+01
11161 0 +9.321051082e+00 -7.856894892e+01 -7.856894892e+01
11182 0 +7.251696631e+00 -8.063830337e+01 -8.063830337e+01
11203 0 +3.348137079e+00 -8.454186292e+01 -8.454186292e+01
11224 0 +2.789730091e+00 -8.510026991e+01 -8.510026991e+01
11245 0 +2.334136622e+00 -8.555586338e+01 -8.555586338e+01
11266 0 +1.968715692e+00 -8.592128431e+01 -8.592128431e+01
11287 0 +1.227381454e+00 -8.666261855e+01 -8.666261855e+01
11329 0 +1.058565518e+00 -8.683143448e+01 -8.683143448e+01
11350 0 +9.248826363e-01 -8.696511736e+01 -8.696511736e+01
11371 0 +7.260989330e-01 -8.716390107e+01 -8.716390107e+01
11392 0 +6.261011210e-01 -8.726389888e+01 -8.726389888e+01
11413 0 +5.254713486e-01 -8.736452865e+01 -8.736452865e+01
11434 0 +4.511288651e-01 -8.743887113e+01 -8.743887113e+01
11455 0 +4.137837117e-01 -8.747621629e+01 -8.747621629e+01
11476 0 +3.721349677e-01 -8.751786503e+01 -8.751786503e+01
11539 0 +3.465158548e-01 -8.754348415e+01 -8.754348415e+01
11602 0 +3.077836406e-01 -8.758221636e+01 -8.758221636e+01
11623 0 +2.370244620e-01 -8.765297554e+01 -8.765297554e+01
11686 0 +2.155182148e-01 -8.767448179e+01 -8.767448179e+01
11707 0 +1.916636373e-01 -8.769833636e+01 -8.769833636e+01
11728 0 +1.537318834e-01 -8.773626812e+01 -8.773626812e+01
11749 0 +1.339122096e-01 -8.775608779e+01 -8.775608779e+01
11770 0 +1.082701512e-01 -8.778172985e+01 -8.778172985e+01
11791 0 +8.099692639e-02 -8.780900307e+01 -8.780900307e+01
11812 0 +6.353214745e-02 -8.782646785e+01 -8.782646785e+01
11833 0 +4.612347089e-02 -8.784387653e+01 -8.784387653e+01
11854 0 +3.967901818e-02 -8.785032098e+01 -8.785032098e+01
11875 0 +3.004403898e-02 -8.785995596e+01 -8.785995596e+01
11896 0 +1.925741176e-02 -8.787074259e+01 -8.787074259e+01
11917 0 +1.488086896e-02 -8.787511913e+01 -8.787511913e+01
11938 0 +1.041222930e-02 -8.787958777e+01 -8.787958777e+01
11959 0 +7.407427978e-03 -8.788259257e+01 -8.788259257e+01
11980 0 +5.539703546e-03 -8.788446030e+01 -8.788446030e+01
12001 0 +2.329973187e-03 -8.788767003e+01 -8.788767003e+01
12022 0 +1.595506847e-03 -8.788840449e+01 -8.788840449e+01
12043 0 +1.464008707e-03 -8.788853599e+01 -8.788853599e+01
12064 0 +1.234605417e-03 -8.788876539e+01 -8.788876539e+01
12085 0 +9.520236831e-04 -8.788904798e+01 -8.788904798e+01
12106 0 +6.528813184e-04 -8.788934712e+01 -8.788934712e+01
12127 0 +4.782594619e-04 -8.788952174e+01 -8.788952174e+01
12148 0 +3.623722862e-04 -8.788963763e+01 -8.788963763e+01
12169 0 +1.950073776e-04 -8.788980499e+01 -8.788980499e+01
12211 0 +1.544697728e-04 -8.788984553e+01 -8.788984553e+01
12232 0 +1.270782890e-04 -8.788987292e+01 -8.788987292e+01
12253 0 +1.007983658e-04 -8.788989920e+01 -8.788989920e+01
12274 0 +8.731322009e-05 -8.788991269e+01 -8.788991269e+01
12295 0 +7.832871928e-05 -8.788992167e+01 -8.788992167e+01
12358 0 +6.796166235e-05 -8.788993204e+01 -8.788993204e+01
12400 0 +5.127617953e-05 -8.788994872e+01 -8.788994872e+01
12484 0 +4.935559103e-05 -8.788995064e+01 -8.788995064e+01
12526 0 +3.645583895e-05 -8.788996354e+01 -8.788996354e+01
12547 0 +2.994012048e-05 -8.788997006e+01 -8.788997006e+01
12568 0 +2.568596662e-05 -8.788997431e+01 -8.788997431e+01
12589 0 +2.188940495e-05 -8.788997811e+01 -8.788997811e+01
12631 0 +1.504439656e-05 -8.788998496e+01 -8.788998496e+01
12673 0 +1.116442888e-05 -8.788998884e+01 -8.788998884e+01
12694 0 +7.702760257e-06 -8.788999230e+01 -8.788999230e+01
12715 0 +4.019145791e-06 -8.788999598e+01 -8.788999598e+01
12736 0 +1.865774394e-06 -8.788999813e+01 -8.788999813e+01
12757 0 +1.203440405e-06 -8.788999880e+01 -8.788999880e+01
12778 0 +4.860254705e-07 -8.788999951e+01 -8.788999951e+01
12799 0 +2.405372470e-07 -8.788999976e+01 -8.788999976e+01
12820 0 +1.027600263e-07 -8.788999990e+01 -8.788999990e+01
12840 0 +9.928407962e-08 -8.788999990e+01 -8.788999990e+01
12841 0 +4.067575787e-08 -8.788999996e+01 -8.788999996e+01
12860 0 +3.800407455e-08 -8.788999996e+01 -8.788999996e+01
12862 0 +2.094176921e-08 -8.788999998e+01 -8.788999998e+01
12881 0 +1.952244588e-08 -8.788999998e+01 -8.788999998e+01
12883 0 +1.487373424e-08 -8.788999999e+01 -8.788999999e+01
12903 0 +1.355837753e-08 -8.788999999e+01 -8.788999999e+01
12904 0 +9.117414379e-09 -8.788999999e+01 -8.788999999e+01
200010 0 +5.357492228e-11 -8.789000000e+01 -8.789000000e+01
% f evaluations | g evaluations | best noise-free fitness - Fopt (3.201900000000e+02) + sum g_i+ | measured fitness | best measured fitness or single-digit g-values | x1 | x2...
1 0 +1.155661475e+07 +1.155693494e+07 +1.155693494e+07
4 0 +5.538406840e+06 +5.538727030e+06 +5.538727030e+06
6 0 +2.997418150e+06 +2.997738340e+06 +2.997738340e+06
13 0 +2.198862128e+06 +2.199182318e+06 +2.199182318e+06
23 0 +1.102438589e+06 +1.102758779e+06 +1.102758779e+06
34 0 +1.085961952e+06 +1.086282142e+06 +1.086282142e+06
56 0 +8.584468788e+05 +8.587670688e+05 +8.587670688e+05
111 0 +6.719565403e+05 +6.722767303e+05 +6.722767303e+05
112 0 +3.993082354e+05 +3.996284254e+05 +3.996284254e+05
121 0 +2.588342438e+05 +2.591544338e+05 +2.591544338e+05
163 0 +2.215522821e+05 +2.218724721e+05 +2.218724721e+05
184 0 +1.988002880e+05 +1.991204780e+05 +1.991204780e+05
205 0 +1.635665908e+05 +1.638867808e+05 +1.638867808e+05
226 0 +9.934474540e+04 +9.966493540e+04 +9.966493540e+04
289 0 +8.803215436e+04 +8.835234436e+04 +8.835234436e+04
310 0 +7.495468230e+04 +7.527487230e+04 +7.527487230e+04
394 0 +7.021727350e+04 +7.053746350e+04 +7.053746350e+04
541 0 +6.196405432e+04 +6.228424432e+04 +6.228424432e+04
562 0 +5.509694045e+04 +5.541713045e+04 +5.541713045e+04
583 0 +3.993124452e+04 +4.025143452e+04 +4.025143452e+04
604 0 +2.183766078e+04 +2.215785078e+04 +2.215785078e+04
1726 0 +1.728904728e+04 +1.760923728e+04 +1.760923728e+04
1747 0 +1.320628376e+04 +1.352647376e+04 +1.352647376e+04
2182 0 +9.997788779e+03 +1.031797878e+04 +1.031797878e+04
2203 0 +8.583935131e+03 +8.904125131e+03 +8.904125131e+03
2224 0 +7.719611792e+03 +8.039801792e+03 +8.039801792e+03
2287 0 +7.056839578e+03 +7.377029578e+03 +7.377029578e+03
2350 0 +5.600496034e+03 +5.920686034e+03 +5.920686034e+03
2371 0 +4.562791662e+03 +4.882981662e+03 +4.882981662e+03
2392 0 +3.346610772e+03 +3.666800772e+03 +3.666800772e+03
2413 0 +2.313947048e+03 +2.634137048e+03 +2.634137048e+03
2434 0 +1.572221952e+03 +1.892411952e+03 +1.892411952e+03
8962 0 +1.223656342e+03 +1.543846342e+03 +1.543846342e+03
9004 0 +9.773575090e+02 +1.297547509e+03 +1.297547509e+03
9025 0 +7.514928979e+02 +1.071682898e+03 +1.071682898e+03
11563 0 +6.957954289e+02 +1.015985429e+03 +1.015985429e+03
11584 0 +5.661862931e+02 +8.863762931e+02 +8.863762931e+02
11605 0 +4.410400839e+02 +7.612300839e+02 +7.612300839e+02
11626 0 +3.470788308e+02 +6.672688308e+02 +6.672688308e+02
11647 0 +2.513500546e+02 +5.715400546e+02 +5.715400546e+02
11668 0 +2.044418581e+02 +5.246318581e+02 +5.246318581e+02
11689 0 +1.876809436e+02 +5.078709436e+02 +5.078709436e+02
11710 0 +1.531520186e+02 +4.733420186e+02 +4.733420186e+02
11752 0 +9.517239367e+01 +4.153623937e+02 +4.153623937e+02
11773 0 +3.816747505e+01 +3.583574750e+02 +3.583574750e+02
11794 0 +2.668681900e+01 +3.468768190e+02 +3.468768190e+02
11815 0 +1.796931503e+01 +3.381593150e+02 +3.381593150e+02
11836 0 +1.595546987e+01 +3.361454699e+02 +3.361454699e+02
11857 0 +1.358149860e+01 +3.337714986e+02 +3.337714986e+02
11878 0 +1.020607501e+01 +3.303960750e+02 +3.303960750e+02
11899 0 +7.959742235e+00 +3.281497422e+02 +3.281497422e+02
11920 0 +6.209696959e+00 +3.263996970e+02 +3.263996970e+02
11962 0 +4.873431991e+00 +3.250634320e+02 +3.250634320e+02
12004 0 +3.750074319e+00 +3.239400743e+02 +3.239400743e+02
12025 0 +2.119746203e+00 +3.223097462e+02 +3.223097462e+02
12046 0 +1.546033672e+00 +3.217360337e+02 +3.217360337e+02
12067 0 +8.939323644e-01 +3.210839324e+02 +3.210839324e+02
12088 0 +3.348732434e-01 +3.205248732e+02 +3.205248732e+02
12109 0 +2.417047009e-01 +3.204317047e+02 +3.204317047e+02
12130 0 +1.292422660e-01 +3.203192423e+02 +3.203192423e+02
12151 0 +3.550078960e-02 +3.202255008e+02 +3.202255008e+02
12172 0 +1.641366880e-02 +3.202064137e+02 +3.202064137e+02
12193 0 +8.025842435e-03 +3.201980258e+02 +3.201980258e+02
12214 0 +2.962079582e-03 +3.201929621e+02 +3.201929621e+02
12235 0 +1.679723610e-03 +3.201916797e+02 +3.201916797e+02
12256 0 +7.642406263e-04 +3.201907642e+02 +3.201907642e+02
12277 0 +5.493599007e-04 +3.201905494e+02 +3.201905494e+02
12298 0 +2.666488242e-04 +3.201902666e+02 +3.201902666e+02
12319 0 +1.309349595e-04 +3.201901309e+02 +3.201901309e+02
12340 0 +8.454438904e-05 +3.201900845e+02 +3.201900845e+02
12361 0 +3.518801128e-05 +3.201900352e+02 +3.201900352e+02
12382 0 +2.161201996e-05 +3.201900216e+02 +3.201900216e+02
12403 0 +1.781054226e-05 +3.201900178e+02 +3.201900178e+02
12423 0 +1.775589880e-05 +3.201900178e+02 +3.201900178e+02
12424 0 +1.296060418e-05 +3.201900130e+02 +3.201900130e+02
12445 0 +8.363419283e-06 +3.201900084e+02 +3.201900084e+02
12466 0 +5.915745078e-06 +3.201900059e+02 +3.201900059e+02
12487 0 +3.200339961e-06 +3.201900032e+02 +3.201900032e+02
12508 0 +1.674732232e-06 +3.201900017e+02 +3.201900017e+02
12529 0 +1.402214423e-06 +3.201900014e+02 +3.201900014e+02
12550 0 +9.301211321e-07 +3.201900009e+02 +3.201900009e+02
12571 0 +3.179968644e-07 +3.201900003e+02 +3.201900003e+02
12592 0 +2.347990176e-07 +3.201900002e+02 +3.201900002e+02
12613 0 +8.017337905e-08 +3.201900001e+02 +3.201900001e+02
12634 0 +2.980829095e-08 +3.201900000e+02 +3.201900000e+02
12655 0 +1.112135806e-08 +3.201900000e+02 +3.201900000e+02
12676 0 +3.568345619e-09 +3.201900000e+02 +3.201900000e+02
200990 0 +6.826894605e-11 +3.201900000e+02 +3.201900000e+02
% f evaluations | g evaluations | best noise-free fitness - Fopt (-1.042400000000e+02) + sum g_i+ | measured fitness | best measured fitness or single-digit g-values | x1 | x2...
1 0 +1.685137742e+07 +1.685127318e+07 +1.685127318e+07
2 0 +9.614334945e+06 +9.614230705e+06 +9.614230705e+06
7 0 +6.654104375e+06 +6.654000135e+06 +6.654000135e+06
15 0 +3.964346961e+06 +3.964242721e+06 +3.964242721e+06
41 0 +3.039310454e+06 +3.039206214e+06 +3.039206214e+06
51 0 +2.166112721e+06 +2.166008481e+06 +2.166008481e+06
64 0 +1.612625913e+06 +1.612521673e+06 +1.612521673e+06
67 0 +4.795612665e+05 +4.794570265e+05 +4.794570265e+05
95 0 +3.569398539e+05 +3.568356139e+05 +3.568356139e+05
121 0 +3.485697163e+05 +3.484654763e+05 +3.484654763e+05
142 0 +2.508303245e+05 +2.507260845e+05 +2.507260845e+05
184 0 +2.174789696e+05 +2.173747296e+05 +2.173747296e+05
226 0 +1.760980547e+05 +1.759938147e+05 +1.759938147e+05
373 0 +1.568826981e+05 +1.567784581e+05 +1.567784581e+05
499 0 +1.371258473e+05 +1.370216073e+05 +1.370216073e+05
682 0 +9.072147182e+04 +9.061723182e+04 +9.061723182e+04
724 0 +8.898920341e+04 +8.888496341e+04 +8.888496341e+04
745 0 +6.708073725e+04 +6.697649725e+04 +6.697649725e+04
787 0 +5.709655407e+04 +5.699231407e+04 +5.699231407e+04
829 0 +5.111369013e+04 +5.100945013e+04 +5.100945013e+04
850 0 +4.588096981e+04 +4.577672981e+04 +4.577672981e+04
871 0 +4.007949374e+04 +3.997525374e+04 +3.997525374e+04
892 0 +2.927412824e+04 +2.916988824e+04 +2.916988824e+04
934 0 +1.949371557e+04 +1.938947557e+04 +1.938947557e+04
976 0 +1.427597345e+04 +1.417173345e+04 +1.417173345e+04
1018 0 +1.380021963e+04 +1.369597963e+04 +1.369597963e+04
1123 0 +1.245640726e+04 +1.235216726e+04 +1.235216726e+04
1144 0 +1.117226885e+04 +1.106802885e+04 +1.106802885e+04
2932 0 +9.269663238e+03 +9.165423238e+03 +9.165423238e+03
3514 0 +8.187765000e+03 +8.083525000e+03 +8.083525000e+03
3535 0 +6.978276508e+03 +6.874036508e+03 +6.874036508e+03
3556 0 +5.542962807e+03 +5.438722807e+03 +5.438722807e+03
3640 0 +4.855758954e+03 +4.751518954e+03 +4.751518954e+03
4243 0 +3.850961504e+03 +3.746721504e+03 +3.746721504e+03
5323 0 +3.200762348e+03 +3.096522348e+03 +3.096522348e+03
5344 0 +2.767953151e+03 +2.663713151e+03 +2.663713151e+03
5365 0 +2.341548204e+03 +2.237308204e+03 +2.237308204e+03
5989 0 +1.567902482e+03 +1.463662482e+03 +1.463662482e+03
6655 0 +1.016983845e+03 +9.127438447e+02 +9.127438447e+02
6697 0 +8.950525134e+02 +7.908125134e+02 +7.908125134e+02
6718 0 +6.508845342e+02 +5.466445342e+02 +5.466445342e+02
6739 0 +3.103122707e+02 +2.060722707e+02 +2.060722707e+02
8386 0 +2.562932895e+02 +1.520532895e+02 +1.520532895e+02
8428 0 +2.509800692e+02 +1.467400692e+02 +1.467400692e+02
8470 0 +2.227722808e+02 +1.185322808e+02 +1.185322808e+02
8491 0 +1.888217840e+02 +8.458178395e+01 +8.458178395e+01
8512 0 +1.573654547e+02 +5.312545475e+01 +5.312545475e+01
8533 0 +1.188030755e+02 +1.456307546e+01 +1.456307546e+01
8554 0 +9.711516363e+01 -7.124836368e+00 -7.124836368e+00
8575 0 +6.411049955e+01 -4.012950045e+01 -4.012950045e+01
8596 0 +4.311559515e+01 -6.112440485e+01 -6.112440485e+01
8617 0 +2.329059627e+01 -8.094940373e+01 -8.094940373e+01
8638 0 +9.899218826e+00 -9.434078117e+01 -9.434078117e+01
8659 0 +5.754878892e+00 -9.848512111e+01 -9.848512111e+01
8680 0 +3.940915663e+00 -1.002990843e+02 -1.002990843e+02
8722 0 +2.807998733e+00 -1.014320013e+02 -1.014320013e+02
8743 0 +1.899441642e+00 -1.023405584e+02 -1.023405584e+02
8764 0 +1.627507355e+00 -1.026124926e+02 -1.026124926e+02
8785 0 +1.245595004e+00 -1.029944050e+02 -1.029944050e+02
8806 0 +1.096918870e+00 -1.031430811e+02 -1.031430811e+02
8827 0 +7.186807174e-01 -1.035213193e+02 -1.035213193e+02
8869 0 +6.213217647e-01 -1.036186782e+02 -1.036186782e+02
8890 0 +5.538216934e-01 -1.036861783e+02 -1.036861783e+02
8911 0 +4.222632218e-01 -1.038177368e+02 -1.038177368e+02
8932 0 +2.667996175e-01 -1.039732004e+02 -1.039732004e+02
8953 0 +1.744173407e-01 -1.040655827e+02 -1.040655827e+02
8974 0 +1.084596835e-01 -1.041315403e+02 -1.041315403e+02
8995 0 +8.434162417e-02 -1.041556584e+02 -1.041556584e+02
9016 0 +6.907515590e-02 -1.041709248e+02 -1.041709248e+02
9037 0 +5.136070620e-02 -1.041886393e+02 -1.041886393e+02
9058 0 +3.863447706e-02 -1.042013655e+02 -1.042013655e+02
9079 0 +2.899763893e-02 -1.042110024e+02 -1.042110024e+02
9100 0 +2.236977393e-02 -1.042176302e+02 -1.042176302e+02
9121 0 +1.521509772e-02 -1.042247849e+02 -1.042247849e+02
9163 0 +1.221292615e-02 -1.042277871e+02 -1.042277871e+02
9184 0 +8.957297524e-03 -1.042310427e+02 -1.042310427e+02
9205 0 +5.514301559e-03 -1.042344857e+02 -1.042344857e+02
9226 0 +3.470563611e-03 -1.042365294e+02 -1.042365294e+02
9247 0 +2.999440484e-03 -1.042370006e+02 -1.042370006e+02
9268 0 +2.272151543e-03 -1.042377278e+02 -1.042377278e+02
9289 0 +8.748165243e-04 -1.042391252e+02 -1.042391252e+02
9310 0 +6.662440362e-04 -1.042393338e+02 -1.042393338e+02
9331 0 +2.331359261e-04 -1.042397669e+02 -1.042397669e+02
9352 0 +1.233825590e-04 -1.042398766e+02 -1.042398766e+02
9394 0 +7.486301629e-05 -1.042399251e+02 -1.042399251e+02
9415 0 +4.928801462e-05 -1.042399507e+02 -1.042399507e+02
9436 0 +2.436045696e-05 -1.042399756e+02 -1.042399756e+02
9457 0 +1.505909511e-05 -1.042399849e+02 -1.042399849e+02
9478 0 +6.340035256e-06 -1.042399937e+02 -1.042399937e+02
9499 0 +5.228090515e-06 -1.042399948e+02 -1.042399948e+02
9520 0 +3.765140647e-06 -1.042399962e+02 -1.042399962e+02
9541 0 +2.220416377e-06 -1.042399978e+02 -1.042399978e+02
9562 0 +1.941693853e-06 -1.042399981e+02 -1.042399981e+02
9583 0 +1.470935203e-06 -1.042399985e+02 -1.042399985e+02
9604 0 +1.182795941e-06 -1.042399988e+02 -1.042399988e+02
9625 0 +8.952422945e-07 -1.042399991e+02 -1.042399991e+02
9667 0 +8.906012141e-07 -1.042399991e+02 -1.042399991e+02
9730 0 +7.212155282e-07 -1.042399993e+02 -1.042399993e+02
9751 0 +5.897808109e-07 -1.042399994e+02 -1.042399994e+02
9772 0 +4.954596449e-07 -1.042399995e+02 -1.042399995e+02
9793 0 +4.188035945e-07 -1.042399996e+02 -1.042399996e+02
9814 0 +3.229524594e-07 -1.042399997e+02 -1.042399997e+02
9856 0 +2.765204385e-07 -1.042399997e+02 -1.042399997e+02
9877 0 +2.100296825e-07 -1.042399998e+02 -1.042399998e+02
9898 0 +1.590723855e-07 -1.042399998e+02 -1.042399998e+02
9914 0 +1.584647435e-07 -1.042399998e+02 -1.042399998e+02
9919 0 +1.068440127e-07 -1.042399999e+02 -1.042399999e+02
9940 0 +6.401188557e-08 -1.042399999e+02 -1.042399999e+02
9961 0 +3.857729780e-08 -1.042400000e+02 -1.042400000e+02
9982 0 +1.569371477e-08 -1.042400000e+02 -1.042400000e+02
10003 0 +1.139356698e-08 -1.042400000e+02 -1.042400000e+02
10018 0 +1.114415227e-08 -1.042400000e+02 -1.042400000e+02
10024 0 +5.513157930e-09 -1.042400000e+02 -1.042400000e+02
200013 0 +7.273115443e-11 -1.042400000e+02 -1.042400000e+02
% f evaluations | g evaluations | best noise-free fitness - Fopt (-6.785000000000e+01) + sum g_i+ | measured fitness | best measured fitness or single-digit g-values | x1 | x2...
1 0 +2.152599362e+07 +2.152592577e+07 +2.152592577e+07
4 0 +1.430252508e+07 +1.430245723e+07 +1.430245723e+07
5 0 +1.062900915e+07 +1.062894130e+07 +1.062894130e+07
6 0 +8.425253022e+06 +8.425185172e+06 +8.425185172e+06
17 0 +7.917680647e+06 +7.917612797e+06 +7.917612797e+06
23 0 +7.125643144e+06 +7.125575294e+06 +7.125575294e+06
27 0 +5.476269635e+06 +5.476201785e+06 +5.476201785e+06
28 0 +3.684610120e+06 +3.684542270e+06 +3.684542270e+06
39 0 +2.008671648e+06 +2.008603798e+06 +2.008603798e+06
56 0 +1.589851969e+06 +1.589784119e+06 +1.589784119e+06
62 0 +1.273452687e+06 +1.273384837e+06 +1.273384837e+06
64 0 +1.178671049e+06 +1.178603199e+06 +1.178603199e+06
65 0 +9.096286720e+05 +9.095608220e+05 +9.095608220e+05
89 0 +8.121005042e+05 +8.120326542e+05 +8.120326542e+05
142 0 +4.566265153e+05 +4.565586653e+05 +4.565586653e+05
184 0 +3.653836064e+05 +3.653157564e+05 +3.653157564e+05
205 0 +3.053494058e+05 +3.052815558e+05 +3.052815558e+05
226 0 +2.573255116e+05 +2.572576616e+05 +2.572576616e+05
289 0 +2.496883127e+05 +2.496204627e+05 +2.496204627e+05
331 0 +1.958500917e+05 +1.957822417e+05 +1.957822417e+05
373 0 +1.650422046e+05 +1.649743546e+05 +1.649743546e+05
394 0 +1.477568588e+05 +1.476890088e+05 +1.476890088e+05
478 0 +1.373055496e+05 +1.372376996e+05 +1.372376996e+05
625 0 +1.145254027e+05 +1.144575527e+05 +1.144575527e+05
667 0 +1.070475482e+05 +1.069796982e+05 +1.069796982e+05
1207 0 +9.956597506e+04 +9.949812506e+04 +9.949812506e+04
1249 0 +8.398196903e+04 +8.391411903e+04 +8.391411903e+04
1270 0 +7.261629387e+04 +7.254844387e+04 +7.254844387e+04
1768 0 +5.739972471e+04 +5.733187471e+04 +5.733187471e+04
2596 0 +2.902293727e+04 +2.895508727e+04 +2.895508727e+04
2638 0 +2.701960080e+04 +2.695175080e+04 +2.695175080e+04
2764 0 +2.452455109e+04 +2.445670109e+04 +2.445670109e+04
2785 0 +2.189132050e+04 +2.182347050e+04 +2.182347050e+04
2848 0 +1.981017839e+04 +1.974232839e+04 +1.974232839e+04
2953 0 +1.509405351e+04 +1.502620351e+04 +1.502620351e+04
2974 0 +1.062959617e+04 +1.056174617e+04 +1.056174617e+04
5638 0 +8.467742966e+03 +8.399892966e+03 +8.399892966e+03
5659 0 +6.260911440e+03 +6.193061440e+03 +6.193061440e+03
5680 0 +3.828745764e+03 +3.760895764e+03 +3.760895764e+03
5701 0 +2.994949549e+03 +2.927099549e+03 +2.927099549e+03
7159 0 +2.546741321e+03 +2.478891321e+03 +2.478891321e+03
7951 0 +2.477406024e+03 +2.409556024e+03 +2.409556024e+03
8554 0 +2.126175435e+03 +2.058325435e+03 +2.058325435e+03
8575 0 +1.841147364e+03 +1.773297364e+03 +1.773297364e+03
8596 0 +1.441385849e+03 +1.373535849e+03 +1.373535849e+03
8638 0 +1.364903837e+03 +1.297053837e+03 +1.297053837e+03
8659 0 +1.215136630e+03 +1.147286630e+03 +1.147286630e+03
8680 0 +9.777033856e+02 +9.098533856e+02 +9.098533856e+02
8701 0 +6.316467212e+02 +5.637967212e+02 +5.637967212e+02
8722 0 +5.834620694e+02 +5.156120694e+02 +5.156120694e+02
8743 0 +5.239987565e+02 +4.561487565e+02 +4.561487565e+02
8764 0 +4.314475838e+02 +3.635975838e+02 +3.635975838e+02
8785 0 +3.206700644e+02 +2.528200644e+02 +2.528200644e+02
8806 0 +2.475268837e+02 +1.796768837e+02 +1.796768837e+02
8827 0 +1.756093671e+02 +1.077593671e+02 +1.077593671e+02
8848 0 +1.180628492e+02 +5.021284919e+01 +5.021284919e+01
8869 0 +5.550695227e+01 -1.234304773e+01 -1.234304773e+01
8890 0 +1.970631407e+01 -4.814368593e+01 -4.814368593e+01
8911 0 +1.036452999e+01 -5.748547001e+01 -5.748547001e+01
8932 0 +4.702585525e+00 -6.314741448e+01 -6.314741448e+01
8953 0 +2.506927711e+00 -6.534307229e+01 -6.534307229e+01
8974 0 +1.689759268e+00 -6.616024073e+01 -6.616024073e+01
8995 0 +1.203475931e+00 -6.664652407e+01 -6.664652407e+01
9016 0 +8.050398031e-01 -6.704496020e+01 -6.704496020e+01
9037 0 +4.431469171e-01 -6.740685308e+01 -6.740685308e+01
9058 0 +3.457737188e-01 -6.750422628e+01 -6.750422628e+01
9079 0 +2.059969090e-01 -6.764400309e+01 -6.764400309e+01
9100 0 +1.148266190e-01 -6.773517338e+01 -6.773517338e+01
9121 0 +5.845260682e-02 -6.779154739e+01 -6.779154739e+01
9142 0 +2.777855577e-02 -6.782222144e+01 -6.782222144e+01
9163 0 +1.190669512e-02 -6.783809330e+01 -6.783809330e+01
9205 0 +5.437734028e-03 -6.784456227e+01 -6.784456227e+01
9226 0 +4.146602042e-03 -6.784585340e+01 -6.784585340e+01
9247 0 +2.354508735e-03 -6.784764549e+01 -6.784764549e+01
9268 0 +1.225905179e-03 -6.784877409e+01 -6.784877409e+01
9289 0 +7.957561909e-04 -6.784920424e+01 -6.784920424e+01
9310 0 +3.567401777e-04 -6.784964326e+01 -6.784964326e+01
9331 0 +1.683865163e-04 -6.784983161e+01 -6.784983161e+01
9373 0 +1.155813352e-04 -6.784988442e+01 -6.784988442e+01
9394 0 +6.779224709e-05 -6.784993221e+01 -6.784993221e+01
9415 0 +5.951221426e-05 -6.784994049e+01 -6.784994049e+01
9436 0 +4.687123530e-05 -6.784995313e+01 -6.784995313e+01
9457 0 +3.096387287e-05 -6.784996904e+01 -6.784996904e+01
9478 0 +2.204384670e-05 -6.784997796e+01 -6.784997796e+01
9499 0 +1.251442293e-05 -6.784998749e+01 -6.784998749e+01
9520 0 +9.374173899e-06 -6.784999063e+01 -6.784999063e+01
9541 0 +4.694241412e-06 -6.784999531e+01 -6.784999531e+01
9562 0 +1.639879841e-06 -6.784999836e+01 -6.784999836e+01
9583 0 +6.362697889e-07 -6.784999936e+01 -6.784999936e+01
9603 0 +6.259694345e-07 -6.784999937e+01 -6.784999937e+01
9604 0 +3.718022725e-07 -6.784999963e+01 -6.784999963e+01
9625 0 +2.464073248e-07 -6.784999975e+01 -6.784999975e+01
9646 0 +1.384375139e-07 -6.784999986e+01 -6.784999986e+01
9667 0 +1.049794633e-07 -6.784999990e+01 -6.784999990e+01
9688 0 +7.307585292e-08 -6.784999993e+01 -6.784999993e+01
9709 0 +3.447956942e-08 -6.784999997e+01 -6.784999997e+01
9751 0 +2.649973396e-08 -6.784999997e+01 -6.784999997e+01
9793 0 +2.284660638e-08 -6.784999998e+01 -6.784999998e+01
9812 0 +2.223781337e-08 -6.784999998e+01 -6.784999998e+01
9814 0 +1.664119509e-08 -6.784999998e+01 -6.784999998e+01
9835 0 +8.365645954e-09 -6.784999999e+01 -6.784999999e+01
200002 0 +7.311484751e-11 -6.785000000e+01 -6.785000000e+01
% f evaluations | g evaluations | best noise-free fitness - Fopt (-3.639800000000e+02) + sum g_i+ | measured fitness | best measured fitness or single-digit g-values | x1 | x2...
1 0 +1.601045629e+07 +1.601009231e+07 +1.601009231e+07
4 0 +1.109069519e+07 +1.109033121e+07 +1.109033121e+07
5 0 +7.306955496e+06 +7.306591516e+06 +7.306591516e+06
15 0 +7.093426250e+06 +7.093062270e+06 +7.093062270e+06
17 0 +5.360922931e+06 +5.360558951e+06 +5.360558951e+06
27 0 +4.492675405e+06 +4.492311425e+06 +4.492311425e+06
28 0 +3.986271269e+06 +3.985907289e+06 +3.985907289e+06
46 0 +3.718542800e+06 +3.718178820e+06 +3.718178820e+06
48 0 +3.386095673e+06 +3.385731693e+06 +3.385731693e+06
56 0 +3.267939209e+06 +3.267575229e+06 +3.267575229e+06
60 0 +1.570247615e+06 +1.569883635e+06 +1.569883635e+06
75 0 +8.308316101e+05 +8.304676301e+05 +8.304676301e+05
106 0 +4.016173512e+05 +4.012533712e+05 +4.012533712e+05
163 0 +3.906533193e+05 +3.902893393e+05 +3.902893393e+05
184 0 +3.385334373e+05 +3.381694573e+05 +3.381694573e+05
205 0 +2.451182492e+05 +2.447542692e+05 +2.447542692e+05
247 0 +1.971075911e+05 +1.967436111e+05 +1.967436111e+05
310 0 +1.740603789e+05 +1.736963989e+05 +1.736963989e+05
436 0 +1.566433234e+05 +1.562793434e+05 +1.562793434e+05
541 0 +1.272019571e+05 +1.268379771e+05 +1.268379771e+05
562 0 +1.000136365e+05 +9.964965647e+04 +9.964965647e+04
583 0 +9.116548466e+04 +9.080150466e+04 +9.080150466e+04
871 0 +5.019328517e+04 +4.982930517e+04 +4.982930517e+04
913 0 +4.788588172e+04 +4.752190172e+04 +4.752190172e+04
997 0 +4.412474127e+04 +4.376076127e+04 +4.376076127e+04
1018 0 +3.741230710e+04 +3.704832710e+04 +3.704832710e+04
1060 0 +3.450617252e+04 +3.414219252e+04 +3.414219252e+04
1249 0 +3.107763296e+04 +3.071365296e+04 +3.071365296e+04
1810 0 +2.796799445e+04 +2.760401445e+04 +2.760401445e+04
1873 0 +2.274550190e+04 +2.238152190e+04 +2.238152190e+04
1894 0 +1.889131816e+04 +1.852733816e+04 +1.852733816e+04
1936 0 +1.764658816e+04 +1.728260816e+04 +1.728260816e+04
4930 0 +1.518793114e+04 +1.482395114e+04 +1.482395114e+04
4951 0 +6.386912568e+03 +6.022932568e+03 +6.022932568e+03
6220 0 +4.793447425e+03 +4.429467425e+03 +4.429467425e+03
6241 0 +3.771984573e+03 +3.408004573e+03 +3.408004573e+03
6718 0 +3.542666788e+03 +3.178686788e+03 +3.178686788e+03
6781 0 +3.145306409e+03 +2.781326409e+03 +2.781326409e+03
6823 0 +2.753341829e+03 +2.389361829e+03 +2.389361829e+03
6844 0 +2.174848764e+03 +1.810868764e+03 +1.810868764e+03
6886 0 +1.968680323e+03 +1.604700323e+03 +1.604700323e+03
6907 0 +1.619574357e+03 +1.255594357e+03 +1.255594357e+03
6928 0 +8.999924785e+02 +5.360124785e+02 +5.360124785e+02
6970 0 +5.513616194e+02 +1.873816194e+02 +1.873816194e+02
6991 0 +3.296660537e+02 -3.431394630e+01 -3.431394630e+01
9781 0 +2.429571634e+02 -1.210228366e+02 -1.210228366e+02
9802 0 +9.471235906e+01 -2.692676409e+02 -2.692676409e+02
9844 0 +6.440505858e+01 -2.995749414e+02 -2.995749414e+02
9865 0 +4.097790143e+01 -3.230020986e+02 -3.230020986e+02
9886 0 +2.499186677e+01 -3.389881332e+02 -3.389881332e+02
9907 0 +1.256796143e+01 -3.514120386e+02 -3.514120386e+02
9928 0 +8.785121610e+00 -3.551948784e+02 -3.551948784e+02
9949 0 +3.754542361e+00 -3.602254576e+02 -3.602254576e+02
9970 0 +2.070219843e+00 -3.619097802e+02 -3.619097802e+02
9991 0 +5.988800892e-01 -3.633811199e+02 -3.633811199e+02
10033 0 +1.224639895e-01 -3.638575360e+02 -3.638575360e+02
10054 0 +6.928616305e-02 -3.639107138e+02 -3.639107138e+02
10075 0 +2.578580722e-02 -3.639542142e+02 -3.639542142e+02
10096 0 +1.394574825e-02 -3.639660543e+02 -3.639660543e+02
10117 0 +2.706683028e-03 -3.639772933e+02 -3.639772933e+02
10138 0 +2.258563140e-03 -3.639777414e+02 -3.639777414e+02
10159 0 +1.477884261e-03 -3.639785221e+02 -3.639785221e+02
10180 0 +5.439956707e-04 -3.639794560e+02 -3.639794560e+02
10201 0 +2.876675009e-04 -3.639797123e+02 -3.639797123e+02
10222 0 +9.478854781e-05 -3.639799052e+02 -3.639799052e+02
10243 0 +4.192494828e-05 -3.639799581e+02 -3.639799581e+02
10264 0 +1.751031709e-05 -3.639799825e+02 -3.639799825e+02
10285 0 +1.104235713e-05 -3.639799890e+02 -3.639799890e+02
10306 0 +6.745373412e-06 -3.639799933e+02 -3.639799933e+02
10327 0 +5.228188456e-06 -3.639799948e+02 -3.639799948e+02
10348 0 +3.436754184e-06 -3.639799966e+02 -3.639799966e+02
10369 0 +1.335928630e-06 -3.639799987e+02 -3.639799987e+02
10390 0 +4.329542094e-07 -3.639799996e+02 -3.639799996e+02
10411 0 +2.163131398e-07 -3.639799998e+02 -3.639799998e+02
10432 0 +9.112903854e-08 -3.639799999e+02 -3.639799999e+02
10453 0 +2.528764753e-08 -3.639800000e+02 -3.639800000e+02
10471 0 +2.497688456e-08 -3.639800000e+02 -3.639800000e+02
10474 0 +8.364963833e-09 -3.639800000e+02 -3.639800000e+02
200038 0 +6.866684998e-11 -3.639800000e+02 -3.639800000e+02
% f evaluations | g evaluations | best noise-free fitness - Fopt (-1.865000000000e+01) + sum g_i+ | measured fitness | best measured fitness or single-digit g-values | x1 | x2...
1 0 +2.800702240e+06 +2.800683590e+06 +2.800683590e+06
11 0 +2.208823903e+06 +2.208805253e+06 +2.208805253e+06
17 0 +1.183094334e+06 +1.183075684e+06 +1.183075684e+06
28 0 +1.002697424e+06 +1.002678774e+06 +1.002678774e+06
51 0 +8.257695160e+05 +8.257508660e+05 +8.257508660e+05
76 0 +6.749664694e+05 +6.749478194e+05 +6.749478194e+05
99 0 +5.505971426e+05 +5.505784926e+05 +5.505784926e+05
121 0 +4.793838765e+05 +4.793652265e+05 +4.793652265e+05
142 0 +3.036693686e+05 +3.036507186e+05 +3.036507186e+05
184 0 +2.672629034e+05 +2.672442534e+05 +2.672442534e+05
205 0 +1.558452573e+05 +1.558266073e+05 +1.558266073e+05
247 0 +1.117665556e+05 +1.117479056e+05 +1.117479056e+05
331 0 +9.498148685e+04 +9.496283685e+04 +9.496283685e+04
457 0 +8.886473724e+04 +8.884608724e+04 +8.884608724e+04
520 0 +7.778929365e+04 +7.777064365e+04 +7.777064365e+04
808 0 +7.073461661e+04 +7.071596661e+04 +7.071596661e+04
850 0 +5.183807636e+04 +5.181942636e+04 +5.181942636e+04
892 0 +4.830577641e+04 +4.828712641e+04 +4.828712641e+04
976 0 +3.936789021e+04 +3.934924021e+04 +3.934924021e+04
1165 0 +3.510421851e+04 +3.508556851e+04 +3.508556851e+04
1228 0 +2.377809480e+04 +2.375944480e+04 +2.375944480e+04
1249 0 +1.189930575e+04 +1.188065575e+04 +1.188065575e+04
1873 0 +1.029161423e+04 +1.027296423e+04 +1.027296423e+04
1894 0 +5.130736139e+03 +5.112086139e+03 +5.112086139e+03
1936 0 +2.607783831e+03 +2.589133831e+03 +2.589133831e+03
1978 0 +1.747097806e+03 +1.728447806e+03 +1.728447806e+03
6121 0 +1.583314150e+03 +1.564664150e+03 +1.564664150e+03
6163 0 +1.133988428e+03 +1.115338428e+03 +1.115338428e+03
6184 0 +5.883175024e+02 +5.696675024e+02 +5.696675024e+02
6205 0 +2.099293098e+02 +1.912793098e+02 +1.912793098e+02
6226 0 +1.182162844e+02 +9.956628438e+01 +9.956628438e+01
6247 0 +5.520277688e+01 +3.655277688e+01 +3.655277688e+01
6289 0 +3.454991997e+01 +1.589991997e+01 +1.589991997e+01
6310 0 +2.982885912e+01 +1.117885912e+01 +1.117885912e+01
6331 0 +1.987176169e+01 +1.221761690e+00 +1.221761690e+00
6373 0 +1.061560143e+01 -8.034398575e+00 -8.034398575e+00
6394 0 +7.889546345e+00 -1.076045365e+01 -1.076045365e+01
6436 0 +6.810225948e+00 -1.183977405e+01 -1.183977405e+01
6457 0 +5.890710240e+00 -1.275928976e+01 -1.275928976e+01
6478 0 +5.602747868e+00 -1.304725213e+01 -1.304725213e+01
6520 0 +4.601140143e+00 -1.404885986e+01 -1.404885986e+01
6562 0 +3.400854894e+00 -1.524914511e+01 -1.524914511e+01
6688 0 +3.008264962e+00 -1.564173504e+01 -1.564173504e+01
6709 0 +2.497079599e+00 -1.615292040e+01 -1.615292040e+01
6730 0 +2.077519531e+00 -1.657248047e+01 -1.657248047e+01
6751 0 +1.656092997e+00 -1.699390700e+01 -1.699390700e+01
6772 0 +1.401263695e+00 -1.724873631e+01 -1.724873631e+01
6814 0 +1.094625484e+00 -1.755537452e+01 -1.755537452e+01
6856 0 +9.375339787e-01 -1.771246602e+01 -1.771246602e+01
6919 0 +8.211412731e-01 -1.782885873e+01 -1.782885873e+01
6940 0 +6.997668705e-01 -1.795023313e+01 -1.795023313e+01
6961 0 +5.226330142e-01 -1.812736699e+01 -1.812736699e+01
6982 0 +3.837789008e-01 -1.826622110e+01 -1.826622110e+01
7003 0 +3.073937221e-01 -1.834260628e+01 -1.834260628e+01
7024 0 +2.053531844e-01 -1.844464682e+01 -1.844464682e+01
7045 0 +9.379635379e-02 -1.855620365e+01 -1.855620365e+01
7066 0 +3.010239285e-02 -1.861989761e+01 -1.861989761e+01
7087 0 +1.882203792e-02 -1.863117796e+01 -1.863117796e+01
7108 0 +9.062884021e-03 -1.864093712e+01 -1.864093712e+01
7129 0 +5.405532927e-03 -1.864459447e+01 -1.864459447e+01
7150 0 +3.676483539e-03 -1.864632352e+01 -1.864632352e+01
7171 0 +1.674361590e-03 -1.864832564e+01 -1.864832564e+01
7192 0 +8.743756042e-04 -1.864912562e+01 -1.864912562e+01
7213 0 +6.492009634e-04 -1.864935080e+01 -1.864935080e+01
7234 0 +3.605285629e-04 -1.864963947e+01 -1.864963947e+01
7255 0 +1.627892230e-04 -1.864983721e+01 -1.864983721e+01
7276 0 +9.479364789e-05 -1.864990521e+01 -1.864990521e+01
7297 0 +4.765288686e-05 -1.864995235e+01 -1.864995235e+01
7318 0 +2.589018374e-05 -1.864997411e+01 -1.864997411e+01
7339 0 +1.416037965e-05 -1.864998584e+01 -1.864998584e+01
7360 0 +6.192869410e-06 -1.864999381e+01 -1.864999381e+01
7381 0 +3.453890660e-06 -1.864999655e+01 -1.864999655e+01
7402 0 +1.476786075e-06 -1.864999852e+01 -1.864999852e+01
7423 0 +7.604719237e-07 -1.864999924e+01 -1.864999924e+01
7444 0 +1.911626129e-07 -1.864999981e+01 -1.864999981e+01
7465 0 +5.247548529e-08 -1.864999995e+01 -1.864999995e+01
7486 0 +1.408887229e-08 -1.864999999e+01 -1.864999999e+01
7507 0 +7.917108746e-09 -1.864999999e+01 -1.864999999e+01
200005 0 +7.820233350e-11 -1.865000000e+01 -1.865000000e+01
% f evaluations | g evaluations | best noise-free fitness - Fopt (1.749200000000e+02) + sum g_i+ | measured fitness | best measured fitness or single-digit g-values | x1 | x2...
1 0 +1.645978055e+07 +1.645995547e+07 +1.645995547e+07
2 0 +8.917696219e+06 +8.917871139e+06 +8.917871139e+06
7 0 +3.796117758e+06 +3.796292678e+06 +3.796292678e+06
28 0 +2.122195759e+06 +2.122370679e+06 +2.122370679e+06
35 0 +1.565217512e+06 +1.565392432e+06 +1.565392432e+06
51 0 +1.353982693e+06 +1.354157613e+06 +1.354157613e+06
56 0 +1.201720119e+06 +1.201895039e+06 +1.201895039e+06
67 0 +6.925351199e+05 +6.927100399e+05 +6.927100399e+05
93 0 +4.115209143e+05 +4.116958343e+05 +4.116958343e+05
142 0 +3.122616591e+05 +3.124365791e+05 +3.124365791e+05
184 0 +1.937649643e+05 +1.939398843e+05 +1.939398843e+05
226 0 +1.413934602e+05 +1.415683802e+05 +1.415683802e+05
247 0 +9.175648263e+04 +9.193140263e+04 +9.193140263e+04
268 0 +7.404908929e+04 +7.422400929e+04 +7.422400929e+04
289 0 +5.359266661e+04 +5.376758661e+04 +5.376758661e+04
331 0 +4.942088550e+04 +4.959580550e+04 +4.959580550e+04
352 0 +4.244244097e+04 +4.261736097e+04 +4.261736097e+04
373 0 +3.413151432e+04 +3.430643432e+04 +3.430643432e+04
415 0 +3.162135576e+04 +3.179627576e+04 +3.179627576e+04
478 0 +2.633950832e+04 +2.651442832e+04 +2.651442832e+04
499 0 +2.188387016e+04 +2.205879016e+04 +2.205879016e+04
520 0 +1.394451174e+04 +1.411943174e+04 +1.411943174e+04
562 0 +1.110120958e+04 +1.127612958e+04 +1.127612958e+04
583 0 +7.210517751e+03 +7.385437751e+03 +7.385437751e+03
604 0 +6.040828442e+03 +6.215748442e+03 +6.215748442e+03
7090 0 +5.503127852e+03 +5.678047852e+03 +5.678047852e+03
7132 0 +4.690781790e+03 +4.865701790e+03 +4.865701790e+03
7153 0 +4.043684398e+03 +4.218604398e+03 +4.218604398e+03
7174 0 +3.044931422e+03 +3.219851422e+03 +3.219851422e+03
7195 0 +2.777195054e+03 +2.952115054e+03 +2.952115054e+03
9607 0 +2.214957990e+03 +2.389877990e+03 +2.389877990e+03
9649 0 +1.828667444e+03 +2.003587444e+03 +2.003587444e+03
10378 0 +1.738564559e+03 +1.913484559e+03 +1.913484559e+03
10399 0 +1.494940662e+03 +1.669860662e+03 +1.669860662e+03
10420 0 +1.184878625e+03 +1.359798625e+03 +1.359798625e+03
10441 0 +1.078291486e+03 +1.253211486e+03 +1.253211486e+03
11002 0 +9.668883001e+02 +1.141808300e+03 +1.141808300e+03
11023 0 +7.582942085e+02 +9.332142085e+02 +9.332142085e+02
11836 0 +6.550646864e+02 +8.299846864e+02 +8.299846864e+02
11857 0 +5.093871233e+02 +6.843071233e+02 +6.843071233e+02
11878 0 +4.464673475e+02 +6.213873475e+02 +6.213873475e+02
11899 0 +3.818953334e+02 +5.568153334e+02 +5.568153334e+02
11941 0 +3.500146100e+02 +5.249346100e+02 +5.249346100e+02
11983 0 +2.068375713e+02 +3.817575713e+02 +3.817575713e+02
12025 0 +1.946587013e+02 +3.695787013e+02 +3.695787013e+02
12109 0 +1.776863702e+02 +3.526063702e+02 +3.526063702e+02
12151 0 +1.301919875e+02 +3.051119875e+02 +3.051119875e+02
12172 0 +8.853604319e+01 +2.634560432e+02 +2.634560432e+02
12193 0 +6.056014484e+01 +2.354801448e+02 +2.354801448e+02
12214 0 +3.729538302e+01 +2.122153830e+02 +2.122153830e+02
12235 0 +2.093822653e+01 +1.958582265e+02 +1.958582265e+02
12256 0 +1.519519598e+01 +1.901151960e+02 +1.901151960e+02
12277 0 +8.567900177e+00 +1.834879002e+02 +1.834879002e+02
12298 0 +4.453954287e+00 +1.793739543e+02 +1.793739543e+02
12319 0 +3.394038108e+00 +1.783140381e+02 +1.783140381e+02
12340 0 +2.155024112e+00 +1.770750241e+02 +1.770750241e+02
12361 0 +1.151886341e+00 +1.760718863e+02 +1.760718863e+02
12382 0 +9.073512584e-01 +1.758273513e+02 +1.758273513e+02
12403 0 +6.484195226e-01 +1.755684195e+02 +1.755684195e+02
12424 0 +4.064624424e-01 +1.753264624e+02 +1.753264624e+02
12445 0 +3.143820846e-01 +1.752343821e+02 +1.752343821e+02
12466 0 +1.761876295e-01 +1.750961876e+02 +1.750961876e+02
12487 0 +8.731943160e-02 +1.750073194e+02 +1.750073194e+02
12508 0 +2.416989323e-02 +1.749441699e+02 +1.749441699e+02
12529 0 +1.230296153e-02 +1.749323030e+02 +1.749323030e+02
12571 0 +8.452850125e-03 +1.749284529e+02 +1.749284529e+02
12592 0 +5.289754245e-03 +1.749252898e+02 +1.749252898e+02
12613 0 +3.527983650e-03 +1.749235280e+02 +1.749235280e+02
12634 0 +1.593742462e-03 +1.749215937e+02 +1.749215937e+02
12655 0 +9.138892260e-04 +1.749209139e+02 +1.749209139e+02
12676 0 +3.669105750e-04 +1.749203669e+02 +1.749203669e+02
12697 0 +1.405801497e-04 +1.749201406e+02 +1.749201406e+02
12718 0 +6.669709308e-05 +1.749200667e+02 +1.749200667e+02
12739 0 +3.250763746e-05 +1.749200325e+02 +1.749200325e+02
12760 0 +1.371474491e-05 +1.749200137e+02 +1.749200137e+02
12781 0 +7.234890404e-06 +1.749200072e+02 +1.749200072e+02
12802 0 +4.717794582e-06 +1.749200047e+02 +1.749200047e+02
12823 0 +2.244516196e-06 +1.749200022e+02 +1.749200022e+02
12844 0 +1.238864087e-06 +1.749200012e+02 +1.749200012e+02
12865 0 +7.233990402e-07 +1.749200007e+02 +1.749200007e+02
12886 0 +3.922829137e-07 +1.749200004e+02 +1.749200004e+02
12907 0 +2.533747363e-07 +1.749200003e+02 +1.749200003e+02
12928 0 +2.171236133e-07 +1.749200002e+02 +1.749200002e+02
12949 0 +1.555919482e-07 +1.749200002e+02 +1.749200002e+02
12970 0 +8.242287208e-08 +1.749200001e+02 +1.749200001e+02
12991 0 +4.040251156e-08 +1.749200000e+02 +1.749200000e+02
13012 0 +2.431434609e-08 +1.749200000e+02 +1.749200000e+02
13033 0 +8.669900353e-09 +1.749200000e+02 +1.749200000e+02
200549 0 +8.057554624e-11 +1.749200000e+02 +1.749200000e+02
% f evaluations | g evaluations | best noise-free fitness - Fopt (-5.659600000000e+02) + sum g_i+ | measured fitness | best measured fitness or single-digit g-values | x1 | x2...
1 0 +1.072655395e+07 +1.072598799e+07 +1.072598799e+07
4 0 +7.805052728e+06 +7.804486768e+06 +7.804486768e+06
5 0 +3.276155255e+06 +3.275589295e+06 +3.275589295e+06
14 0 +1.477819731e+06 +1.477253771e+06 +1.477253771e+06
49 0 +9.032589625e+05 +9.026930025e+05 +9.026930025e+05
58 0 +5.919037038e+05 +5.913377438e+05 +5.913377438e+05
121 0 +5.528336392e+05 +5.522676792e+05 +5.522676792e+05
142 0 +4.412740401e+05 +4.407080801e+05 +4.407080801e+05
163 0 +3.595770233e+05 +3.590110633e+05 +3.590110633e+05
226 0 +3.452266545e+05 +3.446606945e+05 +3.446606945e+05
247 0 +3.132696183e+05 +3.127036583e+05 +3.127036583e+05
394 0 +2.974304613e+05 +2.968645013e+05 +2.968645013e+05
457 0 +2.810337637e+05 +2.804678037e+05 +2.804678037e+05
583 0 +2.474565071e+05 +2.468905471e+05 +2.468905471e+05
674 0 +1.749897191e+05 +1.744237591e+05 +1.744237591e+05
745 0 +1.234684629e+05 +1.229025029e+05 +1.229025029e+05
787 0 +9.732489715e+04 +9.675893715e+04 +9.675893715e+04
808 0 +6.210829204e+04 +6.154233204e+04 +6.154233204e+04
850 0 +5.162726143e+04 +5.106130143e+04 +5.106130143e+04
871 0 +3.899001594e+04 +3.842405594e+04 +3.842405594e+04
913 0 +3.427138424e+04 +3.370542424e+04 +3.370542424e+04
955 0 +3.076317577e+04 +3.019721577e+04 +3.019721577e+04
997 0 +2.768694076e+04 +2.712098076e+04 +2.712098076e+04
1018 0 +2.407218713e+04 +2.350622713e+04 +2.350622713e+04
1039 0 +2.225369962e+04 +2.168773962e+04 +2.168773962e+04
1144 0 +1.921088477e+04 +1.864492477e+04 +1.864492477e+04
1165 0 +1.636788145e+04 +1.580192145e+04 +1.580192145e+04
1186 0 +1.307114601e+04 +1.250518601e+04 +1.250518601e+04
1789 0 +1.174216671e+04 +1.117620671e+04 +1.117620671e+04
1810 0 +7.775781553e+03 +7.209821553e+03 +7.209821553e+03
1831 0 +6.981958854e+03 +6.415998854e+03 +6.415998854e+03
2476 0 +6.065422592e+03 +5.499462592e+03 +5.499462592e+03
2497 0 +5.497959261e+03 +4.931999261e+03 +4.931999261e+03
2518 0 +4.770373625e+03 +4.204413625e+03 +4.204413625e+03
2581 0 +4.117732871e+03 +3.551772871e+03 +3.551772871e+03
2602 0 +3.938458572e+03 +3.372498572e+03 +3.372498572e+03
4453 0 +3.293818127e+03 +2.727858127e+03 +2.727858127e+03
4474 0 +2.026192869e+03 +1.460232869e+03 +1.460232869e+03
4516 0 +1.844845806e+03 +1.278885806e+03 +1.278885806e+03
5953 0 +1.697610001e+03 +1.131650001e+03 +1.131650001e+03
5974 0 +1.294764528e+03 +7.288045276e+02 +7.288045276e+02
5995 0 +8.637074413e+02 +2.977474413e+02 +2.977474413e+02
6016 0 +4.128400893e+02 -1.531199107e+02 -1.531199107e+02
6058 0 +3.232762699e+02 -2.426837301e+02 -2.426837301e+02
6079 0 +1.727073531e+02 -3.932526469e+02 -3.932526469e+02
6100 0 +1.047100373e+02 -4.612499627e+02 -4.612499627e+02
6121 0 +7.045299802e+01 -4.955070020e+02 -4.955070020e+02
6142 0 +5.049369826e+01 -5.154663017e+02 -5.154663017e+02
6184 0 +3.899787901e+01 -5.269621210e+02 -5.269621210e+02
6226 0 +3.244043042e+01 -5.335195696e+02 -5.335195696e+02
6247 0 +2.729657770e+01 -5.386634223e+02 -5.386634223e+02
6268 0 +2.087216778e+01 -5.450878322e+02 -5.450878322e+02
6289 0 +1.993202826e+01 -5.460279717e+02 -5.460279717e+02
6331 0 +1.652108589e+01 -5.494389141e+02 -5.494389141e+02
6373 0 +1.334323727e+01 -5.526167627e+02 -5.526167627e+02
6415 0 +1.227799647e+01 -5.536820035e+02 -5.536820035e+02
6436 0 +1.094748771e+01 -5.550125123e+02 -5.550125123e+02
6457 0 +8.967360788e+00 -5.569926392e+02 -5.569926392e+02
6478 0 +6.016655569e+00 -5.599433444e+02 -5.599433444e+02
6499 0 +3.610630775e+00 -5.623493692e+02 -5.623493692e+02
6520 0 +2.448643123e+00 -5.635113569e+02 -5.635113569e+02
6541 0 +1.506409849e+00 -5.644535902e+02 -5.644535902e+02
6562 0 +1.257910733e+00 -5.647020893e+02 -5.647020893e+02
6583 0 +8.358777771e-01 -5.651241222e+02 -5.651241222e+02
6604 0 +4.254946429e-01 -5.655345054e+02 -5.655345054e+02
6625 0 +2.381170818e-01 -5.657218829e+02 -5.657218829e+02
6646 0 +1.444048488e-01 -5.658155952e+02 -5.658155952e+02
6667 0 +9.999858596e-02 -5.658600014e+02 -5.658600014e+02
6709 0 +6.102408858e-02 -5.658989759e+02 -5.658989759e+02
6751 0 +4.830740601e-02 -5.659116926e+02 -5.659116926e+02
6772 0 +3.757516918e-02 -5.659224248e+02 -5.659224248e+02
6793 0 +2.204437737e-02 -5.659379556e+02 -5.659379556e+02
6814 0 +1.186611404e-02 -5.659481339e+02 -5.659481339e+02
6835 0 +6.307001592e-03 -5.659536930e+02 -5.659536930e+02
6856 0 +2.911719608e-03 -5.659570883e+02 -5.659570883e+02
6877 0 +2.590890763e-03 -5.659574091e+02 -5.659574091e+02
6898 0 +2.070170047e-03 -5.659579298e+02 -5.659579298e+02
6919 0 +1.141546003e-03 -5.659588585e+02 -5.659588585e+02
6940 0 +2.581297881e-04 -5.659597419e+02 -5.659597419e+02
6961 0 +9.149990649e-05 -5.659599085e+02 -5.659599085e+02
6982 0 +5.559183558e-05 -5.659599444e+02 -5.659599444e+02
7003 0 +3.932141408e-05 -5.659599607e+02 -5.659599607e+02
7024 0 +2.700352297e-05 -5.659599730e+02 -5.659599730e+02
7045 0 +1.811456355e-05 -5.659599819e+02 -5.659599819e+02
7066 0 +1.030201975e-05 -5.659599897e+02 -5.659599897e+02
7087 0 +4.400459488e-06 -5.659599956e+02 -5.659599956e+02
7108 0 +2.000950985e-06 -5.659599980e+02 -5.659599980e+02
7129 0 +1.310570383e-06 -5.659599987e+02 -5.659599987e+02
7150 0 +6.226534879e-07 -5.659599994e+02 -5.659599994e+02
7171 0 +3.304140819e-07 -5.659599997e+02 -5.659599997e+02
7192 0 +2.295998911e-07 -5.659599998e+02 -5.659599998e+02
7213 0 +1.502239684e-07 -5.659599998e+02 -5.659599998e+02
7234 0 +1.148954425e-07 -5.659599999e+02 -5.659599999e+02
7255 0 +7.820585779e-08 -5.659599999e+02 -5.659599999e+02
7276 0 +4.200239800e-08 -5.659600000e+02 -5.659600000e+02
7297 0 +2.520687303e-08 -5.659600000e+02 -5.659600000e+02
7310 0 +2.509875685e-08 -5.659600000e+02 -5.659600000e+02
7318 0 +1.384194093e-08 -5.659600000e+02 -5.659600000e+02
7360 0 +1.053786036e-08 -5.659600000e+02 -5.659600000e+02
7381 0 +6.996742741e-09 -5.659600000e+02 -5.659600000e+02
200205 0 +7.810285751e-11 -5.659600000e+02 -5.659600000e+02
% f evaluations | g evaluations | best noise-free fitness - Fopt (7.095000000000e+01) + sum g_i+ | measured fitness | best measured fitness or single-digit g-values | x1 | x2...
1 0 +8.267727203e+06 +8.267798153e+06 +8.267798153e+06
5 0 +5.002964186e+06 +5.003035136e+06 +5.003035136e+06
8 0 +4.218685898e+06 +4.218756848e+06 +4.218756848e+06
14 0 +3.104535694e+06 +3.104606644e+06 +3.104606644e+06
20 0 +2.953657617e+06 +2.953728567e+06 +2.953728567e+06
39 0 +2.433018719e+06 +2.433089669e+06 +2.433089669e+06
50 0 +2.190338400e+06 +2.190409350e+06 +2.190409350e+06
51 0 +1.553312260e+06 +1.553383210e+06 +1.553383210e+06
69 0 +7.108774770e+05 +7.109484270e+05 +7.109484270e+05
111 0 +5.634907082e+05 +5.635616582e+05 +5.635616582e+05
142 0 +5.034951437e+05 +5.035660937e+05 +5.035660937e+05
184 0 +4.167273279e+05 +4.167982779e+05 +4.167982779e+05
205 0 +3.678252898e+05 +3.678962398e+05 +3.678962398e+05
226 0 +2.543133135e+05 +2.543842635e+05 +2.543842635e+05
247 0 +1.246637077e+05 +1.247346577e+05 +1.247346577e+05
289 0 +1.095555554e+05 +1.096265054e+05 +1.096265054e+05
310 0 +7.308127103e+04 +7.315222103e+04 +7.315222103e+04
352 0 +6.632088767e+04 +6.639183767e+04 +6.639183767e+04
373 0 +6.000690404e+04 +6.007785404e+04 +6.007785404e+04
457 0 +5.478071594e+04 +5.485166594e+04 +5.485166594e+04
499 0 +4.935086511e+04 +4.942181511e+04 +4.942181511e+04
541 0 +3.989627190e+04 +3.996722190e+04 +3.996722190e+04
1348 0 +3.892100588e+04 +3.899195588e+04 +3.899195588e+04
1390 0 +3.413410540e+04 +3.420505540e+04 +3.420505540e+04
1474 0 +3.132640585e+04 +3.139735585e+04 +3.139735585e+04
1495 0 +2.616528137e+04 +2.623623137e+04 +2.623623137e+04
1516 0 +2.493533055e+04 +2.500628055e+04 +2.500628055e+04
1558 0 +2.132113640e+04 +2.139208640e+04 +2.139208640e+04
1600 0 +1.733486466e+04 +1.740581466e+04 +1.740581466e+04
1621 0 +1.503106943e+04 +1.510201943e+04 +1.510201943e+04
1663 0 +1.365080580e+04 +1.372175580e+04 +1.372175580e+04
1726 0 +1.254377406e+04 +1.261472406e+04 +1.261472406e+04
1768 0 +9.927410071e+03 +9.998360071e+03 +9.998360071e+03
1789 0 +7.973604274e+03 +8.044554274e+03 +8.044554274e+03
1810 0 +7.206547474e+03 +7.277497474e+03 +7.277497474e+03
2953 0 +6.863130537e+03 +6.934080537e+03 +6.934080537e+03
2974 0 +6.189983646e+03 +6.260933646e+03 +6.260933646e+03
2995 0 +5.155799910e+03 +5.226749910e+03 +5.226749910e+03
3016 0 +4.465747884e+03 +4.536697884e+03 +4.536697884e+03
3037 0 +3.361873198e+03 +3.432823198e+03 +3.432823198e+03
3745 0 +2.692567277e+03 +2.763517277e+03 +2.763517277e+03
3787 0 +1.767848102e+03 +1.838798102e+03 +1.838798102e+03
3808 0 +1.196589619e+03 +1.267539619e+03 +1.267539619e+03
3829 0 +5.830961733e+02 +6.540461733e+02 +6.540461733e+02
6766 0 +5.306890499e+02 +6.016390499e+02 +6.016390499e+02
6787 0 +4.226190725e+02 +4.935690725e+02 +4.935690725e+02
6808 0 +2.740788761e+02 +3.450288761e+02 +3.450288761e+02
6829 0 +2.459580600e+02 +3.169080600e+02 +3.169080600e+02
6850 0 +1.683072345e+02 +2.392572345e+02 +2.392572345e+02
6892 0 +1.536275168e+02 +2.245775168e+02 +2.245775168e+02
6913 0 +1.267497750e+02 +1.976997750e+02 +1.976997750e+02
6934 0 +8.287888487e+01 +1.538288849e+02 +1.538288849e+02
6955 0 +3.878334028e+01 +1.097333403e+02 +1.097333403e+02
6976 0 +2.347771298e+01 +9.442771298e+01 +9.442771298e+01
6997 0 +1.196493826e+01 +8.291493826e+01 +8.291493826e+01
7018 0 +7.147268116e+00 +7.809726812e+01 +7.809726812e+01
7039 0 +4.344575559e+00 +7.529457556e+01 +7.529457556e+01
7060 0 +2.392966909e+00 +7.334296691e+01 +7.334296691e+01
7081 0 +1.747330282e+00 +7.269733028e+01 +7.269733028e+01
7102 0 +8.491704476e-01 +7.179917045e+01 +7.179917045e+01
7123 0 +4.160149452e-01 +7.136601495e+01 +7.136601495e+01
7144 0 +2.833418884e-01 +7.123334189e+01 +7.123334189e+01
7165 0 +1.208893186e-01 +7.107088932e+01 +7.107088932e+01
7186 0 +3.371377666e-02 +7.098371378e+01 +7.098371378e+01
7207 0 +1.528344121e-02 +7.096528344e+01 +7.096528344e+01
7228 0 +1.410653659e-02 +7.096410654e+01 +7.096410654e+01
7249 0 +1.157335264e-02 +7.096157335e+01 +7.096157335e+01
7270 0 +4.457504236e-03 +7.095445750e+01 +7.095445750e+01
7291 0 +2.217376253e-03 +7.095221738e+01 +7.095221738e+01
7312 0 +7.441587952e-04 +7.095074416e+01 +7.095074416e+01
7333 0 +2.584372135e-04 +7.095025844e+01 +7.095025844e+01
7354 0 +9.616244151e-05 +7.095009616e+01 +7.095009616e+01
7375 0 +6.321995760e-05 +7.095006322e+01 +7.095006322e+01
7396 0 +2.320048632e-05 +7.095002320e+01 +7.095002320e+01
7417 0 +1.031213833e-05 +7.095001031e+01 +7.095001031e+01
7438 0 +6.011355453e-06 +7.095000601e+01 +7.095000601e+01
7480 0 +1.841167659e-06 +7.095000184e+01 +7.095000184e+01
7501 0 +1.263861364e-06 +7.095000126e+01 +7.095000126e+01
7521 0 +1.250652886e-06 +7.095000125e+01 +7.095000125e+01
7522 0 +4.494740438e-07 +7.095000045e+01 +7.095000045e+01
7542 0 +4.446115582e-07 +7.095000044e+01 +7.095000044e+01
7543 0 +2.566650181e-07 +7.095000026e+01 +7.095000026e+01
7564 0 +5.739337894e-08 +7.095000006e+01 +7.095000006e+01
7585 0 +1.270164773e-08 +7.095000001e+01 +7.095000001e+01
7603 0 +1.257518534e-08 +7.095000001e+01 +7.095000001e+01
7606 0 +4.496129691e-09 +7.095000000e+01 +7.095000000e+01
200014 0 +7.446487871e-11 +7.095000000e+01 +7.095000000e+01
% f evaluations | g evaluations | best noise-free fitness - Fopt (4.728000000000e+01) + sum g_i+ | measured fitness | best measured fitness or single-digit g-values | x1 | x2...
1 0 +7.476906940e+06 +7.476954220e+06 +7.476954220e+06
4 0 +4.011020105e+06 +4.011067385e+06 +4.011067385e+06
6 0 +1.888833760e+06 +1.888881040e+06 +1.888881040e+06
27 0 +1.666247556e+06 +1.666294836e+06 +1.666294836e+06
44 0 +1.449809101e+06 +1.449856381e+06 +1.449856381e+06
52 0 +1.358063442e+06 +1.358110722e+06 +1.358110722e+06
54 0 +1.055116729e+06 +1.055164009e+06 +1.055164009e+06
62 0 +5.638560071e+05 +5.639032871e+05 +5.639032871e+05
70 0 +4.967350398e+05 +4.967823198e+05 +4.967823198e+05
75 0 +3.447268093e+05 +3.447740893e+05 +3.447740893e+05
81 0 +2.182420886e+05 +2.182893686e+05 +2.182893686e+05
121 0 +1.760479590e+05 +1.760952390e+05 +1.760952390e+05
163 0 +1.452310534e+05 +1.452783334e+05 +1.452783334e+05
184 0 +1.197991392e+05 +1.198464192e+05 +1.198464192e+05
226 0 +1.114957020e+05 +1.115429820e+05 +1.115429820e+05
373 0 +9.880661072e+04 +9.885389072e+04 +9.885389072e+04
415 0 +8.456863181e+04 +8.461591181e+04 +8.461591181e+04
583 0 +7.512859097e+04 +7.517587097e+04 +7.517587097e+04
604 0 +6.757630565e+04 +6.762358565e+04 +6.762358565e+04
625 0 +5.594621147e+04 +5.599349147e+04 +5.599349147e+04
646 0 +3.518374974e+04 +3.523102974e+04 +3.523102974e+04
667 0 +1.514766177e+04 +1.519494177e+04 +1.519494177e+04
2932 0 +1.411804514e+04 +1.416532514e+04 +1.416532514e+04
2995 0 +1.227624558e+04 +1.232352558e+04 +1.232352558e+04
3016 0 +1.102507758e+04 +1.107235758e+04 +1.107235758e+04
3037 0 +9.691810571e+03 +9.739090571e+03 +9.739090571e+03
3058 0 +8.220241599e+03 +8.267521599e+03 +8.267521599e+03
3079 0 +5.999129435e+03 +6.046409435e+03 +6.046409435e+03
3100 0 +3.613490156e+03 +3.660770156e+03 +3.660770156e+03
3142 0 +3.140974058e+03 +3.188254058e+03 +3.188254058e+03
3163 0 +2.611626189e+03 +2.658906189e+03 +2.658906189e+03
3184 0 +1.958142053e+03 +2.005422053e+03 +2.005422053e+03
3205 0 +1.772045901e+03 +1.819325901e+03 +1.819325901e+03
3226 0 +1.487061528e+03 +1.534341528e+03 +1.534341528e+03
3247 0 +1.048035399e+03 +1.095315399e+03 +1.095315399e+03
3289 0 +9.547833378e+02 +1.002063338e+03 +1.002063338e+03
3310 0 +8.346042410e+02 +8.818842410e+02 +8.818842410e+02
3331 0 +5.875832771e+02 +6.348632771e+02 +6.348632771e+02
3352 0 +3.067136270e+02 +3.539936270e+02 +3.539936270e+02
3373 0 +2.343420580e+02 +2.816220580e+02 +2.816220580e+02
3394 0 +2.062531435e+02 +2.535331435e+02 +2.535331435e+02
3415 0 +1.972829268e+02 +2.445629268e+02 +2.445629268e+02
3457 0 +1.692436432e+02 +2.165236432e+02 +2.165236432e+02
3499 0 +1.442223785e+02 +1.915023785e+02 +1.915023785e+02
3520 0 +1.221595242e+02 +1.694395242e+02 +1.694395242e+02
3541 0 +8.696898335e+01 +1.342489834e+02 +1.342489834e+02
3562 0 +5.336386064e+01 +1.006438606e+02 +1.006438606e+02
3583 0 +4.977218796e+01 +9.705218796e+01 +9.705218796e+01
3604 0 +4.320072469e+01 +9.048072469e+01 +9.048072469e+01
3625 0 +3.190184622e+01 +7.918184622e+01 +7.918184622e+01
3646 0 +1.827712563e+01 +6.555712563e+01 +6.555712563e+01
3667 0 +1.122922951e+01 +5.850922951e+01 +5.850922951e+01
3688 0 +6.963061264e+00 +5.424306126e+01 +5.424306126e+01
3730 0 +5.111411810e+00 +5.239141181e+01 +5.239141181e+01
3751 0 +4.029193049e+00 +5.130919305e+01 +5.130919305e+01
3772 0 +2.856694473e+00 +5.013669447e+01 +5.013669447e+01
3793 0 +2.686978368e+00 +4.996697837e+01 +4.996697837e+01
3814 0 +2.495038615e+00 +4.977503861e+01 +4.977503861e+01
3835 0 +1.681173071e+00 +4.896117307e+01 +4.896117307e+01
3877 0 +1.536018658e+00 +4.881601866e+01 +4.881601866e+01
3898 0 +1.401391519e+00 +4.868139152e+01 +4.868139152e+01
3919 0 +1.212155246e+00 +4.849215525e+01 +4.849215525e+01
3940 0 +8.827139906e-01 +4.816271399e+01 +4.816271399e+01
3961 0 +5.737311699e-01 +4.785373117e+01 +4.785373117e+01
3982 0 +2.944101076e-01 +4.757441011e+01 +4.757441011e+01
4003 0 +1.740647352e-01 +4.745406474e+01 +4.745406474e+01
4024 0 +8.937204910e-02 +4.736937205e+01 +4.736937205e+01
4045 0 +5.973934396e-02 +4.733973934e+01 +4.733973934e+01
4066 0 +2.027005596e-02 +4.730027006e+01 +4.730027006e+01
4108 0 +9.390168822e-03 +4.728939017e+01 +4.728939017e+01
4129 0 +4.365822004e-03 +4.728436582e+01 +4.728436582e+01
4150 0 +2.280561120e-03 +4.728228056e+01 +4.728228056e+01
4171 0 +1.486771302e-03 +4.728148677e+01 +4.728148677e+01
4192 0 +6.524750497e-04 +4.728065248e+01 +4.728065248e+01
4213 0 +3.643060907e-04 +4.728036431e+01 +4.728036431e+01
4234 0 +2.465219504e-04 +4.728024652e+01 +4.728024652e+01
4255 0 +1.107538380e-04 +4.728011075e+01 +4.728011075e+01
4276 0 +9.776735943e-05 +4.728009777e+01 +4.728009777e+01
4297 0 +6.558127073e-05 +4.728006558e+01 +4.728006558e+01
4318 0 +2.091126647e-05 +4.728002091e+01 +4.728002091e+01
4339 0 +1.131622214e-05 +4.728001132e+01 +4.728001132e+01
4360 0 +5.590845255e-06 +4.728000559e+01 +4.728000559e+01
4381 0 +4.836987209e-06 +4.728000484e+01 +4.728000484e+01
4402 0 +3.131630891e-06 +4.728000313e+01 +4.728000313e+01
4423 0 +1.428100525e-06 +4.728000143e+01 +4.728000143e+01
4444 0 +7.203923573e-07 +4.728000072e+01 +4.728000072e+01
4465 0 +6.094677403e-07 +4.728000061e+01 +4.728000061e+01
4486 0 +4.444365374e-07 +4.728000044e+01 +4.728000044e+01
4507 0 +2.430831501e-07 +4.728000024e+01 +4.728000024e+01
4549 0 +1.898782642e-07 +4.728000019e+01 +4.728000019e+01
4570 0 +1.311473738e-07 +4.728000013e+01 +4.728000013e+01
4591 0 +6.957093035e-08 +4.728000007e+01 +4.728000007e+01
4612 0 +3.367844670e-08 +4.728000003e+01 +4.728000003e+01
4633 0 +1.290938201e-08 +4.728000001e+01 +4.728000001e+01
4652 0 +1.226732849e-08 +4.728000001e+01 +4.728000001e+01
4654 0 +9.349498953e-09 +4.728000001e+01 +4.728000001e+01
200375 0 +6.833289490e-11 +4.728000000e+01 +4.728000000e+01
% f evaluations | g evaluations | best noise-free fitness - Fopt (-5.688800000000e+02) + sum g_i+ | measured fitness | best measured fitness or single-digit g-values | x1 | x2...
1 0 +1.341855822e+07 +1.341798934e+07 +1.341798934e+07
4 0 +9.722653226e+06 +9.722084346e+06 +9.722084346e+06
7 0 +3.766619440e+06 +3.766050560e+06 +3.766050560e+06
25 0 +1.907350969e+06 +1.906782089e+06 +1.906782089e+06
35 0 +1.094334886e+06 +1.093766006e+06 +1.093766006e+06
70 0 +8.968890180e+05 +8.963201380e+05 +8.963201380e+05
87 0 +7.793929263e+05 +7.788240463e+05 +7.788240463e+05
103 0 +6.839482445e+05 +6.833793645e+05 +6.833793645e+05
121 0 +4.306287838e+05 +4.300599038e+05 +4.300599038e+05
142 0 +2.571743385e+05 +2.566054585e+05 +2.566054585e+05
184 0 +2.240814553e+05 +2.235125753e+05 +2.235125753e+05
205 0 +1.768611153e+05 +1.762922353e+05 +1.762922353e+05
373 0 +1.556793859e+05 +1.551105059e+05 +1.551105059e+05
415 0 +1.407317178e+05 +1.401628378e+05 +1.401628378e+05
625 0 +1.237281038e+05 +1.231592238e+05 +1.231592238e+05
808 0 +9.486473730e+04 +9.429585730e+04 +9.429585730e+04
850 0 +5.140816324e+04 +5.083928324e+04 +5.083928324e+04
892 0 +4.293194626e+04 +4.236306626e+04 +4.236306626e+04
913 0 +3.722039016e+04 +3.665151016e+04 +3.665151016e+04
934 0 +2.767836704e+04 +2.710948704e+04 +2.710948704e+04
976 0 +2.462346187e+04 +2.405458187e+04 +2.405458187e+04
1039 0 +2.200877322e+04 +2.143989322e+04 +2.143989322e+04
1081 0 +1.960683498e+04 +1.903795498e+04 +1.903795498e+04
1186 0 +1.651125704e+04 +1.594237704e+04 +1.594237704e+04
1207 0 +1.507578746e+04 +1.450690746e+04 +1.450690746e+04
1810 0 +1.167562771e+04 +1.110674771e+04 +1.110674771e+04
1831 0 +8.826356680e+03 +8.257476680e+03 +8.257476680e+03
2434 0 +6.017068003e+03 +5.448188003e+03 +5.448188003e+03
2455 0 +3.786819411e+03 +3.217939411e+03 +3.217939411e+03
5968 0 +3.508868522e+03 +2.939988522e+03 +2.939988522e+03
5989 0 +2.808855920e+03 +2.239975920e+03 +2.239975920e+03
6052 0 +2.469724364e+03 +1.900844364e+03 +1.900844364e+03
6073 0 +2.159276523e+03 +1.590396523e+03 +1.590396523e+03
6094 0 +1.865845697e+03 +1.296965697e+03 +1.296965697e+03
6136 0 +1.719940843e+03 +1.151060843e+03 +1.151060843e+03
6157 0 +1.548067268e+03 +9.791872682e+02 +9.791872682e+02
6178 0 +1.147537052e+03 +5.786570522e+02 +5.786570522e+02
6220 0 +9.193832582e+02 +3.505032582e+02 +3.505032582e+02
8344 0 +8.024790207e+02 +2.335990207e+02 +2.335990207e+02
8365 0 +6.620467556e+02 +9.316675564e+01 +9.316675564e+01
8386 0 +5.908313655e+02 +2.195136550e+01 +2.195136550e+01
8407 0 +5.471451375e+02 -2.173486254e+01 -2.173486254e+01
8428 0 +4.927465015e+02 -7.613349848e+01 -7.613349848e+01
8449 0 +4.210572742e+02 -1.478227258e+02 -1.478227258e+02
8470 0 +3.546296268e+02 -2.142503732e+02 -2.142503732e+02
8491 0 +2.515311798e+02 -3.173488202e+02 -3.173488202e+02
8512 0 +2.331298439e+02 -3.357501561e+02 -3.357501561e+02
8533 0 +2.000369434e+02 -3.688430566e+02 -3.688430566e+02
8554 0 +1.433713442e+02 -4.255086558e+02 -4.255086558e+02
8575 0 +7.596705136e+01 -4.929129486e+02 -4.929129486e+02
8596 0 +5.293493668e+01 -5.159450633e+02 -5.159450633e+02
8617 0 +3.789289486e+01 -5.309871051e+02 -5.309871051e+02
8638 0 +2.540691532e+01 -5.434730847e+02 -5.434730847e+02
8659 0 +1.213098710e+01 -5.567490129e+02 -5.567490129e+02
8680 0 +3.599310360e+00 -5.652806896e+02 -5.652806896e+02
8701 0 +1.056345439e+00 -5.678236546e+02 -5.678236546e+02
8722 0 +4.420481160e-01 -5.684379519e+02 -5.684379519e+02
8743 0 +1.829547947e-01 -5.686970452e+02 -5.686970452e+02
8764 0 +9.274784194e-02 -5.687872522e+02 -5.687872522e+02
8785 0 +7.407576678e-02 -5.688059242e+02 -5.688059242e+02
8806 0 +5.111930123e-02 -5.688288807e+02 -5.688288807e+02
8827 0 +2.835816207e-02 -5.688516418e+02 -5.688516418e+02
8848 0 +2.240619650e-02 -5.688575938e+02 -5.688575938e+02
8869 0 +1.653584896e-02 -5.688634642e+02 -5.688634642e+02
8890 0 +8.648212613e-03 -5.688713518e+02 -5.688713518e+02
8911 0 +6.464275784e-03 -5.688735357e+02 -5.688735357e+02
8932 0 +5.528755597e-03 -5.688744712e+02 -5.688744712e+02
8974 0 +4.931631681e-03 -5.688750684e+02 -5.688750684e+02
9037 0 +3.884489499e-03 -5.688761155e+02 -5.688761155e+02
9079 0 +2.703740153e-03 -5.688772963e+02 -5.688772963e+02
9100 0 +2.371941077e-03 -5.688776281e+02 -5.688776281e+02
9121 0 +1.893252940e-03 -5.688781067e+02 -5.688781067e+02
9142 0 +1.616116848e-03 -5.688783839e+02 -5.688783839e+02
9163 0 +1.434381085e-03 -5.688785656e+02 -5.688785656e+02
9184 0 +1.301291379e-03 -5.688786987e+02 -5.688786987e+02
9205 0 +9.933588856e-04 -5.688790066e+02 -5.688790066e+02
9247 0 +7.395377579e-04 -5.688792605e+02 -5.688792605e+02
9268 0 +3.621200353e-04 -5.688796379e+02 -5.688796379e+02
9289 0 +1.048430224e-04 -5.688798952e+02 -5.688798952e+02
9310 0 +6.694932051e-05 -5.688799331e+02 -5.688799331e+02
9331 0 +2.234570229e-05 -5.688799777e+02 -5.688799777e+02
9373 0 +1.659541454e-05 -5.688799834e+02 -5.688799834e+02
9394 0 +1.056119504e-05 -5.688799894e+02 -5.688799894e+02
9415 0 +2.479096906e-06 -5.688799975e+02 -5.688799975e+02
9436 0 +1.708020932e-06 -5.688799983e+02 -5.688799983e+02
9457 0 +6.919246971e-07 -5.688799993e+02 -5.688799993e+02
9478 0 +4.046880804e-07 -5.688799996e+02 -5.688799996e+02
9499 0 +3.046944812e-07 -5.688799997e+02 -5.688799997e+02
9520 0 +1.689327291e-07 -5.688799998e+02 -5.688799998e+02
9541 0 +9.194513950e-08 -5.688799999e+02 -5.688799999e+02
9562 0 +6.589800705e-08 -5.688799999e+02 -5.688799999e+02
9583 0 +3.873674359e-08 -5.688800000e+02 -5.688800000e+02
9604 0 +2.143906386e-08 -5.688800000e+02 -5.688800000e+02
9646 0 +1.693251761e-08 -5.688800000e+02 -5.688800000e+02
9667 0 +1.312014319e-08 -5.688800000e+02 -5.688800000e+02
9688 0 +6.121922524e-09 -5.688800000e+02 -5.688800000e+02
200032 0 +8.049028111e-11 -5.688800000e+02 -5.688800000e+02
% f evaluations | g evaluations | best noise-free fitness - Fopt (2.069000000000e+01) + sum g_i+ | measured fitness | best measured fitness or single-digit g-values | x1 | x2...
1 0 +9.932977620e+06 +9.932998310e+06 +9.932998310e+06
2 0 +6.450432942e+06 +6.450453632e+06 +6.450453632e+06
7 0 +3.053080602e+06 +3.053101292e+06 +3.053101292e+06
14 0 +2.585550448e+06 +2.585571138e+06 +2.585571138e+06
29 0 +2.392558591e+06 +2.392579281e+06 +2.392579281e+06
52 0 +1.690784412e+06 +1.690805102e+06 +1.690805102e+06
60 0 +1.406181184e+06 +1.406201874e+06 +1.406201874e+06
68 0 +1.307226130e+06 +1.307246820e+06 +1.307246820e+06
75 0 +7.430348147e+05 +7.430555047e+05 +7.430555047e+05
89 0 +6.135371852e+05 +6.135578752e+05 +6.135578752e+05
106 0 +5.644320878e+05 +5.644527778e+05 +5.644527778e+05
163 0 +4.700406287e+05 +4.700613187e+05 +4.700613187e+05
184 0 +2.654044253e+05 +2.654251153e+05 +2.654251153e+05
205 0 +1.071185152e+05 +1.071392052e+05 +1.071392052e+05
247 0 +9.697680862e+04 +9.699749862e+04 +9.699749862e+04
289 0 +8.911001337e+04 +8.913070337e+04 +8.913070337e+04
520 0 +7.883937791e+04 +7.886006791e+04 +7.886006791e+04
1207 0 +4.699864785e+04 +4.701933785e+04 +4.701933785e+04
1228 0 +3.918576564e+04 +3.920645564e+04 +3.920645564e+04
2224 0 +3.200414311e+04 +3.202483311e+04 +3.202483311e+04
2245 0 +2.956954843e+04 +2.959023843e+04 +2.959023843e+04
2266 0 +2.562448402e+04 +2.564517402e+04 +2.564517402e+04
2287 0 +2.257709706e+04 +2.259778706e+04 +2.259778706e+04
2308 0 +2.124965756e+04 +2.127034756e+04 +2.127034756e+04
2953 0 +1.919439223e+04 +1.921508223e+04 +1.921508223e+04
2974 0 +1.378886389e+04 +1.380955389e+04 +1.380955389e+04
4054 0 +1.210148211e+04 +1.212217211e+04 +1.212217211e+04
4096 0 +1.044729366e+04 +1.046798366e+04 +1.046798366e+04
4117 0 +9.405507553e+03 +9.426197553e+03 +9.426197553e+03
4138 0 +8.072020888e+03 +8.092710888e+03 +8.092710888e+03
4159 0 +6.820706117e+03 +6.841396117e+03 +6.841396117e+03
4180 0 +5.126582351e+03 +5.147272351e+03 +5.147272351e+03
4201 0 +3.615771898e+03 +3.636461898e+03 +3.636461898e+03
4867 0 +3.434546116e+03 +3.455236116e+03 +3.455236116e+03
4888 0 +2.635483123e+03 +2.656173123e+03 +2.656173123e+03
4909 0 +1.875974271e+03 +1.896664271e+03 +1.896664271e+03
4930 0 +1.421262441e+03 +1.441952441e+03 +1.441952441e+03
6430 0 +1.098554047e+03 +1.119244047e+03 +1.119244047e+03
6451 0 +5.458065749e+02 +5.664965749e+02 +5.664965749e+02
6472 0 +4.262384690e+02 +4.469284690e+02 +4.469284690e+02
6493 0 +3.817220684e+02 +4.024120684e+02 +4.024120684e+02
6514 0 +3.185944081e+02 +3.392844081e+02 +3.392844081e+02
6535 0 +1.951890894e+02 +2.158790894e+02 +2.158790894e+02
6556 0 +1.211462323e+02 +1.418362323e+02 +1.418362323e+02
6598 0 +1.061870042e+02 +1.268770042e+02 +1.268770042e+02
6619 0 +8.854271192e+01 +1.092327119e+02 +1.092327119e+02
6640 0 +5.409629558e+01 +7.478629558e+01 +7.478629558e+01
6661 0 +4.646868743e+01 +6.715868743e+01 +6.715868743e+01
6682 0 +3.421863089e+01 +5.490863089e+01 +5.490863089e+01
6703 0 +2.324630890e+01 +4.393630890e+01 +4.393630890e+01
6724 0 +1.277856123e+01 +3.346856123e+01 +3.346856123e+01
6766 0 +1.042952927e+01 +3.111952927e+01 +3.111952927e+01
6787 0 +6.266237380e+00 +2.695623738e+01 +2.695623738e+01
6829 0 +4.849098078e+00 +2.553909808e+01 +2.553909808e+01
6850 0 +3.561952454e+00 +2.425195245e+01 +2.425195245e+01
6871 0 +3.322905516e+00 +2.401290552e+01 +2.401290552e+01
6892 0 +2.894610686e+00 +2.358461069e+01 +2.358461069e+01
6913 0 +2.343559870e+00 +2.303355987e+01 +2.303355987e+01
6934 0 +1.735311074e+00 +2.242531107e+01 +2.242531107e+01
6955 0 +1.455046842e+00 +2.214504684e+01 +2.214504684e+01
6976 0 +1.041240387e+00 +2.173124039e+01 +2.173124039e+01
6997 0 +8.676053097e-01 +2.155760531e+01 +2.155760531e+01
7060 0 +6.829294494e-01 +2.137292945e+01 +2.137292945e+01
7081 0 +5.273707668e-01 +2.121737077e+01 +2.121737077e+01
7102 0 +4.586798902e-01 +2.114867989e+01 +2.114867989e+01
7123 0 +4.167738812e-01 +2.110677388e+01 +2.110677388e+01
7144 0 +3.673962738e-01 +2.105739627e+01 +2.105739627e+01
7165 0 +3.214623471e-01 +2.101146235e+01 +2.101146235e+01
7186 0 +2.503309376e-01 +2.094033094e+01 +2.094033094e+01
7270 0 +2.121990643e-01 +2.090219906e+01 +2.090219906e+01
7291 0 +1.818640342e-01 +2.087186403e+01 +2.087186403e+01
7312 0 +1.476185812e-01 +2.083761858e+01 +2.083761858e+01
7333 0 +1.061083978e-01 +2.079610840e+01 +2.079610840e+01
7354 0 +7.425457941e-02 +2.076425458e+01 +2.076425458e+01
7375 0 +4.356877884e-02 +2.073356878e+01 +2.073356878e+01
7396 0 +2.456007665e-02 +2.071456008e+01 +2.071456008e+01
7417 0 +2.117161360e-02 +2.071117161e+01 +2.071117161e+01
7438 0 +1.482557277e-02 +2.070482557e+01 +2.070482557e+01
7459 0 +8.742051360e-03 +2.069874205e+01 +2.069874205e+01
7480 0 +7.203103050e-03 +2.069720310e+01 +2.069720310e+01
7501 0 +5.566306208e-03 +2.069556631e+01 +2.069556631e+01
7522 0 +3.851664320e-03 +2.069385166e+01 +2.069385166e+01
7543 0 +2.365401189e-03 +2.069236540e+01 +2.069236540e+01
7564 0 +1.528661015e-03 +2.069152866e+01 +2.069152866e+01
7585 0 +8.983430541e-04 +2.069089834e+01 +2.069089834e+01
7606 0 +6.715588768e-04 +2.069067156e+01 +2.069067156e+01
7627 0 +4.612714111e-04 +2.069046127e+01 +2.069046127e+01
7648 0 +2.603415093e-04 +2.069026034e+01 +2.069026034e+01
7669 0 +1.719666432e-04 +2.069017197e+01 +2.069017197e+01
7690 0 +1.145809678e-04 +2.069011458e+01 +2.069011458e+01
7711 0 +6.951591989e-05 +2.069006952e+01 +2.069006952e+01
7732 0 +5.997030273e-05 +2.069005997e+01 +2.069005997e+01
7753 0 +4.546128619e-05 +2.069004546e+01 +2.069004546e+01
7774 0 +2.570737002e-05 +2.069002571e+01 +2.069002571e+01
7795 0 +1.894577457e-05 +2.069001895e+01 +2.069001895e+01
7816 0 +1.081313822e-05 +2.069001081e+01 +2.069001081e+01
7837 0 +3.654806342e-06 +2.069000365e+01 +2.069000365e+01
7858 0 +2.558962329e-06 +2.069000256e+01 +2.069000256e+01
7879 0 +2.020738602e-06 +2.069000202e+01 +2.069000202e+01
7900 0 +1.577355238e-06 +2.069000158e+01 +2.069000158e+01
7921 0 +1.158191640e-06 +2.069000116e+01 +2.069000116e+01
7942 0 +9.498018692e-07 +2.069000095e+01 +2.069000095e+01
7963 0 +7.148937939e-07 +2.069000071e+01 +2.069000071e+01
7982 0 +7.071617816e-07 +2.069000071e+01 +2.069000071e+01
7984 0 +5.450667757e-07 +2.069000055e+01 +2.069000055e+01
8005 0 +4.794842354e-07 +2.069000048e+01 +2.069000048e+01
8026 0 +3.652629346e-07 +2.069000037e+01 +2.069000037e+01
8047 0 +2.047079875e-07 +2.069000020e+01 +2.069000020e+01
8068 0 +7.422329418e-08 +2.069000007e+01 +2.069000007e+01
8089 0 +3.161297002e-08 +2.069000003e+01 +2.069000003e+01
8110 0 +1.200206512e-08 +2.069000001e+01 +2.069000001e+01
8152 0 +6.289962329e-09 +2.069000001e+01 +2.069000001e+01
200757 0 +6.049560852e-11 +2.069000000e+01 +2.069000000e+01
% f evaluations | g evaluations | best noise-free fitness - Fopt (5.616700000000e+02) + sum g_i+ | measured fitness | best measured fitness or single-digit g-values | x1 | x2...
1 0 +1.613661602e+07 +1.613717769e+07 +1.613717769e+07
2 0 +5.301242784e+06 +5.301804454e+06 +5.301804454e+06
23 0 +4.443496926e+06 +4.444058596e+06 +4.444058596e+06
26 0 +3.254845862e+06 +3.255407532e+06 +3.255407532e+06
34 0 +2.953397301e+06 +2.953958971e+06 +2.953958971e+06
37 0 +1.552139594e+06 +1.552701264e+06 +1.552701264e+06
49 0 +1.289506356e+06 +1.290068026e+06 +1.290068026e+06
62 0 +8.415975238e+05 +8.421591938e+05 +8.421591938e+05
87 0 +5.105583564e+05 +5.111200264e+05 +5.111200264e+05
142 0 +3.266852230e+05 +3.272468930e+05 +3.272468930e+05
163 0 +1.795556417e+05 +1.801173117e+05 +1.801173117e+05
205 0 +1.418918004e+05 +1.424534704e+05 +1.424534704e+05
247 0 +1.301160554e+05 +1.306777254e+05 +1.306777254e+05
268 0 +1.194769156e+05 +1.200385856e+05 +1.200385856e+05
289 0 +9.348511424e+04 +9.404678424e+04 +9.404678424e+04
310 0 +7.879378035e+04 +7.935545035e+04 +7.935545035e+04
352 0 +6.971683601e+04 +7.027850601e+04 +7.027850601e+04
373 0 +5.643839617e+04 +5.700006617e+04 +5.700006617e+04
415 0 +5.235164959e+04 +5.291331959e+04 +5.291331959e+04
436 0 +4.714341938e+04 +4.770508938e+04 +4.770508938e+04
520 0 +4.455744296e+04 +4.511911296e+04 +4.511911296e+04
562 0 +3.433365386e+04 +3.489532386e+04 +3.489532386e+04
604 0 +2.981091136e+04 +3.037258136e+04 +3.037258136e+04
3283 0 +2.763878581e+04 +2.820045581e+04 +2.820045581e+04
3304 0 +2.405882467e+04 +2.462049467e+04 +2.462049467e+04
3388 0 +2.134007165e+04 +2.190174165e+04 +2.190174165e+04
3409 0 +1.917960539e+04 +1.974127539e+04 +1.974127539e+04
3430 0 +1.591087168e+04 +1.647254168e+04 +1.647254168e+04
3451 0 +1.197467865e+04 +1.253634865e+04 +1.253634865e+04
3472 0 +1.063456894e+04 +1.119623894e+04 +1.119623894e+04
4117 0 +8.720309032e+03 +9.281979032e+03 +9.281979032e+03
4159 0 +6.234453610e+03 +6.796123610e+03 +6.796123610e+03
4741 0 +5.347596706e+03 +5.909266706e+03 +5.909266706e+03
4762 0 +4.114259252e+03 +4.675929252e+03 +4.675929252e+03
4783 0 +3.228140346e+03 +3.789810346e+03 +3.789810346e+03
4825 0 +2.857843532e+03 +3.419513532e+03 +3.419513532e+03
4846 0 +2.455728024e+03 +3.017398024e+03 +3.017398024e+03
4867 0 +2.163298359e+03 +2.724968359e+03 +2.724968359e+03
4909 0 +1.908169876e+03 +2.469839876e+03 +2.469839876e+03
4930 0 +1.724526213e+03 +2.286196213e+03 +2.286196213e+03
4993 0 +1.549543023e+03 +2.111213023e+03 +2.111213023e+03
5077 0 +1.022683121e+03 +1.584353121e+03 +1.584353121e+03
5140 0 +9.655321306e+02 +1.527202131e+03 +1.527202131e+03
5182 0 +8.202643252e+02 +1.381934325e+03 +1.381934325e+03
5203 0 +7.137699822e+02 +1.275439982e+03 +1.275439982e+03
5224 0 +6.597647059e+02 +1.221434706e+03 +1.221434706e+03
5245 0 +6.100256123e+02 +1.171695612e+03 +1.171695612e+03
5287 0 +5.156034392e+02 +1.077273439e+03 +1.077273439e+03
5308 0 +4.572951222e+02 +1.018965122e+03 +1.018965122e+03
5329 0 +4.373839804e+02 +9.990539804e+02 +9.990539804e+02
5371 0 +3.306156232e+02 +8.922856232e+02 +8.922856232e+02
5392 0 +2.202579798e+02 +7.819279798e+02 +7.819279798e+02
5413 0 +1.775147522e+02 +7.391847522e+02 +7.391847522e+02
5434 0 +1.554566125e+02 +7.171266125e+02 +7.171266125e+02
5455 0 +1.302992660e+02 +6.919692660e+02 +6.919692660e+02
5476 0 +9.188192761e+01 +6.535519276e+02 +6.535519276e+02
5497 0 +6.274535395e+01 +6.244153540e+02 +6.244153540e+02
5518 0 +3.110391581e+01 +5.927739158e+02 +5.927739158e+02
5539 0 +1.595272249e+01 +5.776227225e+02 +5.776227225e+02
5560 0 +5.581277713e+00 +5.672512777e+02 +5.672512777e+02
5581 0 +2.811292717e+00 +5.644812927e+02 +5.644812927e+02
5602 0 +1.648448090e+00 +5.633184481e+02 +5.633184481e+02
5623 0 +7.332243557e-01 +5.624032244e+02 +5.624032244e+02
5644 0 +4.631681410e-01 +5.621331681e+02 +5.621331681e+02
5665 0 +3.172057946e-01 +5.619872058e+02 +5.619872058e+02
5686 0 +2.958983954e-01 +5.619658984e+02 +5.619658984e+02
5707 0 +2.574550277e-01 +5.619274550e+02 +5.619274550e+02
5728 0 +1.804390163e-01 +5.618504390e+02 +5.618504390e+02
5749 0 +1.246568823e-01 +5.617946569e+02 +5.617946569e+02
5770 0 +8.991761953e-02 +5.617599176e+02 +5.617599176e+02
5791 0 +5.034161799e-02 +5.617203416e+02 +5.617203416e+02
5812 0 +4.325779643e-02 +5.617132578e+02 +5.617132578e+02
5833 0 +2.358789549e-02 +5.616935879e+02 +5.616935879e+02
5896 0 +2.184232360e-02 +5.616918423e+02 +5.616918423e+02
5917 0 +1.965778724e-02 +5.616896578e+02 +5.616896578e+02
5938 0 +1.708690848e-02 +5.616870869e+02 +5.616870869e+02
5959 0 +1.539140157e-02 +5.616853914e+02 +5.616853914e+02
5980 0 +1.327866263e-02 +5.616832787e+02 +5.616832787e+02
6001 0 +1.202992835e-02 +5.616820299e+02 +5.616820299e+02
6022 0 +1.052292024e-02 +5.616805229e+02 +5.616805229e+02
6043 0 +8.512802281e-03 +5.616785128e+02 +5.616785128e+02
6064 0 +6.419137982e-03 +5.616764191e+02 +5.616764191e+02
6085 0 +3.485984315e-03 +5.616734860e+02 +5.616734860e+02
6106 0 +1.239188723e-03 +5.616712392e+02 +5.616712392e+02
6127 0 +6.580595323e-04 +5.616706581e+02 +5.616706581e+02
6148 0 +2.518789166e-04 +5.616702519e+02 +5.616702519e+02
6169 0 +1.669592664e-04 +5.616701670e+02 +5.616701670e+02
6190 0 +8.059338620e-05 +5.616700806e+02 +5.616700806e+02
6211 0 +5.403996249e-05 +5.616700540e+02 +5.616700540e+02
6232 0 +3.230182654e-05 +5.616700323e+02 +5.616700323e+02
6253 0 +2.216076052e-05 +5.616700222e+02 +5.616700222e+02
6274 0 +8.368517001e-06 +5.616700084e+02 +5.616700084e+02
6295 0 +4.267972258e-06 +5.616700043e+02 +5.616700043e+02
6316 0 +1.723371952e-06 +5.616700017e+02 +5.616700017e+02
6337 0 +1.291749072e-06 +5.616700013e+02 +5.616700013e+02
6358 0 +6.248058071e-07 +5.616700006e+02 +5.616700006e+02
6400 0 +3.549766916e-07 +5.616700004e+02 +5.616700004e+02
6412 0 +3.544822675e-07 +5.616700004e+02 +5.616700004e+02
6421 0 +1.735404567e-07 +5.616700002e+02 +5.616700002e+02
6442 0 +5.499020972e-08 +5.616700001e+02 +5.616700001e+02
6463 0 +3.513332558e-08 +5.616700000e+02 +5.616700000e+02
6484 0 +1.269449967e-08 +5.616700000e+02 +5.616700000e+02
6502 0 +1.238367986e-08 +5.616700000e+02 +5.616700000e+02
6505 0 +7.322682904e-09 +5.616700000e+02 +5.616700000e+02
200007 0 +5.820766091e-11 +5.616700000e+02 +5.616700000e+02
