% f evaluations | g evaluations | best noise-free fitness - Fopt (7.627000000000e+01) + sum g_i+ | measured fitness | best measured fitness or single-digit g-values | x1 | x2...
1 0 +1.672305761e+06 +1.672382031e+06 +1.672382031e+06
3 0 +6.311268275e+05 +6.312030975e+05 +6.312030975e+05
4 0 +5.066089517e+04 +5.073716517e+04 +5.073716517e+04
11 0 +3.706064166e+04 +3.713691166e+04 +3.713691166e+04
18 0 +2.501467477e+03 +2.577737477e+03 +2.577737477e+03
80 0 +1.585745374e+03 +1.662015374e+03 +1.662015374e+03
85 0 +1.257072104e+03 +1.333342104e+03 +1.333342104e+03
179 0 +4.142642776e+02 +4.905342776e+02 +4.905342776e+02
320 0 +2.525713040e+02 +3.288413040e+02 +3.288413040e+02
645 0 +2.219149980e+02 +2.981849980e+02 +2.981849980e+02
1146 0 +1.989901290e+02 +2.752601290e+02 +2.752601290e+02
2047 0 +9.696310473e+01 +1.732331047e+02 +1.732331047e+02
4175 0 +3.076010071e+01 +1.070301007e+02 +1.070301007e+02
4216 0 +1.596355084e+01 +9.223355084e+01 +9.223355084e+01
4257 0 +6.259692730e+00 +8.252969273e+01 +8.252969273e+01
4298 0 +4.892289480e+00 +8.116228948e+01 +8.116228948e+01
4339 0 +3.718909403e+00 +7.998890940e+01 +7.998890940e+01
4421 0 +3.000911712e+00 +7.927091171e+01 +7.927091171e+01
4462 0 +2.196907035e+00 +7.846690704e+01 +7.846690704e+01
4503 0 +1.175530283e+00 +7.744553028e+01 +7.744553028e+01
4544 0 +1.042050703e+00 +7.731205070e+01 +7.731205070e+01
4626 0 +8.975567253e-01 +7.716755673e+01 +7.716755673e+01
4667 0 +5.537284710e-01 +7.682372847e+01 +7.682372847e+01
4790 0 +4.636420494e-01 +7.673364205e+01 +7.673364205e+01
4831 0 +3.700244205e-01 +7.664002442e+01 +7.664002442e+01
4872 0 +2.324768231e-01 +7.650247682e+01 +7.650247682e+01
4913 0 +1.233081698e-01 +7.639330817e+01 +7.639330817e+01
4954 0 +7.563124328e-02 +7.634563124e+01 +7.634563124e+01
4995 0 +4.715440599e-02 +7.631715441e+01 +7.631715441e+01
5036 0 +2.947879218e-02 +7.629947879e+01 +7.629947879e+01
5118 0 +1.291745625e-02 +7.628291746e+01 +7.628291746e+01
5159 0 +9.770957636e-03 +7.627977096e+01 +7.627977096e+01
5200 0 +6.470025159e-03 +7.627647003e+01 +7.627647003e+01
5241 0 +2.592171497e-03 +7.627259217e+01 +7.627259217e+01
5282 0 +2.235518508e-03 +7.627223552e+01 +7.627223552e+01
5323 0 +1.606926043e-03 +7.627160693e+01 +7.627160693e+01
5364 0 +8.849429092e-04 +7.627088494e+01 +7.627088494e+01
5405 0 +5.662505468e-04 +7.627056625e+01 +7.627056625e+01
5446 0 +2.777622369e-04 +7.627027776e+01 +7.627027776e+01
5487 0 +1.511984427e-04 +7.627015120e+01 +7.627015120e+01
5528 0 +1.318184784e-04 +7.627013182e+01 +7.627013182e+01
5569 0 +9.657848973e-05 +7.627009658e+01 +7.627009658e+01
5938 0 +8.702708885e-05 +7.627008703e+01 +7.627008703e+01
6102 0 +7.858830607e-05 +7.627007859e+01 +7.627007859e+01
6184 0 +7.022740650e-05 +7.627007023e+01 +7.627007023e+01
6348 0 +6.146610713e-05 +7.627006147e+01 +7.627006147e+01
6840 0 +5.612648334e-05 +7.627005613e+01 +7.627005613e+01
15213 0 +1.277395755e-05 +7.627001277e+01 +7.627001277e+01
15254 0 +7.148442521e-06 +7.627000715e+01 +7.627000715e+01
15295 0 +5.648590900e-06 +7.627000565e+01 +7.627000565e+01
15336 0 +3.721500349e-06 +7.627000372e+01 +7.627000372e+01
35447 0 +2.099143444e-06 +7.627000210e+01 +7.627000210e+01
35488 0 +1.363887989e-06 +7.627000136e+01 +7.627000136e+01
35570 0 +1.051597849e-06 +7.627000105e+01 +7.627000105e+01
35611 0 +9.753443635e-07 +7.627000098e+01 +7.627000098e+01
49576 0 +8.443619066e-07 +7.627000084e+01 +7.627000084e+01
49740 0 +7.750804372e-07 +7.627000078e+01 +7.627000078e+01
53896 0 +5.857422849e-07 +7.627000059e+01 +7.627000059e+01
53930 0 +4.692265492e-07 +7.627000047e+01 +7.627000047e+01
54299 0 +4.447621222e-07 +7.627000044e+01 +7.627000044e+01
54381 0 +3.107905542e-07 +7.627000031e+01 +7.627000031e+01
54422 0 +1.198062876e-07 +7.627000012e+01 +7.627000012e+01
54463 0 +7.270581648e-08 +7.627000007e+01 +7.627000007e+01
54504 0 +6.050716195e-08 +7.627000006e+01 +7.627000006e+01
54750 0 +5.488489307e-08 +7.627000005e+01 +7.627000005e+01
54832 0 +4.970037537e-08 +7.627000005e+01 +7.627000005e+01
58974 0 +3.727075182e-08 +7.627000004e+01 +7.627000004e+01
59088 0 +3.029271056e-08 +7.627000003e+01 +7.627000003e+01
59145 0 +2.516883058e-08 +7.627000003e+01 +7.627000003e+01
59211 0 +2.420179612e-08 +7.627000002e+01 +7.627000002e+01
59239 0 +2.126127185e-08 +7.627000002e+01 +7.627000002e+01
59241 0 +1.265811989e-08 +7.627000001e+01 +7.627000001e+01
59258 0 +1.253587811e-08 +7.627000001e+01 +7.627000001e+01
59421 0 +9.494058872e-09 +7.627000001e+01 +7.627000001e+01
64433 0 +8.100187188e-13 +7.627000000e+01 +7.627000000e+01
400008 0 +1.421085472e-14 +7.627000000e+01 +7.627000000e+01
% f evaluations | g evaluations | best noise-free fitness - Fopt (-2.255000000000e+01) + sum g_i+ | measured fitness | best measured fitness or single-digit g-values | x1 | x2...
1 0 +4.894435630e+06 +4.894413080e+06 +4.894413080e+06
4 0 +2.041965643e+06 +2.041943093e+06 +2.041943093e+06
5 0 +8.837387737e+05 +8.837162237e+05 +8.837162237e+05
18 0 +2.084209966e+04 +2.081954966e+04 +2.081954966e+04
48 0 +5.022032761e+02 +4.796532761e+02 +4.796532761e+02
76 0 +4.305986616e+02 +4.080486616e+02 +4.080486616e+02
97 0 +3.384482061e+02 +3.158982061e+02 +3.158982061e+02
1965 0 +2.500545134e+02 +2.275045134e+02 +2.275045134e+02
2006 0 +2.679594486e+01 +4.245944858e+00 +4.245944858e+00
2047 0 +5.317389666e+00 -1.723261033e+01 -1.723261033e+01
2088 0 +2.056508876e+00 -2.049349112e+01 -2.049349112e+01
2129 0 +2.403518430e-01 -2.230964816e+01 -2.230964816e+01
2170 0 +5.867544145e-02 -2.249132456e+01 -2.249132456e+01
2211 0 +1.383234665e-02 -2.253616765e+01 -2.253616765e+01
2252 0 +4.606619377e-03 -2.254539338e+01 -2.254539338e+01
2293 0 +1.979496775e-03 -2.254802050e+01 -2.254802050e+01
2334 0 +1.084980588e-03 -2.254891502e+01 -2.254891502e+01
2375 0 +2.458187053e-04 -2.254975418e+01 -2.254975418e+01
2416 0 +1.277320350e-04 -2.254987227e+01 -2.254987227e+01
2457 0 +6.520046549e-05 -2.254993480e+01 -2.254993480e+01
2498 0 +2.975205599e-05 -2.254997025e+01 -2.254997025e+01
2580 0 +1.869854862e-05 -2.254998130e+01 -2.254998130e+01
14836 0 +1.776527209e-05 -2.254998223e+01 -2.254998223e+01
19149 0 +1.448126065e-05 -2.254998552e+01 -2.254998552e+01
19190 0 +1.339327759e-05 -2.254998661e+01 -2.254998661e+01
19231 0 +1.236365109e-05 -2.254998764e+01 -2.254998764e+01
24406 0 +9.874561346e-06 -2.254999013e+01 -2.254999013e+01
24447 0 +8.858818582e-06 -2.254999114e+01 -2.254999114e+01
24488 0 +7.874837259e-06 -2.254999213e+01 -2.254999213e+01
24570 0 +7.031993874e-06 -2.254999297e+01 -2.254999297e+01
34017 0 +4.571638684e-06 -2.254999543e+01 -2.254999543e+01
34058 0 +2.893696717e-06 -2.254999711e+01 -2.254999711e+01
34099 0 +1.835083225e-06 -2.254999816e+01 -2.254999816e+01
34140 0 +1.594505161e-06 -2.254999841e+01 -2.254999841e+01
34181 0 +1.439017641e-06 -2.254999856e+01 -2.254999856e+01
34222 0 +1.383913141e-06 -2.254999862e+01 -2.254999862e+01
34345 0 +1.169750782e-06 -2.254999883e+01 -2.254999883e+01
34386 0 +8.250962935e-07 -2.254999917e+01 -2.254999917e+01
34427 0 +5.967288388e-07 -2.254999940e+01 -2.254999940e+01
34468 0 +4.585319360e-07 -2.254999954e+01 -2.254999954e+01
34509 0 +3.633576391e-07 -2.254999964e+01 -2.254999964e+01
34550 0 +3.004070237e-07 -2.254999970e+01 -2.254999970e+01
34591 0 +2.156693633e-07 -2.254999978e+01 -2.254999978e+01
34632 0 +1.375010434e-07 -2.254999986e+01 -2.254999986e+01
35434 0 +1.258851370e-07 -2.254999987e+01 -2.254999987e+01
35657 0 +1.119306496e-07 -2.254999989e+01 -2.254999989e+01
43044 0 +9.848409732e-08 -2.254999990e+01 -2.254999990e+01
43061 0 +8.854284417e-08 -2.254999991e+01 -2.254999991e+01
43095 0 +7.901526544e-08 -2.254999992e+01 -2.254999992e+01
43164 0 +5.568346140e-08 -2.254999994e+01 -2.254999994e+01
43190 0 +4.876980952e-08 -2.254999995e+01 -2.254999995e+01
43284 0 +4.357630701e-08 -2.254999996e+01 -2.254999996e+01
43295 0 +3.719850739e-08 -2.254999996e+01 -2.254999996e+01
43342 0 +3.319721031e-08 -2.254999997e+01 -2.254999997e+01
43369 0 +3.099840740e-08 -2.254999997e+01 -2.254999997e+01
43402 0 +2.772770102e-08 -2.254999997e+01 -2.254999997e+01
43419 0 +2.296846091e-08 -2.254999998e+01 -2.254999998e+01
43459 0 +2.216448181e-08 -2.254999998e+01 -2.254999998e+01
43463 0 +1.636547609e-08 -2.254999998e+01 -2.254999998e+01
43515 0 +1.371386560e-08 -2.254999999e+01 -2.254999999e+01
43545 0 +1.150277384e-08 -2.254999999e+01 -2.254999999e+01
43594 0 +1.065554045e-08 -2.254999999e+01 -2.254999999e+01
43603 0 +9.575209958e-09 -2.254999999e+01 -2.254999999e+01
49838 0 +9.769962617e-13 -2.255000000e+01 -2.255000000e+01
400258 0 +3.552713679e-15 -2.255000000e+01 -2.255000000e+01
% f evaluations | g evaluations | best noise-free fitness - Fopt (1.366000000000e+01) + sum g_i+ | measured fitness | best measured fitness or single-digit g-values | x1 | x2...
1 0 +2.351942137e+06 +2.351955797e+06 +2.351955797e+06
2 0 +7.203680286e+04 +7.205046286e+04 +7.205046286e+04
6 0 +3.822492162e+03 +3.836152162e+03 +3.836152162e+03
30 0 +5.975697335e+02 +6.112297335e+02 +6.112297335e+02
69 0 +3.486867878e+02 +3.623467878e+02 +3.623467878e+02
115 0 +2.914338504e+02 +3.050938504e+02 +3.050938504e+02
2047 0 +1.670916365e+02 +1.807516365e+02 +1.807516365e+02
2088 0 +3.323495975e+01 +4.689495975e+01 +4.689495975e+01
2129 0 +1.869458906e+01 +3.235458906e+01 +3.235458906e+01
2170 0 +1.416714443e+01 +2.782714443e+01 +2.782714443e+01
6672 0 +5.971802852e+00 +1.963180285e+01 +1.963180285e+01
6713 0 +5.038000702e+00 +1.869800070e+01 +1.869800070e+01
6754 0 +3.509722982e+00 +1.716972298e+01 +1.716972298e+01
6795 0 +1.563643893e+00 +1.522364389e+01 +1.522364389e+01
6836 0 +8.653918423e-01 +1.452539184e+01 +1.452539184e+01
6918 0 +7.195445627e-01 +1.437954456e+01 +1.437954456e+01
6959 0 +5.497784852e-01 +1.420977849e+01 +1.420977849e+01
7000 0 +3.057862842e-01 +1.396578628e+01 +1.396578628e+01
7041 0 +1.637488286e-01 +1.382374883e+01 +1.382374883e+01
7082 0 +8.018553043e-02 +1.374018553e+01 +1.374018553e+01
7123 0 +4.075703220e-02 +1.370075703e+01 +1.370075703e+01
7164 0 +2.591741707e-02 +1.368591742e+01 +1.368591742e+01
7205 0 +1.449780684e-02 +1.367449781e+01 +1.367449781e+01
7246 0 +8.680814702e-03 +1.366868081e+01 +1.366868081e+01
7287 0 +3.879508528e-03 +1.366387951e+01 +1.366387951e+01
7328 0 +2.793792324e-03 +1.366279379e+01 +1.366279379e+01
7369 0 +1.863272839e-03 +1.366186327e+01 +1.366186327e+01
7410 0 +7.134193623e-04 +1.366071342e+01 +1.366071342e+01
7451 0 +3.847274019e-04 +1.366038473e+01 +1.366038473e+01
7492 0 +1.479438856e-04 +1.366014794e+01 +1.366014794e+01
7533 0 +8.528180524e-05 +1.366008528e+01 +1.366008528e+01
7574 0 +3.359993497e-05 +1.366003360e+01 +1.366003360e+01
7615 0 +2.778943522e-05 +1.366002779e+01 +1.366002779e+01
7656 0 +1.824553887e-05 +1.366001825e+01 +1.366001825e+01
7697 0 +8.207785919e-06 +1.366000821e+01 +1.366000821e+01
7738 0 +6.161258570e-06 +1.366000616e+01 +1.366000616e+01
19806 0 +3.262068393e-06 +1.366000326e+01 +1.366000326e+01
19847 0 +2.781991416e-06 +1.366000278e+01 +1.366000278e+01
19929 0 +2.446997167e-06 +1.366000245e+01 +1.366000245e+01
37954 0 +2.196171858e-06 +1.366000220e+01 +1.366000220e+01
46536 0 +1.835658455e-06 +1.366000184e+01 +1.366000184e+01
46597 0 +1.716616509e-06 +1.366000172e+01 +1.366000172e+01
46623 0 +1.121113232e-06 +1.366000112e+01 +1.366000112e+01
46910 0 +9.949493087e-07 +1.366000099e+01 +1.366000099e+01
46951 0 +8.211681379e-07 +1.366000082e+01 +1.366000082e+01
46992 0 +6.445574883e-07 +1.366000064e+01 +1.366000064e+01
47033 0 +4.936921965e-07 +1.366000049e+01 +1.366000049e+01
47074 0 +2.333284055e-07 +1.366000023e+01 +1.366000023e+01
47115 0 +1.515828121e-07 +1.366000015e+01 +1.366000015e+01
47156 0 +7.966093918e-08 +1.366000008e+01 +1.366000008e+01
47197 0 +7.755845388e-08 +1.366000008e+01 +1.366000008e+01
47279 0 +6.647572803e-08 +1.366000007e+01 +1.366000007e+01
47320 0 +4.842586065e-08 +1.366000005e+01 +1.366000005e+01
50581 0 +4.385971408e-08 +1.366000004e+01 +1.366000004e+01
50594 0 +3.878225385e-08 +1.366000004e+01 +1.366000004e+01
50648 0 +3.169087037e-08 +1.366000003e+01 +1.366000003e+01
50662 0 +3.013086491e-08 +1.366000003e+01 +1.366000003e+01
50683 0 +2.433040791e-08 +1.366000002e+01 +1.366000002e+01
50726 0 +2.128851584e-08 +1.366000002e+01 +1.366000002e+01
50761 0 +1.985093334e-08 +1.366000002e+01 +1.366000002e+01
50793 0 +1.658440141e-08 +1.366000002e+01 +1.366000002e+01
50800 0 +1.578091435e-08 +1.366000002e+01 +1.366000002e+01
50822 0 +1.384898773e-08 +1.366000001e+01 +1.366000001e+01
50862 0 +1.209514089e-08 +1.366000001e+01 +1.366000001e+01
50880 0 +9.201968965e-09 +1.366000001e+01 +1.366000001e+01
57884 0 +9.467981954e-13 +1.366000000e+01 +1.366000000e+01
400003 0 +1.776356839e-15 +1.366000000e+01 +1.366000000e+01
% f evaluations | g evaluations | best noise-free fitness - Fopt (9.378400000000e+02) + sum g_i+ | measured fitness | best measured fitness or single-digit g-values | x1 | x2...
1 0 +4.051553901e+05 +4.060932301e+05 +4.060932301e+05
4 0 +2.715409943e+05 +2.724788343e+05 +2.724788343e+05
7 0 +5.880209385e+04 +5.973993385e+04 +5.973993385e+04
16 0 +6.200583166e+02 +1.557898317e+03 +1.557898317e+03
116 0 +3.913158286e+02 +1.329155829e+03 +1.329155829e+03
217 0 +3.465559952e+02 +1.284395995e+03 +1.284395995e+03
2047 0 +9.205164684e+01 +1.029891647e+03 +1.029891647e+03
2088 0 +1.670052974e+01 +9.545405297e+02 +9.545405297e+02
2129 0 +7.957705410e+00 +9.457977054e+02 +9.457977054e+02
2170 0 +6.603276539e+00 +9.444432765e+02 +9.444432765e+02
2211 0 +3.590507915e+00 +9.414305079e+02 +9.414305079e+02
2252 0 +1.734369245e+00 +9.395743692e+02 +9.395743692e+02
2293 0 +3.386305957e-01 +9.381786306e+02 +9.381786306e+02
2334 0 +1.041118782e-01 +9.379441119e+02 +9.379441119e+02
2375 0 +2.627484393e-02 +9.378662748e+02 +9.378662748e+02
2416 0 +8.896322978e-03 +9.378488963e+02 +9.378488963e+02
2457 0 +1.981193677e-03 +9.378419812e+02 +9.378419812e+02
2498 0 +8.486837852e-04 +9.378408487e+02 +9.378408487e+02
2539 0 +2.869125428e-04 +9.378402869e+02 +9.378402869e+02
2580 0 +1.068251829e-04 +9.378401068e+02 +9.378401068e+02
2621 0 +6.397289076e-05 +9.378400640e+02 +9.378400640e+02
2662 0 +4.404568438e-05 +9.378400440e+02 +9.378400440e+02
2703 0 +2.213823802e-05 +9.378400221e+02 +9.378400221e+02
2908 0 +1.911374602e-05 +9.378400191e+02 +9.378400191e+02
2949 0 +1.438714003e-05 +9.378400144e+02 +9.378400144e+02
2990 0 +8.550916618e-06 +9.378400086e+02 +9.378400086e+02
3031 0 +4.880474876e-06 +9.378400049e+02 +9.378400049e+02
3072 0 +3.943306638e-06 +9.378400039e+02 +9.378400039e+02
3113 0 +3.463542157e-06 +9.378400035e+02 +9.378400035e+02
38376 0 +3.113510161e-06 +9.378400031e+02 +9.378400031e+02
38458 0 +2.275378506e-06 +9.378400023e+02 +9.378400023e+02
38499 0 +2.152803745e-06 +9.378400022e+02 +9.378400022e+02
38540 0 +1.944818791e-06 +9.378400019e+02 +9.378400019e+02
54721 0 +1.737496746e-06 +9.378400017e+02 +9.378400017e+02
54762 0 +1.348544856e-06 +9.378400013e+02 +9.378400013e+02
54885 0 +1.192835043e-06 +9.378400012e+02 +9.378400012e+02
56074 0 +1.121710966e-06 +9.378400011e+02 +9.378400011e+02
57991 0 +9.513631767e-07 +9.378400010e+02 +9.378400010e+02
57999 0 +8.491498420e-07 +9.378400008e+02 +9.378400008e+02
58033 0 +7.564119642e-07 +9.378400008e+02 +9.378400008e+02
58058 0 +6.266727723e-07 +9.378400006e+02 +9.378400006e+02
58168 0 +5.475394573e-07 +9.378400005e+02 +9.378400005e+02
58198 0 +4.481923952e-07 +9.378400004e+02 +9.378400004e+02
58200 0 +4.432342848e-07 +9.378400004e+02 +9.378400004e+02
58256 0 +3.903328434e-07 +9.378400004e+02 +9.378400004e+02
58331 0 +3.350386351e-07 +9.378400003e+02 +9.378400003e+02
58339 0 +2.796324452e-07 +9.378400003e+02 +9.378400003e+02
58429 0 +2.451002956e-07 +9.378400002e+02 +9.378400002e+02
58447 0 +2.169142590e-07 +9.378400002e+02 +9.378400002e+02
58459 0 +1.713491429e-07 +9.378400002e+02 +9.378400002e+02
58490 0 +1.450503078e-07 +9.378400001e+02 +9.378400001e+02
58502 0 +1.169554480e-07 +9.378400001e+02 +9.378400001e+02
58580 0 +1.026792233e-07 +9.378400001e+02 +9.378400001e+02
58588 0 +9.557743397e-08 +9.378400001e+02 +9.378400001e+02
58619 0 +8.161180176e-08 +9.378400001e+02 +9.378400001e+02
58728 0 +7.872279184e-08 +9.378400001e+02 +9.378400001e+02
58839 0 +5.638332823e-08 +9.378400001e+02 +9.378400001e+02
58869 0 +5.246863566e-08 +9.378400001e+02 +9.378400001e+02
58890 0 +4.596836334e-08 +9.378400000e+02 +9.378400000e+02
58930 0 +4.304047252e-08 +9.378400000e+02 +9.378400000e+02
58950 0 +3.625382305e-08 +9.378400000e+02 +9.378400000e+02
58981 0 +3.515901881e-08 +9.378400000e+02 +9.378400000e+02
59012 0 +3.129707693e-08 +9.378400000e+02 +9.378400000e+02
59042 0 +2.816022970e-08 +9.378400000e+02 +9.378400000e+02
59053 0 +2.358092388e-08 +9.378400000e+02 +9.378400000e+02
59097 0 +2.176398084e-08 +9.378400000e+02 +9.378400000e+02
59156 0 +1.990338205e-08 +9.378400000e+02 +9.378400000e+02
59232 0 +1.618934675e-08 +9.378400000e+02 +9.378400000e+02
59264 0 +1.219996193e-08 +9.378400000e+02 +9.378400000e+02
59363 0 +7.856897355e-09 +9.378400000e+02 +9.378400000e+02
66430 0 +9.094947018e-13 +9.378400000e+02 +9.378400000e+02
400008 0 +1.136868377e-13 +9.378400000e+02 +9.378400000e+02
% f evaluations | g evaluations | best noise-free fitness - Fopt (-7.872000000000e+01) + sum g_i+ | measured fitness | best measured fitness or single-digit g-values | x1 | x2...
1 0 +7.443356686e+06 +7.443277966e+06 +7.443277966e+06
12 0 +7.042545792e+06 +7.042467072e+06 +7.042467072e+06
16 0 +5.876369931e+06 +5.876291211e+06 +5.876291211e+06
20 0 +3.797578695e+06 +3.797499975e+06 +3.797499975e+06
26 0 +2.254123542e+06 +2.254044822e+06 +2.254044822e+06
39 0 +1.666949372e+06 +1.666870652e+06 +1.666870652e+06
40 0 +1.285245683e+06 +1.285166963e+06 +1.285166963e+06
44 0 +2.118492777e+05 +2.117705577e+05 +2.117705577e+05
46 0 +1.211880877e+04 +1.204008877e+04 +1.204008877e+04
47 0 +3.949296617e+03 +3.870576617e+03 +3.870576617e+03
56 0 +9.766956829e+02 +8.979756829e+02 +8.979756829e+02
81 0 +5.109519310e+02 +4.322319310e+02 +4.322319310e+02
373 0 +3.040084901e+02 +2.252884901e+02 +2.252884901e+02
2088 0 +9.732982185e+01 +1.860982185e+01 +1.860982185e+01
4339 0 +9.820616175e+00 -6.889938382e+01 -6.889938382e+01
4380 0 +4.098965391e+00 -7.462103461e+01 -7.462103461e+01
4421 0 +1.887086812e+00 -7.683291319e+01 -7.683291319e+01
4462 0 +8.006439031e-01 -7.791935610e+01 -7.791935610e+01
4503 0 +2.676008633e-01 -7.845239914e+01 -7.845239914e+01
4544 0 +4.610470379e-02 -7.867389530e+01 -7.867389530e+01
4585 0 +2.882534509e-02 -7.869117465e+01 -7.869117465e+01
4626 0 +9.508917565e-03 -7.871049108e+01 -7.871049108e+01
4667 0 +3.154959883e-03 -7.871684504e+01 -7.871684504e+01
4749 0 +2.204251971e-03 -7.871779575e+01 -7.871779575e+01
4790 0 +1.199845026e-03 -7.871880015e+01 -7.871880015e+01
4831 0 +2.422737460e-04 -7.871975773e+01 -7.871975773e+01
4872 0 +1.129304427e-04 -7.871988707e+01 -7.871988707e+01
4913 0 +4.701955136e-05 -7.871995298e+01 -7.871995298e+01
4954 0 +1.203438087e-05 -7.871998797e+01 -7.871998797e+01
4995 0 +3.328902082e-06 -7.871999667e+01 -7.871999667e+01
5241 0 +3.120746541e-06 -7.871999688e+01 -7.871999688e+01
5282 0 +2.581505271e-06 -7.871999742e+01 -7.871999742e+01
5323 0 +1.441609513e-06 -7.871999856e+01 -7.871999856e+01
5364 0 +3.597566689e-07 -7.871999964e+01 -7.871999964e+01
5446 0 +2.657863973e-07 -7.871999973e+01 -7.871999973e+01
52242 0 +2.287517304e-07 -7.871999977e+01 -7.871999977e+01
52324 0 +2.065979174e-07 -7.871999979e+01 -7.871999979e+01
52330 0 +1.926075157e-07 -7.871999981e+01 -7.871999981e+01
52368 0 +1.344028391e-07 -7.871999987e+01 -7.871999987e+01
52450 0 +1.222684176e-07 -7.871999988e+01 -7.871999988e+01
54384 0 +1.121591424e-07 -7.871999989e+01 -7.871999989e+01
54393 0 +9.308310212e-08 -7.871999991e+01 -7.871999991e+01
54452 0 +8.856160605e-08 -7.871999991e+01 -7.871999991e+01
54471 0 +6.970861932e-08 -7.871999993e+01 -7.871999993e+01
54495 0 +6.063545754e-08 -7.871999994e+01 -7.871999994e+01
54520 0 +4.206819426e-08 -7.871999996e+01 -7.871999996e+01
54590 0 +3.415435401e-08 -7.871999997e+01 -7.871999997e+01
54696 0 +3.110349667e-08 -7.871999997e+01 -7.871999997e+01
54710 0 +2.159167423e-08 -7.871999998e+01 -7.871999998e+01
54762 0 +1.828914264e-08 -7.871999998e+01 -7.871999998e+01
54820 0 +1.541361883e-08 -7.871999998e+01 -7.871999998e+01
54843 0 +1.168480424e-08 -7.871999999e+01 -7.871999999e+01
54863 0 +1.065569677e-08 -7.871999999e+01 -7.871999999e+01
54970 0 +9.978236903e-09 -7.871999999e+01 -7.871999999e+01
59310 0 +9.094947018e-13 -7.872000000e+01 -7.872000000e+01
400012 0 +1.421085472e-14 -7.872000000e+01 -7.872000000e+01
% f evaluations | g evaluations | best noise-free fitness - Fopt (-4.151000000000e+01) + sum g_i+ | measured fitness | best measured fitness or single-digit g-values | x1 | x2...
1 0 +1.598810115e+07 +1.598805964e+07 +1.598805964e+07
2 0 +1.187543328e+07 +1.187539177e+07 +1.187539177e+07
3 0 +9.705880128e+06 +9.705838618e+06 +9.705838618e+06
4 0 +7.280648725e+06 +7.280607215e+06 +7.280607215e+06
5 0 +5.000652940e+06 +5.000611430e+06 +5.000611430e+06
8 0 +3.276642413e+06 +3.276600903e+06 +3.276600903e+06
20 0 +1.966146661e+06 +1.966105151e+06 +1.966105151e+06
31 0 +1.638838654e+06 +1.638797144e+06 +1.638797144e+06
32 0 +4.175406214e+05 +4.174991114e+05 +4.174991114e+05
39 0 +5.459055488e+03 +5.417545488e+03 +5.417545488e+03
49 0 +4.873948023e+03 +4.832438023e+03 +4.832438023e+03
65 0 +9.803317480e+02 +9.388217480e+02 +9.388217480e+02
122 0 +3.454990965e+02 +3.039890965e+02 +3.039890965e+02
798 0 +2.895014588e+02 +2.479914588e+02 +2.479914588e+02
2047 0 +1.917578443e+02 +1.502478443e+02 +1.502478443e+02
2088 0 +1.455046485e+01 -2.695953515e+01 -2.695953515e+01
2129 0 +8.442422922e+00 -3.306757708e+01 -3.306757708e+01
2170 0 +2.340443942e+00 -3.916955606e+01 -3.916955606e+01
2211 0 +1.233107593e+00 -4.027689241e+01 -4.027689241e+01
2252 0 +7.400437626e-01 -4.076995624e+01 -4.076995624e+01
2293 0 +4.200861228e-01 -4.108991388e+01 -4.108991388e+01
2334 0 +1.385553702e-01 -4.137144463e+01 -4.137144463e+01
2375 0 +7.394554297e-02 -4.143605446e+01 -4.143605446e+01
2416 0 +4.845582049e-02 -4.146154418e+01 -4.146154418e+01
2457 0 +2.495375013e-02 -4.148504625e+01 -4.148504625e+01
2498 0 +1.680157186e-02 -4.149319843e+01 -4.149319843e+01
2539 0 +1.295360759e-02 -4.149704639e+01 -4.149704639e+01
2580 0 +1.202493834e-02 -4.149797506e+01 -4.149797506e+01
2621 0 +9.128420740e-03 -4.150087158e+01 -4.150087158e+01
2703 0 +7.037606594e-03 -4.150296239e+01 -4.150296239e+01
2744 0 +5.364432116e-03 -4.150463557e+01 -4.150463557e+01
2785 0 +3.887261142e-03 -4.150611274e+01 -4.150611274e+01
2826 0 +3.029887205e-03 -4.150697011e+01 -4.150697011e+01
2867 0 +1.728612074e-03 -4.150827139e+01 -4.150827139e+01
2908 0 +1.141314229e-03 -4.150885869e+01 -4.150885869e+01
2949 0 +4.771434163e-04 -4.150952286e+01 -4.150952286e+01
2990 0 +2.443496788e-04 -4.150975565e+01 -4.150975565e+01
3113 0 +1.909665862e-04 -4.150980903e+01 -4.150980903e+01
3154 0 +1.154295783e-04 -4.150988457e+01 -4.150988457e+01
3195 0 +9.462426447e-05 -4.150990538e+01 -4.150990538e+01
3236 0 +7.335729860e-05 -4.150992664e+01 -4.150992664e+01
3277 0 +5.796093057e-05 -4.150994204e+01 -4.150994204e+01
3564 0 +4.606441760e-05 -4.150995394e+01 -4.150995394e+01
3605 0 +3.320595637e-05 -4.150996679e+01 -4.150996679e+01
3646 0 +2.455254184e-05 -4.150997545e+01 -4.150997545e+01
3687 0 +2.150385949e-05 -4.150997850e+01 -4.150997850e+01
3728 0 +1.817868996e-05 -4.150998182e+01 -4.150998182e+01
3769 0 +1.750856106e-05 -4.150998249e+01 -4.150998249e+01
19195 0 +1.395606711e-05 -4.150998604e+01 -4.150998604e+01
19236 0 +8.521328219e-06 -4.150999148e+01 -4.150999148e+01
19277 0 +7.718594865e-06 -4.150999228e+01 -4.150999228e+01
19441 0 +6.806811747e-06 -4.150999319e+01 -4.150999319e+01
32619 0 +5.489504467e-06 -4.150999451e+01 -4.150999451e+01
32660 0 +2.714975601e-06 -4.150999729e+01 -4.150999729e+01
32701 0 +1.000160893e-06 -4.150999900e+01 -4.150999900e+01
32704 0 +9.998728174e-07 -4.150999900e+01 -4.150999900e+01
32742 0 +4.507488143e-07 -4.150999955e+01 -4.150999955e+01
33029 0 +4.463734982e-07 -4.150999955e+01 -4.150999955e+01
33152 0 +3.820180154e-07 -4.150999962e+01 -4.150999962e+01
33193 0 +3.249227021e-07 -4.150999968e+01 -4.150999968e+01
33234 0 +2.880119965e-07 -4.150999971e+01 -4.150999971e+01
33275 0 +2.247198339e-07 -4.150999978e+01 -4.150999978e+01
33316 0 +1.812035464e-07 -4.150999982e+01 -4.150999982e+01
33398 0 +1.708947295e-07 -4.150999983e+01 -4.150999983e+01
55164 0 +1.230815414e-07 -4.150999988e+01 -4.150999988e+01
55379 0 +1.099336799e-07 -4.150999989e+01 -4.150999989e+01
55394 0 +8.858901168e-08 -4.150999991e+01 -4.150999991e+01
55409 0 +6.262991548e-08 -4.150999994e+01 -4.150999994e+01
57483 0 +4.588377323e-08 -4.150999995e+01 -4.150999995e+01
57494 0 +3.977250884e-08 -4.150999996e+01 -4.150999996e+01
57570 0 +3.340954180e-08 -4.150999997e+01 -4.150999997e+01
57587 0 +3.041819951e-08 -4.150999997e+01 -4.150999997e+01
57627 0 +2.699069768e-08 -4.150999997e+01 -4.150999997e+01
57661 0 +2.163002222e-08 -4.150999998e+01 -4.150999998e+01
57708 0 +1.534105110e-08 -4.150999998e+01 -4.150999998e+01
57784 0 +1.408282913e-08 -4.150999999e+01 -4.150999999e+01
57845 0 +1.125432192e-08 -4.150999999e+01 -4.150999999e+01
57870 0 +9.467349571e-09 -4.150999999e+01 -4.150999999e+01
62426 0 +8.810729923e-13 -4.151000000e+01 -4.151000000e+01
400257 0 +7.105427358e-15 -4.151000000e+01 -4.151000000e+01
% f evaluations | g evaluations | best noise-free fitness - Fopt (1.320700000000e+02) + sum g_i+ | measured fitness | best measured fitness or single-digit g-values | x1 | x2...
1 0 +9.654135579e+06 +9.654267649e+06 +9.654267649e+06
2 0 +7.315498016e+06 +7.315630086e+06 +7.315630086e+06
3 0 +2.015305444e+06 +2.015437514e+06 +2.015437514e+06
4 0 +5.336181349e+03 +5.468251349e+03 +5.468251349e+03
66 0 +1.003476616e+03 +1.135546616e+03 +1.135546616e+03
134 0 +7.458788881e+02 +8.779488881e+02 +8.779488881e+02
163 0 +5.543571976e+02 +6.864271976e+02 +6.864271976e+02
860 0 +4.789716498e+02 +6.110416498e+02 +6.110416498e+02
956 0 +4.423821920e+02 +5.744521920e+02 +5.744521920e+02
2006 0 +1.633655323e+02 +2.954355323e+02 +2.954355323e+02
2047 0 +7.545722666e+01 +2.075272267e+02 +2.075272267e+02
2088 0 +1.171927646e+01 +1.437892765e+02 +1.437892765e+02
2129 0 +3.218374290e+00 +1.352883743e+02 +1.352883743e+02
2170 0 +6.504628784e-01 +1.327204629e+02 +1.327204629e+02
2211 0 +2.875515695e-01 +1.323575516e+02 +1.323575516e+02
2252 0 +8.126363800e-02 +1.321512636e+02 +1.321512636e+02
2293 0 +2.444929463e-02 +1.320944493e+02 +1.320944493e+02
2375 0 +4.340772006e-03 +1.320743408e+02 +1.320743408e+02
2416 0 +1.639020575e-03 +1.320716390e+02 +1.320716390e+02
2457 0 +7.929611126e-04 +1.320707930e+02 +1.320707930e+02
2498 0 +5.356915292e-04 +1.320705357e+02 +1.320705357e+02
2539 0 +2.542383369e-04 +1.320702542e+02 +1.320702542e+02
2580 0 +2.218581160e-04 +1.320702219e+02 +1.320702219e+02
2621 0 +1.643671249e-04 +1.320701644e+02 +1.320701644e+02
2662 0 +1.064482803e-04 +1.320701064e+02 +1.320701064e+02
2703 0 +8.254592947e-05 +1.320700825e+02 +1.320700825e+02
2744 0 +7.345685773e-05 +1.320700735e+02 +1.320700735e+02
2785 0 +6.366920690e-05 +1.320700637e+02 +1.320700637e+02
2826 0 +5.345341560e-05 +1.320700535e+02 +1.320700535e+02
2949 0 +4.699320343e-05 +1.320700470e+02 +1.320700470e+02
2990 0 +3.769335939e-05 +1.320700377e+02 +1.320700377e+02
3031 0 +3.415859442e-05 +1.320700342e+02 +1.320700342e+02
3072 0 +2.920375192e-05 +1.320700292e+02 +1.320700292e+02
3113 0 +2.462940563e-05 +1.320700246e+02 +1.320700246e+02
9436 0 +1.631811276e-05 +1.320700163e+02 +1.320700163e+02
9477 0 +4.188555295e-06 +1.320700042e+02 +1.320700042e+02
9559 0 +2.842430490e-06 +1.320700028e+02 +1.320700028e+02
9600 0 +2.174387987e-06 +1.320700022e+02 +1.320700022e+02
9641 0 +1.447569531e-06 +1.320700014e+02 +1.320700014e+02
9682 0 +1.022239161e-06 +1.320700010e+02 +1.320700010e+02
9764 0 +9.563366916e-07 +1.320700010e+02 +1.320700010e+02
51112 0 +8.113664478e-07 +1.320700008e+02 +1.320700008e+02
51153 0 +4.110995349e-07 +1.320700004e+02 +1.320700004e+02
51194 0 +3.120200063e-07 +1.320700003e+02 +1.320700003e+02
51235 0 +2.812949162e-07 +1.320700003e+02 +1.320700003e+02
51358 0 +2.494388980e-07 +1.320700002e+02 +1.320700002e+02
54139 0 +1.824430456e-07 +1.320700002e+02 +1.320700002e+02
54250 0 +1.625293180e-07 +1.320700002e+02 +1.320700002e+02
54270 0 +1.386333679e-07 +1.320700001e+02 +1.320700001e+02
54306 0 +1.247398131e-07 +1.320700001e+02 +1.320700001e+02
54387 0 +9.876455920e-08 +1.320700001e+02 +1.320700001e+02
54463 0 +8.325434919e-08 +1.320700001e+02 +1.320700001e+02
54509 0 +6.868333458e-08 +1.320700001e+02 +1.320700001e+02
54526 0 +6.074307635e-08 +1.320700001e+02 +1.320700001e+02
54541 0 +5.255219548e-08 +1.320700001e+02 +1.320700001e+02
54594 0 +4.981089319e-08 +1.320700000e+02 +1.320700000e+02
54645 0 +4.438101087e-08 +1.320700000e+02 +1.320700000e+02
54669 0 +3.612470323e-08 +1.320700000e+02 +1.320700000e+02
54694 0 +3.170143259e-08 +1.320700000e+02 +1.320700000e+02
54708 0 +3.004004157e-08 +1.320700000e+02 +1.320700000e+02
54754 0 +2.791725251e-08 +1.320700000e+02 +1.320700000e+02
54759 0 +2.297531410e-08 +1.320700000e+02 +1.320700000e+02
54772 0 +2.167320190e-08 +1.320700000e+02 +1.320700000e+02
54950 0 +1.983582365e-08 +1.320700000e+02 +1.320700000e+02
54970 0 +1.622356649e-08 +1.320700000e+02 +1.320700000e+02
54976 0 +1.516420411e-08 +1.320700000e+02 +1.320700000e+02
54992 0 +1.412468009e-08 +1.320700000e+02 +1.320700000e+02
55009 0 +1.222298351e-08 +1.320700000e+02 +1.320700000e+02
55015 0 +8.438604482e-09 +1.320700000e+02 +1.320700000e+02
62104 0 +9.663381206e-13 +1.320700000e+02 +1.320700000e+02
400898 0 +2.842170943e-14 +1.320700000e+02 +1.320700000e+02
% f evaluations | g evaluations | best noise-free fitness - Fopt (9.725000000000e+01) + sum g_i+ | measured fitness | best measured fitness or single-digit g-values | x1 | x2...
1 0 +8.987125239e+06 +8.987222489e+06 +8.987222489e+06
2 0 +2.589186508e+05 +2.590159008e+05 +2.590159008e+05
3 0 +1.954131597e+05 +1.955104097e+05 +1.955104097e+05
4 0 +1.586996442e+04 +1.596721442e+04 +1.596721442e+04
7 0 +3.838815164e+03 +3.936065164e+03 +3.936065164e+03
37 0 +3.282048526e+02 +4.254548526e+02 +4.254548526e+02
110 0 +3.111092576e+02 +4.083592576e+02 +4.083592576e+02
1965 0 +2.274069193e+02 +3.246569193e+02 +3.246569193e+02
2006 0 +3.872506789e+01 +1.359750679e+02 +1.359750679e+02
2047 0 +8.428550968e+00 +1.056785510e+02 +1.056785510e+02
2088 0 +1.837771932e+00 +9.908777193e+01 +9.908777193e+01
2129 0 +8.186947774e-01 +9.806869478e+01 +9.806869478e+01
2170 0 +1.169693184e-01 +9.736696932e+01 +9.736696932e+01
2211 0 +2.474342927e-02 +9.727474343e+01 +9.727474343e+01
2252 0 +1.303949291e-02 +9.726303949e+01 +9.726303949e+01
2334 0 +4.274055658e-03 +9.725427406e+01 +9.725427406e+01
2375 0 +1.988064154e-03 +9.725198806e+01 +9.725198806e+01
2416 0 +3.546222170e-04 +9.725035462e+01 +9.725035462e+01
2457 0 +1.257000105e-04 +9.725012570e+01 +9.725012570e+01
2498 0 +2.606579791e-05 +9.725002607e+01 +9.725002607e+01
2580 0 +9.635446048e-06 +9.725000964e+01 +9.725000964e+01
2621 0 +8.111321947e-06 +9.725000811e+01 +9.725000811e+01
2662 0 +7.189660636e-06 +9.725000719e+01 +9.725000719e+01
2703 0 +6.207978046e-06 +9.725000621e+01 +9.725000621e+01
24611 0 +4.705731257e-06 +9.725000471e+01 +9.725000471e+01
24693 0 +3.782356416e-06 +9.725000378e+01 +9.725000378e+01
24734 0 +2.736287158e-06 +9.725000274e+01 +9.725000274e+01
24775 0 +1.742598229e-06 +9.725000174e+01 +9.725000174e+01
24857 0 +1.499868475e-06 +9.725000150e+01 +9.725000150e+01
24898 0 +1.245058598e-06 +9.725000125e+01 +9.725000125e+01
24939 0 +9.132187841e-07 +9.725000091e+01 +9.725000091e+01
24980 0 +6.155111976e-07 +9.725000062e+01 +9.725000062e+01
25021 0 +5.403314560e-07 +9.725000054e+01 +9.725000054e+01
41341 0 +4.977516284e-07 +9.725000050e+01 +9.725000050e+01
41451 0 +4.241057496e-07 +9.725000042e+01 +9.725000042e+01
41538 0 +3.638175912e-07 +9.725000036e+01 +9.725000036e+01
41545 0 +2.702661845e-07 +9.725000027e+01 +9.725000027e+01
41607 0 +2.244327248e-07 +9.725000022e+01 +9.725000022e+01
41666 0 +1.942651409e-07 +9.725000019e+01 +9.725000019e+01
41709 0 +1.722310827e-07 +9.725000017e+01 +9.725000017e+01
41746 0 +1.529090241e-07 +9.725000015e+01 +9.725000015e+01
41791 0 +1.406499450e-07 +9.725000014e+01 +9.725000014e+01
41795 0 +1.201298403e-07 +9.725000012e+01 +9.725000012e+01
41798 0 +1.067677715e-07 +9.725000011e+01 +9.725000011e+01
41905 0 +9.042679494e-08 +9.725000009e+01 +9.725000009e+01
41953 0 +8.402757601e-08 +9.725000008e+01 +9.725000008e+01
41955 0 +7.708906935e-08 +9.725000008e+01 +9.725000008e+01
42015 0 +6.851468015e-08 +9.725000007e+01 +9.725000007e+01
42029 0 +5.976944806e-08 +9.725000006e+01 +9.725000006e+01
42050 0 +5.433636829e-08 +9.725000005e+01 +9.725000005e+01
42061 0 +4.477480786e-08 +9.725000004e+01 +9.725000004e+01
42124 0 +4.168144585e-08 +9.725000004e+01 +9.725000004e+01
42137 0 +3.494166378e-08 +9.725000003e+01 +9.725000003e+01
42209 0 +3.027300011e-08 +9.725000003e+01 +9.725000003e+01
42264 0 +2.182804337e-08 +9.725000002e+01 +9.725000002e+01
42319 0 +1.968648178e-08 +9.725000002e+01 +9.725000002e+01
42337 0 +1.367372704e-08 +9.725000001e+01 +9.725000001e+01
42402 0 +1.170782582e-08 +9.725000001e+01 +9.725000001e+01
42404 0 +9.582905136e-09 +9.725000001e+01 +9.725000001e+01
47145 0 +9.379164112e-13 +9.725000000e+01 +9.725000000e+01
402022 0 +1.421085472e-14 +9.725000000e+01 +9.725000000e+01
% f evaluations | g evaluations | best noise-free fitness - Fopt (-2.033000000000e+01) + sum g_i+ | measured fitness | best measured fitness or single-digit g-values | x1 | x2...
1 0 +6.320536187e+06 +6.320515857e+06 +6.320515857e+06
2 0 +2.367183980e+05 +2.366980680e+05 +2.366980680e+05
3 0 +3.558369212e+04 +3.556336212e+04 +3.556336212e+04
7 0 +2.284368293e+04 +2.282335293e+04 +2.282335293e+04
14 0 +1.232379074e+03 +1.212049074e+03 +1.212049074e+03
44 0 +4.003207670e+02 +3.799907670e+02 +3.799907670e+02
1617 0 +3.966469418e+02 +3.763169418e+02 +3.763169418e+02
2047 0 +1.614076555e+02 +1.410776555e+02 +1.410776555e+02
2088 0 +6.758061602e+01 +4.725061602e+01 +4.725061602e+01
2129 0 +4.489536070e+01 +2.456536070e+01 +2.456536070e+01
6467 0 +1.292006192e+01 -7.409938076e+00 -7.409938076e+00
6508 0 +9.465418768e+00 -1.086458123e+01 -1.086458123e+01
6549 0 +6.660345399e+00 -1.366965460e+01 -1.366965460e+01
6590 0 +5.280100150e+00 -1.504989985e+01 -1.504989985e+01
6631 0 +3.692797793e+00 -1.663720221e+01 -1.663720221e+01
6672 0 +2.019052641e+00 -1.831094736e+01 -1.831094736e+01
6713 0 +3.567353132e-01 -1.997326469e+01 -1.997326469e+01
6754 0 +2.240866368e-01 -2.010591336e+01 -2.010591336e+01
6795 0 +1.119648980e-01 -2.021803510e+01 -2.021803510e+01
6836 0 +5.515471714e-02 -2.027484528e+01 -2.027484528e+01
6877 0 +4.285614724e-02 -2.028714385e+01 -2.028714385e+01
6918 0 +2.274497460e-02 -2.030725503e+01 -2.030725503e+01
6959 0 +1.548882926e-02 -2.031451117e+01 -2.031451117e+01
7000 0 +8.558376275e-03 -2.032144162e+01 -2.032144162e+01
7082 0 +6.027872058e-03 -2.032397213e+01 -2.032397213e+01
7123 0 +3.350038841e-03 -2.032664996e+01 -2.032664996e+01
7164 0 +2.255251235e-03 -2.032774475e+01 -2.032774475e+01
7205 0 +1.941682127e-03 -2.032805832e+01 -2.032805832e+01
7246 0 +1.771698846e-03 -2.032822830e+01 -2.032822830e+01
7287 0 +1.386940335e-03 -2.032861306e+01 -2.032861306e+01
7410 0 +1.084572047e-03 -2.032891543e+01 -2.032891543e+01
7451 0 +6.563241694e-04 -2.032934368e+01 -2.032934368e+01
7492 0 +3.275408276e-04 -2.032967246e+01 -2.032967246e+01
7533 0 +1.540268467e-04 -2.032984597e+01 -2.032984597e+01
7574 0 +5.915314881e-05 -2.032994085e+01 -2.032994085e+01
7615 0 +2.694806514e-05 -2.032997305e+01 -2.032997305e+01
7656 0 +1.454522715e-05 -2.032998545e+01 -2.032998545e+01
7697 0 +4.240948332e-06 -2.032999576e+01 -2.032999576e+01
7779 0 +3.608115090e-06 -2.032999639e+01 -2.032999639e+01
7820 0 +1.989930645e-06 -2.032999801e+01 -2.032999801e+01
7861 0 +8.836106247e-07 -2.032999912e+01 -2.032999912e+01
7902 0 +5.882189349e-07 -2.032999941e+01 -2.032999941e+01
7943 0 +2.976951592e-07 -2.032999970e+01 -2.032999970e+01
7988 0 +2.818371136e-07 -2.032999972e+01 -2.032999972e+01
8107 0 +2.163516193e-07 -2.032999978e+01 -2.032999978e+01
8148 0 +1.817515596e-07 -2.032999982e+01 -2.032999982e+01
8189 0 +1.229988378e-07 -2.032999988e+01 -2.032999988e+01
45550 0 +1.087978383e-07 -2.032999989e+01 -2.032999989e+01
45629 0 +9.119834132e-08 -2.032999991e+01 -2.032999991e+01
45637 0 +8.885245606e-08 -2.032999991e+01 -2.032999991e+01
45640 0 +7.518268674e-08 -2.032999992e+01 -2.032999992e+01
45652 0 +6.860585344e-08 -2.032999993e+01 -2.032999993e+01
45702 0 +5.958642291e-08 -2.032999994e+01 -2.032999994e+01
45716 0 +5.477084741e-08 -2.032999995e+01 -2.032999995e+01
45798 0 +4.378155793e-08 -2.032999996e+01 -2.032999996e+01
45816 0 +3.888167655e-08 -2.032999996e+01 -2.032999996e+01
45854 0 +3.503659229e-08 -2.032999996e+01 -2.032999996e+01
45855 0 +3.099138723e-08 -2.032999997e+01 -2.032999997e+01
45986 0 +2.517212039e-08 -2.032999997e+01 -2.032999997e+01
46034 0 +2.162904877e-08 -2.032999998e+01 -2.032999998e+01
46065 0 +1.810143502e-08 -2.032999998e+01 -2.032999998e+01
46098 0 +1.673588201e-08 -2.032999998e+01 -2.032999998e+01
46194 0 +1.425255647e-08 -2.032999999e+01 -2.032999999e+01
46230 0 +1.003543559e-08 -2.032999999e+01 -2.032999999e+01
46261 0 +9.858730721e-09 -2.032999999e+01 -2.032999999e+01
51295 0 +9.450218386e-13 -2.033000000e+01 -2.033000000e+01
400009 0 +3.552713679e-15 -2.033000000e+01 -2.033000000e+01
% f evaluations | g evaluations | best noise-free fitness - Fopt (9.431000000000e+01) + sum g_i+ | measured fitness | best measured fitness or single-digit g-values | x1 | x2...
1 0 +5.761821297e+05 +5.762764397e+05 +5.762764397e+05
4 0 +4.851073685e+04 +4.860504685e+04 +4.860504685e+04
21 0 +2.796427529e+04 +2.805858529e+04 +2.805858529e+04
26 0 +2.340114022e+03 +2.434424022e+03 +2.434424022e+03
48 0 +2.004860794e+03 +2.099170794e+03 +2.099170794e+03
101 0 +1.179358267e+03 +1.273668267e+03 +1.273668267e+03
145 0 +3.318933440e+02 +4.262033440e+02 +4.262033440e+02
1924 0 +2.641270086e+02 +3.584370086e+02 +3.584370086e+02
1965 0 +3.281186543e+01 +1.271218654e+02 +1.271218654e+02
2006 0 +4.716894129e+00 +9.902689413e+01 +9.902689413e+01
2047 0 +1.311348622e+00 +9.562134862e+01 +9.562134862e+01
2088 0 +4.492606732e-01 +9.475926067e+01 +9.475926067e+01
2129 0 +8.128610952e-02 +9.439128611e+01 +9.439128611e+01
2170 0 +1.624991384e-02 +9.432624991e+01 +9.432624991e+01
2211 0 +6.576067554e-03 +9.431657607e+01 +9.431657607e+01
2252 0 +2.130600063e-03 +9.431213060e+01 +9.431213060e+01
2293 0 +9.103599130e-04 +9.431091036e+01 +9.431091036e+01
2334 0 +2.921399239e-04 +9.431029214e+01 +9.431029214e+01
2375 0 +7.135062133e-05 +9.431007135e+01 +9.431007135e+01
2416 0 +5.040776774e-05 +9.431005041e+01 +9.431005041e+01
2457 0 +3.513880053e-05 +9.431003514e+01 +9.431003514e+01
2498 0 +1.493678047e-05 +9.431001494e+01 +9.431001494e+01
2580 0 +1.410698849e-05 +9.431001411e+01 +9.431001411e+01
2662 0 +1.209530170e-05 +9.431001210e+01 +9.431001210e+01
2744 0 +1.107565154e-05 +9.431001108e+01 +9.431001108e+01
2908 0 +9.800033951e-06 +9.431000980e+01 +9.431000980e+01
2990 0 +8.828831369e-06 +9.431000883e+01 +9.431000883e+01
15123 0 +7.389901242e-06 +9.431000739e+01 +9.431000739e+01
15246 0 +6.844371981e-06 +9.431000684e+01 +9.431000684e+01
15287 0 +6.257442706e-06 +9.431000626e+01 +9.431000626e+01
15697 0 +5.586842136e-06 +9.431000559e+01 +9.431000559e+01
20626 0 +2.929770758e-06 +9.431000293e+01 +9.431000293e+01
20667 0 +1.689695466e-06 +9.431000169e+01 +9.431000169e+01
20708 0 +9.273908290e-07 +9.431000093e+01 +9.431000093e+01
20749 0 +6.379329704e-07 +9.431000064e+01 +9.431000064e+01
20790 0 +6.270439741e-07 +9.431000063e+01 +9.431000063e+01
20913 0 +5.312449503e-07 +9.431000053e+01 +9.431000053e+01
20954 0 +4.756826684e-07 +9.431000048e+01 +9.431000048e+01
20995 0 +4.032477676e-07 +9.431000040e+01 +9.431000040e+01
21036 0 +3.787396707e-07 +9.431000038e+01 +9.431000038e+01
21077 0 +2.853436030e-07 +9.431000029e+01 +9.431000029e+01
21118 0 +2.433039299e-07 +9.431000024e+01 +9.431000024e+01
42604 0 +2.198783875e-07 +9.431000022e+01 +9.431000022e+01
42730 0 +1.966168810e-07 +9.431000020e+01 +9.431000020e+01
42829 0 +1.709325659e-07 +9.431000017e+01 +9.431000017e+01
42843 0 +1.294991705e-07 +9.431000013e+01 +9.431000013e+01
43212 0 +1.235206213e-07 +9.431000012e+01 +9.431000012e+01
43294 0 +1.025095884e-07 +9.431000010e+01 +9.431000010e+01
43335 0 +7.489042275e-08 +9.431000007e+01 +9.431000007e+01
43376 0 +4.456475722e-08 +9.431000004e+01 +9.431000004e+01
43417 0 +3.079401267e-08 +9.431000003e+01 +9.431000003e+01
43458 0 +2.380984654e-08 +9.431000002e+01 +9.431000002e+01
43499 0 +1.347684986e-08 +9.431000001e+01 +9.431000001e+01
43540 0 +1.009647121e-08 +9.431000001e+01 +9.431000001e+01
43622 0 +9.981860671e-09 +9.431000001e+01 +9.431000001e+01
51920 0 +9.663381206e-13 +9.431000000e+01 +9.431000000e+01
400009 0 +1.421085472e-14 +9.431000000e+01 +9.431000000e+01
% f evaluations | g evaluations | best noise-free fitness - Fopt (-1.436900000000e+02) + sum g_i+ | measured fitness | best measured fitness or single-digit g-values | x1 | x2...
1 0 +3.051057002e+05 +3.049620102e+05 +3.049620102e+05
13 0 +9.488016240e+04 +9.473647240e+04 +9.473647240e+04
20 0 +1.953084553e+04 +1.938715553e+04 +1.938715553e+04
48 0 +1.239368737e+03 +1.095678737e+03 +1.095678737e+03
56 0 +5.798808523e+02 +4.361908523e+02 +4.361908523e+02
65 0 +2.859643600e+02 +1.422743600e+02 +1.422743600e+02
993 0 +2.763862742e+02 +1.326962742e+02 +1.326962742e+02
2047 0 +1.569839012e+02 +1.329390119e+01 +1.329390119e+01
2088 0 +4.553775340e+01 -9.815224660e+01 -9.815224660e+01
2129 0 +1.794260129e+01 -1.257473987e+02 -1.257473987e+02
2170 0 +5.306565612e+00 -1.383834344e+02 -1.383834344e+02
2211 0 +6.828445317e-01 -1.430071555e+02 -1.430071555e+02
2252 0 +3.341724803e-01 -1.433558275e+02 -1.433558275e+02
2293 0 +3.516632772e-02 -1.436548337e+02 -1.436548337e+02
2334 0 +5.433785201e-03 -1.436845662e+02 -1.436845662e+02
2375 0 +1.909136521e-03 -1.436880909e+02 -1.436880909e+02
2416 0 +6.562567127e-04 -1.436893437e+02 -1.436893437e+02
2457 0 +1.292905412e-04 -1.436898707e+02 -1.436898707e+02
2498 0 +4.613405525e-05 -1.436899539e+02 -1.436899539e+02
2539 0 +3.119460268e-05 -1.436899688e+02 -1.436899688e+02
2785 0 +2.730244651e-05 -1.436899727e+02 -1.436899727e+02
2826 0 +2.400281721e-05 -1.436899760e+02 -1.436899760e+02
2908 0 +2.220370595e-05 -1.436899778e+02 -1.436899778e+02
8288 0 +1.867451613e-05 -1.436899813e+02 -1.436899813e+02
8329 0 +1.761395694e-05 -1.436899824e+02 -1.436899824e+02
25821 0 +1.151999410e-05 -1.436899885e+02 -1.436899885e+02
41715 0 +6.569919805e-06 -1.436899934e+02 -1.436899934e+02
41756 0 +4.445151149e-06 -1.436899956e+02 -1.436899956e+02
41797 0 +3.407102724e-06 -1.436899966e+02 -1.436899966e+02
41838 0 +3.154490628e-06 -1.436899968e+02 -1.436899968e+02
46889 0 +2.294723572e-06 -1.436899977e+02 -1.436899977e+02
46930 0 +2.034232921e-06 -1.436899980e+02 -1.436899980e+02
46971 0 +1.895716110e-06 -1.436899981e+02 -1.436899981e+02
47012 0 +1.729480545e-06 -1.436899983e+02 -1.436899983e+02
47094 0 +1.517819442e-06 -1.436899985e+02 -1.436899985e+02
47135 0 +1.047248190e-06 -1.436899990e+02 -1.436899990e+02
47176 0 +5.134560581e-07 -1.436899995e+02 -1.436899995e+02
47217 0 +3.528193133e-07 -1.436899996e+02 -1.436899996e+02
47258 0 +2.832047699e-07 -1.436899997e+02 -1.436899997e+02
47280 0 +2.816219649e-07 -1.436899997e+02 -1.436899997e+02
47299 0 +2.317238454e-07 -1.436899998e+02 -1.436899998e+02
47340 0 +2.177412171e-07 -1.436899998e+02 -1.436899998e+02
47381 0 +1.935772502e-07 -1.436899998e+02 -1.436899998e+02
51900 0 +1.488460555e-07 -1.436899999e+02 -1.436899999e+02
51982 0 +7.408075930e-08 -1.436899999e+02 -1.436899999e+02
52023 0 +6.278486353e-08 -1.436899999e+02 -1.436899999e+02
52146 0 +4.685679755e-08 -1.436900000e+02 -1.436900000e+02
52187 0 +4.244498086e-08 -1.436900000e+02 -1.436900000e+02
54571 0 +3.788588288e-08 -1.436900000e+02 -1.436900000e+02
54595 0 +2.695182388e-08 -1.436900000e+02 -1.436900000e+02
54690 0 +2.426378387e-08 -1.436900000e+02 -1.436900000e+02
54723 0 +1.887858048e-08 -1.436900000e+02 -1.436900000e+02
54759 0 +1.653990012e-08 -1.436900000e+02 -1.436900000e+02
54775 0 +1.432493946e-08 -1.436900000e+02 -1.436900000e+02
54832 0 +1.265465244e-08 -1.436900000e+02 -1.436900000e+02
54848 0 +1.012710982e-08 -1.436900000e+02 -1.436900000e+02
54859 0 +8.346006553e-09 -1.436900000e+02 -1.436900000e+02
59264 0 +9.094947018e-13 -1.436900000e+02 -1.436900000e+02
400988 0 +2.842170943e-14 -1.436900000e+02 -1.436900000e+02
% f evaluations | g evaluations | best noise-free fitness - Fopt (-3.533800000000e+02) + sum g_i+ | measured fitness | best measured fitness or single-digit g-values | x1 | x2...
1 0 +1.076425219e+05 +1.072891419e+05 +1.072891419e+05
5 0 +1.369148777e+04 +1.333810777e+04 +1.333810777e+04
19 0 +3.036439233e+03 +2.683059233e+03 +2.683059233e+03
37 0 +5.689135949e+02 +2.155335949e+02 +2.155335949e+02
102 0 +2.998862996e+02 -5.349370044e+01 -5.349370044e+01
2006 0 +1.943110422e+02 -1.590689578e+02 -1.590689578e+02
2047 0 +1.748939646e+01 -3.358906035e+02 -3.358906035e+02
2088 0 +1.053159819e+01 -3.428484018e+02 -3.428484018e+02
2129 0 +6.310456722e+00 -3.470695433e+02 -3.470695433e+02
2170 0 +3.559466695e+00 -3.498205333e+02 -3.498205333e+02
2211 0 +3.090732514e+00 -3.502892675e+02 -3.502892675e+02
2252 0 +2.194736004e+00 -3.511852640e+02 -3.511852640e+02
2293 0 +8.315417119e-01 -3.525484583e+02 -3.525484583e+02
2334 0 +3.229974114e-01 -3.530570026e+02 -3.530570026e+02
2375 0 +8.100327732e-02 -3.532989967e+02 -3.532989967e+02
2416 0 +2.522627114e-02 -3.533547737e+02 -3.533547737e+02
2457 0 +1.199708675e-02 -3.533680029e+02 -3.533680029e+02
2498 0 +6.922442156e-03 -3.533730776e+02 -3.533730776e+02
2539 0 +3.638700821e-03 -3.533763613e+02 -3.533763613e+02
2621 0 +2.033413394e-03 -3.533779666e+02 -3.533779666e+02
2662 0 +1.480357958e-03 -3.533785196e+02 -3.533785196e+02
2703 0 +1.167021003e-03 -3.533788330e+02 -3.533788330e+02
2744 0 +9.950044791e-04 -3.533790050e+02 -3.533790050e+02
2826 0 +8.241424390e-04 -3.533791759e+02 -3.533791759e+02
2908 0 +5.913181833e-04 -3.533794087e+02 -3.533794087e+02
2949 0 +4.567633222e-04 -3.533795432e+02 -3.533795432e+02
2990 0 +2.640703516e-04 -3.533797359e+02 -3.533797359e+02
3031 0 +1.444818396e-04 -3.533798555e+02 -3.533798555e+02
3072 0 +5.401168352e-05 -3.533799460e+02 -3.533799460e+02
3113 0 +2.641494928e-05 -3.533799736e+02 -3.533799736e+02
3154 0 +1.244597649e-05 -3.533799876e+02 -3.533799876e+02
3236 0 +1.020708282e-05 -3.533799898e+02 -3.533799898e+02
3277 0 +7.753508839e-06 -3.533799922e+02 -3.533799922e+02
3318 0 +6.530383246e-06 -3.533799935e+02 -3.533799935e+02
28524 0 +6.114712789e-06 -3.533799939e+02 -3.533799939e+02
28565 0 +5.390806507e-06 -3.533799946e+02 -3.533799946e+02
28688 0 +4.959875810e-06 -3.533799950e+02 -3.533799950e+02
29303 0 +4.457420687e-06 -3.533799955e+02 -3.533799955e+02
44376 0 +2.762075383e-06 -3.533799972e+02 -3.533799972e+02
44417 0 +1.649271155e-06 -3.533799984e+02 -3.533799984e+02
44458 0 +1.402589817e-06 -3.533799986e+02 -3.533799986e+02
44499 0 +5.313366955e-07 -3.533799995e+02 -3.533799995e+02
44540 0 +4.390662980e-07 -3.533799996e+02 -3.533799996e+02
44581 0 +3.052214765e-07 -3.533799997e+02 -3.533799997e+02
44622 0 +1.785032850e-07 -3.533799998e+02 -3.533799998e+02
44704 0 +1.513338930e-07 -3.533799998e+02 -3.533799998e+02
44745 0 +1.296298251e-07 -3.533799999e+02 -3.533799999e+02
44786 0 +1.155784730e-07 -3.533799999e+02 -3.533799999e+02
44827 0 +1.117074930e-07 -3.533799999e+02 -3.533799999e+02
50588 0 +9.249612276e-08 -3.533799999e+02 -3.533799999e+02
50590 0 +8.786628314e-08 -3.533799999e+02 -3.533799999e+02
50650 0 +6.187866575e-08 -3.533799999e+02 -3.533799999e+02
50690 0 +5.529932423e-08 -3.533799999e+02 -3.533799999e+02
50733 0 +4.832446621e-08 -3.533800000e+02 -3.533800000e+02
50783 0 +4.367291240e-08 -3.533800000e+02 -3.533800000e+02
50805 0 +3.804598236e-08 -3.533800000e+02 -3.533800000e+02
50813 0 +2.764045348e-08 -3.533800000e+02 -3.533800000e+02
50893 0 +2.170389735e-08 -3.533800000e+02 -3.533800000e+02
50984 0 +1.961916496e-08 -3.533800000e+02 -3.533800000e+02
51017 0 +1.746769840e-08 -3.533800000e+02 -3.533800000e+02
51073 0 +1.457135568e-08 -3.533800000e+02 -3.533800000e+02
51074 0 +1.172026032e-08 -3.533800000e+02 -3.533800000e+02
51102 0 +9.000359569e-09 -3.533800000e+02 -3.533800000e+02
55219 0 +9.094947018e-13 -3.533800000e+02 -3.533800000e+02
401355 0 +5.684341886e-14 -3.533800000e+02 -3.533800000e+02
% f evaluations | g evaluations | best noise-free fitness - Fopt (-2.910000000000e+00) + sum g_i+ | measured fitness | best measured fitness or single-digit g-values | x1 | x2...
1 0 +2.108410296e+06 +2.108407386e+06 +2.108407386e+06
2 0 +2.004303825e+06 +2.004300915e+06 +2.004300915e+06
3 0 +1.908781875e+06 +1.908778965e+06 +1.908778965e+06
4 0 +1.254177284e+06 +1.254174374e+06 +1.254174374e+06
6 0 +4.308307687e+05 +4.308278587e+05 +4.308278587e+05
25 0 +3.651751251e+05 +3.651722151e+05 +3.651722151e+05
30 0 +3.940912257e+04 +3.940621257e+04 +3.940621257e+04
37 0 +1.747017197e+04 +1.746726197e+04 +1.746726197e+04
45 0 +4.223680162e+03 +4.220770162e+03 +4.220770162e+03
82 0 +5.315071763e+02 +5.285971763e+02 +5.285971763e+02
87 0 +2.713651862e+02 +2.684551862e+02 +2.684551862e+02
101 0 +2.184915466e+02 +2.155815466e+02 +2.155815466e+02
1965 0 +1.586697075e+02 +1.557597075e+02 +1.557597075e+02
2006 0 +6.559911697e+00 +3.649911697e+00 +3.649911697e+00
2047 0 +2.722677883e+00 -1.873221174e-01 -1.873221174e-01
2088 0 +7.000043215e-01 -2.209995679e+00 -2.209995679e+00
2129 0 +2.437771962e-01 -2.666222804e+00 -2.666222804e+00
2170 0 +8.891919058e-02 -2.821080809e+00 -2.821080809e+00
2211 0 +3.304034977e-02 -2.876959650e+00 -2.876959650e+00
2293 0 +1.429977496e-02 -2.895700225e+00 -2.895700225e+00
2334 0 +5.424453733e-03 -2.904575546e+00 -2.904575546e+00
2375 0 +1.632692179e-03 -2.908367308e+00 -2.908367308e+00
2416 0 +8.376183503e-04 -2.909162382e+00 -2.909162382e+00
2498 0 +4.723426670e-04 -2.909527657e+00 -2.909527657e+00
2580 0 +3.335990233e-04 -2.909666401e+00 -2.909666401e+00
2621 0 +1.399348264e-04 -2.909860065e+00 -2.909860065e+00
2662 0 +6.679741869e-05 -2.909933203e+00 -2.909933203e+00
2703 0 +3.755931169e-05 -2.909962441e+00 -2.909962441e+00
2744 0 +1.246029821e-05 -2.909987540e+00 -2.909987540e+00
2826 0 +8.921756694e-06 -2.909991078e+00 -2.909991078e+00
7714 0 +3.965644062e-06 -2.909996034e+00 -2.909996034e+00
7796 0 +2.527999141e-06 -2.909997472e+00 -2.909997472e+00
18925 0 +1.653834945e-06 -2.909998346e+00 -2.909998346e+00
18966 0 +4.900337491e-07 -2.909999510e+00 -2.909999510e+00
19048 0 +3.594875571e-07 -2.909999641e+00 -2.909999641e+00
19089 0 +3.432437521e-07 -2.909999657e+00 -2.909999657e+00
51729 0 +3.147100438e-07 -2.909999685e+00 -2.909999685e+00
51770 0 +2.749523471e-07 -2.909999725e+00 -2.909999725e+00
52016 0 +2.506907864e-07 -2.909999749e+00 -2.909999749e+00
52303 0 +2.196545728e-07 -2.909999780e+00 -2.909999780e+00
59741 0 +1.778760441e-07 -2.909999822e+00 -2.909999822e+00
59798 0 +1.641879406e-07 -2.909999836e+00 -2.909999836e+00
59808 0 +1.551846149e-07 -2.909999845e+00 -2.909999845e+00
59873 0 +1.244646222e-07 -2.909999876e+00 -2.909999876e+00
59900 0 +9.826993930e-08 -2.909999902e+00 -2.909999902e+00
59948 0 +7.754516140e-08 -2.909999922e+00 -2.909999922e+00
59963 0 +5.950381698e-08 -2.909999940e+00 -2.909999940e+00
60082 0 +5.421396176e-08 -2.909999946e+00 -2.909999946e+00
60130 0 +4.537063436e-08 -2.909999955e+00 -2.909999955e+00
60143 0 +3.781547653e-08 -2.909999962e+00 -2.909999962e+00
60218 0 +2.740578386e-08 -2.909999973e+00 -2.909999973e+00
60279 0 +2.507276120e-08 -2.909999975e+00 -2.909999975e+00
60292 0 +2.233691188e-08 -2.909999978e+00 -2.909999978e+00
60353 0 +1.666321969e-08 -2.909999983e+00 -2.909999983e+00
60372 0 +1.540712047e-08 -2.909999985e+00 -2.909999985e+00
60411 0 +1.348215806e-08 -2.909999987e+00 -2.909999987e+00
60455 0 +1.239556591e-08 -2.909999988e+00 -2.909999988e+00
60548 0 +1.048408560e-08 -2.909999990e+00 -2.909999990e+00
60552 0 +9.063595652e-09 -2.909999991e+00 -2.909999991e+00
66837 0 +9.872103135e-13 -2.910000000e+00 -2.910000000e+00
400000 0 +4.440892099e-16 -2.910000000e+00 -2.910000000e+00
% f evaluations | g evaluations | best noise-free fitness - Fopt (-2.970000000000e+00) + sum g_i+ | measured fitness | best measured fitness or single-digit g-values | x1 | x2...
1 0 +2.629538868e+07 +2.629538571e+07 +2.629538571e+07
2 0 +1.553757254e+07 +1.553756957e+07 +1.553756957e+07
3 0 +2.163913150e+06 +2.163910180e+06 +2.163910180e+06
30 0 +3.758507130e+05 +3.758477430e+05 +3.758477430e+05
40 0 +1.557461884e+04 +1.557164884e+04 +1.557164884e+04
62 0 +4.089850057e+03 +4.086880057e+03 +4.086880057e+03
86 0 +2.750156657e+02 +2.720456657e+02 +2.720456657e+02
3970 0 +2.499036819e+02 +2.469336819e+02 +2.469336819e+02
4011 0 +2.352053441e+01 +2.055053441e+01 +2.055053441e+01
4052 0 +3.183382071e+00 +2.133820706e-01 +2.133820706e-01
4093 0 +1.508526373e+00 -1.461473627e+00 -1.461473627e+00
4134 0 +3.164783329e-01 -2.653521667e+00 -2.653521667e+00
4175 0 +6.456122002e-02 -2.905438780e+00 -2.905438780e+00
4216 0 +8.260331688e-03 -2.961739668e+00 -2.961739668e+00
4257 0 +4.428301797e-03 -2.965571698e+00 -2.965571698e+00
4298 0 +1.762720688e-03 -2.968237279e+00 -2.968237279e+00
4339 0 +5.697497769e-04 -2.969430250e+00 -2.969430250e+00
4380 0 +3.256679388e-04 -2.969674332e+00 -2.969674332e+00
4421 0 +1.912475751e-04 -2.969808752e+00 -2.969808752e+00
4462 0 +1.433355303e-04 -2.969856664e+00 -2.969856664e+00
4503 0 +8.492086841e-05 -2.969915079e+00 -2.969915079e+00
4544 0 +2.446193445e-05 -2.969975538e+00 -2.969975538e+00
4585 0 +1.562632243e-05 -2.969984374e+00 -2.969984374e+00
4626 0 +8.259289016e-06 -2.969991741e+00 -2.969991741e+00
4790 0 +4.975270490e-06 -2.969995025e+00 -2.969995025e+00
4831 0 +4.074455302e-06 -2.969995926e+00 -2.969995926e+00
4872 0 +3.504645767e-06 -2.969996495e+00 -2.969996495e+00
4913 0 +2.802495092e-06 -2.969997198e+00 -2.969997198e+00
4954 0 +2.109042595e-06 -2.969997891e+00 -2.969997891e+00
4995 0 +1.978000477e-06 -2.969998022e+00 -2.969998022e+00
5405 0 +1.777989931e-06 -2.969998222e+00 -2.969998222e+00
37961 0 +1.528392560e-06 -2.969998472e+00 -2.969998472e+00
38002 0 +1.346457749e-06 -2.969998654e+00 -2.969998654e+00
38043 0 +1.194931485e-06 -2.969998805e+00 -2.969998805e+00
38289 0 +1.118161855e-06 -2.969998882e+00 -2.969998882e+00
53240 0 +9.184098158e-07 -2.969999082e+00 -2.969999082e+00
53281 0 +5.971877077e-07 -2.969999403e+00 -2.969999403e+00
53322 0 +4.312064634e-07 -2.969999569e+00 -2.969999569e+00
53363 0 +3.352466540e-07 -2.969999665e+00 -2.969999665e+00
53404 0 +2.286760412e-07 -2.969999771e+00 -2.969999771e+00
53445 0 +1.782327632e-07 -2.969999822e+00 -2.969999822e+00
53485 0 +1.778269474e-07 -2.969999822e+00 -2.969999822e+00
53486 0 +1.342743468e-07 -2.969999866e+00 -2.969999866e+00
53527 0 +1.251352222e-07 -2.969999875e+00 -2.969999875e+00
53568 0 +1.091903252e-07 -2.969999891e+00 -2.969999891e+00
53609 0 +8.749075686e-08 -2.969999913e+00 -2.969999913e+00
53691 0 +7.063098684e-08 -2.969999929e+00 -2.969999929e+00
53732 0 +6.099632888e-08 -2.969999939e+00 -2.969999939e+00
53773 0 +5.615869192e-08 -2.969999944e+00 -2.969999944e+00
54060 0 +5.009697235e-08 -2.969999950e+00 -2.969999950e+00
54183 0 +4.424103661e-08 -2.969999956e+00 -2.969999956e+00
60513 0 +3.308458707e-08 -2.969999967e+00 -2.969999967e+00
60574 0 +3.092679179e-08 -2.969999969e+00 -2.969999969e+00
60598 0 +2.769294083e-08 -2.969999972e+00 -2.969999972e+00
60634 0 +2.454120374e-08 -2.969999975e+00 -2.969999975e+00
60646 0 +2.104492047e-08 -2.969999979e+00 -2.969999979e+00
60670 0 +1.899891533e-08 -2.969999981e+00 -2.969999981e+00
60730 0 +1.740898936e-08 -2.969999983e+00 -2.969999983e+00
60752 0 +1.143760864e-08 -2.969999989e+00 -2.969999989e+00
60827 0 +1.041596409e-08 -2.969999990e+00 -2.969999990e+00
60866 0 +4.693808897e-09 -2.969999995e+00 -2.969999995e+00
65077 0 +7.980283101e-13 -2.970000000e+00 -2.970000000e+00
400008 0 +4.440892099e-16 -2.970000000e+00 -2.970000000e+00
% f evaluations | g evaluations | best noise-free fitness - Fopt (2.996300000000e+02) + sum g_i+ | measured fitness | best measured fitness or single-digit g-values | x1 | x2...
1 0 +8.619367919e+05 +8.622364219e+05 +8.622364219e+05
20 0 +5.522493282e+04 +5.552456282e+04 +5.552456282e+04
34 0 +3.254009660e+02 +6.250309660e+02 +6.250309660e+02
1965 0 +2.408304751e+02 +5.404604751e+02 +5.404604751e+02
2006 0 +1.207407942e+01 +3.117040794e+02 +3.117040794e+02
2047 0 +4.731848774e+00 +3.043618488e+02 +3.043618488e+02
2088 0 +3.811058973e+00 +3.034410590e+02 +3.034410590e+02
2129 0 +2.382651522e+00 +3.020126515e+02 +3.020126515e+02
2170 0 +4.423555907e-01 +3.000723556e+02 +3.000723556e+02
2211 0 +1.142354438e-01 +2.997442354e+02 +2.997442354e+02
2252 0 +3.653438951e-02 +2.996665344e+02 +2.996665344e+02
2293 0 +1.426312974e-02 +2.996442631e+02 +2.996442631e+02
2334 0 +4.688314338e-03 +2.996346883e+02 +2.996346883e+02
2375 0 +9.513601253e-04 +2.996309514e+02 +2.996309514e+02
2416 0 +2.594233638e-04 +2.996302594e+02 +2.996302594e+02
2457 0 +6.685184309e-05 +2.996300669e+02 +2.996300669e+02
2498 0 +4.570477057e-05 +2.996300457e+02 +2.996300457e+02
2539 0 +2.117215922e-05 +2.996300212e+02 +2.996300212e+02
2580 0 +1.307618896e-05 +2.996300131e+02 +2.996300131e+02
2662 0 +1.220343989e-05 +2.996300122e+02 +2.996300122e+02
11085 0 +6.636714375e-06 +2.996300066e+02 +2.996300066e+02
25776 0 +6.038685513e-06 +2.996300060e+02 +2.996300060e+02
25899 0 +5.600250176e-06 +2.996300056e+02 +2.996300056e+02
30992 0 +4.337340101e-06 +2.996300043e+02 +2.996300043e+02
31033 0 +1.892142848e-06 +2.996300019e+02 +2.996300019e+02
31074 0 +8.023454825e-07 +2.996300008e+02 +2.996300008e+02
31115 0 +4.041681905e-07 +2.996300004e+02 +2.996300004e+02
31156 0 +2.876806207e-07 +2.996300003e+02 +2.996300003e+02
31197 0 +2.371817232e-07 +2.996300002e+02 +2.996300002e+02
31238 0 +2.047937073e-07 +2.996300002e+02 +2.996300002e+02
31279 0 +1.369315328e-07 +2.996300001e+02 +2.996300001e+02
31361 0 +8.314202660e-08 +2.996300001e+02 +2.996300001e+02
31531 0 +7.919999234e-08 +2.996300001e+02 +2.996300001e+02
31648 0 +5.999248742e-08 +2.996300001e+02 +2.996300001e+02
31689 0 +4.217037031e-08 +2.996300000e+02 +2.996300000e+02
31730 0 +3.461809683e-08 +2.996300000e+02 +2.996300000e+02
31771 0 +3.026929107e-08 +2.996300000e+02 +2.996300000e+02
32058 0 +2.814874733e-08 +2.996300000e+02 +2.996300000e+02
48238 0 +1.796939841e-08 +2.996300000e+02 +2.996300000e+02
48244 0 +1.774355951e-08 +2.996300000e+02 +2.996300000e+02
51003 0 +1.570526820e-08 +2.996300000e+02 +2.996300000e+02
51072 0 +1.396978178e-08 +2.996300000e+02 +2.996300000e+02
51092 0 +1.180478648e-08 +2.996300000e+02 +2.996300000e+02
51099 0 +1.114580073e-08 +2.996300000e+02 +2.996300000e+02
51124 0 +9.900702480e-09 +2.996300000e+02 +2.996300000e+02
55353 0 +9.663381206e-13 +2.996300000e+02 +2.996300000e+02
400006 0 +5.684341886e-14 +2.996300000e+02 +2.996300000e+02
