% f evaluations | g evaluations | best noise-free fitness - Fopt (-1.025500000000e+02) + sum g_i+ | measured fitness | best measured fitness or single-digit g-values | x1 | x2...
1 0 +7.048463853e+00 -9.550153615e+01 -9.550153615e+01
7 0 +6.710374956e+00 -9.583962504e+01 -9.583962504e+01
101 0 +5.187124294e+00 -9.736287571e+01 -9.736287571e+01
193 0 +2.898716162e+00 -9.965128384e+01 -9.965128384e+01
5873 0 +2.814775324e+00 -9.973522468e+01 -9.973522468e+01
6114 0 +2.499371567e+00 -1.000506284e+02 -1.000506284e+02
6186 0 +2.199375772e+00 -1.003506242e+02 -1.003506242e+02
6247 0 +1.966903373e+00 -1.005830966e+02 -1.005830966e+02
6821 0 +1.777034351e+00 -1.007729656e+02 -1.007729656e+02
7099 0 +1.553722927e+00 -1.009962771e+02 -1.009962771e+02
7263 0 +1.405833299e+00 -1.011441667e+02 -1.011441667e+02
7353 0 +1.241694418e+00 -1.013083056e+02 -1.013083056e+02
7618 0 +1.115038272e+00 -1.014349617e+02 -1.014349617e+02
7752 0 +9.999829269e-01 -1.015500171e+02 -1.015500171e+02
7846 0 +8.687758382e-01 -1.016812242e+02 -1.016812242e+02
9459 0 +7.942459844e-01 -1.017557540e+02 -1.017557540e+02
12407 0 +7.076282784e-01 -1.018423717e+02 -1.018423717e+02
100000 0 +6.475464824e-01 -1.019024535e+02 -1.019024535e+02
% f evaluations | g evaluations | best noise-free fitness - Fopt (7.169000000000e+01) + sum g_i+ | measured fitness | best measured fitness or single-digit g-values | x1 | x2...
1 0 +8.314944332e+00 +8.000494433e+01 +8.000494433e+01
4 0 +6.437072161e+00 +7.812707216e+01 +7.812707216e+01
11 0 +6.110624913e+00 +7.780062491e+01 +7.780062491e+01
61 0 +5.338377690e+00 +7.702837769e+01 +7.702837769e+01
126 0 +4.768343561e+00 +7.645834356e+01 +7.645834356e+01
344 0 +3.732015604e+00 +7.542201560e+01 +7.542201560e+01
362 0 +2.432912575e+00 +7.412291257e+01 +7.412291257e+01
2761 0 +2.176170641e+00 +7.386617064e+01 +7.386617064e+01
2906 0 +1.029117649e+00 +7.271911765e+01 +7.271911765e+01
3325 0 +9.485658614e-01 +7.263856586e+01 +7.263856586e+01
3336 0 +8.816433541e-01 +7.257164335e+01 +7.257164335e+01
3345 0 +7.891786846e-01 +7.247917868e+01 +7.247917868e+01
3372 0 +6.825363119e-01 +7.237253631e+01 +7.237253631e+01
3384 0 +6.195857972e-01 +7.230958580e+01 +7.230958580e+01
3415 0 +4.906954246e-01 +7.218069542e+01 +7.218069542e+01
3432 0 +3.959527452e-01 +7.208595275e+01 +7.208595275e+01
3541 0 +3.432014727e-01 +7.203320147e+01 +7.203320147e+01
100000 0 +3.263780618e-01 +7.201637806e+01 +7.201637806e+01
% f evaluations | g evaluations | best noise-free fitness - Fopt (2.140100000000e+02) + sum g_i+ | measured fitness | best measured fitness or single-digit g-values | x1 | x2...
1 0 +1.305761081e+01 +2.270676108e+02 +2.270676108e+02
3 0 +6.232897094e+00 +2.202428971e+02 +2.202428971e+02
8 0 +4.132256860e+00 +2.181422569e+02 +2.181422569e+02
555 0 +3.718727842e+00 +2.177287278e+02 +2.177287278e+02
950 0 +3.457331260e+00 +2.174673313e+02 +2.174673313e+02
3741 0 +2.943001077e+00 +2.169530011e+02 +2.169530011e+02
4790 0 +2.489512809e+00 +2.164995128e+02 +2.164995128e+02
6758 0 +2.131184799e+00 +2.161411848e+02 +2.161411848e+02
7045 0 +1.945595923e+00 +2.159555959e+02 +2.159555959e+02
7259 0 +1.481096097e+00 +2.154910961e+02 +2.154910961e+02
7351 0 +1.009745090e+00 +2.150197451e+02 +2.150197451e+02
8024 0 +8.678194818e-01 +2.148778195e+02 +2.148778195e+02
8459 0 +7.788106483e-01 +2.147888106e+02 +2.147888106e+02
8666 0 +6.873105133e-01 +2.146973105e+02 +2.146973105e+02
9125 0 +6.282543699e-01 +2.146382544e+02 +2.146382544e+02
9893 0 +5.619026604e-01 +2.145719027e+02 +2.145719027e+02
100000 0 +5.099311421e-01 +2.145199311e+02 +2.145199311e+02
% f evaluations | g evaluations | best noise-free fitness - Fopt (-5.848000000000e+01) + sum g_i+ | measured fitness | best measured fitness or single-digit g-values | x1 | x2...
1 0 +1.748687595e+01 -4.099312405e+01 -4.099312405e+01
2 0 +1.382487054e+01 -4.465512946e+01 -4.465512946e+01
3 0 +1.067950541e+01 -4.780049459e+01 -4.780049459e+01
15 0 +9.735720162e+00 -4.874427984e+01 -4.874427984e+01
17 0 +7.218393136e+00 -5.126160686e+01 -5.126160686e+01
18 0 +7.001797312e+00 -5.147820269e+01 -5.147820269e+01
34 0 +3.891393187e+00 -5.458860681e+01 -5.458860681e+01
742 0 +3.302383237e+00 -5.517761676e+01 -5.517761676e+01
1981 0 +2.976292579e+00 -5.550370742e+01 -5.550370742e+01
2238 0 +2.611114001e+00 -5.586888600e+01 -5.586888600e+01
3630 0 +2.149073298e+00 -5.633092670e+01 -5.633092670e+01
4095 0 +1.992760064e+00 -5.648723994e+01 -5.648723994e+01
4380 0 +1.441601243e+00 -5.703839876e+01 -5.703839876e+01
4585 0 +1.198882988e+00 -5.728111701e+01 -5.728111701e+01
4630 0 +1.098629528e+00 -5.738137047e+01 -5.738137047e+01
5435 0 +8.396382986e-01 -5.764036170e+01 -5.764036170e+01
5774 0 +7.094762322e-01 -5.777052377e+01 -5.777052377e+01
7389 0 +7.063579306e-01 -5.777364207e+01 -5.777364207e+01
7901 0 +6.299135477e-01 -5.785008645e+01 -5.785008645e+01
8272 0 +5.616927890e-01 -5.791830721e+01 -5.791830721e+01
100000 0 +5.056555497e-01 -5.797434445e+01 -5.797434445e+01
% f evaluations | g evaluations | best noise-free fitness - Fopt (-6.130800000000e+02) + sum g_i+ | measured fitness | best measured fitness or single-digit g-values | x1 | x2...
1 0 +1.163686597e+01 -6.014431340e+02 -6.014431340e+02
2 0 +7.536630636e+00 -6.055433694e+02 -6.055433694e+02
22 0 +6.983429912e+00 -6.060965701e+02 -6.060965701e+02
27 0 +3.480005400e+00 -6.095999946e+02 -6.095999946e+02
841 0 +2.897514121e+00 -6.101824859e+02 -6.101824859e+02
2102 0 +2.196725971e+00 -6.108832740e+02 -6.108832740e+02
2582 0 +1.949897004e+00 -6.111301030e+02 -6.111301030e+02
3235 0 +1.716260213e+00 -6.113637398e+02 -6.113637398e+02
3417 0 +1.334625874e+00 -6.117453741e+02 -6.117453741e+02
3439 0 +1.150618635e+00 -6.119293814e+02 -6.119293814e+02
4376 0 +1.116734633e+00 -6.119632654e+02 -6.119632654e+02
4495 0 +9.921300422e-01 -6.120878700e+02 -6.120878700e+02
5263 0 +8.903286094e-01 -6.121896714e+02 -6.121896714e+02
6571 0 +7.939658907e-01 -6.122860341e+02 -6.122860341e+02
7788 0 +7.059619944e-01 -6.123740380e+02 -6.123740380e+02
9304 0 +6.292341917e-01 -6.124507658e+02 -6.124507658e+02
11709 0 +5.621912525e-01 -6.125178087e+02 -6.125178087e+02
15382 0 +5.011635985e-01 -6.125788364e+02 -6.125788364e+02
100000 0 +4.472055832e-01 -6.126327944e+02 -6.126327944e+02
% f evaluations | g evaluations | best noise-free fitness - Fopt (6.189000000000e+01) + sum g_i+ | measured fitness | best measured fitness or single-digit g-values | x1 | x2...
1 0 +1.036685078e+01 +7.225685078e+01 +7.225685078e+01
4 0 +7.847672284e+00 +6.973767228e+01 +6.973767228e+01
22 0 +6.227045841e+00 +6.811704584e+01 +6.811704584e+01
48 0 +5.511303306e+00 +6.740130331e+01 +6.740130331e+01
102 0 +4.923523441e+00 +6.681352344e+01 +6.681352344e+01
243 0 +4.234489570e+00 +6.612448957e+01 +6.612448957e+01
351 0 +3.908656869e+00 +6.579865687e+01 +6.579865687e+01
434 0 +3.286424814e+00 +6.517642481e+01 +6.517642481e+01
605 0 +2.847947461e+00 +6.473794746e+01 +6.473794746e+01
3259 0 +1.991911901e+00 +6.388191190e+01 +6.388191190e+01
3724 0 +1.661201397e+00 +6.355120140e+01 +6.355120140e+01
4729 0 +1.498894724e+00 +6.338889472e+01 +6.338889472e+01
4831 0 +1.103843969e+00 +6.299384397e+01 +6.299384397e+01
5300 0 +9.768812409e-01 +6.286688124e+01 +6.286688124e+01
5817 0 +8.862573628e-01 +6.277625736e+01 +6.277625736e+01
6020 0 +7.902795071e-01 +6.268027951e+01 +6.268027951e+01
6197 0 +7.053944607e-01 +6.259539446e+01 +6.259539446e+01
6502 0 +6.308648023e-01 +6.252086480e+01 +6.252086480e+01
100000 0 +5.969317933e-01 +6.248693179e+01 +6.248693179e+01
% f evaluations | g evaluations | best noise-free fitness - Fopt (-8.456000000000e+01) + sum g_i+ | measured fitness | best measured fitness or single-digit g-values | x1 | x2...
1 0 +1.088820179e+01 -7.367179821e+01 -7.367179821e+01
2 0 +9.162086640e+00 -7.539791336e+01 -7.539791336e+01
8 0 +7.493031468e+00 -7.706696853e+01 -7.706696853e+01
16 0 +7.043259570e+00 -7.751674043e+01 -7.751674043e+01
67 0 +5.526049156e+00 -7.903395084e+01 -7.903395084e+01
233 0 +4.773896105e+00 -7.978610389e+01 -7.978610389e+01
383 0 +4.349607886e+00 -8.021039211e+01 -8.021039211e+01
651 0 +3.579876488e+00 -8.098012351e+01 -8.098012351e+01
1892 0 +2.453133460e+00 -8.210686654e+01 -8.210686654e+01
2359 0 +2.219943918e+00 -8.234005608e+01 -8.234005608e+01
2696 0 +1.879921575e+00 -8.268007843e+01 -8.268007843e+01
2803 0 +1.581337814e+00 -8.297866219e+01 -8.297866219e+01
3869 0 +1.233616920e+00 -8.332638308e+01 -8.332638308e+01
5445 0 +1.082676251e+00 -8.347732375e+01 -8.347732375e+01
5598 0 +6.976895197e-01 -8.386231048e+01 -8.386231048e+01
5658 0 +6.007244292e-01 -8.395927557e+01 -8.395927557e+01
6332 0 +5.125852286e-01 -8.404741477e+01 -8.404741477e+01
6394 0 +4.941215407e-01 -8.406587846e+01 -8.406587846e+01
6537 0 +4.461388233e-01 -8.411386118e+01 -8.411386118e+01
7070 0 +3.980095162e-01 -8.416199048e+01 -8.416199048e+01
7525 0 +3.522641262e-01 -8.420773587e+01 -8.420773587e+01
8663 0 +3.158400452e-01 -8.424415995e+01 -8.424415995e+01
9371 0 +2.817159414e-01 -8.427828406e+01 -8.427828406e+01
11311 0 +2.510731433e-01 -8.430892686e+01 -8.430892686e+01
100000 0 +2.344434877e-01 -8.432555651e+01 -8.432555651e+01
% f evaluations | g evaluations | best noise-free fitness - Fopt (-2.602000000000e+01) + sum g_i+ | measured fitness | best measured fitness or single-digit g-values | x1 | x2...
1 0 +1.087085940e+01 -1.514914060e+01 -1.514914060e+01
8 0 +6.827209902e+00 -1.919279010e+01 -1.919279010e+01
74 0 +6.155680285e+00 -1.986431972e+01 -1.986431972e+01
81 0 +5.496038067e+00 -2.052396193e+01 -2.052396193e+01
210 0 +3.900804397e+00 -2.211919560e+01 -2.211919560e+01
307 0 +3.365962216e+00 -2.265403778e+01 -2.265403778e+01
548 0 +2.735980537e+00 -2.328401946e+01 -2.328401946e+01
2088 0 +2.306076051e+00 -2.371392395e+01 -2.371392395e+01
2545 0 +2.096476888e+00 -2.392352311e+01 -2.392352311e+01
4402 0 +1.621368656e+00 -2.439863134e+01 -2.439863134e+01
5194 0 +1.562653897e+00 -2.445734610e+01 -2.445734610e+01
5248 0 +1.363836316e+00 -2.465616368e+01 -2.465616368e+01
5268 0 +1.210071928e+00 -2.480992807e+01 -2.480992807e+01
5316 0 +1.097783247e+00 -2.492221675e+01 -2.492221675e+01
5401 0 +9.931726035e-01 -2.502682740e+01 -2.502682740e+01
5898 0 +8.873779531e-01 -2.513262205e+01 -2.513262205e+01
6075 0 +7.750196532e-01 -2.524498035e+01 -2.524498035e+01
6174 0 +7.038015663e-01 -2.531619843e+01 -2.531619843e+01
6312 0 +6.268932398e-01 -2.539310676e+01 -2.539310676e+01
6409 0 +5.404757100e-01 -2.547952429e+01 -2.547952429e+01
6526 0 +4.977533708e-01 -2.552224663e+01 -2.552224663e+01
6758 0 +4.458890044e-01 -2.557411100e+01 -2.557411100e+01
7203 0 +3.979118526e-01 -2.562208815e+01 -2.562208815e+01
100000 0 +3.910688615e-01 -2.562893114e+01 -2.562893114e+01
% f evaluations | g evaluations | best noise-free fitness - Fopt (-3.015000000000e+01) + sum g_i+ | measured fitness | best measured fitness or single-digit g-values | x1 | x2...
1 0 +1.297451085e+01 -1.717548915e+01 -1.717548915e+01
2 0 +1.170022545e+01 -1.844977455e+01 -1.844977455e+01
3 0 +1.026965886e+01 -1.988034114e+01 -1.988034114e+01
6 0 +9.869213017e+00 -2.028078698e+01 -2.028078698e+01
8 0 +5.377922846e+00 -2.477207715e+01 -2.477207715e+01
461 0 +4.447154183e+00 -2.570284582e+01 -2.570284582e+01
1055 0 +2.337408805e+00 -2.781259120e+01 -2.781259120e+01
4733 0 +2.229318455e+00 -2.792068154e+01 -2.792068154e+01
6357 0 +1.990935606e+00 -2.815906439e+01 -2.815906439e+01
6559 0 +1.769877811e+00 -2.838012219e+01 -2.838012219e+01
7134 0 +1.572964653e+00 -2.857703535e+01 -2.857703535e+01
7280 0 +1.411207801e+00 -2.873879220e+01 -2.873879220e+01
7652 0 +1.245848416e+00 -2.890415158e+01 -2.890415158e+01
100000 0 +1.145986446e+00 -2.900401355e+01 -2.900401355e+01
% f evaluations | g evaluations | best noise-free fitness - Fopt (-1.000000000000e+03) + sum g_i+ | measured fitness | best measured fitness or single-digit g-values | x1 | x2...
1 0 +1.651299968e+01 -9.834870003e+02 -9.834870003e+02
2 0 +1.551477340e+01 -9.844852266e+02 -9.844852266e+02
3 0 +7.040072755e+00 -9.929599272e+02 -9.929599272e+02
24 0 +5.835599776e+00 -9.941644002e+02 -9.941644002e+02
167 0 +5.418826454e+00 -9.945811735e+02 -9.945811735e+02
867 0 +4.891244557e+00 -9.951087554e+02 -9.951087554e+02
925 0 +4.108108099e+00 -9.958918919e+02 -9.958918919e+02
1830 0 +3.941283391e+00 -9.960587166e+02 -9.960587166e+02
5411 0 +3.118061011e+00 -9.968819390e+02 -9.968819390e+02
6627 0 +2.685906799e+00 -9.973140932e+02 -9.973140932e+02
13320 0 +1.302900442e+00 -9.986970996e+02 -9.986970996e+02
25487 0 +1.256546107e+00 -9.987434539e+02 -9.987434539e+02
26262 0 +1.120572265e+00 -9.988794277e+02 -9.988794277e+02
26361 0 +9.821016367e-01 -9.990178984e+02 -9.990178984e+02
26458 0 +8.871996237e-01 -9.991128004e+02 -9.991128004e+02
26533 0 +7.839731418e-01 -9.992160269e+02 -9.992160269e+02
26617 0 +7.034500273e-01 -9.992965500e+02 -9.992965500e+02
26756 0 +6.297028185e-01 -9.993702972e+02 -9.993702972e+02
27347 0 +5.605200683e-01 -9.994394799e+02 -9.994394799e+02
28431 0 +4.977796606e-01 -9.995022203e+02 -9.995022203e+02
41561 0 +4.466694184e-01 -9.995533306e+02 -9.995533306e+02
100000 0 +4.433137001e-01 -9.995566863e+02 -9.995566863e+02
% f evaluations | g evaluations | best noise-free fitness - Fopt (-9.243000000000e+02) + sum g_i+ | measured fitness | best measured fitness or single-digit g-values | x1 | x2...
1 0 +7.345329834e+00 -9.169546702e+02 -9.169546702e+02
4 0 +7.003783393e+00 -9.172962166e+02 -9.172962166e+02
51 0 +5.664017578e+00 -9.186359824e+02 -9.186359824e+02
71 0 +5.591743372e+00 -9.187082566e+02 -9.187082566e+02
400 0 +4.876661203e+00 -9.194233388e+02 -9.194233388e+02
545 0 +4.209019133e+00 -9.200909809e+02 -9.200909809e+02
1379 0 +3.981052247e+00 -9.203189478e+02 -9.203189478e+02
1799 0 +3.056119701e+00 -9.212438803e+02 -9.212438803e+02
1947 0 +2.641306430e+00 -9.216586936e+02 -9.216586936e+02
2712 0 +2.505475268e+00 -9.217945247e+02 -9.217945247e+02
3188 0 +2.231711409e+00 -9.220682886e+02 -9.220682886e+02
3323 0 +1.971763953e+00 -9.223282360e+02 -9.223282360e+02
3421 0 +1.735866333e+00 -9.225641337e+02 -9.225641337e+02
7296 0 +1.583349137e+00 -9.227166509e+02 -9.227166509e+02
100000 0 +1.518740730e+00 -9.227812593e+02 -9.227812593e+02
% f evaluations | g evaluations | best noise-free fitness - Fopt (-1.035000000000e+01) + sum g_i+ | measured fitness | best measured fitness or single-digit g-values | x1 | x2...
1 0 +1.468171035e+01 +4.331710347e+00 +4.331710347e+00
2 0 +1.347962844e+01 +3.129628444e+00 +3.129628444e+00
3 0 +9.820347059e+00 -5.296529407e-01 -5.296529407e-01
6 0 +8.146587576e+00 -2.203412424e+00 -2.203412424e+00
13 0 +7.921965891e+00 -2.428034109e+00 -2.428034109e+00
32 0 +6.861645508e+00 -3.488354492e+00 -3.488354492e+00
89 0 +5.710262402e+00 -4.639737598e+00 -4.639737598e+00
164 0 +4.874371953e+00 -5.475628047e+00 -5.475628047e+00
176 0 +4.324619790e+00 -6.025380210e+00 -6.025380210e+00
1208 0 +3.229619764e+00 -7.120380236e+00 -7.120380236e+00
2191 0 +2.355563004e+00 -7.994436996e+00 -7.994436996e+00
4560 0 +1.927189568e+00 -8.422810432e+00 -8.422810432e+00
5612 0 +1.297100076e+00 -9.052899924e+00 -9.052899924e+00
5809 0 +1.081831025e+00 -9.268168975e+00 -9.268168975e+00
6091 0 +9.789507149e-01 -9.371049285e+00 -9.371049285e+00
6325 0 +8.880092757e-01 -9.461990724e+00 -9.461990724e+00
7002 0 +7.938760078e-01 -9.556123992e+00 -9.556123992e+00
7353 0 +7.066225852e-01 -9.643377415e+00 -9.643377415e+00
7847 0 +6.263163270e-01 -9.723683673e+00 -9.723683673e+00
100000 0 +5.655136789e-01 -9.784486321e+00 -9.784486321e+00
% f evaluations | g evaluations | best noise-free fitness - Fopt (-1.000000000000e+03) + sum g_i+ | measured fitness | best measured fitness or single-digit g-values | x1 | x2...
1 0 +8.919032404e+00 -9.910809676e+02 -9.910809676e+02
3 0 +8.326036117e+00 -9.916739639e+02 -9.916739639e+02
5 0 +5.750149763e+00 -9.942498502e+02 -9.942498502e+02
236 0 +5.450184141e+00 -9.945498159e+02 -9.945498159e+02
237 0 +4.274511529e+00 -9.957254885e+02 -9.957254885e+02
365 0 +3.561983807e+00 -9.964380162e+02 -9.964380162e+02
1326 0 +2.416031862e+00 -9.975839681e+02 -9.975839681e+02
6085 0 +2.017025470e+00 -9.979829745e+02 -9.979829745e+02
6088 0 +1.791436257e+00 -9.982085637e+02 -9.982085637e+02
6105 0 +1.586395854e+00 -9.984136041e+02 -9.984136041e+02
6127 0 +1.473212109e+00 -9.985267879e+02 -9.985267879e+02
6317 0 +1.391042220e+00 -9.986089578e+02 -9.986089578e+02
6324 0 +9.373711149e-01 -9.990626289e+02 -9.990626289e+02
6440 0 +8.768166552e-01 -9.991231833e+02 -9.991231833e+02
6604 0 +7.840268782e-01 -9.992159731e+02 -9.992159731e+02
6686 0 +7.008280670e-01 -9.992991719e+02 -9.992991719e+02
6752 0 +6.196313946e-01 -9.993803686e+02 -9.993803686e+02
6801 0 +5.492012505e-01 -9.994507987e+02 -9.994507987e+02
6909 0 +5.002634768e-01 -9.994997365e+02 -9.994997365e+02
6951 0 +4.418231058e-01 -9.995581769e+02 -9.995581769e+02
7125 0 +3.848606148e-01 -9.996151394e+02 -9.996151394e+02
7451 0 +3.531261745e-01 -9.996468738e+02 -9.996468738e+02
7662 0 +3.156007471e-01 -9.996843993e+02 -9.996843993e+02
7808 0 +2.635630599e-01 -9.997364369e+02 -9.997364369e+02
7835 0 +2.476565314e-01 -9.997523435e+02 -9.997523435e+02
7954 0 +2.193262077e-01 -9.997806738e+02 -9.997806738e+02
8021 0 +1.989837090e-01 -9.998010163e+02 -9.998010163e+02
8133 0 +1.752512784e-01 -9.998247487e+02 -9.998247487e+02
8333 0 +1.564668474e-01 -9.998435332e+02 -9.998435332e+02
8891 0 +1.411324426e-01 -9.998588676e+02 -9.998588676e+02
100000 0 +1.301045777e-01 -9.998698954e+02 -9.998698954e+02
% f evaluations | g evaluations | best noise-free fitness - Fopt (2.880000000000e+01) + sum g_i+ | measured fitness | best measured fitness or single-digit g-values | x1 | x2...
1 0 +8.461332052e+00 +3.726133205e+01 +3.726133205e+01
3 0 +6.594955088e+00 +3.539495509e+01 +3.539495509e+01
4 0 +5.871141890e+00 +3.467114189e+01 +3.467114189e+01
145 0 +4.765014930e+00 +3.356501493e+01 +3.356501493e+01
279 0 +4.439272165e+00 +3.323927217e+01 +3.323927217e+01
456 0 +3.287025483e+00 +3.208702548e+01 +3.208702548e+01
845 0 +2.384049653e+00 +3.118404965e+01 +3.118404965e+01
895 0 +2.105485931e+00 +3.090548593e+01 +3.090548593e+01
2156 0 +1.945948538e+00 +3.074594854e+01 +3.074594854e+01
2866 0 +1.239561941e+00 +3.003956194e+01 +3.003956194e+01
2959 0 +1.105642742e+00 +2.990564274e+01 +2.990564274e+01
3026 0 +7.123131369e-01 +2.951231314e+01 +2.951231314e+01
3693 0 +6.875453489e-01 +2.948754535e+01 +2.948754535e+01
3762 0 +6.194926042e-01 +2.941949260e+01 +2.941949260e+01
4098 0 +5.619312273e-01 +2.936193123e+01 +2.936193123e+01
4542 0 +4.958394922e-01 +2.929583949e+01 +2.929583949e+01
4774 0 +4.461213795e-01 +2.924612138e+01 +2.924612138e+01
5193 0 +3.958107897e-01 +2.919581079e+01 +2.919581079e+01
100000 0 +3.613667317e-01 +2.916136673e+01 +2.916136673e+01
% f evaluations | g evaluations | best noise-free fitness - Fopt (3.534000000000e+01) + sum g_i+ | measured fitness | best measured fitness or single-digit g-values | x1 | x2...
1 0 +1.067112214e+01 +4.601112214e+01 +4.601112214e+01
3 0 +8.701771291e+00 +4.404177129e+01 +4.404177129e+01
8 0 +7.085701933e+00 +4.242570193e+01 +4.242570193e+01
74 0 +6.743515671e+00 +4.208351567e+01 +4.208351567e+01
83 0 +5.786689120e+00 +4.112668912e+01 +4.112668912e+01
123 0 +2.903708833e+00 +3.824370883e+01 +3.824370883e+01
5764 0 +2.446129955e+00 +3.778612995e+01 +3.778612995e+01
6262 0 +2.114477584e+00 +3.745447758e+01 +3.745447758e+01
6329 0 +1.950478657e+00 +3.729047866e+01 +3.729047866e+01
6331 0 +1.756387625e+00 +3.709638763e+01 +3.709638763e+01
6431 0 +1.552877414e+00 +3.689287741e+01 +3.689287741e+01
6451 0 +1.332710207e+00 +3.667271021e+01 +3.667271021e+01
6495 0 +1.217571257e+00 +3.655757126e+01 +3.655757126e+01
6522 0 +1.046114315e+00 +3.638611432e+01 +3.638611432e+01
6526 0 +9.757006640e-01 +3.631570066e+01 +3.631570066e+01
6559 0 +7.152269360e-01 +3.605522694e+01 +3.605522694e+01
6573 0 +6.906621572e-01 +3.603066216e+01 +3.603066216e+01
6616 0 +4.765286946e-01 +3.581652869e+01 +3.581652869e+01
6679 0 +4.216148090e-01 +3.576161481e+01 +3.576161481e+01
6684 0 +3.602206859e-01 +3.570022069e+01 +3.570022069e+01
6731 0 +3.543155791e-01 +3.569431558e+01 +3.569431558e+01
6844 0 +3.108610291e-01 +3.565086103e+01 +3.565086103e+01
6958 0 +2.814492736e-01 +3.562144927e+01 +3.562144927e+01
100000 0 +2.670350631e-01 +3.560703506e+01 +3.560703506e+01
