% f evaluations | g evaluations | best noise-free fitness - Fopt (3.590000000000e+01) + sum g_i+ | measured fitness | best measured fitness or single-digit g-values | x1 | x2...
1 0 +9.743907027e+05 +9.744266027e+05 +9.744266027e+05
2 0 +5.874587812e+05 +5.874946812e+05 +5.874946812e+05
28 0 +5.265084159e+05 +5.265443159e+05 +5.265443159e+05
35 0 +4.747515052e+05 +4.747874052e+05 +4.747874052e+05
38 0 +3.828368555e+05 +3.828727555e+05 +3.828727555e+05
40 0 +3.262494605e+05 +3.262853605e+05 +3.262853605e+05
53 0 +3.027134724e+05 +3.027493724e+05 +3.027493724e+05
63 0 +2.900432393e+05 +2.900791393e+05 +2.900791393e+05
65 0 +2.759373641e+05 +2.759732641e+05 +2.759732641e+05
74 0 +2.311970398e+05 +2.312329398e+05 +2.312329398e+05
79 0 +1.854710236e+05 +1.855069236e+05 +1.855069236e+05
93 0 +1.535886876e+05 +1.536245876e+05 +1.536245876e+05
98 0 +1.259712178e+05 +1.260071178e+05 +1.260071178e+05
115 0 +9.099401302e+04 +9.102991302e+04 +9.102991302e+04
121 0 +6.630687199e+04 +6.634277199e+04 +6.634277199e+04
142 0 +3.261155116e+04 +3.264745116e+04 +3.264745116e+04
184 0 +1.868764582e+04 +1.872354582e+04 +1.872354582e+04
226 0 +1.211876245e+04 +1.215466245e+04 +1.215466245e+04
247 0 +6.472348909e+03 +6.508248909e+03 +6.508248909e+03
409 0 +1.460531309e+03 +1.496431309e+03 +1.496431309e+03
451 0 +4.463478933e+01 +8.053478933e+01 +8.053478933e+01
619 0 +3.186609420e+01 +6.776609420e+01 +6.776609420e+01
661 0 +3.066671740e+01 +6.656671740e+01 +6.656671740e+01
703 0 +2.743937717e+01 +6.333937717e+01 +6.333937717e+01
724 0 +2.378495122e+01 +5.968495122e+01 +5.968495122e+01
892 0 +2.194892622e+01 +5.784892622e+01 +5.784892622e+01
934 0 +1.557338500e+01 +5.147338500e+01 +5.147338500e+01
1060 0 +1.326740762e+01 +4.916740762e+01 +4.916740762e+01
1102 0 +1.254235338e+01 +4.844235338e+01 +4.844235338e+01
1144 0 +8.470383896e+00 +4.437038390e+01 +4.437038390e+01
1165 0 +2.232120183e+00 +3.813212018e+01 +3.813212018e+01
1270 0 +1.864982014e+00 +3.776498201e+01 +3.776498201e+01
1354 0 +1.720618362e+00 +3.762061836e+01 +3.762061836e+01
1396 0 +1.505642244e+00 +3.740564224e+01 +3.740564224e+01
1438 0 +1.397714985e+00 +3.729771498e+01 +3.729771498e+01
1606 0 +1.229636730e+00 +3.712963673e+01 +3.712963673e+01
1669 0 +9.960075477e-01 +3.689600755e+01 +3.689600755e+01
1942 0 +8.823151563e-01 +3.678231516e+01 +3.678231516e+01
1984 0 +7.435115921e-01 +3.664351159e+01 +3.664351159e+01
2194 0 +7.041308602e-01 +3.660413086e+01 +3.660413086e+01
2656 0 +6.003276928e-01 +3.650032769e+01 +3.650032769e+01
2719 0 +5.582784770e-01 +3.645827848e+01 +3.645827848e+01
4126 0 +4.721988587e-01 +3.637219886e+01 +3.637219886e+01
4147 0 +3.951930054e-01 +3.629519301e+01 +3.629519301e+01
4189 0 +1.967106159e-01 +3.609671062e+01 +3.609671062e+01
4252 0 +1.549948784e-01 +3.605499488e+01 +3.605499488e+01
4357 0 +1.383118455e-01 +3.603831185e+01 +3.603831185e+01
4693 0 +1.253704982e-01 +3.602537050e+01 +3.602537050e+01
4777 0 +1.034351137e-01 +3.600343511e+01 +3.600343511e+01
4798 0 +8.603681534e-02 +3.598603682e+01 +3.598603682e+01
4882 0 +7.092588028e-02 +3.597092588e+01 +3.597092588e+01
5050 0 +7.076097085e-02 +3.597076097e+01 +3.597076097e+01
5512 0 +6.009159330e-02 +3.596009159e+01 +3.596009159e+01
5533 0 +4.814626208e-02 +3.594814626e+01 +3.594814626e+01
5638 0 +4.344882868e-02 +3.594344883e+01 +3.594344883e+01
5722 0 +3.911578388e-02 +3.593911578e+01 +3.593911578e+01
5743 0 +3.357346668e-02 +3.593357347e+01 +3.593357347e+01
6352 0 +3.008084784e-02 +3.593008085e+01 +3.593008085e+01
6373 0 +2.627308012e-02 +3.592627308e+01 +3.592627308e+01
6394 0 +2.272509295e-02 +3.592272509e+01 +3.592272509e+01
6415 0 +1.895851149e-02 +3.591895851e+01 +3.591895851e+01
8032 0 +1.777465320e-02 +3.591777465e+01 +3.591777465e+01
8074 0 +1.506273894e-02 +3.591506274e+01 +3.591506274e+01
8179 0 +1.387736114e-02 +3.591387736e+01 +3.591387736e+01
8410 0 +1.160467908e-02 +3.591160468e+01 +3.591160468e+01
8683 0 +1.118294989e-02 +3.591118295e+01 +3.591118295e+01
9670 0 +9.294943273e-03 +3.590929494e+01 +3.590929494e+01
9775 0 +8.873846862e-03 +3.590887385e+01 +3.590887385e+01
10237 0 +7.005124280e-03 +3.590700512e+01 +3.590700512e+01
10447 0 +5.813078834e-03 +3.590581308e+01 +3.590581308e+01
11098 0 +5.543694631e-03 +3.590554369e+01 +3.590554369e+01
11224 0 +4.728204237e-03 +3.590472820e+01 +3.590472820e+01
11329 0 +3.804421376e-03 +3.590380442e+01 +3.590380442e+01
11392 0 +3.431253224e-03 +3.590343125e+01 +3.590343125e+01
11560 0 +3.094104658e-03 +3.590309410e+01 +3.590309410e+01
12148 0 +2.797809741e-03 +3.590279781e+01 +3.590279781e+01
12337 0 +2.483491020e-03 +3.590248349e+01 +3.590248349e+01
12379 0 +1.238990876e-03 +3.590123899e+01 +3.590123899e+01
12463 0 +1.070786305e-03 +3.590107079e+01 +3.590107079e+01
12883 0 +9.538358397e-04 +3.590095384e+01 +3.590095384e+01
12904 0 +7.904090655e-04 +3.590079041e+01 +3.590079041e+01
12946 0 +5.457311830e-04 +3.590054573e+01 +3.590054573e+01
13030 0 +4.963186887e-04 +3.590049632e+01 +3.590049632e+01
13072 0 +4.409662151e-04 +3.590044097e+01 +3.590044097e+01
13324 0 +3.939427323e-04 +3.590039394e+01 +3.590039394e+01
13492 0 +3.494077783e-04 +3.590034941e+01 +3.590034941e+01
14185 0 +3.015919291e-04 +3.590030159e+01 +3.590030159e+01
14206 0 +2.775735598e-04 +3.590027757e+01 +3.590027757e+01
14269 0 +2.412031960e-04 +3.590024120e+01 +3.590024120e+01
14311 0 +2.004181858e-04 +3.590020042e+01 +3.590020042e+01
14332 0 +1.676905473e-04 +3.590016769e+01 +3.590016769e+01
14395 0 +1.564439496e-04 +3.590015644e+01 +3.590015644e+01
15256 0 +1.400496967e-04 +3.590014005e+01 +3.590014005e+01
15277 0 +1.031702433e-04 +3.590010317e+01 +3.590010317e+01
15382 0 +9.605873282e-05 +3.590009606e+01 +3.590009606e+01
15865 0 +8.903614575e-05 +3.590008904e+01 +3.590008904e+01
16054 0 +7.810946456e-05 +3.590007811e+01 +3.590007811e+01
16201 0 +7.068131354e-05 +3.590007068e+01 +3.590007068e+01
16369 0 +6.307880727e-05 +3.590006308e+01 +3.590006308e+01
17041 0 +5.604470415e-05 +3.590005604e+01 +3.590005604e+01
17146 0 +4.908937544e-05 +3.590004909e+01 +3.590004909e+01
17860 0 +4.324725125e-05 +3.590004325e+01 +3.590004325e+01
18154 0 +3.952916870e-05 +3.590003953e+01 +3.590003953e+01
18196 0 +3.532688526e-05 +3.590003533e+01 +3.590003533e+01
18217 0 +3.107195886e-05 +3.590003107e+01 +3.590003107e+01
19246 0 +2.789919645e-05 +3.590002790e+01 +3.590002790e+01
19792 0 +2.442215720e-05 +3.590002442e+01 +3.590002442e+01
20191 0 +2.195797722e-05 +3.590002196e+01 +3.590002196e+01
20212 0 +1.990751239e-05 +3.590001991e+01 +3.590001991e+01
20233 0 +1.697810499e-05 +3.590001698e+01 +3.590001698e+01
20611 0 +1.582035232e-05 +3.590001582e+01 +3.590001582e+01
21094 0 +1.387264718e-05 +3.590001387e+01 +3.590001387e+01
21157 0 +1.180410543e-05 +3.590001180e+01 +3.590001180e+01
21178 0 +1.023894373e-05 +3.590001024e+01 +3.590001024e+01
21199 0 +9.110512643e-06 +3.590000911e+01 +3.590000911e+01
21220 0 +8.883804071e-06 +3.590000888e+01 +3.590000888e+01
21997 0 +7.880812014e-06 +3.590000788e+01 +3.590000788e+01
22018 0 +6.757458557e-06 +3.590000676e+01 +3.590000676e+01
22228 0 +6.270129262e-06 +3.590000627e+01 +3.590000627e+01
22606 0 +5.025507164e-06 +3.590000503e+01 +3.590000503e+01
22648 0 +4.272868367e-06 +3.590000427e+01 +3.590000427e+01
22774 0 +3.949644622e-06 +3.590000395e+01 +3.590000395e+01
23404 0 +3.545975964e-06 +3.590000355e+01 +3.590000355e+01
24307 0 +3.162266786e-06 +3.590000316e+01 +3.590000316e+01
24454 0 +2.704900766e-06 +3.590000270e+01 +3.590000270e+01
24517 0 +2.439858271e-06 +3.590000244e+01 +3.590000244e+01
24811 0 +2.019605020e-06 +3.590000202e+01 +3.590000202e+01
24832 0 +1.733073255e-06 +3.590000173e+01 +3.590000173e+01
25588 0 +1.438729193e-06 +3.590000144e+01 +3.590000144e+01
25609 0 +9.184772196e-07 +3.590000092e+01 +3.590000092e+01
26239 0 +8.872131758e-07 +3.590000089e+01 +3.590000089e+01
26890 0 +7.328096032e-07 +3.590000073e+01 +3.590000073e+01
26911 0 +5.416269957e-07 +3.590000054e+01 +3.590000054e+01
27646 0 +4.995574656e-07 +3.590000050e+01 +3.590000050e+01
28066 0 +4.261629840e-07 +3.590000043e+01 +3.590000043e+01
28087 0 +3.906412047e-07 +3.590000039e+01 +3.590000039e+01
28129 0 +3.381460587e-07 +3.590000034e+01 +3.590000034e+01
28444 0 +3.001800977e-07 +3.590000030e+01 +3.590000030e+01
28465 0 +2.229658804e-07 +3.590000022e+01 +3.590000022e+01
28528 0 +1.900053590e-07 +3.590000019e+01 +3.590000019e+01
29221 0 +1.772438125e-07 +3.590000018e+01 +3.590000018e+01
29515 0 +1.465868635e-07 +3.590000015e+01 +3.590000015e+01
29557 0 +1.409221397e-07 +3.590000014e+01 +3.590000014e+01
30187 0 +1.215944039e-07 +3.590000012e+01 +3.590000012e+01
30355 0 +1.094560247e-07 +3.590000011e+01 +3.590000011e+01
30691 0 +8.569255527e-08 +3.590000009e+01 +3.590000009e+01
30733 0 +6.744152614e-08 +3.590000007e+01 +3.590000007e+01
30754 0 +6.236073347e-08 +3.590000006e+01 +3.590000006e+01
107995 0 +5.472583098e-08 +3.590000005e+01 +3.590000005e+01
108583 0 +4.035262435e-08 +3.590000004e+01 +3.590000004e+01
108646 0 +3.678658089e-08 +3.590000004e+01 +3.590000004e+01
108667 0 +3.468401388e-08 +3.590000003e+01 +3.590000003e+01
108877 0 +3.123757608e-08 +3.590000003e+01 +3.590000003e+01
109255 0 +2.556809164e-08 +3.590000003e+01 +3.590000003e+01
109297 0 +2.504468455e-08 +3.590000003e+01 +3.590000003e+01
109318 0 +2.212333072e-08 +3.590000002e+01 +3.590000002e+01
109486 0 +1.954927598e-08 +3.590000002e+01 +3.590000002e+01
110056 0 +1.772622227e-08 +3.590000002e+01 +3.590000002e+01
110392 0 +1.561905094e-08 +3.590000002e+01 +3.590000002e+01
110515 0 +1.374819192e-08 +3.590000001e+01 +3.590000001e+01
110536 0 +1.190458221e-08 +3.590000001e+01 +3.590000001e+01
110599 0 +1.120736925e-08 +3.590000001e+01 +3.590000001e+01
200074 0 +1.110658587e-08 +3.590000001e+01 +3.590000001e+01
% f evaluations | g evaluations | best noise-free fitness - Fopt (3.137000000000e+01) + sum g_i+ | measured fitness | best measured fitness or single-digit g-values | x1 | x2...
1 0 +5.555282486e+05 +5.555596186e+05 +5.555596186e+05
2 0 +4.828005559e+05 +4.828319259e+05 +4.828319259e+05
8 0 +2.701311445e+05 +2.701625145e+05 +2.701625145e+05
17 0 +2.215941939e+05 +2.216255639e+05 +2.216255639e+05
38 0 +1.954314387e+05 +1.954628087e+05 +1.954628087e+05
42 0 +1.634653414e+05 +1.634967114e+05 +1.634967114e+05
51 0 +1.560577986e+05 +1.560891686e+05 +1.560891686e+05
57 0 +1.259511070e+05 +1.259824770e+05 +1.259824770e+05
64 0 +6.312129880e+04 +6.315266880e+04 +6.315266880e+04
77 0 +6.094383633e+04 +6.097520633e+04 +6.097520633e+04
82 0 +5.321329574e+04 +5.324466574e+04 +5.324466574e+04
87 0 +1.936794463e+04 +1.939931463e+04 +1.939931463e+04
98 0 +3.565747869e+03 +3.597117869e+03 +3.597117869e+03
115 0 +2.466877152e+03 +2.498247152e+03 +2.498247152e+03
121 0 +1.905476058e+03 +1.936846058e+03 +1.936846058e+03
142 0 +2.325874762e+02 +2.639574762e+02 +2.639574762e+02
226 0 +2.178438568e+02 +2.492138568e+02 +2.492138568e+02
289 0 +1.952323406e+02 +2.266023406e+02 +2.266023406e+02
310 0 +7.701595875e+01 +1.083859588e+02 +1.083859588e+02
583 0 +6.835711756e+01 +9.972711756e+01 +9.972711756e+01
604 0 +5.437321789e+01 +8.574321789e+01 +8.574321789e+01
646 0 +4.221139973e+01 +7.358139973e+01 +7.358139973e+01
688 0 +2.584863125e+01 +5.721863125e+01 +5.721863125e+01
709 0 +2.255557972e+01 +5.392557972e+01 +5.392557972e+01
751 0 +1.512546195e+01 +4.649546195e+01 +4.649546195e+01
982 0 +1.362435610e+01 +4.499435610e+01 +4.499435610e+01
1045 0 +1.253637311e+01 +4.390637311e+01 +4.390637311e+01
1087 0 +8.053200161e+00 +3.942320016e+01 +3.942320016e+01
1129 0 +7.267013592e+00 +3.863701359e+01 +3.863701359e+01
1171 0 +6.567599952e+00 +3.793759995e+01 +3.793759995e+01
1381 0 +6.247389916e+00 +3.761738992e+01 +3.761738992e+01
1402 0 +5.257892658e+00 +3.662789266e+01 +3.662789266e+01
1444 0 +4.479047480e+00 +3.584904748e+01 +3.584904748e+01
1528 0 +4.392173894e+00 +3.576217389e+01 +3.576217389e+01
1822 0 +3.949370933e+00 +3.531937093e+01 +3.531937093e+01
1927 0 +3.117628814e+00 +3.448762881e+01 +3.448762881e+01
2032 0 +2.714835270e+00 +3.408483527e+01 +3.408483527e+01
2095 0 +2.433803181e+00 +3.380380318e+01 +3.380380318e+01
2116 0 +1.828943495e+00 +3.319894349e+01 +3.319894349e+01
2158 0 +1.681238050e+00 +3.305123805e+01 +3.305123805e+01
2179 0 +1.476865984e+00 +3.284686598e+01 +3.284686598e+01
2221 0 +1.398827245e+00 +3.276882725e+01 +3.276882725e+01
3859 0 +1.169728256e+00 +3.253972826e+01 +3.253972826e+01
4090 0 +1.110054488e+00 +3.248005449e+01 +3.248005449e+01
4132 0 +8.238497149e-01 +3.219384971e+01 +3.219384971e+01
4153 0 +7.140709829e-01 +3.208407098e+01 +3.208407098e+01
4174 0 +5.857279613e-01 +3.195572796e+01 +3.195572796e+01
4195 0 +5.440400893e-01 +3.191404009e+01 +3.191404009e+01
4216 0 +4.186509758e-01 +3.178865098e+01 +3.178865098e+01
4258 0 +3.007393749e-01 +3.167073937e+01 +3.167073937e+01
4300 0 +2.485249292e-01 +3.161852493e+01 +3.161852493e+01
4342 0 +1.572946468e-01 +3.152729465e+01 +3.152729465e+01
4363 0 +1.063422583e-01 +3.147634226e+01 +3.147634226e+01
4426 0 +9.943491148e-02 +3.146943491e+01 +3.146943491e+01
4489 0 +8.779198050e-02 +3.145779198e+01 +3.145779198e+01
4594 0 +7.823234519e-02 +3.144823235e+01 +3.144823235e+01
5287 0 +6.970613097e-02 +3.143970613e+01 +3.143970613e+01
5602 0 +6.023044515e-02 +3.143023045e+01 +3.143023045e+01
5623 0 +5.252718945e-02 +3.142252719e+01 +3.142252719e+01
5686 0 +4.703096334e-02 +3.141703096e+01 +3.141703096e+01
6232 0 +4.460664074e-02 +3.141460664e+01 +3.141460664e+01
7219 0 +3.891539551e-02 +3.140891540e+01 +3.140891540e+01
7324 0 +3.283210348e-02 +3.140283210e+01 +3.140283210e+01
7513 0 +3.145234372e-02 +3.140145234e+01 +3.140145234e+01
7555 0 +2.734944457e-02 +3.139734944e+01 +3.139734944e+01
7576 0 +2.274352054e-02 +3.139274352e+01 +3.139274352e+01
7618 0 +2.168278581e-02 +3.139168279e+01 +3.139168279e+01
7639 0 +1.936857416e-02 +3.138936857e+01 +3.138936857e+01
8290 0 +1.742998829e-02 +3.138742999e+01 +3.138742999e+01
8332 0 +1.545882987e-02 +3.138545883e+01 +3.138545883e+01
8500 0 +1.256075566e-02 +3.138256076e+01 +3.138256076e+01
8521 0 +1.119439828e-02 +3.138119440e+01 +3.138119440e+01
8899 0 +9.841129649e-03 +3.137984113e+01 +3.137984113e+01
9634 0 +8.892338489e-03 +3.137889234e+01 +3.137889234e+01
9844 0 +5.135061467e-03 +3.137513506e+01 +3.137513506e+01
10033 0 +5.004890633e-03 +3.137500489e+01 +3.137500489e+01
10684 0 +4.413291221e-03 +3.137441329e+01 +3.137441329e+01
10810 0 +3.941381268e-03 +3.137394138e+01 +3.137394138e+01
10831 0 +2.839634318e-03 +3.137283963e+01 +3.137283963e+01
10894 0 +2.731490359e-03 +3.137273149e+01 +3.137273149e+01
10936 0 +2.503187907e-03 +3.137250319e+01 +3.137250319e+01
11461 0 +2.188587074e-03 +3.137218859e+01 +3.137218859e+01
11629 0 +1.994594320e-03 +3.137199459e+01 +3.137199459e+01
11734 0 +1.729732528e-03 +3.137172973e+01 +3.137172973e+01
11797 0 +1.562689291e-03 +3.137156269e+01 +3.137156269e+01
12070 0 +1.407512999e-03 +3.137140751e+01 +3.137140751e+01
12679 0 +1.095992008e-03 +3.137109599e+01 +3.137109599e+01
12931 0 +9.658034876e-04 +3.137096580e+01 +3.137096580e+01
13519 0 +8.508996623e-04 +3.137085090e+01 +3.137085090e+01
13582 0 +7.246638980e-04 +3.137072466e+01 +3.137072466e+01
13624 0 +6.744129835e-04 +3.137067441e+01 +3.137067441e+01
13729 0 +6.174215937e-04 +3.137061742e+01 +3.137061742e+01
13918 0 +5.616692827e-04 +3.137056167e+01 +3.137056167e+01
14590 0 +4.979765301e-04 +3.137049798e+01 +3.137049798e+01
14611 0 +3.833904627e-04 +3.137038339e+01 +3.137038339e+01
15241 0 +3.486622030e-04 +3.137034866e+01 +3.137034866e+01
15262 0 +3.116876041e-04 +3.137031169e+01 +3.137031169e+01
16459 0 +2.800171662e-04 +3.137028002e+01 +3.137028002e+01
16984 0 +2.468999546e-04 +3.137024690e+01 +3.137024690e+01
17194 0 +2.214434352e-04 +3.137022144e+01 +3.137022144e+01
17425 0 +1.734888131e-04 +3.137017349e+01 +3.137017349e+01
17446 0 +1.489022858e-04 +3.137014890e+01 +3.137014890e+01
18244 0 +1.354252295e-04 +3.137013543e+01 +3.137013543e+01
18307 0 +1.238035542e-04 +3.137012380e+01 +3.137012380e+01
18391 0 +1.099859130e-04 +3.137010999e+01 +3.137010999e+01
18538 0 +9.988010903e-05 +3.137009988e+01 +3.137009988e+01
18664 0 +8.800402991e-05 +3.137008800e+01 +3.137008800e+01
18937 0 +7.937184507e-05 +3.137007937e+01 +3.137007937e+01
19252 0 +6.529998807e-05 +3.137006530e+01 +3.137006530e+01
19294 0 +6.101901762e-05 +3.137006102e+01 +3.137006102e+01
19315 0 +5.490466847e-05 +3.137005490e+01 +3.137005490e+01
19399 0 +4.856329689e-05 +3.137004856e+01 +3.137004856e+01
19714 0 +3.615321682e-05 +3.137003615e+01 +3.137003615e+01
19840 0 +3.529229882e-05 +3.137003529e+01 +3.137003529e+01
20092 0 +3.006060738e-05 +3.137003006e+01 +3.137003006e+01
20785 0 +2.810916855e-05 +3.137002811e+01 +3.137002811e+01
20869 0 +2.463207960e-05 +3.137002463e+01 +3.137002463e+01
20911 0 +2.059185278e-05 +3.137002059e+01 +3.137002059e+01
20953 0 +1.994196774e-05 +3.137001994e+01 +3.137001994e+01
21457 0 +1.690023609e-05 +3.137001690e+01 +3.137001690e+01
21814 0 +1.580990923e-05 +3.137001581e+01 +3.137001581e+01
22150 0 +1.305754284e-05 +3.137001306e+01 +3.137001306e+01
22423 0 +1.210123522e-05 +3.137001210e+01 +3.137001210e+01
23095 0 +1.034530921e-05 +3.137001035e+01 +3.137001035e+01
23431 0 +9.981196285e-06 +3.137000998e+01 +3.137000998e+01
23515 0 +8.841298097e-06 +3.137000884e+01 +3.137000884e+01
23746 0 +7.913954612e-06 +3.137000791e+01 +3.137000791e+01
24019 0 +6.726963409e-06 +3.137000673e+01 +3.137000673e+01
24040 0 +6.098596007e-06 +3.137000610e+01 +3.137000610e+01
24250 0 +5.613591998e-06 +3.137000561e+01 +3.137000561e+01
24586 0 +4.822097083e-06 +3.137000482e+01 +3.137000482e+01
24628 0 +4.271957273e-06 +3.137000427e+01 +3.137000427e+01
24754 0 +3.871522566e-06 +3.137000387e+01 +3.137000387e+01
25216 0 +3.505810167e-06 +3.137000351e+01 +3.137000351e+01
25930 0 +3.153315166e-06 +3.137000315e+01 +3.137000315e+01
25972 0 +2.270289894e-06 +3.137000227e+01 +3.137000227e+01
26077 0 +2.168481835e-06 +3.137000217e+01 +3.137000217e+01
26308 0 +1.849863459e-06 +3.137000185e+01 +3.137000185e+01
26707 0 +1.775945275e-06 +3.137000178e+01 +3.137000178e+01
27211 0 +1.111738200e-06 +3.137000111e+01 +3.137000111e+01
39041 0 +9.887635102e-07 +3.137000099e+01 +3.137000099e+01
39482 0 +8.518664245e-07 +3.137000085e+01 +3.137000085e+01
39755 0 +7.889185341e-07 +3.137000079e+01 +3.137000079e+01
39797 0 +6.621061566e-07 +3.137000066e+01 +3.137000066e+01
39839 0 +5.290983012e-07 +3.137000053e+01 +3.137000053e+01
39860 0 +4.902209874e-07 +3.137000049e+01 +3.137000049e+01
40763 0 +4.158726483e-07 +3.137000042e+01 +3.137000042e+01
40805 0 +3.855822328e-07 +3.137000039e+01 +3.137000039e+01
40952 0 +3.539746345e-07 +3.137000035e+01 +3.137000035e+01
41162 0 +2.494223850e-07 +3.137000025e+01 +3.137000025e+01
41204 0 +1.887067924e-07 +3.137000019e+01 +3.137000019e+01
41309 0 +1.770568012e-07 +3.137000018e+01 +3.137000018e+01
41687 0 +1.428980347e-07 +3.137000014e+01 +3.137000014e+01
41708 0 +1.006700359e-07 +3.137000010e+01 +3.137000010e+01
42254 0 +9.914508325e-08 +3.137000010e+01 +3.137000010e+01
42275 0 +8.684245145e-08 +3.137000009e+01 +3.137000009e+01
42317 0 +7.469503061e-08 +3.137000007e+01 +3.137000007e+01
42338 0 +6.737542080e-08 +3.137000007e+01 +3.137000007e+01
42380 0 +5.959005733e-08 +3.137000006e+01 +3.137000006e+01
42549 0 +5.618804977e-08 +3.137000006e+01 +3.137000006e+01
42632 0 +4.812488896e-08 +3.137000005e+01 +3.137000005e+01
42842 0 +4.417706023e-08 +3.137000004e+01 +3.137000004e+01
43220 0 +3.854572128e-08 +3.137000004e+01 +3.137000004e+01
43304 0 +3.515961211e-08 +3.137000004e+01 +3.137000004e+01
43703 0 +3.150039873e-08 +3.137000003e+01 +3.137000003e+01
44207 0 +2.801969501e-08 +3.137000003e+01 +3.137000003e+01
44228 0 +2.256306786e-08 +3.137000002e+01 +3.137000002e+01
44270 0 +1.996767907e-08 +3.137000002e+01 +3.137000002e+01
44312 0 +1.995108079e-08 +3.137000002e+01 +3.137000002e+01
44774 0 +1.634519364e-08 +3.137000002e+01 +3.137000002e+01
44816 0 +1.384736237e-08 +3.137000001e+01 +3.137000001e+01
44837 0 +1.196964661e-08 +3.137000001e+01 +3.137000001e+01
45320 0 +1.120760018e-08 +3.137000001e+01 +3.137000001e+01
163054 0 +9.100244114e-09 +3.137000001e+01 +3.137000001e+01
200349 0 +8.669790219e-09 +3.137000001e+01 +3.137000001e+01
% f evaluations | g evaluations | best noise-free fitness - Fopt (-1.000000000000e+03) + sum g_i+ | measured fitness | best measured fitness or single-digit g-values | x1 | x2...
1 0 +3.146465654e+05 +3.136465654e+05 +3.136465654e+05
8 0 +3.128565380e+05 +3.118565380e+05 +3.118565380e+05
13 0 +2.824790042e+05 +2.814790042e+05 +2.814790042e+05
21 0 +2.066499867e+05 +2.056499867e+05 +2.056499867e+05
32 0 +1.753651987e+05 +1.743651987e+05 +1.743651987e+05
42 0 +1.526988366e+05 +1.516988366e+05 +1.516988366e+05
53 0 +1.162507320e+05 +1.152507320e+05 +1.152507320e+05
79 0 +1.061599624e+05 +1.051599624e+05 +1.051599624e+05
81 0 +5.101612329e+04 +5.001612329e+04 +5.001612329e+04
86 0 +2.471414279e+04 +2.371414279e+04 +2.371414279e+04
121 0 +1.508811988e+04 +1.408811988e+04 +1.408811988e+04
142 0 +2.224651070e+03 +1.224651070e+03 +1.224651070e+03
184 0 +1.794620551e+03 +7.946205515e+02 +7.946205515e+02
205 0 +4.088344769e+02 -5.911655231e+02 -5.911655231e+02
247 0 +3.441416967e+02 -6.558583033e+02 -6.558583033e+02
394 0 +2.996768816e+02 -7.003231184e+02 -7.003231184e+02
541 0 +2.244900017e+02 -7.755099983e+02 -7.755099983e+02
583 0 +2.209086449e+02 -7.790913551e+02 -7.790913551e+02
667 0 +1.636079563e+02 -8.363920437e+02 -8.363920437e+02
709 0 +1.086267737e+02 -8.913732263e+02 -8.913732263e+02
730 0 +7.899168138e+01 -9.210083186e+02 -9.210083186e+02
835 0 +6.845780880e+01 -9.315421912e+02 -9.315421912e+02
1024 0 +5.395306820e+01 -9.460469318e+02 -9.460469318e+02
1045 0 +3.080110217e+01 -9.691988978e+02 -9.691988978e+02
1108 0 +2.691226356e+01 -9.730877364e+02 -9.730877364e+02
1213 0 +2.390345342e+01 -9.760965466e+02 -9.760965466e+02
1255 0 +1.774835146e+01 -9.822516485e+02 -9.822516485e+02
1297 0 +1.356908737e+01 -9.864309126e+02 -9.864309126e+02
1465 0 +1.257662623e+01 -9.874233738e+02 -9.874233738e+02
3901 0 +1.096045252e+01 -9.890395475e+02 -9.890395475e+02
4342 0 +9.993451014e+00 -9.900065490e+02 -9.900065490e+02
4363 0 +8.746134284e+00 -9.912538657e+02 -9.912538657e+02
4384 0 +6.805128005e+00 -9.931948720e+02 -9.931948720e+02
4426 0 +4.558038850e+00 -9.954419611e+02 -9.954419611e+02
4468 0 +2.574791944e+00 -9.974252081e+02 -9.974252081e+02
4510 0 +1.340219906e+00 -9.986597801e+02 -9.986597801e+02
4531 0 +7.593650027e-01 -9.992406350e+02 -9.992406350e+02
4741 0 +6.900931323e-01 -9.993099069e+02 -9.993099069e+02
5938 0 +5.873033646e-01 -9.994126966e+02 -9.994126966e+02
5959 0 +5.308705497e-01 -9.994691295e+02 -9.994691295e+02
6022 0 +4.938067318e-01 -9.995061933e+02 -9.995061933e+02
6064 0 +4.106423699e-01 -9.995893576e+02 -9.995893576e+02
6085 0 +3.891401154e-01 -9.996108599e+02 -9.996108599e+02
6106 0 +3.347969965e-01 -9.996652030e+02 -9.996652030e+02
6316 0 +3.118185063e-01 -9.996881815e+02 -9.996881815e+02
6841 0 +2.753121788e-01 -9.997246878e+02 -9.997246878e+02
7345 0 +2.232390246e-01 -9.997767610e+02 -9.997767610e+02
7366 0 +1.313994480e-01 -9.998686006e+02 -9.998686006e+02
7534 0 +1.145628727e-01 -9.998854371e+02 -9.998854371e+02
7576 0 +1.085595946e-01 -9.998914404e+02 -9.998914404e+02
7891 0 +9.925164646e-02 -9.999007484e+02 -9.999007484e+02
7933 0 +8.792385745e-02 -9.999120761e+02 -9.999120761e+02
8269 0 +7.832825992e-02 -9.999216717e+02 -9.999216717e+02
8332 0 +6.899332218e-02 -9.999310067e+02 -9.999310067e+02
8899 0 +6.167785309e-02 -9.999383221e+02 -9.999383221e+02
8983 0 +5.514428649e-02 -9.999448557e+02 -9.999448557e+02
9004 0 +4.531281283e-02 -9.999546872e+02 -9.999546872e+02
9025 0 +4.269106339e-02 -9.999573089e+02 -9.999573089e+02
9067 0 +3.464726056e-02 -9.999653527e+02 -9.999653527e+02
9109 0 +2.530419234e-02 -9.999746958e+02 -9.999746958e+02
9130 0 +2.331156888e-02 -9.999766884e+02 -9.999766884e+02
9424 0 +2.238589891e-02 -9.999776141e+02 -9.999776141e+02
9487 0 +1.729816241e-02 -9.999827018e+02 -9.999827018e+02
9550 0 +1.394812012e-02 -9.999860519e+02 -9.999860519e+02
9592 0 +1.114556862e-02 -9.999888544e+02 -9.999888544e+02
9802 0 +9.989444636e-03 -9.999900106e+02 -9.999900106e+02
10138 0 +8.879953258e-03 -9.999911200e+02 -9.999911200e+02
10684 0 +5.959297081e-03 -9.999940407e+02 -9.999940407e+02
10873 0 +5.605565056e-03 -9.999943944e+02 -9.999943944e+02
11692 0 +4.995483102e-03 -9.999950045e+02 -9.999950045e+02
12238 0 +4.284011629e-03 -9.999957160e+02 -9.999957160e+02
12280 0 +3.708939939e-03 -9.999962911e+02 -9.999962911e+02
12301 0 +3.502706461e-03 -9.999964973e+02 -9.999964973e+02
12700 0 +2.699633678e-03 -9.999973004e+02 -9.999973004e+02
12721 0 +2.506226151e-03 -9.999974938e+02 -9.999974938e+02
12763 0 +2.026036391e-03 -9.999979740e+02 -9.999979740e+02
12826 0 +1.835374212e-03 -9.999981646e+02 -9.999981646e+02
12868 0 +1.761716680e-03 -9.999982383e+02 -9.999982383e+02
13876 0 +1.584576501e-03 -9.999984154e+02 -9.999984154e+02
15031 0 +1.356239617e-03 -9.999986438e+02 -9.999986438e+02
15178 0 +1.219400705e-03 -9.999987806e+02 -9.999987806e+02
15220 0 +1.109801154e-03 -9.999988902e+02 -9.999988902e+02
15472 0 +9.558075109e-04 -9.999990442e+02 -9.999990442e+02
15577 0 +8.823787965e-04 -9.999991176e+02 -9.999991176e+02
15640 0 +7.908078081e-04 -9.999992092e+02 -9.999992092e+02
16081 0 +7.058311379e-04 -9.999992942e+02 -9.999992942e+02
16123 0 +6.198214537e-04 -9.999993802e+02 -9.999993802e+02
16144 0 +5.171240233e-04 -9.999994829e+02 -9.999994829e+02
16186 0 +5.011045191e-04 -9.999994989e+02 -9.999994989e+02
16942 0 +4.444371070e-04 -9.999995556e+02 -9.999995556e+02
17446 0 +3.173323001e-04 -9.999996827e+02 -9.999996827e+02
17488 0 +3.153846849e-04 -9.999996846e+02 -9.999996846e+02
17803 0 +2.754556239e-04 -9.999997245e+02 -9.999997245e+02
17887 0 +1.839254556e-04 -9.999998161e+02 -9.999998161e+02
17950 0 +1.775995697e-04 -9.999998224e+02 -9.999998224e+02
18559 0 +1.573342772e-04 -9.999998427e+02 -9.999998427e+02
18664 0 +1.403744567e-04 -9.999998596e+02 -9.999998596e+02
18979 0 +1.076534221e-04 -9.999998923e+02 -9.999998923e+02
19021 0 +8.740415024e-05 -9.999999126e+02 -9.999999126e+02
19105 0 +7.918477047e-05 -9.999999208e+02 -9.999999208e+02
19693 0 +7.047423912e-05 -9.999999295e+02 -9.999999295e+02
19798 0 +6.302471854e-05 -9.999999370e+02 -9.999999370e+02
20764 0 +5.502711269e-05 -9.999999450e+02 -9.999999450e+02
21079 0 +4.898967961e-05 -9.999999510e+02 -9.999999510e+02
21709 0 +4.150983534e-05 -9.999999585e+02 -9.999999585e+02
21877 0 +3.965635517e-05 -9.999999603e+02 -9.999999603e+02
22402 0 +3.427868478e-05 -9.999999657e+02 -9.999999657e+02
22423 0 +3.125376043e-05 -9.999999687e+02 -9.999999687e+02
23032 0 +2.657435209e-05 -9.999999734e+02 -9.999999734e+02
23683 0 +2.328528433e-05 -9.999999767e+02 -9.999999767e+02
24166 0 +2.230865641e-05 -9.999999777e+02 -9.999999777e+02
24229 0 +1.816559291e-05 -9.999999818e+02 -9.999999818e+02
24313 0 +1.767224467e-05 -9.999999823e+02 -9.999999823e+02
24859 0 +1.583800542e-05 -9.999999842e+02 -9.999999842e+02
25930 0 +1.403581734e-05 -9.999999860e+02 -9.999999860e+02
26728 0 +1.258313932e-05 -9.999999874e+02 -9.999999874e+02
27316 0 +1.121960520e-05 -9.999999888e+02 -9.999999888e+02
27400 0 +9.274873150e-06 -9.999999907e+02 -9.999999907e+02
27778 0 +8.912260455e-06 -9.999999911e+02 -9.999999911e+02
28702 0 +7.827014883e-06 -9.999999922e+02 -9.999999922e+02
29017 0 +6.916140251e-06 -9.999999931e+02 -9.999999931e+02
29479 0 +6.307361673e-06 -9.999999937e+02 -9.999999937e+02
29647 0 +5.568195888e-06 -9.999999944e+02 -9.999999944e+02
30571 0 +4.941302564e-06 -9.999999951e+02 -9.999999951e+02
30781 0 +4.437549933e-06 -9.999999956e+02 -9.999999956e+02
30802 0 +3.853096473e-06 -9.999999961e+02 -9.999999961e+02
30886 0 +3.364924964e-06 -9.999999966e+02 -9.999999966e+02
30907 0 +3.147062444e-06 -9.999999969e+02 -9.999999969e+02
31390 0 +2.691717441e-06 -9.999999973e+02 -9.999999973e+02
31411 0 +1.931823817e-06 -9.999999981e+02 -9.999999981e+02
31642 0 +1.762292186e-06 -9.999999982e+02 -9.999999982e+02
31768 0 +1.467862830e-06 -9.999999985e+02 -9.999999985e+02
56912 0 +1.410902314e-06 -9.999999986e+02 -9.999999986e+02
56975 0 +1.126462848e-06 -9.999999989e+02 -9.999999989e+02
57017 0 +9.691674450e-07 -9.999999990e+02 -9.999999990e+02
57773 0 +8.870670172e-07 -9.999999991e+02 -9.999999991e+02
57857 0 +7.782517741e-07 -9.999999992e+02 -9.999999992e+02
58235 0 +6.902107543e-07 -9.999999993e+02 -9.999999993e+02
58256 0 +5.815657005e-07 -9.999999994e+02 -9.999999994e+02
58298 0 +5.566356549e-07 -9.999999994e+02 -9.999999994e+02
58424 0 +4.950309176e-07 -9.999999995e+02 -9.999999995e+02
59264 0 +4.400342277e-07 -9.999999996e+02 -9.999999996e+02
59411 0 +3.751825943e-07 -9.999999996e+02 -9.999999996e+02
59432 0 +3.530109325e-07 -9.999999996e+02 -9.999999996e+02
59621 0 +2.876581675e-07 -9.999999997e+02 -9.999999997e+02
59726 0 +2.655491471e-07 -9.999999997e+02 -9.999999997e+02
59873 0 +2.510415698e-07 -9.999999997e+02 -9.999999997e+02
60020 0 +2.204957354e-07 -9.999999998e+02 -9.999999998e+02
60461 0 +1.926485993e-07 -9.999999998e+02 -9.999999998e+02
60776 0 +1.737128059e-07 -9.999999998e+02 -9.999999998e+02
60860 0 +1.573363306e-07 -9.999999998e+02 -9.999999998e+02
61175 0 +1.367964160e-07 -9.999999999e+02 -9.999999999e+02
61448 0 +1.216593546e-07 -9.999999999e+02 -9.999999999e+02
61511 0 +1.115249688e-07 -9.999999999e+02 -9.999999999e+02
62351 0 +9.959160252e-08 -9.999999999e+02 -9.999999999e+02
62372 0 +8.506992799e-08 -9.999999999e+02 -9.999999999e+02
62414 0 +7.042410743e-08 -9.999999999e+02 -9.999999999e+02
88734 0 +6.098684935e-08 -9.999999999e+02 -9.999999999e+02
88755 0 +5.514471013e-08 -9.999999999e+02 -9.999999999e+02
104311 0 +4.792661912e-08 -1.000000000e+03 -1.000000000e+03
169293 0 +4.464868653e-08 -1.000000000e+03 -1.000000000e+03
169525 0 +3.940328952e-08 -1.000000000e+03 -1.000000000e+03
169567 0 +3.435752660e-08 -1.000000000e+03 -1.000000000e+03
170281 0 +3.162153916e-08 -1.000000000e+03 -1.000000000e+03
170554 0 +2.748720362e-08 -1.000000000e+03 -1.000000000e+03
170848 0 +2.510512331e-08 -1.000000000e+03 -1.000000000e+03
200030 0 +2.509409569e-08 -1.000000000e+03 -1.000000000e+03
% f evaluations | g evaluations | best noise-free fitness - Fopt (1.319200000000e+02) + sum g_i+ | measured fitness | best measured fitness or single-digit g-values | x1 | x2...
1 0 +1.123118920e+06 +1.123250840e+06 +1.123250840e+06
2 0 +1.005068472e+06 +1.005200392e+06 +1.005200392e+06
8 0 +6.532414068e+05 +6.533733268e+05 +6.533733268e+05
17 0 +5.881390689e+05 +5.882709889e+05 +5.882709889e+05
28 0 +4.661039825e+05 +4.662359025e+05 +4.662359025e+05
37 0 +4.406920727e+05 +4.408239927e+05 +4.408239927e+05
44 0 +3.406685890e+05 +3.408005090e+05 +3.408005090e+05
60 0 +3.094631125e+05 +3.095950325e+05 +3.095950325e+05
63 0 +2.064882164e+05 +2.066201364e+05 +2.066201364e+05
92 0 +1.851188908e+05 +1.852508108e+05 +1.852508108e+05
99 0 +1.667998177e+05 +1.669317377e+05 +1.669317377e+05
117 0 +1.482698838e+05 +1.484018038e+05 +1.484018038e+05
118 0 +9.677257494e+04 +9.690449494e+04 +9.690449494e+04
121 0 +7.355584439e+04 +7.368776439e+04 +7.368776439e+04
142 0 +3.715741967e+04 +3.728933967e+04 +3.728933967e+04
194 0 +3.547395889e+04 +3.560587889e+04 +3.560587889e+04
269 0 +1.659917301e+04 +1.673109301e+04 +1.673109301e+04
304 0 +3.597830609e+03 +3.729750609e+03 +3.729750609e+03
346 0 +2.608307532e+03 +2.740227532e+03 +2.740227532e+03
367 0 +2.240665564e+03 +2.372585564e+03 +2.372585564e+03
388 0 +2.088611618e+03 +2.220531618e+03 +2.220531618e+03
619 0 +1.991173028e+03 +2.123093028e+03 +2.123093028e+03
682 0 +1.106453349e+03 +1.238373349e+03 +1.238373349e+03
724 0 +3.828141894e+02 +5.147341894e+02 +5.147341894e+02
745 0 +2.152046964e+02 +3.471246964e+02 +3.471246964e+02
1174 0 +1.697702639e+02 +3.016902639e+02 +3.016902639e+02
1216 0 +1.327653789e+02 +2.646853789e+02 +2.646853789e+02
1447 0 +1.247236314e+02 +2.566436314e+02 +2.566436314e+02
1531 0 +1.094749691e+02 +2.413949691e+02 +2.413949691e+02
1678 0 +8.427039221e+01 +2.161903922e+02 +2.161903922e+02
1720 0 +7.100221397e+01 +2.029222140e+02 +2.029222140e+02
1762 0 +5.775503121e+01 +1.896750312e+02 +1.896750312e+02
1783 0 +3.791304203e+01 +1.698330420e+02 +1.698330420e+02
1825 0 +2.377669485e+01 +1.556966949e+02 +1.556966949e+02
1867 0 +1.171893000e+01 +1.436389300e+02 +1.436389300e+02
1909 0 +1.057795151e+01 +1.424979515e+02 +1.424979515e+02
1951 0 +8.965621204e+00 +1.408856212e+02 +1.408856212e+02
1972 0 +8.585342258e+00 +1.405053423e+02 +1.405053423e+02
2140 0 +7.825580591e+00 +1.397455806e+02 +1.397455806e+02
2161 0 +6.897291684e+00 +1.388172917e+02 +1.388172917e+02
2203 0 +4.650252833e+00 +1.365702528e+02 +1.365702528e+02
2266 0 +4.083758976e+00 +1.360037590e+02 +1.360037590e+02
2308 0 +3.542648329e+00 +1.354626483e+02 +1.354626483e+02
2749 0 +2.941331790e+00 +1.348613318e+02 +1.348613318e+02
2917 0 +2.759268315e+00 +1.346792683e+02 +1.346792683e+02
3148 0 +2.459776143e+00 +1.343797761e+02 +1.343797761e+02
4744 0 +2.114927105e+00 +1.340349271e+02 +1.340349271e+02
4765 0 +1.905469419e+00 +1.338254694e+02 +1.338254694e+02
4807 0 +1.600188969e+00 +1.335201890e+02 +1.335201890e+02
4828 0 +1.445377569e+00 +1.333653776e+02 +1.333653776e+02
4849 0 +1.325275617e+00 +1.332452756e+02 +1.332452756e+02
4870 0 +8.330289559e-01 +1.327530290e+02 +1.327530290e+02
4891 0 +7.073720867e-01 +1.326273721e+02 +1.326273721e+02
4933 0 +6.153322636e-01 +1.325353323e+02 +1.325353323e+02
4996 0 +5.622532164e-01 +1.324822532e+02 +1.324822532e+02
5122 0 +4.618771384e-01 +1.323818771e+02 +1.323818771e+02
5143 0 +4.367555015e-01 +1.323567555e+02 +1.323567555e+02
5185 0 +3.574386958e-01 +1.322774387e+02 +1.322774387e+02
5206 0 +1.537253761e-01 +1.320737254e+02 +1.320737254e+02
5227 0 +4.437111516e-02 +1.319643711e+02 +1.319643711e+02
6571 0 +3.976017400e-02 +1.319597602e+02 +1.319597602e+02
7075 0 +3.537585327e-02 +1.319553759e+02 +1.319553759e+02
7180 0 +3.160062153e-02 +1.319516006e+02 +1.319516006e+02
7201 0 +2.726108850e-02 +1.319472611e+02 +1.319472611e+02
7222 0 +2.403417707e-02 +1.319440342e+02 +1.319440342e+02
7600 0 +2.211557354e-02 +1.319421156e+02 +1.319421156e+02
7705 0 +1.989166269e-02 +1.319398917e+02 +1.319398917e+02
8167 0 +1.776775400e-02 +1.319377678e+02 +1.319377678e+02
8188 0 +1.515904159e-02 +1.319351590e+02 +1.319351590e+02
8251 0 +1.345367198e-02 +1.319334537e+02 +1.319334537e+02
8272 0 +1.193252561e-02 +1.319319325e+02 +1.319319325e+02
8419 0 +1.086965972e-02 +1.319308697e+02 +1.319308697e+02
8461 0 +9.022184945e-03 +1.319290222e+02 +1.319290222e+02
8482 0 +8.663353574e-03 +1.319286634e+02 +1.319286634e+02
8503 0 +7.936656683e-03 +1.319279367e+02 +1.319279367e+02
8545 0 +5.847382862e-03 +1.319258474e+02 +1.319258474e+02
8566 0 +4.666812798e-03 +1.319246668e+02 +1.319246668e+02
9091 0 +4.449362770e-03 +1.319244494e+02 +1.319244494e+02
9196 0 +3.774509932e-03 +1.319237745e+02 +1.319237745e+02
9217 0 +2.756997759e-03 +1.319227570e+02 +1.319227570e+02
9343 0 +2.482137839e-03 +1.319224821e+02 +1.319224821e+02
9427 0 +2.123663955e-03 +1.319221237e+02 +1.319221237e+02
9448 0 +1.835775468e-03 +1.319218358e+02 +1.319218358e+02
9490 0 +1.777087524e-03 +1.319217771e+02 +1.319217771e+02
9910 0 +1.450758870e-03 +1.319214508e+02 +1.319214508e+02
9931 0 +1.169333809e-03 +1.319211693e+02 +1.319211693e+02
9973 0 +7.755853436e-04 +1.319207756e+02 +1.319207756e+02
10015 0 +6.782839052e-04 +1.319206783e+02 +1.319206783e+02
10036 0 +5.734782484e-04 +1.319205735e+02 +1.319205735e+02
10057 0 +5.049903768e-04 +1.319205050e+02 +1.319205050e+02
10078 0 +5.008085776e-04 +1.319205008e+02 +1.319205008e+02
10687 0 +4.312842555e-04 +1.319204313e+02 +1.319204313e+02
10708 0 +2.830060636e-04 +1.319202830e+02 +1.319202830e+02
10729 0 +2.292778863e-04 +1.319202293e+02 +1.319202293e+02
10834 0 +2.021816610e-04 +1.319202022e+02 +1.319202022e+02
10897 0 +1.852486061e-04 +1.319201852e+02 +1.319201852e+02
11128 0 +1.755108057e-04 +1.319201755e+02 +1.319201755e+02
11737 0 +1.527615100e-04 +1.319201528e+02 +1.319201528e+02
12136 0 +1.393869628e-04 +1.319201394e+02 +1.319201394e+02
12535 0 +1.257388106e-04 +1.319201257e+02 +1.319201257e+02
12766 0 +1.121719094e-04 +1.319201122e+02 +1.319201122e+02
13207 0 +8.638774554e-05 +1.319200864e+02 +1.319200864e+02
13270 0 +7.430759058e-05 +1.319200743e+02 +1.319200743e+02
13312 0 +6.703616103e-05 +1.319200670e+02 +1.319200670e+02
13354 0 +6.283323151e-05 +1.319200628e+02 +1.319200628e+02
13963 0 +5.435595463e-05 +1.319200544e+02 +1.319200544e+02
14446 0 +4.907178908e-05 +1.319200491e+02 +1.319200491e+02
14467 0 +4.156450697e-05 +1.319200416e+02 +1.319200416e+02
14530 0 +3.729905438e-05 +1.319200373e+02 +1.319200373e+02
14572 0 +3.544049940e-05 +1.319200354e+02 +1.319200354e+02
15097 0 +3.129916766e-05 +1.319200313e+02 +1.319200313e+02
15517 0 +2.785329320e-05 +1.319200279e+02 +1.319200279e+02
15538 0 +1.654855200e-05 +1.319200165e+02 +1.319200165e+02
15622 0 +1.583418651e-05 +1.319200158e+02 +1.319200158e+02
16735 0 +1.404462404e-05 +1.319200140e+02 +1.319200140e+02
17029 0 +1.169623482e-05 +1.319200117e+02 +1.319200117e+02
17050 0 +9.657622314e-06 +1.319200097e+02 +1.319200097e+02
17092 0 +8.691818152e-06 +1.319200087e+02 +1.319200087e+02
17953 0 +7.791546324e-06 +1.319200078e+02 +1.319200078e+02
18037 0 +6.375229930e-06 +1.319200064e+02 +1.319200064e+02
18100 0 +6.166184306e-06 +1.319200062e+02 +1.319200062e+02
18709 0 +5.456206623e-06 +1.319200055e+02 +1.319200055e+02
18730 0 +4.270562584e-06 +1.319200043e+02 +1.319200043e+02
18898 0 +3.874553414e-06 +1.319200039e+02 +1.319200039e+02
19234 0 +3.542374600e-06 +1.319200035e+02 +1.319200035e+02
19465 0 +3.160937069e-06 +1.319200032e+02 +1.319200032e+02
20536 0 +2.724203540e-06 +1.319200027e+02 +1.319200027e+02
20557 0 +2.224162728e-06 +1.319200022e+02 +1.319200022e+02
20599 0 +1.987923724e-06 +1.319200020e+02 +1.319200020e+02
20620 0 +1.769893771e-06 +1.319200018e+02 +1.319200018e+02
21040 0 +1.512047703e-06 +1.319200015e+02 +1.319200015e+02
21273 0 +1.408898015e-06 +1.319200014e+02 +1.319200014e+02
21292 0 +1.248368847e-06 +1.319200012e+02 +1.319200012e+02
21313 0 +1.118964235e-06 +1.319200011e+02 +1.319200011e+02
21439 0 +9.675249828e-07 +1.319200010e+02 +1.319200010e+02
22510 0 +8.900479145e-07 +1.319200009e+02 +1.319200009e+02
22678 0 +7.479826252e-07 +1.319200007e+02 +1.319200007e+02
22972 0 +6.920207056e-07 +1.319200007e+02 +1.319200007e+02
23056 0 +5.596524488e-07 +1.319200006e+02 +1.319200006e+02
23497 0 +4.771680437e-07 +1.319200005e+02 +1.319200005e+02
23581 0 +3.946229299e-07 +1.319200004e+02 +1.319200004e+02
24022 0 +3.497857222e-07 +1.319200003e+02 +1.319200003e+02
24043 0 +2.984102707e-07 +1.319200003e+02 +1.319200003e+02
24085 0 +2.265865078e-07 +1.319200002e+02 +1.319200002e+02
24127 0 +2.082705635e-07 +1.319200002e+02 +1.319200002e+02
24148 0 +1.906995806e-07 +1.319200002e+02 +1.319200002e+02
24673 0 +1.686649398e-07 +1.319200002e+02 +1.319200002e+02
25198 0 +1.513184316e-07 +1.319200002e+02 +1.319200002e+02
25219 0 +1.159799581e-07 +1.319200001e+02 +1.319200001e+02
25496 0 +1.120697846e-07 +1.319200001e+02 +1.319200001e+02
26500 0 +9.962653280e-08 +1.319200001e+02 +1.319200001e+02
77670 0 +6.995628610e-08 +1.319200001e+02 +1.319200001e+02
77712 0 +6.019641319e-08 +1.319200001e+02 +1.319200001e+02
77880 0 +5.605645015e-08 +1.319200001e+02 +1.319200001e+02
78346 0 +5.010491577e-08 +1.319200001e+02 +1.319200001e+02
78594 0 +4.218796334e-08 +1.319200000e+02 +1.319200000e+02
78825 0 +3.974906804e-08 +1.319200000e+02 +1.319200000e+02
79035 0 +3.496833756e-08 +1.319200000e+02 +1.319200000e+02
79665 0 +3.118063319e-08 +1.319200000e+02 +1.319200000e+02
80173 0 +2.818114808e-08 +1.319200000e+02 +1.319200000e+02
80778 0 +2.478026317e-08 +1.319200000e+02 +1.319200000e+02
81324 0 +2.200118843e-08 +1.319200000e+02 +1.319200000e+02
81639 0 +1.992376042e-08 +1.319200000e+02 +1.319200000e+02
81912 0 +1.769484470e-08 +1.319200000e+02 +1.319200000e+02
82332 0 +1.513910775e-08 +1.319200000e+02 +1.319200000e+02
82353 0 +1.133221872e-08 +1.319200000e+02 +1.319200000e+02
82395 0 +1.115620307e-08 +1.319200000e+02 +1.319200000e+02
164150 0 +9.955812175e-09 +1.319200000e+02 +1.319200000e+02
200017 0 +6.143352493e-10 +1.319200000e+02 +1.319200000e+02
% f evaluations | g evaluations | best noise-free fitness - Fopt (5.908400000000e+02) + sum g_i+ | measured fitness | best measured fitness or single-digit g-values | x1 | x2...
1 0 +1.775125869e+05 +1.781034269e+05 +1.781034269e+05
4 0 +1.361821023e+05 +1.367729423e+05 +1.367729423e+05
12 0 +1.152211820e+05 +1.158120220e+05 +1.158120220e+05
18 0 +1.106218750e+05 +1.112127150e+05 +1.112127150e+05
27 0 +9.045746513e+04 +9.104830513e+04 +9.104830513e+04
39 0 +2.984679888e+04 +3.043763888e+04 +3.043763888e+04
45 0 +2.468533359e+04 +2.527617359e+04 +2.527617359e+04
51 0 +1.987479237e+04 +2.046563237e+04 +2.046563237e+04
57 0 +8.376470682e+03 +8.967310682e+03 +8.967310682e+03
62 0 +7.405794689e+03 +7.996634689e+03 +7.996634689e+03
73 0 +3.223385840e+03 +3.814225840e+03 +3.814225840e+03
89 0 +2.139991902e+03 +2.730831902e+03 +2.730831902e+03
112 0 +7.936144079e+02 +1.384454408e+03 +1.384454408e+03
121 0 +1.681085970e+02 +7.589485970e+02 +7.589485970e+02
142 0 +1.188367692e+02 +7.096767692e+02 +7.096767692e+02
184 0 +9.809444038e+01 +6.889344404e+02 +6.889344404e+02
226 0 +5.943209618e+01 +6.502720962e+02 +6.502720962e+02
247 0 +4.326770842e+01 +6.341077084e+02 +6.341077084e+02
394 0 +3.707103790e+01 +6.279110379e+02 +6.279110379e+02
436 0 +3.487431505e+01 +6.257143150e+02 +6.257143150e+02
541 0 +2.899826348e+01 +6.198382635e+02 +6.198382635e+02
583 0 +2.555977423e+01 +6.163997742e+02 +6.163997742e+02
667 0 +2.502614946e+01 +6.158661495e+02 +6.158661495e+02
751 0 +1.337727855e+01 +6.042172785e+02 +6.042172785e+02
793 0 +6.878394339e+00 +5.977183943e+02 +5.977183943e+02
814 0 +5.981056209e+00 +5.968210562e+02 +5.968210562e+02
856 0 +2.999799497e+00 +5.938397995e+02 +5.938397995e+02
877 0 +2.425246762e+00 +5.932652468e+02 +5.932652468e+02
1003 0 +2.140241165e+00 +5.929802412e+02 +5.929802412e+02
1024 0 +1.901246463e+00 +5.927412465e+02 +5.927412465e+02
1087 0 +1.453568814e+00 +5.922935688e+02 +5.922935688e+02
1108 0 +1.375948801e+00 +5.922159488e+02 +5.922159488e+02
1276 0 +1.231360302e+00 +5.920713603e+02 +5.920713603e+02
1675 0 +1.069762886e+00 +5.919097629e+02 +5.919097629e+02
1843 0 +9.612957625e-01 +5.918012958e+02 +5.918012958e+02
1864 0 +8.150420743e-01 +5.916550421e+02 +5.916550421e+02
1885 0 +7.374082193e-01 +5.915774082e+02 +5.915774082e+02
2011 0 +6.589762511e-01 +5.914989763e+02 +5.914989763e+02
2200 0 +6.308406005e-01 +5.914708406e+02 +5.914708406e+02
2788 0 +5.609452160e-01 +5.914009452e+02 +5.914009452e+02
3082 0 +4.867774276e-01 +5.913267774e+02 +5.913267774e+02
3103 0 +4.408589476e-01 +5.912808589e+02 +5.912808589e+02
3124 0 +3.899298378e-01 +5.912299298e+02 +5.912299298e+02
3250 0 +3.414321389e-01 +5.911814321e+02 +5.911814321e+02
3271 0 +3.048385817e-01 +5.911448386e+02 +5.911448386e+02
3292 0 +2.188784623e-01 +5.910588785e+02 +5.910588785e+02
3313 0 +8.323016818e-02 +5.909232302e+02 +5.909232302e+02
3355 0 +6.086217631e-02 +5.909008622e+02 +5.909008622e+02
3376 0 +4.127786761e-02 +5.908812779e+02 +5.908812779e+02
3418 0 +3.683713065e-02 +5.908768371e+02 +5.908768371e+02
3439 0 +3.001639811e-02 +5.908700164e+02 +5.908700164e+02
3565 0 +2.725639060e-02 +5.908672564e+02 +5.908672564e+02
3586 0 +2.494325813e-02 +5.908649433e+02 +5.908649433e+02
3607 0 +2.207674691e-02 +5.908620767e+02 +5.908620767e+02
3628 0 +1.583984451e-02 +5.908558398e+02 +5.908558398e+02
3670 0 +1.106127763e-02 +5.908510613e+02 +5.908510613e+02
3691 0 +8.816099982e-03 +5.908488161e+02 +5.908488161e+02
5056 0 +7.907525923e-03 +5.908479075e+02 +5.908479075e+02
5098 0 +6.355115292e-03 +5.908463551e+02 +5.908463551e+02
5119 0 +5.485615348e-03 +5.908454856e+02 +5.908454856e+02
5140 0 +4.668541265e-03 +5.908446685e+02 +5.908446685e+02
5203 0 +3.875402239e-03 +5.908438754e+02 +5.908438754e+02
5245 0 +2.708802414e-03 +5.908427088e+02 +5.908427088e+02
5287 0 +2.501779996e-03 +5.908425018e+02 +5.908425018e+02
5644 0 +2.210059883e-03 +5.908422101e+02 +5.908422101e+02
5686 0 +1.693669462e-03 +5.908416937e+02 +5.908416937e+02
5707 0 +1.374944531e-03 +5.908413749e+02 +5.908413749e+02
5749 0 +1.192181769e-03 +5.908411922e+02 +5.908411922e+02
5770 0 +1.074446127e-03 +5.908410744e+02 +5.908410744e+02
5791 0 +7.092298855e-04 +5.908407092e+02 +5.908407092e+02
5833 0 +4.722025666e-04 +5.908404722e+02 +5.908404722e+02
5875 0 +2.682765712e-04 +5.908402683e+02 +5.908402683e+02
5896 0 +2.478013986e-04 +5.908402478e+02 +5.908402478e+02
5917 0 +1.482300913e-04 +5.908401482e+02 +5.908401482e+02
6106 0 +1.404501226e-04 +5.908401405e+02 +5.908401405e+02
6232 0 +1.256953356e-04 +5.908401257e+02 +5.908401257e+02
6484 0 +9.941880683e-05 +5.908400994e+02 +5.908400994e+02
6883 0 +8.756586669e-05 +5.908400876e+02 +5.908400876e+02
7597 0 +7.502828748e-05 +5.908400750e+02 +5.908400750e+02
7618 0 +6.289948476e-05 +5.908400629e+02 +5.908400629e+02
7912 0 +5.523717493e-05 +5.908400552e+02 +5.908400552e+02
7954 0 +4.685572208e-05 +5.908400469e+02 +5.908400469e+02
8080 0 +4.418979631e-05 +5.908400442e+02 +5.908400442e+02
8143 0 +3.843417517e-05 +5.908400384e+02 +5.908400384e+02
8185 0 +3.442140223e-05 +5.908400344e+02 +5.908400344e+02
8206 0 +3.042646574e-05 +5.908400304e+02 +5.908400304e+02
8269 0 +2.500317567e-05 +5.908400250e+02 +5.908400250e+02
8437 0 +2.151477884e-05 +5.908400215e+02 +5.908400215e+02
8542 0 +1.985907227e-05 +5.908400199e+02 +5.908400199e+02
8752 0 +1.726463813e-05 +5.908400173e+02 +5.908400173e+02
8836 0 +1.578695139e-05 +5.908400158e+02 +5.908400158e+02
9004 0 +1.356750806e-05 +5.908400136e+02 +5.908400136e+02
9403 0 +1.152886989e-05 +5.908400115e+02 +5.908400115e+02
9424 0 +8.695898600e-06 +5.908400087e+02 +5.908400087e+02
9907 0 +7.705848134e-06 +5.908400077e+02 +5.908400077e+02
9928 0 +5.323923915e-06 +5.908400053e+02 +5.908400053e+02
10012 0 +4.495689382e-06 +5.908400045e+02 +5.908400045e+02
10033 0 +3.624881401e-06 +5.908400036e+02 +5.908400036e+02
10075 0 +3.535227506e-06 +5.908400035e+02 +5.908400035e+02
10537 0 +3.105757401e-06 +5.908400031e+02 +5.908400031e+02
11083 0 +2.649700605e-06 +5.908400026e+02 +5.908400026e+02
11125 0 +2.474001576e-06 +5.908400025e+02 +5.908400025e+02
11377 0 +2.134942065e-06 +5.908400021e+02 +5.908400021e+02
11440 0 +1.926219511e-06 +5.908400019e+02 +5.908400019e+02
12091 0 +1.758887379e-06 +5.908400018e+02 +5.908400018e+02
13309 0 +1.534363491e-06 +5.908400015e+02 +5.908400015e+02
13750 0 +1.380998128e-06 +5.908400014e+02 +5.908400014e+02
13771 0 +1.095730795e-06 +5.908400011e+02 +5.908400011e+02
13792 0 +9.630806517e-07 +5.908400010e+02 +5.908400010e+02
14044 0 +8.836243524e-07 +5.908400009e+02 +5.908400009e+02
35375 0 +6.896605100e-07 +5.908400007e+02 +5.908400007e+02
35438 0 +6.012838867e-07 +5.908400006e+02 +5.908400006e+02
35459 0 +4.709496579e-07 +5.908400005e+02 +5.908400005e+02
36635 0 +4.315000979e-07 +5.908400004e+02 +5.908400004e+02
36656 0 +3.949262464e-07 +5.908400004e+02 +5.908400004e+02
36782 0 +3.450301165e-07 +5.908400003e+02 +5.908400003e+02
36971 0 +2.959296808e-07 +5.908400003e+02 +5.908400003e+02
37349 0 +2.805920758e-07 +5.908400003e+02 +5.908400003e+02
37454 0 +2.444754728e-07 +5.908400002e+02 +5.908400002e+02
37895 0 +2.130392431e-07 +5.908400002e+02 +5.908400002e+02
38063 0 +1.994005743e-07 +5.908400002e+02 +5.908400002e+02
38588 0 +1.773476015e-07 +5.908400002e+02 +5.908400002e+02
38609 0 +1.090068054e-07 +5.908400001e+02 +5.908400001e+02
38651 0 +9.920654520e-08 +5.908400001e+02 +5.908400001e+02
38735 0 +7.233575161e-08 +5.908400001e+02 +5.908400001e+02
38819 0 +7.038681815e-08 +5.908400001e+02 +5.908400001e+02
39344 0 +5.794254321e-08 +5.908400001e+02 +5.908400001e+02
39534 0 +5.623212473e-08 +5.908400001e+02 +5.908400001e+02
40352 0 +5.005551884e-08 +5.908400001e+02 +5.908400001e+02
40478 0 +4.390494723e-08 +5.908400000e+02 +5.908400000e+02
40649 0 +3.979766916e-08 +5.908400000e+02 +5.908400000e+02
40856 0 +3.431364348e-08 +5.908400000e+02 +5.908400000e+02
41066 0 +3.033517260e-08 +5.908400000e+02 +5.908400000e+02
178678 0 +2.808963018e-08 +5.908400000e+02 +5.908400000e+02
178707 0 +2.507681529e-08 +5.908400000e+02 +5.908400000e+02
178993 0 +2.236981800e-08 +5.908400000e+02 +5.908400000e+02
179392 0 +1.979628905e-08 +5.908400000e+02 +5.908400000e+02
179476 0 +1.775401870e-08 +5.908400000e+02 +5.908400000e+02
179959 0 +1.582509412e-08 +5.908400000e+02 +5.908400000e+02
180253 0 +1.360342594e-08 +5.908400000e+02 +5.908400000e+02
180927 0 +1.258922566e-08 +5.908400000e+02 +5.908400000e+02
181221 0 +1.119838089e-08 +5.908400000e+02 +5.908400000e+02
181623 0 +9.985569704e-09 +5.908400000e+02 +5.908400000e+02
200026 0 +6.449795364e-09 +5.908400000e+02 +5.908400000e+02
% f evaluations | g evaluations | best noise-free fitness - Fopt (6.749000000000e+01) + sum g_i+ | measured fitness | best measured fitness or single-digit g-values | x1 | x2...
1 0 +2.274108443e+05 +2.274783343e+05 +2.274783343e+05
12 0 +2.222577426e+05 +2.223252326e+05 +2.223252326e+05
17 0 +1.909784767e+05 +1.910459667e+05 +1.910459667e+05
19 0 +1.397283131e+05 +1.397958031e+05 +1.397958031e+05
39 0 +1.129168934e+05 +1.129843834e+05 +1.129843834e+05
42 0 +9.084753017e+04 +9.091502017e+04 +9.091502017e+04
49 0 +6.112476660e+04 +6.119225660e+04 +6.119225660e+04
74 0 +5.428149716e+04 +5.434898716e+04 +5.434898716e+04
82 0 +4.294341163e+04 +4.301090163e+04 +4.301090163e+04
87 0 +3.374798699e+04 +3.381547699e+04 +3.381547699e+04
91 0 +2.946390721e+04 +2.953139721e+04 +2.953139721e+04
121 0 +2.370929942e+04 +2.377678942e+04 +2.377678942e+04
142 0 +4.783411640e+03 +4.850901640e+03 +4.850901640e+03
184 0 +1.085122852e+03 +1.152612852e+03 +1.152612852e+03
226 0 +6.995381302e+02 +7.670281302e+02 +7.670281302e+02
268 0 +5.022963822e+02 +5.697863822e+02 +5.697863822e+02
289 0 +4.004162411e+02 +4.679062411e+02 +4.679062411e+02
352 0 +3.948106107e+02 +4.623006107e+02 +4.623006107e+02
793 0 +3.529854456e+02 +4.204754456e+02 +4.204754456e+02
814 0 +3.146036130e+02 +3.820936130e+02 +3.820936130e+02
877 0 +2.522910907e+02 +3.197810907e+02 +3.197810907e+02
919 0 +2.331752253e+02 +3.006652253e+02 +3.006652253e+02
940 0 +2.165506177e+02 +2.840406177e+02 +2.840406177e+02
1003 0 +1.956386783e+02 +2.631286783e+02 +2.631286783e+02
1234 0 +1.648248190e+02 +2.323148190e+02 +2.323148190e+02
1255 0 +1.310917662e+02 +1.985817662e+02 +1.985817662e+02
1276 0 +1.145346763e+02 +1.820246763e+02 +1.820246763e+02
1297 0 +1.099954618e+02 +1.774854618e+02 +1.774854618e+02
1318 0 +8.142303073e+01 +1.489130307e+02 +1.489130307e+02
1381 0 +7.832069710e+01 +1.458106971e+02 +1.458106971e+02
1507 0 +6.999135314e+01 +1.374813531e+02 +1.374813531e+02
1528 0 +6.178516026e+01 +1.292751603e+02 +1.292751603e+02
1549 0 +2.851577211e+01 +9.600577211e+01 +9.600577211e+01
1591 0 +2.643680692e+01 +9.392680692e+01 +9.392680692e+01
1654 0 +2.474185767e+01 +9.223185767e+01 +9.223185767e+01
1717 0 +1.741138962e+01 +8.490138962e+01 +8.490138962e+01
1738 0 +4.680519776e+00 +7.217051978e+01 +7.217051978e+01
1801 0 +4.151095466e+00 +7.164109547e+01 +7.164109547e+01
1822 0 +3.177354906e+00 +7.066735491e+01 +7.066735491e+01
1843 0 +2.295360534e+00 +6.978536053e+01 +6.978536053e+01
1864 0 +1.677616369e+00 +6.916761637e+01 +6.916761637e+01
1927 0 +1.476610437e+00 +6.896661044e+01 +6.896661044e+01
2116 0 +1.407294743e+00 +6.889729474e+01 +6.889729474e+01
2305 0 +1.247107838e+00 +6.873710784e+01 +6.873710784e+01
2578 0 +1.000674824e+00 +6.849067482e+01 +6.849067482e+01
2620 0 +9.582613059e-01 +6.844826131e+01 +6.844826131e+01
3082 0 +8.832952402e-01 +6.837329524e+01 +6.837329524e+01
3271 0 +7.894815405e-01 +6.827948154e+01 +6.827948154e+01
3481 0 +6.978424487e-01 +6.818784245e+01 +6.818784245e+01
3586 0 +6.154248176e-01 +6.810542482e+01 +6.810542482e+01
3607 0 +5.602113354e-01 +6.805021134e+01 +6.805021134e+01
4090 0 +4.738997123e-01 +6.796389971e+01 +6.796389971e+01
4111 0 +4.450232629e-01 +6.793502326e+01 +6.793502326e+01
4153 0 +3.903143584e-01 +6.788031436e+01 +6.788031436e+01
4237 0 +3.267059828e-01 +6.781670598e+01 +6.781670598e+01
4258 0 +2.728913489e-01 +6.776289135e+01 +6.776289135e+01
4279 0 +1.707794433e-01 +6.766077944e+01 +6.766077944e+01
4342 0 +1.535620565e-01 +6.764356206e+01 +6.764356206e+01
4552 0 +1.161488111e-01 +6.760614881e+01 +6.760614881e+01
4594 0 +9.883239976e-02 +6.758883240e+01 +6.758883240e+01
4909 0 +8.577597813e-02 +6.757577598e+01 +6.757577598e+01
4993 0 +6.669706605e-02 +6.755669707e+01 +6.755669707e+01
5056 0 +6.204480350e-02 +6.755204480e+01 +6.755204480e+01
5140 0 +5.474724067e-02 +6.754474724e+01 +6.754474724e+01
5329 0 +4.607017718e-02 +6.753607018e+01 +6.753607018e+01
5350 0 +4.314829608e-02 +6.753314830e+01 +6.753314830e+01
5497 0 +3.553298035e-02 +6.752553298e+01 +6.752553298e+01
5518 0 +3.338751981e-02 +6.752338752e+01 +6.752338752e+01
5812 0 +3.108102501e-02 +6.752108103e+01 +6.752108103e+01
5959 0 +2.730539075e-02 +6.751730539e+01 +6.751730539e+01
5980 0 +2.509431589e-02 +6.751509432e+01 +6.751509432e+01
6148 0 +2.154870928e-02 +6.751154871e+01 +6.751154871e+01
6442 0 +1.949767355e-02 +6.750949767e+01 +6.750949767e+01
6463 0 +1.664192097e-02 +6.750664192e+01 +6.750664192e+01
6568 0 +1.578107260e-02 +6.750578107e+01 +6.750578107e+01
6610 0 +1.380206473e-02 +6.750380206e+01 +6.750380206e+01
6694 0 +1.252239834e-02 +6.750252240e+01 +6.750252240e+01
7177 0 +1.090802612e-02 +6.750090803e+01 +6.750090803e+01
7366 0 +9.995582501e-03 +6.749999558e+01 +6.749999558e+01
7702 0 +8.893511144e-03 +6.749889351e+01 +6.749889351e+01
8332 0 +6.275722618e-03 +6.749627572e+01 +6.749627572e+01
8563 0 +5.565534003e-03 +6.749556553e+01 +6.749556553e+01
9109 0 +4.902966447e-03 +6.749490297e+01 +6.749490297e+01
9550 0 +4.460643524e-03 +6.749446064e+01 +6.749446064e+01
9886 0 +3.972647618e-03 +6.749397265e+01 +6.749397265e+01
10075 0 +3.520389182e-03 +6.749352039e+01 +6.749352039e+01
10159 0 +3.091901154e-03 +6.749309190e+01 +6.749309190e+01
10201 0 +2.596750329e-03 +6.749259675e+01 +6.749259675e+01
10222 0 +2.504194715e-03 +6.749250419e+01 +6.749250419e+01
10264 0 +1.647349579e-03 +6.749164735e+01 +6.749164735e+01
10642 0 +1.546328382e-03 +6.749154633e+01 +6.749154633e+01
10684 0 +1.279965766e-03 +6.749127997e+01 +6.749127997e+01
10768 0 +1.227667217e-03 +6.749122767e+01 +6.749122767e+01
10810 0 +1.061131286e-03 +6.749106113e+01 +6.749106113e+01
11377 0 +9.966157357e-04 +6.749099662e+01 +6.749099662e+01
11776 0 +8.510569266e-04 +6.749085106e+01 +6.749085106e+01
11881 0 +7.929407944e-04 +6.749079294e+01 +6.749079294e+01
12679 0 +5.857848566e-04 +6.749058578e+01 +6.749058578e+01
12742 0 +5.603204947e-04 +6.749056032e+01 +6.749056032e+01
12826 0 +4.911356825e-04 +6.749049114e+01 +6.749049114e+01
13897 0 +3.815332095e-04 +6.749038153e+01 +6.749038153e+01
13939 0 +2.818630251e-04 +6.749028186e+01 +6.749028186e+01
13981 0 +2.725393237e-04 +6.749027254e+01 +6.749027254e+01
14779 0 +2.467605337e-04 +6.749024676e+01 +6.749024676e+01
14842 0 +1.947724113e-04 +6.749019477e+01 +6.749019477e+01
14863 0 +1.506448982e-04 +6.749015064e+01 +6.749015064e+01
15388 0 +1.412533074e-04 +6.749014125e+01 +6.749014125e+01
15913 0 +1.214267113e-04 +6.749012143e+01 +6.749012143e+01
15934 0 +1.118183811e-04 +6.749011182e+01 +6.749011182e+01
16291 0 +9.987912578e-05 +6.749009988e+01 +6.749009988e+01
16690 0 +8.653276255e-05 +6.749008653e+01 +6.749008653e+01
17173 0 +7.654768869e-05 +6.749007655e+01 +6.749007655e+01
17215 0 +6.351817548e-05 +6.749006352e+01 +6.749006352e+01
17614 0 +6.292067597e-05 +6.749006292e+01 +6.749006292e+01
18013 0 +5.623288408e-05 +6.749005623e+01 +6.749005623e+01
18517 0 +4.614377566e-05 +6.749004614e+01 +6.749004614e+01
18559 0 +4.215787214e-05 +6.749004216e+01 +6.749004216e+01
18853 0 +3.914794804e-05 +6.749003915e+01 +6.749003915e+01
19000 0 +3.531263259e-05 +6.749003531e+01 +6.749003531e+01
19105 0 +3.050386147e-05 +6.749003050e+01 +6.749003050e+01
19609 0 +2.789219833e-05 +6.749002789e+01 +6.749002789e+01
20218 0 +2.477645242e-05 +6.749002478e+01 +6.749002478e+01
20239 0 +2.203192793e-05 +6.749002203e+01 +6.749002203e+01
20281 0 +1.903099083e-05 +6.749001903e+01 +6.749001903e+01
20407 0 +1.725055628e-05 +6.749001725e+01 +6.749001725e+01
21037 0 +1.577263684e-05 +6.749001577e+01 +6.749001577e+01
21541 0 +1.346909207e-05 +6.749001347e+01 +6.749001347e+01
21562 0 +1.212756005e-05 +6.749001213e+01 +6.749001213e+01
21583 0 +9.080058476e-06 +6.749000908e+01 +6.749000908e+01
21604 0 +8.522929761e-06 +6.749000852e+01 +6.749000852e+01
22297 0 +7.768309587e-06 +6.749000777e+01 +6.749000777e+01
22654 0 +7.029570980e-06 +6.749000703e+01 +6.749000703e+01
22843 0 +5.113000768e-06 +6.749000511e+01 +6.749000511e+01
22906 0 +4.955440915e-06 +6.749000496e+01 +6.749000496e+01
23011 0 +4.399344576e-06 +6.749000440e+01 +6.749000440e+01
23117 0 +3.980525122e-06 +6.749000398e+01 +6.749000398e+01
23326 0 +3.456221705e-06 +6.749000346e+01 +6.749000346e+01
23620 0 +3.108015704e-06 +6.749000311e+01 +6.749000311e+01
23641 0 +2.718833997e-06 +6.749000272e+01 +6.749000272e+01
23683 0 +2.256755920e-06 +6.749000226e+01 +6.749000226e+01
23725 0 +2.231401851e-06 +6.749000223e+01 +6.749000223e+01
24145 0 +1.845139636e-06 +6.749000185e+01 +6.749000185e+01
24250 0 +1.776552992e-06 +6.749000178e+01 +6.749000178e+01
25405 0 +1.429743236e-06 +6.749000143e+01 +6.749000143e+01
25426 0 +1.146959448e-06 +6.749000115e+01 +6.749000115e+01
25447 0 +1.043258465e-06 +6.749000104e+01 +6.749000104e+01
54716 0 +9.963887919e-07 +6.749000100e+01 +6.749000100e+01
54842 0 +8.758726437e-07 +6.749000088e+01 +6.749000088e+01
55619 0 +7.300519371e-07 +6.749000073e+01 +6.749000073e+01
55724 0 +6.474997178e-07 +6.749000065e+01 +6.749000065e+01
55787 0 +6.180764132e-07 +6.749000062e+01 +6.749000062e+01
56690 0 +5.578552589e-07 +6.749000056e+01 +6.749000056e+01
56732 0 +4.856142937e-07 +6.749000049e+01 +6.749000049e+01
57026 0 +4.461575998e-07 +6.749000045e+01 +6.749000045e+01
57425 0 +3.717783983e-07 +6.749000037e+01 +6.749000037e+01
57509 0 +3.543247118e-07 +6.749000035e+01 +6.749000035e+01
74085 0 +3.062603753e-07 +6.749000031e+01 +6.749000031e+01
74148 0 +2.522928071e-07 +6.749000025e+01 +6.749000025e+01
74169 0 +2.442460669e-07 +6.749000024e+01 +6.749000024e+01
74589 0 +2.233378495e-07 +6.749000022e+01 +6.749000022e+01
75219 0 +1.984112856e-07 +6.749000020e+01 +6.749000020e+01
75324 0 +1.099874254e-07 +6.749000011e+01 +6.749000011e+01
75429 0 +5.506036871e-08 +6.749000006e+01 +6.749000006e+01
75492 0 +4.158916056e-08 +6.749000004e+01 +6.749000004e+01
75849 0 +3.954987449e-08 +6.749000004e+01 +6.749000004e+01
75891 0 +3.237958879e-08 +6.749000003e+01 +6.749000003e+01
75933 0 +3.121120074e-08 +6.749000003e+01 +6.749000003e+01
76185 0 +2.427226775e-08 +6.749000002e+01 +6.749000002e+01
76542 0 +2.066988714e-08 +6.749000002e+01 +6.749000002e+01
76563 0 +1.928957261e-08 +6.749000002e+01 +6.749000002e+01
120466 0 +1.778076353e-08 +6.749000002e+01 +6.749000002e+01
121026 0 +1.557620521e-08 +6.749000002e+01 +6.749000002e+01
121530 0 +1.401430438e-08 +6.749000001e+01 +6.749000001e+01
121719 0 +1.215673251e-08 +6.749000001e+01 +6.749000001e+01
122391 0 +1.098418068e-08 +6.749000001e+01 +6.749000001e+01
122874 0 +9.995801520e-09 +6.749000001e+01 +6.749000001e+01
200971 0 +5.875051556e-09 +6.749000001e+01 +6.749000001e+01
% f evaluations | g evaluations | best noise-free fitness - Fopt (3.085000000000e+01) + sum g_i+ | measured fitness | best measured fitness or single-digit g-values | x1 | x2...
1 0 +3.032854412e+05 +3.033162912e+05 +3.033162912e+05
3 0 +3.020779057e+05 +3.021087557e+05 +3.021087557e+05
4 0 +2.770260334e+05 +2.770568834e+05 +2.770568834e+05
6 0 +1.467765656e+05 +1.468074156e+05 +1.468074156e+05
8 0 +1.138096255e+05 +1.138404755e+05 +1.138404755e+05
18 0 +9.075610126e+04 +9.078695126e+04 +9.078695126e+04
30 0 +6.464323299e+04 +6.467408299e+04 +6.467408299e+04
34 0 +3.045604223e+04 +3.048689223e+04 +3.048689223e+04
68 0 +2.031785960e+04 +2.034870960e+04 +2.034870960e+04
80 0 +1.782537896e+04 +1.785622896e+04 +1.785622896e+04
95 0 +1.724374393e+04 +1.727459393e+04 +1.727459393e+04
96 0 +5.665826360e+03 +5.696676360e+03 +5.696676360e+03
121 0 +1.974906456e+03 +2.005756456e+03 +2.005756456e+03
142 0 +2.085106044e+02 +2.393606044e+02 +2.393606044e+02
205 0 +1.918555910e+02 +2.227055910e+02 +2.227055910e+02
331 0 +1.739919430e+02 +2.048419430e+02 +2.048419430e+02
352 0 +1.555487971e+02 +1.863987971e+02 +1.863987971e+02
373 0 +1.273720937e+02 +1.582220937e+02 +1.582220937e+02
394 0 +1.143195893e+02 +1.451695893e+02 +1.451695893e+02
415 0 +1.079699745e+02 +1.388199745e+02 +1.388199745e+02
478 0 +9.442267050e+01 +1.252726705e+02 +1.252726705e+02
499 0 +7.999562554e+01 +1.108456255e+02 +1.108456255e+02
520 0 +7.418597675e+01 +1.050359767e+02 +1.050359767e+02
919 0 +6.927979975e+01 +1.001297998e+02 +1.001297998e+02
961 0 +4.173530125e+01 +7.258530125e+01 +7.258530125e+01
1003 0 +2.624235790e+01 +5.709235790e+01 +5.709235790e+01
1024 0 +2.339525967e+01 +5.424525967e+01 +5.424525967e+01
1087 0 +2.088452770e+01 +5.173452770e+01 +5.173452770e+01
1108 0 +1.641969124e+01 +4.726969124e+01 +4.726969124e+01
1129 0 +1.490709158e+01 +4.575709158e+01 +4.575709158e+01
1213 0 +1.374018153e+01 +4.459018153e+01 +4.459018153e+01
1381 0 +1.253413953e+01 +4.338413953e+01 +4.338413953e+01
1423 0 +7.662816468e+00 +3.851281647e+01 +3.851281647e+01
1465 0 +4.239398835e+00 +3.508939883e+01 +3.508939883e+01
1486 0 +1.862545522e+00 +3.271254552e+01 +3.271254552e+01
1528 0 +1.674394804e+00 +3.252439480e+01 +3.252439480e+01
1549 0 +1.524416267e+00 +3.237441627e+01 +3.237441627e+01
2011 0 +1.409630125e+00 +3.225963013e+01 +3.225963013e+01
3817 0 +9.460795562e-01 +3.179607956e+01 +3.179607956e+01
3859 0 +8.126325742e-01 +3.166263257e+01 +3.166263257e+01
3880 0 +7.904680428e-01 +3.164046804e+01 +3.164046804e+01
4048 0 +4.370331328e-01 +3.128703313e+01 +3.128703313e+01
4090 0 +2.590402932e-01 +3.110904029e+01 +3.110904029e+01
4132 0 +1.622808050e-01 +3.101228081e+01 +3.101228081e+01
4153 0 +1.428537420e-01 +3.099285374e+01 +3.099285374e+01
4174 0 +8.101489429e-02 +3.093101489e+01 +3.093101489e+01
4342 0 +7.787247433e-02 +3.092787247e+01 +3.092787247e+01
4363 0 +5.001362100e-02 +3.090001362e+01 +3.090001362e+01
4405 0 +4.132900175e-02 +3.089132900e+01 +3.089132900e+01
4426 0 +3.911218884e-02 +3.088911219e+01 +3.088911219e+01
4447 0 +3.307407488e-02 +3.088307407e+01 +3.088307407e+01
4972 0 +3.088829966e-02 +3.088088830e+01 +3.088088830e+01
5056 0 +2.715268609e-02 +3.087715269e+01 +3.087715269e+01
6778 0 +2.506949210e-02 +3.087506949e+01 +3.087506949e+01
7891 0 +2.236219668e-02 +3.087236220e+01 +3.087236220e+01
7954 0 +1.952121371e-02 +3.086952121e+01 +3.086952121e+01
8017 0 +1.741226690e-02 +3.086741227e+01 +3.086741227e+01
8290 0 +1.552406905e-02 +3.086552407e+01 +3.086552407e+01
8353 0 +1.404665909e-02 +3.086404666e+01 +3.086404666e+01
8395 0 +1.223985126e-02 +3.086223985e+01 +3.086223985e+01
8416 0 +9.663727223e-03 +3.085966373e+01 +3.085966373e+01
8437 0 +4.876802870e-03 +3.085487680e+01 +3.085487680e+01
8500 0 +4.107442044e-03 +3.085410744e+01 +3.085410744e+01
8542 0 +3.305420832e-03 +3.085330542e+01 +3.085330542e+01
8563 0 +2.861574673e-03 +3.085286157e+01 +3.085286157e+01
8605 0 +2.731846836e-03 +3.085273185e+01 +3.085273185e+01
8773 0 +2.482430232e-03 +3.085248243e+01 +3.085248243e+01
8857 0 +2.179685242e-03 +3.085217969e+01 +3.085217969e+01
8920 0 +1.865832748e-03 +3.085186583e+01 +3.085186583e+01
9067 0 +1.712561670e-03 +3.085171256e+01 +3.085171256e+01
9088 0 +1.550220655e-03 +3.085155022e+01 +3.085155022e+01
9109 0 +1.381077847e-03 +3.085138108e+01 +3.085138108e+01
9130 0 +1.251557420e-03 +3.085125156e+01 +3.085125156e+01
9571 0 +1.097027486e-03 +3.085109703e+01 +3.085109703e+01
9613 0 +8.581607727e-04 +3.085085816e+01 +3.085085816e+01
9634 0 +5.202409387e-04 +3.085052024e+01 +3.085052024e+01
10222 0 +4.966741383e-04 +3.085049667e+01 +3.085049667e+01
10285 0 +4.362451429e-04 +3.085043625e+01 +3.085043625e+01
10411 0 +3.832944286e-04 +3.085038329e+01 +3.085038329e+01
10432 0 +2.906328683e-04 +3.085029063e+01 +3.085029063e+01
10453 0 +2.792805972e-04 +3.085027928e+01 +3.085027928e+01
10789 0 +2.223098173e-04 +3.085022231e+01 +3.085022231e+01
10936 0 +1.866628051e-04 +3.085018666e+01 +3.085018666e+01
11419 0 +1.697660299e-04 +3.085016977e+01 +3.085016977e+01
11734 0 +1.578700587e-04 +3.085015787e+01 +3.085015787e+01
12343 0 +1.395180903e-04 +3.085013952e+01 +3.085013952e+01
12406 0 +1.210049074e-04 +3.085012100e+01 +3.085012100e+01
12700 0 +1.057641299e-04 +3.085010576e+01 +3.085010576e+01
12721 0 +8.983512285e-05 +3.085008984e+01 +3.085008984e+01
13036 0 +8.909983982e-05 +3.085008910e+01 +3.085008910e+01
13162 0 +7.369448366e-05 +3.085007369e+01 +3.085007369e+01
13330 0 +7.014163124e-05 +3.085007014e+01 +3.085007014e+01
13939 0 +6.219248310e-05 +3.085006219e+01 +3.085006219e+01
13981 0 +5.240766492e-05 +3.085005241e+01 +3.085005241e+01
14002 0 +3.516212684e-05 +3.085003516e+01 +3.085003516e+01
14800 0 +3.154519658e-05 +3.085003155e+01 +3.085003155e+01
15829 0 +2.779024382e-05 +3.085002779e+01 +3.085002779e+01
16312 0 +2.475799579e-05 +3.085002476e+01 +3.085002476e+01
16333 0 +1.814250170e-05 +3.085001814e+01 +3.085001814e+01
16396 0 +1.608993123e-05 +3.085001609e+01 +3.085001609e+01
16438 0 +1.579745547e-05 +3.085001580e+01 +3.085001580e+01
17152 0 +1.390805633e-05 +3.085001391e+01 +3.085001391e+01
17215 0 +1.248459936e-05 +3.085001248e+01 +3.085001248e+01
17383 0 +1.111073491e-05 +3.085001111e+01 +3.085001111e+01
17656 0 +9.946746935e-06 +3.085000995e+01 +3.085000995e+01
17719 0 +8.680294840e-06 +3.085000868e+01 +3.085000868e+01
18433 0 +7.476521130e-06 +3.085000748e+01 +3.085000748e+01
18454 0 +6.765399892e-06 +3.085000677e+01 +3.085000677e+01
18475 0 +5.591797478e-06 +3.085000559e+01 +3.085000559e+01
18706 0 +4.915778472e-06 +3.085000492e+01 +3.085000492e+01
18727 0 +4.091996441e-06 +3.085000409e+01 +3.085000409e+01
18769 0 +3.969220760e-06 +3.085000397e+01 +3.085000397e+01
19000 0 +3.267476128e-06 +3.085000327e+01 +3.085000327e+01
19693 0 +3.110647413e-06 +3.085000311e+01 +3.085000311e+01
19714 0 +2.613229078e-06 +3.085000261e+01 +3.085000261e+01
19756 0 +2.019993829e-06 +3.085000202e+01 +3.085000202e+01
19798 0 +1.979736112e-06 +3.085000198e+01 +3.085000198e+01
20449 0 +1.769265442e-06 +3.085000177e+01 +3.085000177e+01
20995 0 +1.478681007e-06 +3.085000148e+01 +3.085000148e+01
21555 0 +1.411504897e-06 +3.085000141e+01 +3.085000141e+01
21583 0 +1.243409461e-06 +3.085000124e+01 +3.085000124e+01
21667 0 +1.101253119e-06 +3.085000110e+01 +3.085000110e+01
22129 0 +9.963217131e-07 +3.085000100e+01 +3.085000100e+01
22591 0 +8.683053139e-07 +3.085000087e+01 +3.085000087e+01
23263 0 +7.937104662e-07 +3.085000079e+01 +3.085000079e+01
23326 0 +7.005710643e-07 +3.085000070e+01 +3.085000070e+01
23347 0 +6.142056499e-07 +3.085000061e+01 +3.085000061e+01
23389 0 +5.576690931e-07 +3.085000056e+01 +3.085000056e+01
23746 0 +4.984796611e-07 +3.085000050e+01 +3.085000050e+01
23998 0 +4.456759797e-07 +3.085000045e+01 +3.085000045e+01
24733 0 +3.919577694e-07 +3.085000039e+01 +3.085000039e+01
25342 0 +3.440185736e-07 +3.085000034e+01 +3.085000034e+01
25804 0 +3.151433354e-07 +3.085000032e+01 +3.085000032e+01
26308 0 +2.787209752e-07 +3.085000028e+01 +3.085000028e+01
26392 0 +2.432939610e-07 +3.085000024e+01 +3.085000024e+01
26686 0 +2.173622704e-07 +3.085000022e+01 +3.085000022e+01
26728 0 +1.892692119e-07 +3.085000019e+01 +3.085000019e+01
27001 0 +1.772563252e-07 +3.085000018e+01 +3.085000018e+01
27925 0 +1.336807891e-07 +3.085000013e+01 +3.085000013e+01
27967 0 +1.093772291e-07 +3.085000011e+01 +3.085000011e+01
28345 0 +9.987250849e-08 +3.085000010e+01 +3.085000010e+01
56022 0 +7.872021612e-08 +3.085000008e+01 +3.085000008e+01
56043 0 +5.118377544e-08 +3.085000005e+01 +3.085000005e+01
56547 0 +5.002667081e-08 +3.085000005e+01 +3.085000005e+01
57009 0 +4.380592245e-08 +3.085000004e+01 +3.085000004e+01
57093 0 +3.792768055e-08 +3.085000004e+01 +3.085000004e+01
57345 0 +3.496614553e-08 +3.085000003e+01 +3.085000003e+01
57407 0 +3.144398519e-08 +3.085000003e+01 +3.085000003e+01
118917 0 +2.706804381e-08 +3.085000003e+01 +3.085000003e+01
118959 0 +2.473969118e-08 +3.085000002e+01 +3.085000002e+01
119552 0 +2.238280317e-08 +3.085000002e+01 +3.085000002e+01
173613 0 +1.982715503e-08 +3.085000002e+01 +3.085000002e+01
173697 0 +1.502373692e-08 +3.085000002e+01 +3.085000002e+01
173949 0 +1.403500960e-08 +3.085000001e+01 +3.085000001e+01
174012 0 +1.206372602e-08 +3.085000001e+01 +3.085000001e+01
174369 0 +1.109094327e-08 +3.085000001e+01 +3.085000001e+01
200009 0 +1.069127720e-08 +3.085000001e+01 +3.085000001e+01
% f evaluations | g evaluations | best noise-free fitness - Fopt (-1.255000000000e+01) + sum g_i+ | measured fitness | best measured fitness or single-digit g-values | x1 | x2...
1 0 +3.742553182e+05 +3.742427682e+05 +3.742427682e+05
10 0 +2.277634586e+05 +2.277509086e+05 +2.277509086e+05
27 0 +1.565053590e+05 +1.564928090e+05 +1.564928090e+05
36 0 +1.021359535e+05 +1.021234035e+05 +1.021234035e+05
53 0 +6.819699510e+04 +6.818444510e+04 +6.818444510e+04
62 0 +5.005959677e+04 +5.004704677e+04 +5.004704677e+04
97 0 +3.290814144e+04 +3.289559144e+04 +3.289559144e+04
99 0 +3.040680990e+04 +3.039425990e+04 +3.039425990e+04
142 0 +1.373803808e+04 +1.372548808e+04 +1.372548808e+04
184 0 +6.818111854e+03 +6.805561854e+03 +6.805561854e+03
226 0 +1.918875228e+03 +1.906325228e+03 +1.906325228e+03
247 0 +1.205945725e+03 +1.193395725e+03 +1.193395725e+03
347 0 +7.331261998e+02 +7.205761998e+02 +7.205761998e+02
363 0 +3.207072422e+02 +3.081572422e+02 +3.081572422e+02
374 0 +2.197519965e+02 +2.072019965e+02 +2.072019965e+02
571 0 +1.801700441e+02 +1.676200441e+02 +1.676200441e+02
613 0 +1.576740731e+02 +1.451240731e+02 +1.451240731e+02
676 0 +1.376700750e+02 +1.251200750e+02 +1.251200750e+02
781 0 +1.246877690e+02 +1.121377690e+02 +1.121377690e+02
1054 0 +1.117908286e+02 +9.924082864e+01 +9.924082864e+01
1243 0 +8.545923451e+01 +7.290923451e+01 +7.290923451e+01
1285 0 +7.158507604e+01 +5.903507604e+01 +5.903507604e+01
1327 0 +5.225700389e+01 +3.970700389e+01 +3.970700389e+01
1369 0 +4.860236708e+01 +3.605236708e+01 +3.605236708e+01
1432 0 +4.201073345e+01 +2.946073345e+01 +2.946073345e+01
1453 0 +3.079014484e+01 +1.824014484e+01 +1.824014484e+01
1516 0 +2.755496114e+01 +1.500496114e+01 +1.500496114e+01
1558 0 +2.463909608e+01 +1.208909608e+01 +1.208909608e+01
1663 0 +2.214581671e+01 +9.595816705e+00 +9.595816705e+00
1684 0 +1.230682567e+01 -2.431743277e-01 -2.431743277e-01
1789 0 +6.721628359e+00 -5.828371641e+00 -5.828371641e+00
1957 0 +6.050554701e+00 -6.499445299e+00 -6.499445299e+00
1978 0 +5.302282759e+00 -7.247717241e+00 -7.247717241e+00
2146 0 +4.843938678e+00 -7.706061322e+00 -7.706061322e+00
2167 0 +4.241214647e+00 -8.308785353e+00 -8.308785353e+00
2188 0 +3.036335765e+00 -9.513664235e+00 -9.513664235e+00
2230 0 +1.584149206e+00 -1.096585079e+01 -1.096585079e+01
2272 0 +7.148766044e-01 -1.183512340e+01 -1.183512340e+01
2293 0 +4.402439159e-01 -1.210975608e+01 -1.210975608e+01
2419 0 +2.616717692e-01 -1.228832823e+01 -1.228832823e+01
2440 0 +2.495766232e-01 -1.230042338e+01 -1.230042338e+01
2482 0 +1.792320745e-01 -1.237076793e+01 -1.237076793e+01
2524 0 +1.495890342e-01 -1.240041097e+01 -1.240041097e+01
2545 0 +1.398916207e-01 -1.241010838e+01 -1.241010838e+01
2566 0 +8.033370500e-02 -1.246966630e+01 -1.246966630e+01
2587 0 +4.282294581e-02 -1.250717705e+01 -1.250717705e+01
2671 0 +3.953818501e-02 -1.251046181e+01 -1.251046181e+01
2713 0 +3.479736114e-02 -1.251520264e+01 -1.251520264e+01
2923 0 +3.033961134e-02 -1.251966039e+01 -1.251966039e+01
2944 0 +2.348641007e-02 -1.252651359e+01 -1.252651359e+01
2965 0 +1.956802507e-02 -1.253043197e+01 -1.253043197e+01
3343 0 +1.758148170e-02 -1.253241852e+01 -1.253241852e+01
3364 0 +1.582612429e-02 -1.253417388e+01 -1.253417388e+01
3385 0 +1.209268029e-02 -1.253790732e+01 -1.253790732e+01
3826 0 +1.026781734e-02 -1.253973218e+01 -1.253973218e+01
3847 0 +8.690059097e-03 -1.254130994e+01 -1.254130994e+01
3889 0 +5.107770973e-03 -1.254489223e+01 -1.254489223e+01
3952 0 +4.697837332e-03 -1.254530216e+01 -1.254530216e+01
4162 0 +4.418896522e-03 -1.254558110e+01 -1.254558110e+01
4351 0 +3.518484513e-03 -1.254648152e+01 -1.254648152e+01
4414 0 +2.666507885e-03 -1.254733349e+01 -1.254733349e+01
4519 0 +2.492780511e-03 -1.254750722e+01 -1.254750722e+01
5254 0 +2.237395087e-03 -1.254776260e+01 -1.254776260e+01
5317 0 +1.852256045e-03 -1.254814774e+01 -1.254814774e+01
5485 0 +1.754840246e-03 -1.254824516e+01 -1.254824516e+01
5590 0 +1.570258245e-03 -1.254842974e+01 -1.254842974e+01
5674 0 +1.354854265e-03 -1.254864515e+01 -1.254864515e+01
5758 0 +1.249700984e-03 -1.254875030e+01 -1.254875030e+01
7018 0 +1.097743186e-03 -1.254890226e+01 -1.254890226e+01
7039 0 +9.331910756e-04 -1.254906681e+01 -1.254906681e+01
7060 0 +7.691792901e-04 -1.254923082e+01 -1.254923082e+01
7123 0 +7.000134204e-04 -1.254929999e+01 -1.254929999e+01
7228 0 +5.829952224e-04 -1.254941700e+01 -1.254941700e+01
7543 0 +5.544433142e-04 -1.254944556e+01 -1.254944556e+01
7669 0 +5.005181382e-04 -1.254949948e+01 -1.254949948e+01
7921 0 +4.172892316e-04 -1.254958271e+01 -1.254958271e+01
7942 0 +3.890135994e-04 -1.254961099e+01 -1.254961099e+01
7984 0 +3.519233257e-04 -1.254964808e+01 -1.254964808e+01
8005 0 +3.141011384e-04 -1.254968590e+01 -1.254968590e+01
8026 0 +2.790280051e-04 -1.254972097e+01 -1.254972097e+01
8677 0 +2.461991196e-04 -1.254975380e+01 -1.254975380e+01
8719 0 +1.973091493e-04 -1.254980269e+01 -1.254980269e+01
8740 0 +1.558191320e-04 -1.254984418e+01 -1.254984418e+01
8782 0 +1.401981964e-04 -1.254985980e+01 -1.254985980e+01
8824 0 +1.212918793e-04 -1.254987871e+01 -1.254987871e+01
8845 0 +1.076704105e-04 -1.254989233e+01 -1.254989233e+01
8866 0 +8.739617322e-05 -1.254991260e+01 -1.254991260e+01
8887 0 +7.006242240e-05 -1.254992994e+01 -1.254992994e+01
8929 0 +5.545092203e-05 -1.254994455e+01 -1.254994455e+01
9055 0 +4.979742578e-05 -1.254995020e+01 -1.254995020e+01
9832 0 +4.458801938e-05 -1.254995541e+01 -1.254995541e+01
10105 0 +3.942991713e-05 -1.254996057e+01 -1.254996057e+01
10231 0 +3.501198643e-05 -1.254996499e+01 -1.254996499e+01
10693 0 +3.043516199e-05 -1.254996956e+01 -1.254996956e+01
11449 0 +2.694946585e-05 -1.254997305e+01 -1.254997305e+01
11491 0 +1.892112191e-05 -1.254998108e+01 -1.254998108e+01
11512 0 +1.683910362e-05 -1.254998316e+01 -1.254998316e+01
11638 0 +1.582277185e-05 -1.254998418e+01 -1.254998418e+01
12814 0 +1.372449176e-05 -1.254998628e+01 -1.254998628e+01
12898 0 +1.241599988e-05 -1.254998758e+01 -1.254998758e+01
13234 0 +1.106902518e-05 -1.254998893e+01 -1.254998893e+01
13339 0 +9.747494907e-06 -1.254999025e+01 -1.254999025e+01
13570 0 +8.850278128e-06 -1.254999115e+01 -1.254999115e+01
14830 0 +7.943216113e-06 -1.254999206e+01 -1.254999206e+01
15880 0 +7.068658608e-06 -1.254999293e+01 -1.254999293e+01
15943 0 +5.878264387e-06 -1.254999412e+01 -1.254999412e+01
16069 0 +5.529030805e-06 -1.254999447e+01 -1.254999447e+01
16678 0 +4.390250675e-06 -1.254999561e+01 -1.254999561e+01
17371 0 +3.793816193e-06 -1.254999621e+01 -1.254999621e+01
17392 0 +3.300299772e-06 -1.254999670e+01 -1.254999670e+01
17455 0 +3.158894110e-06 -1.254999684e+01 -1.254999684e+01
17896 0 +2.562246962e-06 -1.254999744e+01 -1.254999744e+01
18190 0 +2.510744904e-06 -1.254999749e+01 -1.254999749e+01
18568 0 +2.224042078e-06 -1.254999778e+01 -1.254999778e+01
18925 0 +1.948290306e-06 -1.254999805e+01 -1.254999805e+01
18967 0 +1.751547437e-06 -1.254999825e+01 -1.254999825e+01
19933 0 +1.482484064e-06 -1.254999852e+01 -1.254999852e+01
20143 0 +1.404182312e-06 -1.254999860e+01 -1.254999860e+01
21067 0 +1.249139947e-06 -1.254999875e+01 -1.254999875e+01
21382 0 +1.120108033e-06 -1.254999888e+01 -1.254999888e+01
21571 0 +9.485505945e-07 -1.254999905e+01 -1.254999905e+01
21804 0 +8.909781464e-07 -1.254999911e+01 -1.254999911e+01
22579 0 +7.871593226e-07 -1.254999921e+01 -1.254999921e+01
22810 0 +7.056023641e-07 -1.254999929e+01 -1.254999929e+01
22894 0 +6.136121939e-07 -1.254999939e+01 -1.254999939e+01
22915 0 +5.365107558e-07 -1.254999946e+01 -1.254999946e+01
23839 0 +5.004223045e-07 -1.254999950e+01 -1.254999950e+01
24196 0 +4.418208839e-07 -1.254999956e+01 -1.254999956e+01
24385 0 +3.575374024e-07 -1.254999964e+01 -1.254999964e+01
24511 0 +3.544158886e-07 -1.254999965e+01 -1.254999965e+01
25078 0 +2.929552334e-07 -1.254999971e+01 -1.254999971e+01
25099 0 +1.995887278e-07 -1.254999980e+01 -1.254999980e+01
25141 0 +1.955976536e-07 -1.254999980e+01 -1.254999980e+01
26254 0 +1.777532699e-07 -1.254999982e+01 -1.254999982e+01
26527 0 +1.562173875e-07 -1.254999984e+01 -1.254999984e+01
26737 0 +1.403904282e-07 -1.254999986e+01 -1.254999986e+01
26781 0 +1.258878815e-07 -1.254999987e+01 -1.254999987e+01
27199 0 +1.112779948e-07 -1.254999989e+01 -1.254999989e+01
27388 0 +9.963546432e-08 -1.254999990e+01 -1.254999990e+01
28047 0 +8.902362580e-08 -1.254999991e+01 -1.254999991e+01
28354 0 +7.454113060e-08 -1.254999993e+01 -1.254999993e+01
28375 0 +5.711440210e-08 -1.254999994e+01 -1.254999994e+01
28396 0 +5.333412290e-08 -1.254999995e+01 -1.254999995e+01
28501 0 +4.239956297e-08 -1.254999996e+01 -1.254999996e+01
28984 0 +3.868149001e-08 -1.254999996e+01 -1.254999996e+01
29005 0 +3.532819548e-08 -1.254999996e+01 -1.254999996e+01
95344 0 +3.145936844e-08 -1.254999997e+01 -1.254999997e+01
95701 0 +2.779725428e-08 -1.254999997e+01 -1.254999997e+01
95722 0 +2.392067522e-08 -1.254999998e+01 -1.254999998e+01
96037 0 +2.230867224e-08 -1.254999998e+01 -1.254999998e+01
140886 0 +1.985865516e-08 -1.254999998e+01 -1.254999998e+01
141747 0 +1.771679869e-08 -1.254999998e+01 -1.254999998e+01
142083 0 +1.532951721e-08 -1.254999998e+01 -1.254999998e+01
142272 0 +1.400477956e-08 -1.254999999e+01 -1.254999999e+01
142356 0 +1.226295687e-08 -1.254999999e+01 -1.254999999e+01
171993 0 +1.121117066e-08 -1.254999999e+01 -1.254999999e+01
172203 0 +9.786159438e-09 -1.254999999e+01 -1.254999999e+01
200020 0 +5.919236656e-09 -1.254999999e+01 -1.25499999