% f evaluations | g evaluations | best noise-free fitness - Fopt (1.238300000000e+02) + sum g_i+ | measured fitness | best measured fitness or single-digit g-values | x1 | x2...
1 0 +1.577489585e+04 +1.589872585e+04 +1.589872585e+04
4 0 +1.133301695e+04 +1.145684695e+04 +1.145684695e+04
8 0 +1.058773414e+04 +1.071156414e+04 +1.071156414e+04
10 0 +7.185170160e+03 +7.309000160e+03 +7.309000160e+03
25 0 +6.910430965e+03 +7.034260965e+03 +7.034260965e+03
63 0 +4.411168278e+03 +4.534998278e+03 +4.534998278e+03
172 0 +3.330057635e+03 +3.453887635e+03 +3.453887635e+03
204 0 +2.914654272e+03 +3.038484272e+03 +3.038484272e+03
232 0 +2.549412074e+03 +2.673242074e+03 +2.673242074e+03
240 0 +2.231211051e+03 +2.355041051e+03 +2.355041051e+03
315 0 +1.774027805e+03 +1.897857805e+03 +1.897857805e+03
378 0 +1.534971195e+03 +1.658801195e+03 +1.658801195e+03
393 0 +1.206827224e+03 +1.330657224e+03 +1.330657224e+03
395 0 +1.121253048e+03 +1.245083048e+03 +1.245083048e+03
474 0 +9.710530128e+02 +1.094883013e+03 +1.094883013e+03
495 0 +7.595271977e+02 +8.833571977e+02 +8.833571977e+02
553 0 +6.162362656e+02 +7.400662656e+02 +7.400662656e+02
608 0 +5.236515660e+02 +6.474815660e+02 +6.474815660e+02
694 0 +4.860741531e+02 +6.099041531e+02 +6.099041531e+02
731 0 +4.299853025e+02 +5.538153025e+02 +5.538153025e+02
757 0 +3.847215541e+02 +5.085515541e+02 +5.085515541e+02
760 0 +2.848872883e+02 +4.087172883e+02 +4.087172883e+02
788 0 +2.475084164e+02 +3.713384164e+02 +3.713384164e+02
855 0 +2.134551602e+02 +3.372851602e+02 +3.372851602e+02
961 0 +1.744611547e+02 +2.982911547e+02 +2.982911547e+02
982 0 +1.454142921e+02 +2.692442921e+02 +2.692442921e+02
1135 0 +1.317188943e+02 +2.555488943e+02 +2.555488943e+02
1156 0 +1.216209744e+02 +2.454509744e+02 +2.454509744e+02
1174 0 +1.063629114e+02 +2.301929114e+02 +2.301929114e+02
1219 0 +9.629452062e+01 +2.201245206e+02 +2.201245206e+02
1296 0 +8.170225917e+01 +2.055322592e+02 +2.055322592e+02
1306 0 +7.112804273e+01 +1.949580427e+02 +1.949580427e+02
1337 0 +6.189645670e+01 +1.857264567e+02 +1.857264567e+02
1486 0 +5.535752715e+01 +1.791875272e+02 +1.791875272e+02
1579 0 +4.835411313e+01 +1.721841131e+02 +1.721841131e+02
1757 0 +4.461936875e+01 +1.684493687e+02 +1.684493687e+02
1883 0 +3.911770972e+01 +1.629477097e+02 +1.629477097e+02
3892 0 +3.528060941e+01 +1.591106094e+02 +1.591106094e+02
5204 0 +3.162133938e+01 +1.554513394e+02 +1.554513394e+02
6270 0 +2.782845733e+01 +1.516584573e+02 +1.516584573e+02
6762 0 +2.507109150e+01 +1.489010915e+02 +1.489010915e+02
7131 0 +2.227797038e+01 +1.461079704e+02 +1.461079704e+02
7541 0 +1.978577660e+01 +1.436157766e+02 +1.436157766e+02
7869 0 +1.776761062e+01 +1.415976106e+02 +1.415976106e+02
8197 0 +1.561931497e+01 +1.394493150e+02 +1.394493150e+02
8484 0 +1.399039879e+01 +1.378203988e+02 +1.378203988e+02
8730 0 +1.225987976e+01 +1.360898798e+02 +1.360898798e+02
8894 0 +1.103731261e+01 +1.348673126e+02 +1.348673126e+02
9099 0 +9.874715322e+00 +1.337047153e+02 +1.337047153e+02
9263 0 +8.724913819e+00 +1.325549138e+02 +1.325549138e+02
9386 0 +7.870468968e+00 +1.317004690e+02 +1.317004690e+02
9550 0 +7.010644977e+00 +1.308406450e+02 +1.308406450e+02
9673 0 +5.944155818e+00 +1.297741558e+02 +1.297741558e+02
9796 0 +5.528803243e+00 +1.293588032e+02 +1.293588032e+02
9878 0 +4.808634738e+00 +1.286386347e+02 +1.286386347e+02
9960 0 +4.321135097e+00 +1.281511351e+02 +1.281511351e+02
10042 0 +3.705169209e+00 +1.275351692e+02 +1.275351692e+02
10083 0 +3.310606166e+00 +1.271406062e+02 +1.271406062e+02
10165 0 +3.080974684e+00 +1.269109747e+02 +1.269109747e+02
10206 0 +2.792130060e+00 +1.266221301e+02 +1.266221301e+02
10247 0 +2.446205828e+00 +1.262762058e+02 +1.262762058e+02
10288 0 +2.106688721e+00 +1.259366887e+02 +1.259366887e+02
10329 0 +1.814743886e+00 +1.256447439e+02 +1.256447439e+02
10370 0 +1.523231205e+00 +1.253532312e+02 +1.253532312e+02
10493 0 +1.285865868e+00 +1.251158659e+02 +1.251158659e+02
10534 0 +1.008485655e+00 +1.248384857e+02 +1.248384857e+02
10575 0 +8.872304902e-01 +1.247172305e+02 +1.247172305e+02
10616 0 +7.226509938e-01 +1.245526510e+02 +1.245526510e+02
10657 0 +5.610421340e-01 +1.243910421e+02 +1.243910421e+02
10739 0 +3.995130427e-01 +1.242295130e+02 +1.242295130e+02
10780 0 +2.811883449e-01 +1.241111883e+02 +1.241111883e+02
10821 0 +2.444835907e-01 +1.240744836e+02 +1.240744836e+02
10862 0 +1.955056817e-01 +1.240255057e+02 +1.240255057e+02
10903 0 +1.566501737e-01 +1.239866502e+02 +1.239866502e+02
10944 0 +1.175694931e-01 +1.239475695e+02 +1.239475695e+02
10985 0 +7.518331954e-02 +1.239051833e+02 +1.239051833e+02
11026 0 +6.102644021e-02 +1.238910264e+02 +1.238910264e+02
11067 0 +4.663244322e-02 +1.238766324e+02 +1.238766324e+02
11108 0 +4.079796054e-02 +1.238707980e+02 +1.238707980e+02
11149 0 +3.044546693e-02 +1.238604455e+02 +1.238604455e+02
11190 0 +1.775690690e-02 +1.238477569e+02 +1.238477569e+02
11231 0 +7.856045298e-03 +1.238378560e+02 +1.238378560e+02
11272 0 +5.508124731e-03 +1.238355081e+02 +1.238355081e+02
11313 0 +1.810350876e-03 +1.238318104e+02 +1.238318104e+02
11354 0 +1.031956530e-03 +1.238310320e+02 +1.238310320e+02
11395 0 +7.235235435e-05 +1.238300724e+02 +1.238300724e+02
11436 0 +1.033176252e-05 +1.238300103e+02 +1.238300103e+02
11477 0 +2.784131141e-06 +1.238300028e+02 +1.238300028e+02
11518 0 +3.400259345e-07 +1.238300003e+02 +1.238300003e+02
11559 0 +1.349725522e-07 +1.238300001e+02 +1.238300001e+02
11600 0 +1.570133179e-08 +1.238300000e+02 +1.238300000e+02
11641 0 +1.444959707e-09 +1.238300000e+02 +1.238300000e+02
308991 0 +9.947598301e-13 +1.238300000e+02 +1.238300000e+02
402053 0 +1.421085472e-14 +1.238300000e+02 +1.238300000e+02
% f evaluations | g evaluations | best noise-free fitness - Fopt (4.751000000000e+01) + sum g_i+ | measured fitness | best measured fitness or single-digit g-values | x1 | x2...
1 0 +1.385800113e+04 +1.390551113e+04 +1.390551113e+04
4 0 +1.226035538e+04 +1.230786538e+04 +1.230786538e+04
5 0 +1.108134381e+04 +1.112885381e+04 +1.112885381e+04
9 0 +8.782752356e+03 +8.830262356e+03 +8.830262356e+03
23 0 +7.401898922e+03 +7.449408922e+03 +7.449408922e+03
45 0 +6.972110019e+03 +7.019620019e+03 +7.019620019e+03
49 0 +4.530438231e+03 +4.577948231e+03 +4.577948231e+03
133 0 +3.817617326e+03 +3.865127326e+03 +3.865127326e+03
136 0 +2.721260549e+03 +2.768770549e+03 +2.768770549e+03
166 0 +2.137413854e+03 +2.184923854e+03 +2.184923854e+03
201 0 +1.991443284e+03 +2.038953284e+03 +2.038953284e+03
203 0 +1.698099577e+03 +1.745609577e+03 +1.745609577e+03
216 0 +1.508953652e+03 +1.556463652e+03 +1.556463652e+03
243 0 +1.158917801e+03 +1.206427801e+03 +1.206427801e+03
361 0 +1.115310207e+03 +1.162820207e+03 +1.162820207e+03
417 0 +9.891914048e+02 +1.036701405e+03 +1.036701405e+03
451 0 +7.126505318e+02 +7.601605318e+02 +7.601605318e+02
475 0 +5.757301834e+02 +6.232401834e+02 +6.232401834e+02
553 0 +4.695700559e+02 +5.170800559e+02 +5.170800559e+02
664 0 +3.917473123e+02 +4.392573123e+02 +4.392573123e+02
715 0 +3.537600782e+02 +4.012700782e+02 +4.012700782e+02
751 0 +2.723903176e+02 +3.199003176e+02 +3.199003176e+02
856 0 +2.256173741e+02 +2.731273741e+02 +2.731273741e+02
882 0 +1.887091138e+02 +2.362191138e+02 +2.362191138e+02
930 0 +1.717510607e+02 +2.192610607e+02 +2.192610607e+02
981 0 +1.553414540e+02 +2.028514540e+02 +2.028514540e+02
1004 0 +1.291857490e+02 +1.766957490e+02 +1.766957490e+02
1024 0 +1.225473672e+02 +1.700573672e+02 +1.700573672e+02
1271 0 +1.000323186e+02 +1.475423186e+02 +1.475423186e+02
1276 0 +9.821542567e+01 +1.457254257e+02 +1.457254257e+02
1306 0 +8.252378598e+01 +1.300337860e+02 +1.300337860e+02
1337 0 +7.008583133e+01 +1.175958313e+02 +1.175958313e+02
1542 0 +6.223091791e+01 +1.097409179e+02 +1.097409179e+02
1600 0 +5.545983084e+01 +1.029698308e+02 +1.029698308e+02
1649 0 +4.996221091e+01 +9.747221091e+01 +9.747221091e+01
1801 0 +4.346344611e+01 +9.097344611e+01 +9.097344611e+01
1883 0 +3.856412036e+01 +8.607412036e+01 +8.607412036e+01
3154 0 +3.537649056e+01 +8.288649056e+01 +8.288649056e+01
4466 0 +3.153179502e+01 +7.904179502e+01 +7.904179502e+01
5737 0 +2.815976797e+01 +7.566976797e+01 +7.566976797e+01
6188 0 +2.497107551e+01 +7.248107551e+01 +7.248107551e+01
6598 0 +2.230481430e+01 +6.981481430e+01 +6.981481430e+01
6967 0 +1.983657304e+01 +6.734657304e+01 +6.734657304e+01
7336 0 +1.760943613e+01 +6.511943613e+01 +6.511943613e+01
7623 0 +1.580905674e+01 +6.331905674e+01 +6.331905674e+01
7869 0 +1.409100715e+01 +6.160100715e+01 +6.160100715e+01
8115 0 +1.243902070e+01 +5.994902070e+01 +5.994902070e+01
8279 0 +1.112664267e+01 +5.863664267e+01 +5.863664267e+01
8484 0 +9.862275922e+00 +5.737227592e+01 +5.737227592e+01
8607 0 +8.911024532e+00 +5.642102453e+01 +5.642102453e+01
8812 0 +7.815448224e+00 +5.532544822e+01 +5.532544822e+01
8976 0 +6.850211542e+00 +5.436021154e+01 +5.436021154e+01
9058 0 +6.211741421e+00 +5.372174142e+01 +5.372174142e+01
9140 0 +5.480684439e+00 +5.299068444e+01 +5.299068444e+01
9222 0 +4.991934358e+00 +5.250193436e+01 +5.250193436e+01
9304 0 +4.379046982e+00 +5.188904698e+01 +5.188904698e+01
9386 0 +3.842103875e+00 +5.135210387e+01 +5.135210387e+01
9427 0 +3.515123921e+00 +5.102512392e+01 +5.102512392e+01
9509 0 +2.868224506e+00 +5.037822451e+01 +5.037822451e+01
9550 0 +2.717351274e+00 +5.022735127e+01 +5.022735127e+01
9632 0 +2.304972165e+00 +4.981497217e+01 +4.981497217e+01
9673 0 +1.923688779e+00 +4.943368878e+01 +4.943368878e+01
9755 0 +1.745417739e+00 +4.925541774e+01 +4.925541774e+01
9796 0 +1.536247057e+00 +4.904624706e+01 +4.904624706e+01
9837 0 +1.270209001e+00 +4.878020900e+01 +4.878020900e+01
9878 0 +1.007457927e+00 +4.851745793e+01 +4.851745793e+01
9919 0 +7.749445686e-01 +4.828494457e+01 +4.828494457e+01
10001 0 +6.611468644e-01 +4.817114686e+01 +4.817114686e+01
10042 0 +5.001297557e-01 +4.801012976e+01 +4.801012976e+01
10124 0 +4.064045377e-01 +4.791640454e+01 +4.791640454e+01
10165 0 +2.859959794e-01 +4.779599598e+01 +4.779599598e+01
10247 0 +2.351869995e-01 +4.774518700e+01 +4.774518700e+01
10288 0 +1.622255934e-01 +4.767222559e+01 +4.767222559e+01
10329 0 +1.052725825e-01 +4.761527258e+01 +4.761527258e+01
10370 0 +7.641814849e-02 +4.758641815e+01 +4.758641815e+01
10411 0 +3.313004047e-02 +4.754313004e+01 +4.754313004e+01
10493 0 +2.251083565e-02 +4.753251084e+01 +4.753251084e+01
10534 0 +1.564856445e-02 +4.752564856e+01 +4.752564856e+01
10575 0 +7.050809210e-03 +4.751705081e+01 +4.751705081e+01
10616 0 +2.407039757e-03 +4.751240704e+01 +4.751240704e+01
10657 0 +1.232330263e-03 +4.751123233e+01 +4.751123233e+01
10698 0 +3.451260123e-04 +4.751034513e+01 +4.751034513e+01
10739 0 +6.749188768e-05 +4.751006749e+01 +4.751006749e+01
10780 0 +1.048472284e-05 +4.751001048e+01 +4.751001048e+01
10821 0 +1.732522179e-06 +4.751000173e+01 +4.751000173e+01
10862 0 +1.707620925e-07 +4.751000017e+01 +4.751000017e+01
10903 0 +2.871672677e-08 +4.751000003e+01 +4.751000003e+01
10944 0 +7.235030353e-10 +4.751000000e+01 +4.751000000e+01
318061 0 +8.810729923e-13 +4.751000000e+01 +4.751000000e+01
401385 0 +7.105427358e-15 +4.751000000e+01 +4.751000000e+01
% f evaluations | g evaluations | best noise-free fitness - Fopt (5.534000000000e+01) + sum g_i+ | measured fitness | best measured fitness or single-digit g-values | x1 | x2...
1 0 +1.537609807e+04 +1.543143807e+04 +1.543143807e+04
5 0 +1.174411966e+04 +1.179945966e+04 +1.179945966e+04
8 0 +8.985634152e+03 +9.040974152e+03 +9.040974152e+03
9 0 +7.509613802e+03 +7.564953802e+03 +7.564953802e+03
96 0 +5.932679102e+03 +5.988019102e+03 +5.988019102e+03
125 0 +5.590585749e+03 +5.645925749e+03 +5.645925749e+03
131 0 +4.846581135e+03 +4.901921135e+03 +4.901921135e+03
145 0 +4.069462385e+03 +4.124802385e+03 +4.124802385e+03
171 0 +3.793439391e+03 +3.848779391e+03 +3.848779391e+03
194 0 +3.273972038e+03 +3.329312038e+03 +3.329312038e+03
233 0 +2.707485737e+03 +2.762825737e+03 +2.762825737e+03
242 0 +2.487737807e+03 +2.543077807e+03 +2.543077807e+03
243 0 +1.943839117e+03 +1.999179117e+03 +1.999179117e+03
353 0 +1.738694393e+03 +1.794034393e+03 +1.794034393e+03
362 0 +1.385153806e+03 +1.440493806e+03 +1.440493806e+03
365 0 +1.173156417e+03 +1.228496417e+03 +1.228496417e+03
404 0 +7.906426381e+02 +8.459826381e+02 +8.459826381e+02
438 0 +6.935468379e+02 +7.488868379e+02 +7.488868379e+02
460 0 +6.263309144e+02 +6.816709144e+02 +6.816709144e+02
491 0 +5.505889915e+02 +6.059289915e+02 +6.059289915e+02
498 0 +4.819220717e+02 +5.372620717e+02 +5.372620717e+02
574 0 +4.021607368e+02 +4.575007368e+02 +4.575007368e+02
621 0 +3.825347856e+02 +4.378747856e+02 +4.378747856e+02
667 0 +3.381448141e+02 +3.934848141e+02 +3.934848141e+02
705 0 +3.143772803e+02 +3.697172803e+02 +3.697172803e+02
714 0 +2.706577495e+02 +3.259977495e+02 +3.259977495e+02
738 0 +2.490699134e+02 +3.044099134e+02 +3.044099134e+02
779 0 +2.212034094e+02 +2.765434094e+02 +2.765434094e+02
787 0 +1.973092064e+02 +2.526492064e+02 +2.526492064e+02
841 0 +1.750176282e+02 +2.303576282e+02 +2.303576282e+02
904 0 +1.475411571e+02 +2.028811571e+02 +2.028811571e+02
906 0 +1.359732883e+02 +1.913132883e+02 +1.913132883e+02
981 0 +1.153142015e+02 +1.706542015e+02 +1.706542015e+02
994 0 +9.878371385e+01 +1.541237139e+02 +1.541237139e+02
1040 0 +8.837941629e+01 +1.437194163e+02 +1.437194163e+02
1112 0 +7.321133271e+01 +1.285513327e+02 +1.285513327e+02
1133 0 +6.669123462e+01 +1.220312346e+02 +1.220312346e+02
1284 0 +6.147692432e+01 +1.168169243e+02 +1.168169243e+02
1306 0 +5.497450056e+01 +1.103145006e+02 +1.103145006e+02
1403 0 +4.902569472e+01 +1.043656947e+02 +1.043656947e+02
1520 0 +4.464532866e+01 +9.998532866e+01 +9.998532866e+01
1778 0 +3.968710905e+01 +9.502710905e+01 +9.502710905e+01
2785 0 +3.542777011e+01 +9.076777011e+01 +9.076777011e+01
4056 0 +3.158070243e+01 +8.692070243e+01 +8.692070243e+01
5122 0 +2.804687768e+01 +8.338687768e+01 +8.338687768e+01
5901 0 +2.488766064e+01 +8.022766064e+01 +8.022766064e+01
6352 0 +2.231323845e+01 +7.765323845e+01 +7.765323845e+01
6762 0 +1.987824478e+01 +7.521824478e+01 +7.521824478e+01
7049 0 +1.770453731e+01 +7.304453731e+01 +7.304453731e+01
7377 0 +1.570541820e+01 +7.104541820e+01 +7.104541820e+01
7664 0 +1.404077118e+01 +6.938077118e+01 +6.938077118e+01
7951 0 +1.253274750e+01 +6.787274750e+01 +6.787274750e+01
8197 0 +1.106209937e+01 +6.640209937e+01 +6.640209937e+01
8402 0 +9.826123055e+00 +6.516612305e+01 +6.516612305e+01
8525 0 +8.899154204e+00 +6.423915420e+01 +6.423915420e+01
8689 0 +7.920310212e+00 +6.326031021e+01 +6.326031021e+01
8853 0 +6.795923969e+00 +6.213592397e+01 +6.213592397e+01
8935 0 +6.220686618e+00 +6.156068662e+01 +6.156068662e+01
9017 0 +5.497243952e+00 +6.083724395e+01 +6.083724395e+01
9099 0 +4.812055337e+00 +6.015205534e+01 +6.015205534e+01
9222 0 +4.430051341e+00 +5.977005134e+01 +5.977005134e+01
9304 0 +3.727065339e+00 +5.906706534e+01 +5.906706534e+01
9427 0 +3.331466972e+00 +5.867146697e+01 +5.867146697e+01
9468 0 +2.972351800e+00 +5.831235180e+01 +5.831235180e+01
9509 0 +2.671061939e+00 +5.801106194e+01 +5.801106194e+01
9550 0 +2.423906444e+00 +5.776390644e+01 +5.776390644e+01
9591 0 +2.130349483e+00 +5.747034948e+01 +5.747034948e+01
9632 0 +1.778726539e+00 +5.711872654e+01 +5.711872654e+01
9673 0 +1.471801132e+00 +5.681180113e+01 +5.681180113e+01
9714 0 +1.193596089e+00 +5.653359609e+01 +5.653359609e+01
9796 0 +1.016723481e+00 +5.635672348e+01 +5.635672348e+01
9837 0 +8.006272690e-01 +5.614062727e+01 +5.614062727e+01
9878 0 +6.247178946e-01 +5.596471789e+01 +5.596471789e+01
9919 0 +4.175272373e-01 +5.575752724e+01 +5.575752724e+01
10001 0 +3.352839866e-01 +5.567528399e+01 +5.567528399e+01
10042 0 +2.604127119e-01 +5.560041271e+01 +5.560041271e+01
10083 0 +1.830748849e-01 +5.552307488e+01 +5.552307488e+01
10124 0 +1.247717836e-01 +5.546477178e+01 +5.546477178e+01
10165 0 +9.806107436e-02 +5.543806107e+01 +5.543806107e+01
10206 0 +5.926757376e-02 +5.539926757e+01 +5.539926757e+01
10247 0 +2.736141030e-02 +5.536736141e+01 +5.536736141e+01
10288 0 +1.163155476e-02 +5.535163155e+01 +5.535163155e+01
10329 0 +5.264894696e-03 +5.534526489e+01 +5.534526489e+01
10370 0 +2.342365635e-03 +5.534234237e+01 +5.534234237e+01
10411 0 +5.310373668e-04 +5.534053104e+01 +5.534053104e+01
10452 0 +1.383655676e-04 +5.534013837e+01 +5.534013837e+01
10493 0 +2.260280647e-05 +5.534002260e+01 +5.534002260e+01
10534 0 +4.349621264e-06 +5.534000435e+01 +5.534000435e+01
10575 0 +3.634362571e-07 +5.534000036e+01 +5.534000036e+01
10616 0 +1.100877185e-07 +5.534000011e+01 +5.534000011e+01
10657 0 +3.902954404e-09 +5.534000000e+01 +5.534000000e+01
330734 0 +9.166001291e-13 +5.534000000e+01 +5.534000000e+01
402242 0 +7.105427358e-15 +5.534000000e+01 +5.534000000e+01
% f evaluations | g evaluations | best noise-free fitness - Fopt (-9.033000000000e+01) + sum g_i+ | measured fitness | best measured fitness or single-digit g-values | x1 | x2...
1 0 +1.883035896e+04 +1.874002896e+04 +1.874002896e+04
4 0 +1.361951741e+04 +1.352918741e+04 +1.352918741e+04
9 0 +1.192863933e+04 +1.183830933e+04 +1.183830933e+04
14 0 +1.022224934e+04 +1.013191934e+04 +1.013191934e+04
22 0 +6.995314426e+03 +6.904984426e+03 +6.904984426e+03
93 0 +4.864404837e+03 +4.774074837e+03 +4.774074837e+03
143 0 +4.076126444e+03 +3.985796444e+03 +3.985796444e+03
206 0 +3.734396442e+03 +3.644066442e+03 +3.644066442e+03
214 0 +2.581714358e+03 +2.491384358e+03 +2.491384358e+03
243 0 +2.150604836e+03 +2.060274836e+03 +2.060274836e+03
281 0 +1.898509098e+03 +1.808179098e+03 +1.808179098e+03
289 0 +1.777775686e+03 +1.687445686e+03 +1.687445686e+03
327 0 +1.546479518e+03 +1.456149518e+03 +1.456149518e+03
334 0 +1.392605687e+03 +1.302275687e+03 +1.302275687e+03
368 0 +1.095785183e+03 +1.005455183e+03 +1.005455183e+03
376 0 +7.874116939e+02 +6.970816939e+02 +6.970816939e+02
404 0 +6.925368172e+02 +6.022068172e+02 +6.022068172e+02
474 0 +5.503181309e+02 +4.599881309e+02 +4.599881309e+02
601 0 +4.684864076e+02 +3.781564076e+02 +3.781564076e+02
604 0 +4.191570587e+02 +3.288270587e+02 +3.288270587e+02
613 0 +3.273870014e+02 +2.370570014e+02 +2.370570014e+02
648 0 +3.148467349e+02 +2.245167349e+02 +2.245167349e+02
677 0 +2.474550558e+02 +1.571250558e+02 +1.571250558e+02
705 0 +2.081656530e+02 +1.178356530e+02 +1.178356530e+02
767 0 +1.742160653e+02 +8.388606530e+01 +8.388606530e+01
790 0 +1.493551229e+02 +5.902512289e+01 +5.902512289e+01
801 0 +1.398859747e+02 +4.955597472e+01 +4.955597472e+01
908 0 +1.224027761e+02 +3.207277605e+01 +3.207277605e+01
982 0 +1.103028656e+02 +1.997286557e+01 +1.997286557e+01
1030 0 +9.950645976e+01 +9.176459757e+00 +9.176459757e+00
1083 0 +8.366405959e+01 -6.665940413e+00 -6.665940413e+00
1095 0 +7.826361844e+01 -1.206638156e+01 -1.206638156e+01
1159 0 +6.706668720e+01 -2.326331280e+01 -2.326331280e+01
1202 0 +6.179992299e+01 -2.853007701e+01 -2.853007701e+01
1306 0 +5.286137453e+01 -3.746862547e+01 -3.746862547e+01
1465 0 +4.907379054e+01 -4.125620946e+01 -4.125620946e+01
1638 0 +4.446317272e+01 -4.586682728e+01 -4.586682728e+01
1883 0 +3.907677270e+01 -5.125322730e+01 -5.125322730e+01
3728 0 +3.534537394e+01 -5.498462606e+01 -5.498462606e+01
5286 0 +3.140671966e+01 -5.892328034e+01 -5.892328034e+01
6270 0 +2.795157116e+01 -6.237842884e+01 -6.237842884e+01
6680 0 +2.486224271e+01 -6.546775729e+01 -6.546775729e+01
7049 0 +2.234934334e+01 -6.798065666e+01 -6.798065666e+01
7541 0 +1.968631758e+01 -7.064368242e+01 -7.064368242e+01
7869 0 +1.776493337e+01 -7.256506663e+01 -7.256506663e+01
8197 0 +1.569099807e+01 -7.463900193e+01 -7.463900193e+01
8484 0 +1.394940738e+01 -7.638059262e+01 -7.638059262e+01
8730 0 +1.245410201e+01 -7.787589799e+01 -7.787589799e+01
9017 0 +1.113051165e+01 -7.919948835e+01 -7.919948835e+01
9263 0 +9.846979746e+00 -8.048302025e+01 -8.048302025e+01
9468 0 +8.632200311e+00 -8.169779969e+01 -8.169779969e+01
9632 0 +7.715403798e+00 -8.261459620e+01 -8.261459620e+01
9755 0 +7.033695853e+00 -8.329630415e+01 -8.329630415e+01
9960 0 +5.970625071e+00 -8.435937493e+01 -8.435937493e+01
10042 0 +5.523264089e+00 -8.480673591e+01 -8.480673591e+01
10165 0 +4.807670542e+00 -8.552232946e+01 -8.552232946e+01
10206 0 +4.405578293e+00 -8.592442171e+01 -8.592442171e+01
10288 0 +3.779250598e+00 -8.655074940e+01 -8.655074940e+01
10329 0 +3.375902328e+00 -8.695409767e+01 -8.695409767e+01
10411 0 +3.150520318e+00 -8.717947968e+01 -8.717947968e+01
10534 0 +2.664592045e+00 -8.766540795e+01 -8.766540795e+01
10575 0 +2.361381352e+00 -8.796861865e+01 -8.796861865e+01
10616 0 +1.934108779e+00 -8.839589122e+01 -8.839589122e+01
10657 0 +1.694070513e+00 -8.863592949e+01 -8.863592949e+01
10698 0 +1.476312045e+00 -8.885368795e+01 -8.885368795e+01
10739 0 +1.207059604e+00 -8.912294040e+01 -8.912294040e+01
10780 0 +9.786041794e-01 -8.935139582e+01 -8.935139582e+01
10821 0 +7.463785918e-01 -8.958362141e+01 -8.958362141e+01
10862 0 +5.242219149e-01 -8.980577809e+01 -8.980577809e+01
10903 0 +3.574262950e-01 -8.997257371e+01 -8.997257371e+01
10944 0 +2.974168864e-01 -9.003258311e+01 -9.003258311e+01
10985 0 +2.316158308e-01 -9.009838417e+01 -9.009838417e+01
11026 0 +1.465906493e-01 -9.018340935e+01 -9.018340935e+01
11067 0 +1.136224532e-01 -9.021637755e+01 -9.021637755e+01
11108 0 +8.614601502e-02 -9.024385398e+01 -9.024385398e+01
11149 0 +6.310079531e-02 -9.026689920e+01 -9.026689920e+01
11190 0 +4.139362945e-02 -9.028860637e+01 -9.028860637e+01
11231 0 +2.595018258e-02 -9.030404982e+01 -9.030404982e+01
11272 0 +1.460911648e-02 -9.031539088e+01 -9.031539088e+01
11313 0 +7.536162329e-03 -9.032246384e+01 -9.032246384e+01
11354 0 +3.354067331e-03 -9.032664593e+01 -9.032664593e+01
11395 0 +2.026761100e-03 -9.032797324e+01 -9.032797324e+01
11436 0 +4.214483551e-04 -9.032957855e+01 -9.032957855e+01
11477 0 +8.663287852e-05 -9.032991337e+01 -9.032991337e+01
11518 0 +3.754275170e-06 -9.032999625e+01 -9.032999625e+01
11559 0 +1.077437588e-06 -9.032999892e+01 -9.032999892e+01
11600 0 +2.452637204e-08 -9.032999998e+01 -9.032999998e+01
11641 0 +1.094920776e-08 -9.032999999e+01 -9.032999999e+01
11682 0 +2.656861398e-10 -9.033000000e+01 -9.033000000e+01
325545 0 +9.237055565e-13 -9.033000000e+01 -9.033000000e+01
402553 0 +1.421085472e-14 -9.033000000e+01 -9.033000000e+01
% f evaluations | g evaluations | best noise-free fitness - Fopt (6.561000000000e+01) + sum g_i+ | measured fitness | best measured fitness or single-digit g-values | x1 | x2...
1 0 +1.194689573e+04 +1.201250573e+04 +1.201250573e+04
6 0 +1.062629867e+04 +1.069190867e+04 +1.069190867e+04
14 0 +9.500648506e+03 +9.566258506e+03 +9.566258506e+03
22 0 +5.914858738e+03 +5.980468738e+03 +5.980468738e+03
102 0 +5.340907784e+03 +5.406517784e+03 +5.406517784e+03
122 0 +3.441263678e+03 +3.506873678e+03 +3.506873678e+03
179 0 +2.922088791e+03 +2.987698791e+03 +2.987698791e+03
192 0 +2.595948168e+03 +2.661558168e+03 +2.661558168e+03
193 0 +1.851643071e+03 +1.917253071e+03 +1.917253071e+03
195 0 +1.620553984e+03 +1.686163984e+03 +1.686163984e+03
262 0 +1.100291352e+03 +1.165901352e+03 +1.165901352e+03
456 0 +9.075084362e+02 +9.731184362e+02 +9.731184362e+02
496 0 +6.844000951e+02 +7.500100951e+02 +7.500100951e+02
533 0 +5.271423951e+02 +5.927523951e+02 +5.927523951e+02
556 0 +4.354832706e+02 +5.010932706e+02 +5.010932706e+02
664 0 +3.858315258e+02 +4.514415258e+02 +4.514415258e+02
698 0 +3.315914794e+02 +3.972014794e+02 +3.972014794e+02
707 0 +2.405968290e+02 +3.062068290e+02 +3.062068290e+02
731 0 +1.879640412e+02 +2.535740412e+02 +2.535740412e+02
823 0 +1.521339998e+02 +2.177439998e+02 +2.177439998e+02
975 0 +1.407637891e+02 +2.063737891e+02 +2.063737891e+02
977 0 +1.249510207e+02 +1.905610207e+02 +1.905610207e+02
1036 0 +9.146918514e+01 +1.570791851e+02 +1.570791851e+02
1044 0 +8.811089214e+01 +1.537208921e+02 +1.537208921e+02
1120 0 +7.552641407e+01 +1.411364141e+02 +1.411364141e+02
1198 0 +7.032656297e+01 +1.359365630e+02 +1.359365630e+02
1245 0 +6.232080137e+01 +1.279308014e+02 +1.279308014e+02
1306 0 +5.302581207e+01 +1.186358121e+02 +1.186358121e+02
1481 0 +4.961159463e+01 +1.152215946e+02 +1.152215946e+02
1579 0 +4.197128250e+01 +1.075812825e+02 +1.075812825e+02
1771 0 +3.959837735e+01 +1.052083773e+02 +1.052083773e+02
2785 0 +3.542986243e+01 +1.010398624e+02 +1.010398624e+02
4384 0 +3.146707288e+01 +9.707707288e+01 +9.707707288e+01
5532 0 +2.798193126e+01 +9.359193126e+01 +9.359193126e+01
6229 0 +2.493096973e+01 +9.054096973e+01 +9.054096973e+01
6639 0 +2.211438247e+01 +8.772438247e+01 +8.772438247e+01
7008 0 +1.989008871e+01 +8.550008871e+01 +8.550008871e+01
7336 0 +1.755728555e+01 +8.316728555e+01 +8.316728555e+01
7623 0 +1.556871590e+01 +8.117871590e+01 +8.117871590e+01
7910 0 +1.384880661e+01 +7.945880661e+01 +7.945880661e+01
8115 0 +1.245670124e+01 +7.806670124e+01 +7.806670124e+01
8361 0 +1.104725417e+01 +7.665725417e+01 +7.665725417e+01
8648 0 +9.849496152e+00 +7.545949615e+01 +7.545949615e+01
8812 0 +8.677166060e+00 +7.428716606e+01 +7.428716606e+01
9017 0 +7.718804651e+00 +7.332880465e+01 +7.332880465e+01
9140 0 +6.941113134e+00 +7.255111313e+01 +7.255111313e+01
9222 0 +6.168546447e+00 +7.177854645e+01 +7.177854645e+01
9386 0 +5.346343907e+00 +7.095634391e+01 +7.095634391e+01
9427 0 +4.963561756e+00 +7.057356176e+01 +7.057356176e+01
9550 0 +4.341157942e+00 +6.995115794e+01 +6.995115794e+01
9632 0 +3.694808443e+00 +6.930480844e+01 +6.930480844e+01
9673 0 +3.279232458e+00 +6.888923246e+01 +6.888923246e+01
9755 0 +3.031044461e+00 +6.864104446e+01 +6.864104446e+01
9796 0 +2.663241075e+00 +6.827324108e+01 +6.827324108e+01
9837 0 +2.250406620e+00 +6.786040662e+01 +6.786040662e+01
9919 0 +2.090330469e+00 +6.770033047e+01 +6.770033047e+01
9960 0 +1.841146928e+00 +6.745114693e+01 +6.745114693e+01
10001 0 +1.456528483e+00 +6.706652848e+01 +6.706652848e+01
10042 0 +1.135364710e+00 +6.674536471e+01 +6.674536471e+01
10083 0 +1.079583530e+00 +6.668958353e+01 +6.668958353e+01
10124 0 +9.766943453e-01 +6.658669435e+01 +6.658669435e+01
10165 0 +7.989424731e-01 +6.640894247e+01 +6.640894247e+01
10206 0 +6.485630120e-01 +6.625856301e+01 +6.625856301e+01
10247 0 +4.943396070e-01 +6.610433961e+01 +6.610433961e+01
10288 0 +4.083890696e-01 +6.601838907e+01 +6.601838907e+01
10329 0 +3.134039174e-01 +6.592340392e+01 +6.592340392e+01
10370 0 +2.269580206e-01 +6.583695802e+01 +6.583695802e+01
10411 0 +1.553256854e-01 +6.576532569e+01 +6.576532569e+01
10452 0 +1.034563596e-01 +6.571345636e+01 +6.571345636e+01
10493 0 +8.068246265e-02 +6.569068246e+01 +6.569068246e+01
10534 0 +6.619251062e-02 +6.567619251e+01 +6.567619251e+01
10575 0 +3.990633817e-02 +6.564990634e+01 +6.564990634e+01
10616 0 +2.951910914e-02 +6.563951911e+01 +6.563951911e+01
10657 0 +2.284658983e-02 +6.563284659e+01 +6.563284659e+01
10698 0 +1.354643238e-02 +6.562354643e+01 +6.562354643e+01
10739 0 +5.986618954e-03 +6.561598662e+01 +6.561598662e+01
10780 0 +1.668286258e-03 +6.561166829e+01 +6.561166829e+01
10821 0 +3.602956455e-04 +6.561036030e+01 +6.561036030e+01
10903 0 +9.448737865e-05 +6.561009449e+01 +6.561009449e+01
10944 0 +4.724270030e-05 +6.561004724e+01 +6.561004724e+01
10985 0 +2.385564969e-06 +6.561000239e+01 +6.561000239e+01
11026 0 +1.651945752e-06 +6.561000165e+01 +6.561000165e+01
11067 0 +5.051801963e-07 +6.561000051e+01 +6.561000051e+01
11108 0 +4.103398510e-09 +6.561000000e+01 +6.561000000e+01
288215 0 +9.379164112e-13 +6.561000000e+01 +6.561000000e+01
400867 0 +1.421085472e-14 +6.561000000e+01 +6.561000000e+01
% f evaluations | g evaluations | best noise-free fitness - Fopt (9.348200000000e+02) + sum g_i+ | measured fitness | best measured fitness or single-digit g-values | x1 | x2...
1 0 +1.861383161e+04 +1.954865161e+04 +1.954865161e+04
2 0 +1.858713460e+04 +1.952195460e+04 +1.952195460e+04
4 0 +1.668245527e+04 +1.761727527e+04 +1.761727527e+04
5 0 +1.011443421e+04 +1.104925421e+04 +1.104925421e+04
9 0 +5.968273045e+03 +6.903093045e+03 +6.903093045e+03
117 0 +5.258429929e+03 +6.193249929e+03 +6.193249929e+03
122 0 +4.646159957e+03 +5.580979957e+03 +5.580979957e+03
170 0 +4.169299842e+03 +5.104119842e+03 +5.104119842e+03
185 0 +3.278977004e+03 +4.213797004e+03 +4.213797004e+03
201 0 +2.601987829e+03 +3.536807829e+03 +3.536807829e+03
233 0 +2.508550419e+03 +3.443370419e+03 +3.443370419e+03
246 0 +1.813967743e+03 +2.748787743e+03 +2.748787743e+03
279 0 +1.704718793e+03 +2.639538793e+03 +2.639538793e+03
313 0 +1.268627218e+03 +2.203447218e+03 +2.203447218e+03
337 0 +1.023507806e+03 +1.958327806e+03 +1.958327806e+03
362 0 +8.090463846e+02 +1.743866385e+03 +1.743866385e+03
556 0 +6.467421283e+02 +1.581562128e+03 +1.581562128e+03
576 0 +5.323946998e+02 +1.467214700e+03 +1.467214700e+03
621 0 +4.195808955e+02 +1.354400896e+03 +1.354400896e+03
655 0 +3.708435417e+02 +1.305663542e+03 +1.305663542e+03
724 0 +3.488620616e+02 +1.283682062e+03 +1.283682062e+03
756 0 +2.993761635e+02 +1.234196164e+03 +1.234196164e+03
767 0 +2.387959317e+02 +1.173615932e+03 +1.173615932e+03
837 0 +2.230932913e+02 +1.157913291e+03 +1.157913291e+03
855 0 +1.664830186e+02 +1.101303019e+03 +1.101303019e+03
1011 0 +1.483534682e+02 +1.083173468e+03 +1.083173468e+03
1036 0 +1.374275417e+02 +1.072247542e+03 +1.072247542e+03
1069 0 +1.143366621e+02 +1.049156662e+03 +1.049156662e+03
1098 0 +1.094935849e+02 +1.044313585e+03 +1.044313585e+03
1187 0 +8.768901276e+01 +1.022509013e+03 +1.022509013e+03
1270 0 +7.925136049e+01 +1.014071360e+03 +1.014071360e+03
1325 0 +6.515672645e+01 +9.999767264e+02 +9.999767264e+02
1386 0 +6.194300454e+01 +9.967630045e+02 +9.967630045e+02
1457 0 +5.145253060e+01 +9.862725306e+02 +9.862725306e+02
1634 0 +4.999505592e+01 +9.848150559e+02 +9.848150559e+02
1701 0 +4.452513083e+01 +9.793451308e+02 +9.793451308e+02
1883 0 +3.923395719e+01 +9.740539572e+02 +9.740539572e+02
3851 0 +3.543151540e+01 +9.702515154e+02 +9.702515154e+02
5573 0 +3.157586963e+01 +9.663958696e+02 +9.663958696e+02
6557 0 +2.789281948e+01 +9.627128195e+02 +9.627128195e+02
7049 0 +2.509467220e+01 +9.599146722e+02 +9.599146722e+02
7459 0 +2.232961316e+01 +9.571496132e+02 +9.571496132e+02
7828 0 +1.982607078e+01 +9.546460708e+02 +9.546460708e+02
8156 0 +1.773379502e+01 +9.525537950e+02 +9.525537950e+02
8525 0 +1.559323531e+01 +9.504132353e+02 +9.504132353e+02
8812 0 +1.378338120e+01 +9.486033812e+02 +9.486033812e+02
9017 0 +1.227417159e+01 +9.470941716e+02 +9.470941716e+02
9222 0 +1.101152668e+01 +9.458315267e+02 +9.458315267e+02
9427 0 +9.956958296e+00 +9.447769583e+02 +9.447769583e+02
9632 0 +8.910649408e+00 +9.437306494e+02 +9.437306494e+02
9796 0 +7.904200933e+00 +9.427242009e+02 +9.427242009e+02
9919 0 +6.844446610e+00 +9.416644466e+02 +9.416644466e+02
10083 0 +6.078909296e+00 +9.408989093e+02 +9.408989093e+02
10165 0 +5.359235240e+00 +9.401792352e+02 +9.401792352e+02
10247 0 +4.987648610e+00 +9.398076486e+02 +9.398076486e+02
10370 0 +4.142252980e+00 +9.389622530e+02 +9.389622530e+02
10411 0 +3.802763763e+00 +9.386227638e+02 +9.386227638e+02
10534 0 +3.428219272e+00 +9.382482193e+02 +9.382482193e+02
10575 0 +3.067471970e+00 +9.378874720e+02 +9.378874720e+02
10616 0 +2.777305583e+00 +9.375973056e+02 +9.375973056e+02
10698 0 +2.434742354e+00 +9.372547424e+02 +9.372547424e+02
10739 0 +2.093937172e+00 +9.369139372e+02 +9.369139372e+02
10780 0 +1.900064944e+00 +9.367200649e+02 +9.367200649e+02
10821 0 +1.689696915e+00 +9.365096969e+02 +9.365096969e+02
10862 0 +1.472026363e+00 +9.362920264e+02 +9.362920264e+02
10903 0 +1.192370608e+00 +9.360123706e+02 +9.360123706e+02
10944 0 +1.030340527e+00 +9.358503405e+02 +9.358503405e+02
10985 0 +8.792549784e-01 +9.356992550e+02 +9.356992550e+02
11026 0 +7.157734422e-01 +9.355357734e+02 +9.355357734e+02
11067 0 +5.319826588e-01 +9.353519827e+02 +9.353519827e+02
11108 0 +4.898955159e-01 +9.353098955e+02 +9.353098955e+02
11149 0 +4.393004711e-01 +9.352593005e+02 +9.352593005e+02
11190 0 +3.252500185e-01 +9.351452500e+02 +9.351452500e+02
11272 0 +2.699665611e-01 +9.350899666e+02 +9.350899666e+02
11313 0 +1.865774487e-01 +9.350065774e+02 +9.350065774e+02
11354 0 +1.235539917e-01 +9.349435540e+02 +9.349435540e+02
11395 0 +8.328661647e-02 +9.349032866e+02 +9.349032866e+02
11436 0 +3.899700386e-02 +9.348589970e+02 +9.348589970e+02
11477 0 +3.318839531e-02 +9.348531884e+02 +9.348531884e+02
11518 0 +2.342165698e-02 +9.348434217e+02 +9.348434217e+02
11559 0 +1.084308341e-02 +9.348308431e+02 +9.348308431e+02
11600 0 +8.332915213e-03 +9.348283329e+02 +9.348283329e+02
11641 0 +4.718380161e-03 +9.348247184e+02 +9.348247184e+02
11682 0 +1.523392790e-03 +9.348215234e+02 +9.348215234e+02
11723 0 +2.488503177e-04 +9.348202489e+02 +9.348202489e+02
11764 0 +9.490952311e-05 +9.348200949e+02 +9.348200949e+02
11805 0 +3.385180662e-06 +9.348200034e+02 +9.348200034e+02
11846 0 +9.026809948e-07 +9.348200009e+02 +9.348200009e+02
11887 0 +4.994058145e-08 +9.348200000e+02 +9.348200000e+02
11928 0 +7.993662621e-09 +9.348200000e+02 +9.348200000e+02
241786 0 +7.958078641e-13 +9.348200000e+02 +9.348200000e+02
400116 0 +1.136868377e-13 +9.348200000e+02 +9.348200000e+02
% f evaluations | g evaluations | best noise-free fitness - Fopt (-6.371000000000e+01) + sum g_i+ | measured fitness | best measured fitness or single-digit g-values | x1 | x2...
1 0 +1.696226251e+04 +1.689855251e+04 +1.689855251e+04
6 0 +1.443908174e+04 +1.437537174e+04 +1.437537174e+04
9 0 +9.785093793e+03 +9.721383793e+03 +9.721383793e+03
10 0 +8.860867374e+03 +8.797157374e+03 +8.797157374e+03
22 0 +5.966242910e+03 +5.902532910e+03 +5.902532910e+03
64 0 +5.347140067e+03 +5.283430067e+03 +5.283430067e+03
70 0 +4.617251089e+03 +4.553541089e+03 +4.553541089e+03
111 0 +4.222363671e+03 +4.158653671e+03 +4.158653671e+03
116 0 +3.353610144e+03 +3.289900144e+03 +3.289900144e+03
129 0 +1.809044383e+03 +1.745334383e+03 +1.745334383e+03
171 0 +1.389681537e+03 +1.325971537e+03 +1.325971537e+03
320 0 +1.157888824e+03 +1.094178824e+03 +1.094178824e+03
321 0 +9.841193064e+02 +9.204093064e+02 +9.204093064e+02
365 0 +6.593075987e+02 +5.955975987e+02 +5.955975987e+02
473 0 +6.002180043e+02 +5.365080043e+02 +5.365080043e+02
541 0 +4.243034051e+02 +3.605934051e+02 +3.605934051e+02
578 0 +3.497967697e+02 +2.860867697e+02 +2.860867697e+02
655 0 +3.025944004e+02 +2.388844004e+02 +2.388844004e+02
701 0 +2.772661079e+02 +2.135561079e+02 +2.135561079e+02
728 0 +2.336642254e+02 +1.699542254e+02 +1.699542254e+02
738 0 +2.186545863e+02 +1.549445863e+02 +1.549445863e+02
786 0 +1.989338759e+02 +1.352238759e+02 +1.352238759e+02
937 0 +1.569971859e+02 +9.328718587e+01 +9.328718587e+01
1036 0 +1.259330202e+02 +6.222302016e+01 +6.222302016e+01
1053 0 +1.227621894e+02 +5.905218945e+01 +5.905218945e+01
1082 0 +1.120245946e+02 +4.831459462e+01 +4.831459462e+01
1193 0 +9.376311250e+01 +3.005311250e+01 +3.005311250e+01
1306 0 +7.901671556e+01 +1.530671556e+01 +1.530671556e+01
1410 0 +6.701786470e+01 +3.307864704e+00 +3.307864704e+00
1462 0 +5.922234386e+01 -4.487656144e+00 -4.487656144e+00
1519 0 +5.459540358e+01 -9.114596420e+00 -9.114596420e+00
1579 0 +4.939028796e+01 -1.431971204e+01 -1.431971204e+01
1801 0 +4.254669400e+01 -2.116330600e+01 -2.116330600e+01
1883 0 +3.934547508e+01 -2.436452492e+01 -2.436452492e+01
5983 0 +3.537303352e+01 -2.833696648e+01 -2.833696648e+01
6803 0 +3.150977803e+01 -3.220022197e+01 -3.220022197e+01
7377 0 +2.810918194e+01 -3.560081806e+01 -3.560081806e+01
7951 0 +2.481831669e+01 -3.889168331e+01 -3.889168331e+01
8402 0 +2.230354245e+01 -4.140645755e+01 -4.140645755e+01
8853 0 +1.958866688e+01 -4.412133312e+01 -4.412133312e+01
9140 0 +1.768826986e+01 -4.602173014e+01 -4.602173014e+01
9427 0 +1.565941393e+01 -4.805058607e+01 -4.805058607e+01
9673 0 +1.404427236e+01 -4.966572764e+01 -4.966572764e+01
9919 0 +1.249165016e+01 -5.121834984e+01 -5.121834984e+01
10165 0 +1.106318278e+01 -5.264681722e+01 -5.264681722e+01
10370 0 +9.889408667e+00 -5.382059133e+01 -5.382059133e+01
10575 0 +8.861946999e+00 -5.484805300e+01 -5.484805300e+01
10780 0 +7.764792178e+00 -5.594520782e+01 -5.594520782e+01
10862 0 +7.059098093e+00 -5.665090191e+01 -5.665090191e+01
10985 0 +6.228539932e+00 -5.748146007e+01 -5.748146007e+01
11108 0 +5.447103155e+00 -5.826289685e+01 -5.826289685e+01
11231 0 +4.880609307e+00 -5.882939069e+01 -5.882939069e+01
11313 0 +4.299368229e+00 -5.941063177e+01 -5.941063177e+01
11354 0 +3.940793939e+00 -5.976920606e+01 -5.976920606e+01
11436 0 +3.306950848e+00 -6.040304915e+01 -6.040304915e+01
11477 0 +3.033630858e+00 -6.067636914e+01 -6.067636914e+01
11518 0 +2.650588835e+00 -6.105941117e+01 -6.105941117e+01
11559 0 +2.248777694e+00 -6.146122231e+01 -6.146122231e+01
11600 0 +2.199907721e+00 -6.151009228e+01 -6.151009228e+01
11723 0 +1.935171676e+00 -6.177482832e+01 -6.177482832e+01
11764 0 +1.764963700e+00 -6.194503630e+01 -6.194503630e+01
11805 0 +1.482593479e+00 -6.222740652e+01 -6.222740652e+01
11846 0 +1.120151927e+00 -6.258984807e+01 -6.258984807e+01
11928 0 +9.635597300e-01 -6.274644027e+01 -6.274644027e+01
11969 0 +7.843846265e-01 -6.292561537e+01 -6.292561537e+01
12010 0 +5.978529014e-01 -6.311214710e+01 -6.311214710e+01
12092 0 +5.135925036e-01 -6.319640750e+01 -6.319640750e+01
12133 0 +4.352460746e-01 -6.327475393e+01 -6.327475393e+01
12174 0 +3.192757883e-01 -6.339072421e+01 -6.339072421e+01
12215 0 +2.538607169e-01 -6.345613928e+01 -6.345613928e+01
12256 0 +1.847259239e-01 -6.352527408e+01 -6.352527408e+01
12297 0 +1.163880003e-01 -6.359361200e+01 -6.359361200e+01
12338 0 +7.989207675e-02 -6.363010792e+01 -6.363010792e+01
12420 0 +6.274809936e-02 -6.364725190e+01 -6.364725190e+01
12461 0 +3.838996891e-02 -6.367161003e+01 -6.367161003e+01
12502 0 +2.238874850e-02 -6.368761125e+01 -6.368761125e+01
12543 0 +1.120728399e-02 -6.369879272e+01 -6.369879272e+01
12584 0 +3.453934276e-03 -6.370654607e+01 -6.370654607e+01
12625 0 +7.242181908e-04 -6.370927578e+01 -6.370927578e+01
12707 0 +3.703794271e-04 -6.370962962e+01 -6.370962962e+01
12748 0 +7.446442024e-05 -6.370992554e+01 -6.370992554e+01
12789 0 +2.645296632e-06 -6.370999735e+01 -6.370999735e+01
12830 0 +5.462607788e-07 -6.370999945e+01 -6.370999945e+01
12871 0 +2.540199517e-08 -6.370999997e+01 -6.370999997e+01
12912 0 +3.537159898e-09 -6.371000000e+01 -6.371000000e+01
401254 0 +2.749089845e-11 -6.371000000e+01 -6.371000000e+01
% f evaluations | g evaluations | best noise-free fitness - Fopt (1.000000000000e+03) + sum g_i+ | measured fitness | best measured fitness or single-digit g-values | x1 | x2...
1 0 +1.440313559e+04 +1.540313559e+04 +1.540313559e+04
2 0 +1.428172449e+04 +1.528172449e+04 +1.528172449e+04
10 0 +1.076367700e+04 +1.176367700e+04 +1.176367700e+04
23 0 +8.972325916e+03 +9.972325916e+03 +9.972325916e+03
149 0 +7.352937182e+03 +8.352937182e+03 +8.352937182e+03
239 0 +7.025430316e+03 +8.025430316e+03 +8.025430316e+03
245 0 +5.123591895e+03 +6.123591895e+03 +6.123591895e+03
277 0 +4.723693090e+03 +5.723693090e+03 +5.723693090e+03
348 0 +3.421987564e+03 +4.421987564e+03 +4.421987564e+03
378 0 +2.802286885e+03 +3.802286885e+03 +3.802286885e+03
410 0 +2.353542825e+03 +3.353542825e+03 +3.353542825e+03
446 0 +2.153842356e+03 +3.153842356e+03 +3.153842356e+03
456 0 +1.692639645e+03 +2.692639645e+03 +2.692639645e+03
586 0 +1.435603521e+03 +2.435603521e+03 +2.435603521e+03
597 0 +1.176761437e+03 +2.176761437e+03 +2.176761437e+03
652 0 +1.041841211e+03 +2.041841211e+03 +2.041841211e+03
686 0 +7.911312249e+02 +1.791131225e+03 +1.791131225e+03
787 0 +6.509592519e+02 +1.650959252e+03 +1.650959252e+03
812 0 +5.145332951e+02 +1.514533295e+03 +1.514533295e+03
824 0 +4.823333117e+02 +1.482333312e+03 +1.482333312e+03
846 0 +4.155582977e+02 +1.415558298e+03 +1.415558298e+03
919 0 +3.928352458e+02 +1.392835246e+03 +1.392835246e+03
930 0 +3.406458522e+02 +1.340645852e+03 +1.340645852e+03
999 0 +3.028175447e+02 +1.302817545e+03 +1.302817545e+03
1035 0 +2.707312881e+02 +1.270731288e+03 +1.270731288e+03
1058 0 +2.231700507e+02 +1.223170051e+03 +1.223170051e+03
1121 0 +1.750260423e+02 +1.175026042e+03 +1.175026042e+03
1306 0 +1.336436932e+02 +1.133643693e+03 +1.133643693e+03
1347 0 +1.258887776e+02 +1.125888778e+03 +1.125888778e+03
1372 0 +1.072982547e+02 +1.107298255e+03 +1.107298255e+03
1423 0 +9.939869574e+01 +1.099398696e+03 +1.099398696e+03
1468 0 +8.346799053e+01 +1.083467991e+03 +1.083467991e+03
1482 0 +7.790875957e+01 +1.077908760e+03 +1.077908760e+03
1570 0 +6.701504820e+01 +1.067015048e+03 +1.067015048e+03
1583 0 +6.262506038e+01 +1.062625060e+03 +1.062625060e+03
1710 0 +5.532280803e+01 +1.055322808e+03 +1.055322808e+03
1771 0 +4.890990364e+01 +1.048909904e+03 +1.048909904e+03
1883 0 +3.685913523e+01 +1.036859135e+03 +1.036859135e+03
2375 0 +3.538568063e+01 +1.035385681e+03 +1.035385681e+03
3933 0 +3.160622004e+01 +1.031606220e+03 +1.031606220e+03
5163 0 +2.813351985e+01 +1.028133520e+03 +1.028133520e+03
5983 0 +2.511861200e+01 +1.025118612e+03 +1.025118612e+03
6434 0 +2.231364254e+01 +1.022313643e+03 +1.022313643e+03
6803 0 +1.991481839e+01 +1.019914818e+03 +1.019914818e+03
7172 0 +1.763924839e+01 +1.017639248e+03 +1.017639248e+03
7500 0 +1.565480633e+01 +1.015654806e+03 +1.015654806e+03
7787 0 +1.394747501e+01 +1.013947475e+03 +1.013947475e+03
8033 0 +1.242859576e+01 +1.012428596e+03 +1.012428596e+03
8238 0 +1.121924890e+01 +1.011219249e+03 +1.011219249e+03
8484 0 +9.759966972e+00 +1.009759967e+03 +1.009759967e+03
8648 0 +8.814122434e+00 +1.008814122e+03 +1.008814122e+03
8812 0 +7.669949762e+00 +1.007669950e+03 +1.007669950e+03
8894 0 +6.961350835e+00 +1.006961351e+03 +1.006961351e+03
9017 0 +5.976253067e+00 +1.005976253e+03 +1.005976253e+03
9058 0 +5.582867010e+00 +1.005582867e+03 +1.005582867e+03
9181 0 +4.867199230e+00 +1.004867199e+03 +1.004867199e+03
9304 0 +4.265917644e+00 +1.004265918e+03 +1.004265918e+03
9386 0 +3.880825955e+00 +1.003880826e+03 +1.003880826e+03
9468 0 +3.252529552e+00 +1.003252530e+03 +1.003252530e+03
9550 0 +3.012282505e+00 +1.003012283e+03 +1.003012283e+03
9591 0 +2.690414418e+00 +1.002690414e+03 +1.002690414e+03
9632 0 +2.217271035e+00 +1.002217271e+03 +1.002217271e+03
9673 0 +1.817675693e+00 +1.001817676e+03 +1.001817676e+03
9755 0 +1.716901426e+00 +1.001716901e+03 +1.001716901e+03
9796 0 +1.542575054e+00 +1.001542575e+03 +1.001542575e+03
9837 0 +1.264157666e+00 +1.001264158e+03 +1.001264158e+03
9878 0 +9.978691249e-01 +1.000997869e+03 +1.000997869e+03
9919 0 +8.540139860e-01 +1.000854014e+03 +1.000854014e+03
9960 0 +6.373832372e-01 +1.000637383e+03 +1.000637383e+03
10001 0 +5.381520701e-01 +1.000538152e+03 +1.000538152e+03
10042 0 +4.310337274e-01 +1.000431034e+03 +1.000431034e+03
10083 0 +3.961625254e-01 +1.000396163e+03 +1.000396163e+03
10124 0 +3.361947946e-01 +1.000336195e+03 +1.000336195e+03
10165 0 +2.411052367e-01 +1.000241105e+03 +1.000241105e+03
10206 0 +1.657680434e-01 +1.000165768e+03 +1.000165768e+03
10247 0 +1.240123270e-01 +1.000124012e+03 +1.000124012e+03
10288 0 +7.072118320e-02 +1.000070721e+03 +1.000070721e+03
10329 0 +5.324915315e-02 +1.000053249e+03 +1.000053249e+03
10370 0 +3.711634525e-02 +1.000037116e+03 +1.000037116e+03
10411 0 +2.448246664e-02 +1.000024482e+03 +1.000024482e+03
10452 0 +1.139777546e-02 +1.000011398e+03 +1.000011398e+03
10493 0 +4.820334274e-03 +1.000004820e+03 +1.000004820e+03
10534 0 +1.780192595e-03 +1.000001780e+03 +1.000001780e+03
10575 0 +4.269559366e-04 +1.000000427e+03 +1.000000427e+03
10616 0 +6.985946038e-05 +1.000000070e+03 +1.000000070e+03
10657 0 +1.966712341e-05 +1.000000020e+03 +1.000000020e+03
10698 0 +2.883451771e-06 +1.000000003e+03 +1.000000003e+03
10739 0 +2.199042228e-07 +1.000000000e+03 +1.000000000e+03
10780 0 +4.306343726e-08 +1.000000000e+03 +1.000000000e+03
10821 0 +1.202920430e-09 +1.000000000e+03 +1.000000000e+03
281169 0 +9.094947018e-13 +1.000000000e+03 +1.000000000e+03
400151 0 +1.136868377e-13 +1.000000000e+03 +1.000000000e+03
% f evaluations | g evaluations | best noise-free fitness - Fopt (3.197000000000e+01) + sum g_i+ | measured fitness | best measured fitness or single-digit g-values | x1 | x2...
1 0 +1.232508675e+04 +1.235705675e+04 +1.235705675e+04
4 0 +1.223940711e+04 +1.227137711e+04 +1.227137711e+04
5 0 +9.290623562e+03 +9.322593562e+03 +9.322593562e+03
22 0 +8.807531780e+03 +8.839501780e+03 +8.839501780e+03
45 0 +5.658956987e+03 +5.690926987e+03 +5.690926987e+03
74 0 +4.786866909e+03 +4.818836909e+03 +4.818836909e+03
97 0 +3.788509377e+03 +3.820479377e+03 +3.820479377e+03
130 0 +3.416526655e+03 +3.448496655e+03 +3.448496655e+03
155 0 +3.143100420e+03 +3.175070420e+03 +3.175070420e+03
171 0 +2.677968275e+03 +2.709938275e+03 +2.709938275e+03
186 0 +2.490859613e+03 +2.522829613e+03 +2.522829613e+03
200 0 +2.219677461e+03 +2.251647461e+03 +2.251647461e+03
204 0 +1.993792854e+03 +2.025762854e+03 +2.025762854e+03
271 0 +1.562038838e+03 +1.594008838e+03 +1.594008838e+03
301 0 +1.242354983e+03 +1.274324983e+03 +1.274324983e+03
357 0 +1.029416868e+03 +1.061386868e+03 +1.061386868e+03
390 0 +8.788580033e+02 +9.108280033e+02 +9.108280033e+02
413 0 +7.212233695e+02 +7.531933695e+02 +7.531933695e+02
435 0 +5.736474023e+02 +6.056174023e+02 +6.056174023e+02
474 0 +4.831503273e+02 +5.151203273e+02 +5.151203273e+02
567 0 +4.283573798e+02 +4.603273798e+02 +4.603273798e+02
574 0 +3.393293874e+02 +3.712993874e+02 +3.712993874e+02
605 0 +2.935246434e+02 +3.254946434e+02 +3.254946434e+02
637 0 +2.753789298e+02 +3.073489298e+02 +3.073489298e+02
737 0 +2.422989355e+02 +2.742689355e+02 +2.742689355e+02
770 0 +2.177578453e+02 +2.497278453e+02 +2.497278453e+02
792 0 +1.947038074e+02 +2.266738074e+02 +2.266738074e+02
841 0 +1.569278998e+02 +1.888978998e+02 +1.888978998e+02
948 0 +1.374346058e+02 +1.694046058e+02 +1.694046058e+02
994 0 +1.152816879e+02 +1.472516879e+02 +1.472516879e+02
1039 0 +9.991624192e+01 +1.318862419e+02 +1.318862419e+02
1103 0 +7.904035479e+01 +1.110103548e+02 +1.110103548e+02
1318 0 +6.949942395e+01 +1.014694240e+02 +1.014694240e+02
1412 0 +5.904789386e+01 +9.101789386e+01 +9.101789386e+01
1457 0 +5.195313318e+01 +8.392313318e+01 +8.392313318e+01
1623 0 +4.676919265e+01 +7.873919265e+01 +7.873919265e+01
1718 0 +4.344658765e+01 +7.541658765e+01 +7.541658765e+01
1883 0 +3.732869680e+01 +6.929869680e+01 +6.929869680e+01
2375 0 +3.543857441e+01 +6.740857441e+01 +6.740857441e+01
3769 0 +3.155678815e+01 +6.352678815e+01 +6.352678815e+01
5081 0 +2.807587598e+01 +6.004587598e+01 +6.004587598e+01
5901 0 +2.495698874e+01 +5.692698874e+01 +5.692698874e+01
6352 0 +2.236850405e+01 +5.433850405e+01 +5.433850405e+01
6803 0 +1.968602432e+01 +5.165602432e+01 +5.165602432e+01
7172 0 +1.776545502e+01 +4.973545502e+01 +4.973545502e+01
7459 0 +1.576810114e+01 +4.773810114e+01 +4.773810114e+01
7664 0 +1.408916993e+01 +4.605916993e+01 +4.605916993e+01
7951 0 +1.246436797e+01 +4.443436797e+01 +4.443436797e+01
8156 0 +1.082411209e+01 +4.279411209e+01 +4.279411209e+01
8361 0 +9.985558772e+00 +4.195555877e+01 +4.195555877e+01
8525 0 +8.630771112e+00 +4.060077111e+01 +4.060077111e+01
8648 0 +7.845705978e+00 +3.981570598e+01 +3.981570598e+01
8812 0 +7.071706064e+00 +3.904170606e+01 +3.904170606e+01
8976 0 +6.119225556e+00 +3.808922556e+01 +3.808922556e+01
9058 0 +5.400981296e+00 +3.737098130e+01 +3.737098130e+01
9099 0 +4.958488967e+00 +3.692848897e+01 +3.692848897e+01
9263 0 +4.290484024e+00 +3.626048402e+01 +3.626048402e+01
9304 0 +3.881269804e+00 +3.585126980e+01 +3.585126980e+01
9427 0 +3.489468520e+00 +3.545946852e+01 +3.545946852e+01
9468 0 +3.126219611e+00 +3.509621961e+01 +3.509621961e+01
9509 0 +2.756422254e+00 +3.472642225e+01 +3.472642225e+01
9632 0 +2.374571145e+00 +3.434457115e+01 +3.434457115e+01
9673 0 +2.010216671e+00 +3.398021667e+01 +3.398021667e+01
9714 0 +1.683687448e+00 +3.365368745e+01 +3.365368745e+01
9755 0 +1.534643694e+00 +3.350464369e+01 +3.350464369e+01
9796 0 +1.279846592e+00 +3.324984659e+01 +3.324984659e+01
9837 0 +9.792665381e-01 +3.294926654e+01 +3.294926654e+01
9919 0 +8.812830813e-01 +3.285128308e+01 +3.285128308e+01
9960 0 +7.367769983e-01 +3.270677700e+01 +3.270677700e+01
10001 0 +5.805437522e-01 +3.255054375e+01 +3.255054375e+01
10042 0 +4.430717828e-01 +3.241307178e+01 +3.241307178e+01
10083 0 +3.312312393e-01 +3.230123124e+01 +3.230123124e+01
10124 0 +2.498240488e-01 +3.221982405e+01 +3.221982405e+01
10165 0 +1.875872127e-01 +3.215758721e+01 +3.215758721e+01
10206 0 +1.302159723e-01 +3.210021597e+01 +3.210021597e+01
10247 0 +8.361570028e-02 +3.205361570e+01 +3.205361570e+01
10288 0 +3.919933630e-02 +3.200919934e+01 +3.200919934e+01
10329 0 +2.244197531e-02 +3.199244198e+01 +3.199244198e+01
10370 0 +1.868924187e-02 +3.198868924e+01 +3.198868924e+01
10411 0 +1.196206761e-02 +3.198196207e+01 +3.198196207e+01
10452 0 +2.221051631e-03 +3.197222105e+01 +3.197222105e+01
10493 0 +9.070003207e-04 +3.197090700e+01 +3.197090700e+01
10534 0 +3.389124598e-04 +3.197033891e+01 +3.197033891e+01
10575 0 +1.522296777e-04 +3.197015223e+01 +3.197015223e+01
10616 0 +7.308555736e-05 +3.197007309e+01 +3.197007309e+01
10657 0 +1.443606036e-05 +3.197001444e+01 +3.197001444e+01
10698 0 +4.833380203e-07 +3.197000048e+01 +3.197000048e+01
10739 0 +6.947270847e-08 +3.197000007e+01 +3.197000007e+01
10780 0 +6.416406961e-09 +3.197000001e+01 +3.197000001e+01
294281 0 +9.876544027e-13 +3.197000000e+01 +3.197000000e+01
400002 0 +3.552713679e-15 +3.197000000e+01 +3.197000000e+01
% f evaluations | g evaluations | best noise-free fitness - Fopt (5.819000000000e+01) + sum g_i+ | measured fitness | best measured fitness or single-digit g-values | x1 | x2...
1 0 +1.836699392e+04 +1.842518392e+04 +1.842518392e+04
4 0 +1.573086591e+04 +1.578905591e+04 +1.578905591e+04
5 0 +1.174511930e+04 +1.180330930e+04 +1.180330930e+04
11 0 +1.083583146e+04 +1.089402146e+04 +1.089402146e+04
14 0 +9.928626364e+03 +9.986816364e+03 +9.986816364e+03
38 0 +8.569589400e+03 +8.627779400e+03 +8.627779400e+03
46 0 +5.910992610e+03 +5.969182610e+03 +5.969182610e+03
100 0 +5.588580039e+03 +5.646770039e+03 +5.646770039e+03
191 0 +4.411920509e+03 +4.470110509e+03 +4.470110509e+03
194 0 +2.714968724e+03 +2.773158724e+03 +2.773158724e+03
206 0 +1.971133144e+03 +2.029323144e+03 +2.029323144e+03
246 0 +1.503839333e+03 +1.562029333e+03 +1.562029333e+03
415 0 +1.242135874e+03 +1.300325874e+03 +1.300325874e+03
528 0 +9.299571993e+02 +9.881471993e+02 +9.881471993e+02
556 0 +8.835565523e+02 +9.417465523e+02 +9.417465523e+02
629 0 +7.199074060e+02 +7.780974060e+02 +7.780974060e+02
680 0 +6.045462720e+02 +6.627362720e+02 +6.627362720e+02
715 0 +5.109352303e+02 +5.691252303e+02 +5.691252303e+02
748 0 +4.958893727e+02 +5.540793727e+02 +5.540793727e+02
751 0 +2.899410829e+02 +3.481310829e+02 +3.481310829e+02
960 0 +2.622211919e+02 +3.204111919e+02 +3.204111919e+02
972 0 +2.491232194e+02 +3.073132194e+02 +3.073132194e+02
1004 0 +2.113041755e+02 +2.694941755e+02 +2.694941755e+02
1020 0 +1.942857468e+02 +2.524757468e+02 +2.524757468e+02
1032 0 +1.587360654e+02 +2.169260654e+02 +2.169260654e+02
1053 0 +1.528819634e+02 +2.110719634e+02 +2.110719634e+02
1139 0 +1.273330035e+02 +1.855230035e+02 +1.855230035e+02
1187 0 +1.139617104e+02 +1.721517104e+02 +1.721517104e+02
1242 0 +1.089161537e+02 +1.671061537e+02 +1.671061537e+02
1257 0 +9.565363398e+01 +1.538436340e+02 +1.538436340e+02
1306 0 +7.636187804e+01 +1.345518780e+02 +1.345518780e+02
1478 0 +6.855731206e+01 +1.267473121e+02 +1.267473121e+02
1501 0 +6.187366648e+01 +1.200636665e+02 +1.200636665e+02
1636 0 +5.353557840e+01 +1.117255784e+02 +1.117255784e+02
1674 0 +4.951841731e+01 +1.077084173e+02 +1.077084173e+02
1801 0 +4.401824738e+01 +1.022082474e+02 +1.022082474e+02
1883 0 +3.798296770e+01 +9.617296770e+01 +9.617296770e+01
2293 0 +3.541019576e+01 +9.360019576e+01 +9.360019576e+01
3769 0 +3.154623671e+01 +8.973623671e+01 +8.973623671e+01
5163 0 +2.809398218e+01 +8.628398218e+01 +8.628398218e+01
6024 0 +2.490533356e+01 +8.309533356e+01 +8.309533356e+01
6516 0 +2.230433721e+01 +8.049433721e+01 +8.049433721e+01
6885 0 +1.992504094e+01 +7.811504094e+01 +7.811504094e+01
7213 0 +1.773654895e+01 +7.592654895e+01 +7.592654895e+01
7541 0 +1.572299412e+01 +7.391299412e+01 +7.391299412e+01
7869 0 +1.408447222e+01 +7.227447222e+01 +7.227447222e+01
8115 0 +1.233418912e+01 +7.052418912e+01 +7.052418912e+01
8320 0 +1.099508968e+01 +6.918508968e+01 +6.918508968e+01
8525 0 +9.819827528e+00 +6.800982753e+01 +6.800982753e+01
8689 0 +8.763742252e+00 +6.695374225e+01 +6.695374225e+01
8812 0 +7.839949133e+00 +6.602994913e+01 +6.602994913e+01
8976 0 +6.938342653e+00 +6.512834265e+01 +6.512834265e+01
9058 0 +6.265473433e+00 +6.445547343e+01 +6.445547343e+01
9181 0 +5.469085057e+00 +6.365908506e+01 +6.365908506e+01
9304 0 +4.865337352e+00 +6.305533735e+01 +6.305533735e+01
9427 0 +4.205190652e+00 +6.239519065e+01 +6.239519065e+01
9468 0 +3.917528953e+00 +6.210752895e+01 +6.210752895e+01
9550 0 +3.194208509e+00 +6.138420851e+01 +6.138420851e+01
9591 0 +2.939170832e+00 +6.112917083e+01 +6.112917083e+01
9632 0 +2.615883641e+00 +6.080588364e+01 +6.080588364e+01
9673 0 +2.332995403e+00 +6.052299540e+01 +6.052299540e+01
9714 0 +1.999026388e+00 +6.018902639e+01 +6.018902639e+01
9755 0 +1.698783048e+00 +5.988878305e+01 +5.988878305e+01
9796 0 +1.425268233e+00 +5.961526823e+01 +5.961526823e+01
9837 0 +1.377376627e+00 +5.956737663e+01 +5.956737663e+01
9878 0 +1.254228271e+00 +5.944422827e+01 +5.944422827e+01
9919 0 +1.042922363e+00 +5.923292236e+01 +5.923292236e+01
9960 0 +8.763613117e-01 +5.906636131e+01 +5.906636131e+01
10001 0 +7.082005264e-01 +5.889820053e+01 +5.889820053e+01
10042 0 +5.541248485e-01 +5.874412485e+01 +5.874412485e+01
10083 0 +4.602932519e-01 +5.865029325e+01 +5.865029325e+01
10124 0 +3.487229597e-01 +5.853872296e+01 +5.853872296e+01
10165 0 +2.885990439e-01 +5.847859904e+01 +5.847859904e+01
10206 0 +2.159234019e-01 +5.840592340e+01 +5.840592340e+01
10247 0 +1.653848857e-01 +5.835538489e+01 +5.835538489e+01
10288 0 +1.152181662e-01 +5.830521817e+01 +5.830521817e+01
10329 0 +7.122551159e-02 +5.826122551e+01 +5.826122551e+01
10370 0 +4.563412469e-02 +5.823563412e+01 +5.823563412e+01
10411 0 +2.954481310e-02 +5.821954481e+01 +5.821954481e+01
10452 0 +1.755380270e-02 +5.820755380e+01 +5.820755380e+01
10493 0 +1.034370207e-02 +5.820034370e+01 +5.820034370e+01
10534 0 +4.151928124e-03 +5.819415193e+01 +5.819415193e+01
10575 0 +1.630218488e-03 +5.819163022e+01 +5.819163022e+01
10616 0 +4.440217799e-04 +5.819044402e+01 +5.819044402e+01
10657 0 +6.305062775e-05 +5.819006305e+01 +5.819006305e+01
10698 0 +1.754684521e-05 +5.819001755e+01 +5.819001755e+01
10739 0 +4.231970195e-06 +5.819000423e+01 +5.819000423e+01
10780 0 +1.705137080e-07 +5.819000017e+01 +5.819000017e+01
10821 0 +3.087951939e-08 +5.819000003e+01 +5.819000003e+01
10862 0 +1.240401559e-09 +5.819000000e+01 +5.819000000e+01
274661 0 +9.734435480e-13 +5.819000000e+01 +5.819000000e+01
401580 0 +7.105427358e-15 +5.819000000e+01 +5.819000000e+01
% f evaluations | g evaluations | best noise-free fitness - Fopt (-4.840000000000e+00) + sum g_i+ | measured fitness | best measured fitness or single-digit g-values | x1 | x2...
1 0 +1.032960117e+04 +1.032476117e+04 +1.032476117e+04
10 0 +8.799846179e+03 +8.795006179e+03 +8.795006179e+03
25 0 +7.848762069e+03 +7.843922069e+03 +7.843922069e+03
63 0 +6.798759292e+03 +6.793919292e+03 +6.793919292e+03
91 0 +6.268153185e+03 +6.263313185e+03 +6.263313185e+03
99 0 +4.767914356e+03 +4.763074356e+03 +4.763074356e+03
175 0 +2.839129922e+03 +2.834289922e+03 +2.834289922e+03
233 0 +1.652889719e+03 +1.648049719e+03 +1.648049719e+03
391 0 +1.382698324e+03 +1.377858324e+03 +1.377858324e+03
408 0 +1.127808482e+03 +1.122968482e+03 +1.122968482e+03
435 0 +8.593658766e+02 +8.545258766e+02 +8.545258766e+02
456 0 +7.034025141e+02 +6.985625141e+02 +6.985625141e+02
491 0 +5.951663908e+02 +5.903263908e+02 +5.903263908e+02
615 0 +5.608660498e+02 +5.560260498e+02 +5.560260498e+02
646 0 +4.875103928e+02 +4.826703928e+02 +4.826703928e+02
666 0 +4.345871420e+02 +4.297471420e+02 +4.297471420e+02
677 0 +3.580415325e+02 +3.532015325e+02 +3.532015325e+02
726 0 +3.365271042e+02 +3.316871042e+02 +3.316871042e+02
751 0 +2.991520517e+02 +2.943120517e+02 +2.943120517e+02
767 0 +2.712154029e+02 +2.663754029e+02 +2.663754029e+02
812 0 +1.966986300e+02 +1.918586300e+02 +1.918586300e+02
922 0 +1.609945835e+02 +1.561545835e+02 +1.561545835e+02
1036 0 +1.513221979e+02 +1.464821979e+02 +1.464821979e+02
1040 0 +1.179475799e+02 +1.131075799e+02 +1.131075799e+02
1053 0 +1.118544272e+02 +1.070144272e+02 +1.070144272e+02
1151 0 +9.812411398e+01 +9.328411398e+01 +9.328411398e+01
1230 0 +8.478565118e+01 +7.994565118e+01 +7.994565118e+01
1266 0 +7.505914274e+01 +7.021914274e+01 +7.021914274e+01
1393 0 +6.185197792e+01 +5.701197792e+01 +5.701197792e+01
1501 0 +5.052696539e+01 +4.568696539e+01 +4.568696539e+01
1626 0 +5.000513373e+01 +4.516513373e+01 +4.516513373e+01
1771 0 +4.454690952e+01 +3.970690952e+01 +3.970690952e+01
1924 0 +3.911450313e+01 +3.427450313e+01 +3.427450313e+01
3482 0 +3.540074963e+01 +3.056074963e+01 +3.056074963e+01
5040 0 +3.147452871e+01 +2.663452871e+01 +2.663452871e+01
5901 0 +2.812314022e+01 +2.328314022e+01 +2.328314022e+01
6434 0 +2.479132445e+01 +1.995132445e+01 +1.995132445e+01
6762 0 +2.237352011e+01 +1.753352011e+01 +1.753352011e+01
7172 0 +1.981568871e+01 +1.497568871e+01 +1.497568871e+01
7541 0 +1.754601760e+01 +1.270601760e+01 +1.270601760e+01
7787 0 +1.559637775e+01 +1.075637775e+01 +1.075637775e+01
8115 0 +1.401140866e+01 +9.171408664e+00 +9.171408664e+00
8361 0 +1.250069489e+01 +7.660694890e+00 +7.660694890e+00
8607 0 +1.120364376e+01 +6.363643764e+00 +6.363643764e+00
8812 0 +9.890841259e+00 +5.050841259e+00 +5.050841259e+00
9017 0 +8.751681144e+00 +3.911681144e+00 +3.911681144e+00
9140 0 +7.815633401e+00 +2.975633401e+00 +2.975633401e+00
9222 0 +7.070384941e+00 +2.230384941e+00 +2.230384941e+00
9345 0 +6.235191939e+00 +1.395191939e+00 +1.395191939e+00
9468 0 +5.445147402e+00 +6.051474020e-01 +6.051474020e-01
9550 0 +4.991843619e+00 +1.518436192e-01 +1.518436192e-01
9714 0 +4.451073812e+00 -3.889261883e-01 -3.889261883e-01
401279 0 +3.986623854e+00 -8.533761457e-01 -8.533761457e-01
% f evaluations | g evaluations | best noise-free fitness - Fopt (-6.337000000000e+01) + sum g_i+ | measured fitness | best measured fitness or single-digit g-values | x1 | x2...
1 0 +1.040800531e+04 +1.034463531e+04 +1.034463531e+04
5 0 +8.932038413e+03 +8.868668413e+03 +8.868668413e+03
22 0 +6.756995151e+03 +6.693625151e+03 +6.693625151e+03
97 0 +6.300399784e+03 +6.237029784e+03 +6.237029784e+03
101 0 +4.806116918e+03 +4.742746918e+03 +4.742746918e+03
116 0 +3.791252229e+03 +3.727882229e+03 +3.727882229e+03
176 0 +3.462858286e+03 +3.399488286e+03 +3.399488286e+03
207 0 +3.126447446e+03 +3.063077446e+03 +3.063077446e+03
224 0 +2.728612654e+03 +2.665242654e+03 +2.665242654e+03
233 0 +2.475033413e+03 +2.411663413e+03 +2.411663413e+03
241 0 +2.048052903e+03 +1.984682903e+03 +1.984682903e+03
260 0 +1.816384002e+03 +1.753014002e+03 +1.753014002e+03
279 0 +1.217814012e+03 +1.154444012e+03 +1.154444012e+03
391 0 +1.094122290e+03 +1.030752290e+03 +1.030752290e+03
401 0 +9.599951776e+02 +8.966251776e+02 +8.966251776e+02
413 0 +8.092769796e+02 +7.459069796e+02 +7.459069796e+02
435 0 +6.825793641e+02 +6.192093641e+02 +6.192093641e+02
473 0 +5.217661747e+02 +4.583961747e+02 +4.583961747e+02
483 0 +4.876822776e+02 +4.243122776e+02 +4.243122776e+02
571 0 +4.162702043e+02 +3.529002043e+02 +3.529002043e+02
591 0 +3.895151223e+02 +3.261451223e+02 +3.261451223e+02
615 0 +3.526391136e+02 +2.892691136e+02 +2.892691136e+02
622 0 +3.099136793e+02 +2.465436793e+02 +2.465436793e+02
655 0 +2.796641255e+02 +2.162941255e+02 +2.162941255e+02
683 0 +2.420715391e+02 +1.787015391e+02 +1.787015391e+02
767 0 +2.195614729e+02 +1.561914729e+02 +1.561914729e+02
836 0 +1.823276904e+02 +1.189576904e+02 +1.189576904e+02
882 0 +1.778276025e+02 +1.144576025e+02 +1.144576025e+02
886 0 +1.348127507e+02 +7.144275072e+01 +7.144275072e+01
938 0 +1.106711312e+02 +4.730113117e+01 +4.730113117e+01
1104 0 +7.952942918e+01 +1.615942918e+01 +1.615942918e+01
1157 0 +7.712282372e+01 +1.375282372e+01 +1.375282372e+01
1243 0 +6.873355665e+01 +5.363556645e+00 +5.363556645e+00
1306 0 +5.712911587e+01 -6.240884130e+00 -6.240884130e+00
1360 0 +5.442024972e+01 -8.949750280e+00 -8.949750280e+00
1455 0 +4.973195792e+01 -1.363804208e+01 -1.363804208e+01
1588 0 +4.426928820e+01 -1.910071180e+01 -1.910071180e+01
1883 0 +3.931223708e+01 -2.405776292e+01 -2.405776292e+01
4548 0 +3.545344637e+01 -2.791655363e+01 -2.791655363e+01
5901 0 +3.124994337e+01 -3.212005663e+01 -3.212005663e+01
6434 0 +2.802515468e+01 -3.534484532e+01 -3.534484532e+01
7008 0 +2.490584419e+01 -3.846415581e+01 -3.846415581e+01
7459 0 +2.203601958e+01 -4.133398042e+01 -4.133398042e+01
7828 0 +1.980096333e+01 -4.356903667e+01 -4.356903667e+01
8197 0 +1.752588442e+01 -4.584411558e+01 -4.584411558e+01
8484 0 +1.570749430e+01 -4.766250570e+01 -4.766250570e+01
8771 0 +1.404998809e+01 -4.932001191e+01 -4.932001191e+01
9017 0 +1.253799162e+01 -5.083200838e+01 -5.083200838e+01
9263 0 +1.099700846e+01 -5.237299154e+01 -5.237299154e+01
9468 0 +9.867185897e+00 -5.350281410e+01 -5.350281410e+01
9673 0 +8.575519618e+00 -5.479448038e+01 -5.479448038e+01
9755 0 +7.791467234e+00 -5.557853277e+01 -5.557853277e+01
9919 0 +7.065609248e+00 -5.630439075e+01 -5.630439075e+01
10083 0 +6.086158990e+00 -5.728384101e+01 -5.728384101e+01
10206 0 +5.407080921e+00 -5.796291908e+01 -5.796291908e+01
10329 0 +4.953866728e+00 -5.841613327e+01 -5.841613327e+01
10493 0 +4.453160135e+00 -5.891683987e+01 -5.891683987e+01
24114 0 +3.959416350e+00 -5.941058365e+01 -5.941058365e+01
24196 0 +3.416574863e+00 -5.995342514e+01 -5.995342514e+01
24237 0 +3.157568083e+00 -6.021243192e+01 -6.021243192e+01
24278 0 +2.795993405e+00 -6.057400660e+01 -6.057400660e+01
24401 0 +2.429291073e+00 -6.094070893e+01 -6.094070893e+01
24442 0 +2.209563536e+00 -6.116043646e+01 -6.116043646e+01
24483 0 +1.885333251e+00 -6.148466675e+01 -6.148466675e+01
24524 0 +1.744545708e+00 -6.162545429e+01 -6.162545429e+01
24565 0 +1.539376715e+00 -6.183062328e+01 -6.183062328e+01
24606 0 +1.257801831e+00 -6.211219817e+01 -6.211219817e+01
24647 0 +9.625002842e-01 -6.240749972e+01 -6.240749972e+01
24729 0 +8.577968824e-01 -6.251220312e+01 -6.251220312e+01
24770 0 +6.952147664e-01 -6.267478523e+01 -6.267478523e+01
24811 0 +4.895614987e-01 -6.288043850e+01 -6.288043850e+01
24852 0 +3.269978432e-01 -6.304300216e+01 -6.304300216e+01
24934 0 +2.607645348e-01 -6.310923547e+01 -6.310923547e+01
24975 0 +1.895251001e-01 -6.318047490e+01 -6.318047490e+01
25016 0 +1.471717763e-01 -6.322282822e+01 -6.322282822e+01
25057 0 +1.095493056e-01 -6.326045069e+01 -6.326045069e+01
25098 0 +6.340199294e-02 -6.330659801e+01 -6.330659801e+01
25139 0 +3.540039755e-02 -6.333459960e+01 -6.333459960e+01
25180 0 +2.877733237e-02 -6.334122267e+01 -6.334122267e+01
25221 0 +2.202818372e-02 -6.334797182e+01 -6.334797182e+01
25262 0 +1.181250981e-02 -6.335818749e+01 -6.335818749e+01
25303 0 +5.468849773e-03 -6.336453115e+01 -6.336453115e+01
25344 0 +2.459227874e-03 -6.336754077e+01 -6.336754077e+01
25385 0 +7.804952146e-04 -6.336921950e+01 -6.336921950e+01
25426 0 +1.362482891e-04 -6.336986375e+01 -6.336986375e+01
25467 0 +8.281407958e-06 -6.336999172e+01 -6.336999172e+01
25508 0 +1.643957532e-06 -6.336999836e+01 -6.336999836e+01
25549 0 +1.067559197e-07 -6.336999989e+01 -6.336999989e+01
25590 0 +7.115333034e-08 -6.336999993e+01 -6.336999993e+01
25631 0 +1.745187461e-08 -6.336999998e+01 -6.336999998e+01
25672 0 +1.460378485e-10 -6.337000000e+01 -6.337000000e+01
360603 0 +9.521272659e-13 -6.337000000e+01 -6.337000000e+01
402571 0 +7.105427358e-15 -6.337000000e+01 -6.337000000e+01
% f evaluations | g evaluations | best noise-free fitness - Fopt (2.750000000000e+00) + sum g_i+ | measured fitness | best measured fitness or single-digit g-values | x1 | x2...
1 0 +1.446379173e+04 +1.446654173e+04 +1.446654173e+04
4 0 +1.351117536e+04 +1.351392536e+04 +1.351392536e+04
8 0 +9.166911089e+03 +9.169661089e+03 +9.169661089e+03
22 0 +7.202367661e+03 +7.205117661e+03 +7.205117661e+03
25 0 +6.445919594e+03 +6.448669594e+03 +6.448669594e+03
71 0 +4.909997843e+03 +4.912747843e+03 +4.912747843e+03
101 0 +3.591249302e+03 +3.593999302e+03 +3.593999302e+03
133 0 +3.092742551e+03 +3.095492551e+03 +3.095492551e+03
240 0 +2.645146557e+03 +2.647896557e+03 +2.647896557e+03
241 0 +1.989262183e+03 +1.992012183e+03 +1.992012183e+03
355 0 +1.399601429e+03 +1.402351429e+03 +1.402351429e+03
377 0 +1.096728594e+03 +1.099478594e+03 +1.099478594e+03
413 0 +8.283822798e+02 +8.311322798e+02 +8.311322798e+02
469 0 +7.046248300e+02 +7.073748300e+02 +7.073748300e+02
475 0 +6.305305182e+02 +6.332805182e+02 +6.332805182e+02
545 0 +5.501868830e+02 +5.529368830e+02 +5.529368830e+02
686 0 +4.854675925e+02 +4.882175925e+02 +4.882175925e+02
688 0 +3.346767292e+02 +3.374267292e+02 +3.374267292e+02
747 0 +3.061050770e+02 +3.088550770e+02 +3.088550770e+02
788 0 +2.809962247e+02 +2.837462247e+02 +2.837462247e+02
815 0 +2.472534015e+02 +2.500034015e+02 +2.500034015e+02
834 0 +2.153239865e+02 +2.180739865e+02 +2.180739865e+02
881 0 +1.982394261e+02 +2.009894261e+02 +2.009894261e+02
920 0 +1.764900408e+02 +1.792400408e+02 +1.792400408e+02
937 0 +1.549999854e+02 +1.577499854e+02 +1.577499854e+02
995 0 +1.012457723e+02 +1.039957723e+02 +1.039957723e+02
1067 0 +8.961701158e+01 +9.236701158e+01 +9.236701158e+01
1084 0 +8.810936203e+01 +9.085936203e+01 +9.085936203e+01
1234 0 +7.879502058e+01 +8.154502058e+01 +8.154502058e+01
1299 0 +6.947053992e+01 +7.222053992e+01 +7.222053992e+01
1306 0 +5.989540210e+01 +6.264540210e+01 +6.264540210e+01
1438 0 +5.594948223e+01 +5.869948223e+01 +5.869948223e+01
1497 0 +4.933219580e+01 +5.208219580e+01 +5.208219580e+01
1519 0 +4.461007409e+01 +4.736007409e+01 +4.736007409e+01
1769 0 +3.938507400e+01 +4.213507400e+01 +4.213507400e+01
2416 0 +3.534393958e+01 +3.809393958e+01 +3.809393958e+01
3892 0 +3.150245115e+01 +3.425245115e+01 +3.425245115e+01
5163 0 +2.817641297e+01 +3.092641297e+01 +3.092641297e+01
6106 0 +2.495070268e+01 +2.770070268e+01 +2.770070268e+01
6516 0 +2.225817255e+01 +2.500817255e+01 +2.500817255e+01
6967 0 +1.977072823e+01 +2.252072823e+01 +2.252072823e+01
7254 0 +1.747632398e+01 +2.022632398e+01 +2.022632398e+01
7541 0 +1.580241150e+01 +1.855241150e+01 +1.855241150e+01
7828 0 +1.411152589e+01 +1.686152589e+01 +1.686152589e+01
8074 0 +1.245093051e+01 +1.520093051e+01 +1.520093051e+01
8279 0 +1.116805099e+01 +1.391805099e+01 +1.391805099e+01
8484 0 +9.955916253e+00 +1.270591625e+01 +1.270591625e+01
8689 0 +8.653101212e+00 +1.140310121e+01 +1.140310121e+01
8853 0 +7.906174613e+00 +1.065617461e+01 +1.065617461e+01
9017 0 +6.671460374e+00 +9.421460374e+00 +9.421460374e+00
9058 0 +6.245300235e+00 +8.995300235e+00 +8.995300235e+00
9222 0 +5.485578045e+00 +8.235578045e+00 +8.235578045e+00
9345 0 +4.890662399e+00 +7.640662399e+00 +7.640662399e+00
9427 0 +4.280882480e+00 +7.030882480e+00 +7.030882480e+00
9468 0 +3.974072381e+00 +6.724072381e+00 +6.724072381e+00
9550 0 +3.385096240e+00 +6.135096240e+00 +6.135096240e+00
9591 0 +3.021630676e+00 +5.771630676e+00 +5.771630676e+00
9714 0 +2.590885086e+00 +5.340885086e+00 +5.340885086e+00
9755 0 +2.245398826e+00 +4.995398826e+00 +4.995398826e+00
9796 0 +1.968183764e+00 +4.718183764e+00 +4.718183764e+00
9919 0 +1.536930645e+00 +4.286930645e+00 +4.286930645e+00
9960 0 +1.218559734e+00 +3.968559734e+00 +3.968559734e+00
10042 0 +9.898814543e-01 +3.739881454e+00 +3.739881454e+00
10083 0 +7.522678702e-01 +3.502267870e+00 +3.502267870e+00
10124 0 +5.745490388e-01 +3.324549039e+00 +3.324549039e+00
10165 0 +5.180694500e-01 +3.268069450e+00 +3.268069450e+00
10206 0 +4.400879311e-01 +3.190087931e+00 +3.190087931e+00
10247 0 +3.429679689e-01 +3.092967969e+00 +3.092967969e+00
10288 0 +2.690098742e-01 +3.019009874e+00 +3.019009874e+00
10329 0 +1.810530308e-01 +2.931053031e+00 +2.931053031e+00
10411 0 +1.304866036e-01 +2.880486604e+00 +2.880486604e+00
10452 0 +9.380478976e-02 +2.843804790e+00 +2.843804790e+00
10493 0 +6.026564819e-02 +2.810265648e+00 +2.810265648e+00
10534 0 +4.504920740e-02 +2.795049207e+00 +2.795049207e+00
10575 0 +2.652858627e-02 +2.776528586e+00 +2.776528586e+00
10616 0 +1.996485437e-02 +2.769964854e+00 +2.769964854e+00
10657 0 +9.966687427e-03 +2.759966687e+00 +2.759966687e+00
10698 0 +3.030180616e-03 +2.753030181e+00 +2.753030181e+00
10739 0 +1.337875155e-03 +2.751337875e+00 +2.751337875e+00
10780 0 +3.080040322e-04 +2.750308004e+00 +2.750308004e+00
10862 0 +3.806826619e-05 +2.750038068e+00 +2.750038068e+00
10903 0 +9.180808842e-06 +2.750009181e+00 +2.750009181e+00
10944 0 +2.917957422e-07 +2.750000292e+00 +2.750000292e+00
10985 0 +1.125120632e-07 +2.750000113e+00 +2.750000113e+00
11026 0 +1.281071249e-09 +2.750000001e+00 +2.750000001e+00
320510 0 +8.215650382e-13 +2.750000000e+00 +2.750000000e+00
400585 0 +4.440892099e-16 +2.750000000e+00 +2.750000000e+00
% f evaluations | g evaluations | best noise-free fitness - Fopt (-4.681000000000e+01) + sum g_i+ | measured fitness | best measured fitness or single-digit g-values | x1 | x2...
1 0 +2.373596734e+04 +2.368915734e+04 +2.368915734e+04
2 0 +1.664671118e+04 +1.659990118e+04 +1.659990118e+04
5 0 +7.663581448e+03 +7.616771448e+03 +7.616771448e+03
22 0 +5.099615111e+03 +5.052805111e+03 +5.052805111e+03
133 0 +3.674752045e+03 +3.627942045e+03 +3.627942045e+03
171 0 +2.659863182e+03 +2.613053182e+03 +2.613053182e+03
213 0 +2.364633429e+03 +2.317823429e+03 +2.317823429e+03
239 0 +1.904024284e+03 +1.857214284e+03 +1.857214284e+03
246 0 +1.408726194e+03 +1.361916194e+03 +1.361916194e+03
318 0 +1.137768446e+03 +1.090958446e+03 +1.090958446e+03
321 0 +1.077184709e+03 +1.030374709e+03 +1.030374709e+03
401 0 +8.364005976e+02 +7.895905976e+02 +7.895905976e+02
436 0 +7.587307443e+02 +7.119207443e+02 +7.119207443e+02
442 0 +6.019696533e+02 +5.551596533e+02 +5.551596533e+02
458 0 +5.013819877e+02 +4.545719877e+02 +4.545719877e+02
460 0 +4.755759119e+02 +4.287659119e+02 +4.287659119e+02
473 0 +4.200613244e+02 +3.732513244e+02 +3.732513244e+02
480 0 +3.325299428e+02 +2.857199428e+02 +2.857199428e+02
511 0 +3.103577755e+02 +2.635477755e+02 +2.635477755e+02
615 0 +2.569658010e+02 +2.101558010e+02 +2.101558010e+02
624 0 +2.352663429e+02 +1.884563429e+02 +1.884563429e+02
655 0 +1.705507700e+02 +1.237407700e+02 +1.237407700e+02
801 0 +1.304294142e+02 +8.361941421e+01 +8.361941421e+01
826 0 +1.147560686e+02 +6.794606860e+01 +6.794606860e+01
844 0 +1.116275046e+02 +6.481750461e+01 +6.481750461e+01
895 0 +9.165974030e+01 +4.484974030e+01 +4.484974030e+01
986 0 +8.550608567e+01 +3.869608567e+01 +3.869608567e+01
1002 0 +7.822928308e+01 +3.141928308e+01 +3.141928308e+01
1036 0 +7.031885258e+01 +2.350885258e+01 +2.350885258e+01
1150 0 +6.098464241e+01 +1.417464241e+01 +1.417464241e+01
1186 0 +5.094282868e+01 +4.132828683e+00 +4.132828683e+00
1221 0 +4.945440165e+01 +2.644401646e+00 +2.644401646e+00
1479 0 +4.462874329e+01 -2.181256712e+00 -2.181256712e+00
1883 0 +3.929888079e+01 -7.511119213e+00 -7.511119213e+00
4138 0 +3.545403187e+01 -1.135596813e+01 -1.135596813e+01
5573 0 +3.150046216e+01 -1.530953784e+01 -1.530953784e+01
6270 0 +2.786882475e+01 -1.894117525e+01 -1.894117525e+01
6680 0 +2.508366371e+01 -2.172633629e+01 -2.172633629e+01
7254 0 +2.203747643e+01 -2.477252357e+01 -2.477252357e+01
7582 0 +1.990955935e+01 -2.690044065e+01 -2.690044065e+01
7951 0 +1.773892845e+01 -2.907107155e+01 -2.907107155e+01
8402 0 +1.560964716e+01 -3.120035284e+01 -3.120035284e+01
8730 0 +1.379612708e+01 -3.301387292e+01 -3.301387292e+01
8976 0 +1.254304775e+01 -3.426695225e+01 -3.426695225e+01
9181 0 +1.100758036e+01 -3.580241964e+01 -3.580241964e+01
9386 0 +9.734891963e+00 -3.707510804e+01 -3.707510804e+01
9632 0 +8.772475213e+00 -3.803752479e+01 -3.803752479e+01
9796 0 +7.798709603e+00 -3.901129040e+01 -3.901129040e+01
9919 0 +6.738273628e+00 -4.007172637e+01 -4.007172637e+01
10042 0 +6.118353233e+00 -4.069164677e+01 -4.069164677e+01
10124 0 +5.595066759e+00 -4.121493324e+01 -4.121493324e+01
10247 0 +4.917218011e+00 -4.189278199e+01 -4.189278199e+01
10370 0 +4.447360890e+00 -4.236263911e+01 -4.236263911e+01
402027 0 +3.986623854e+00 -4.282337615e+01 -4.282337615e+01
% f evaluations | g evaluations | best noise-free fitness - Fopt (6.134000000000e+01) + sum g_i+ | measured fitness | best measured fitness or single-digit g-values | x1 | x2...
1 0 +1.768346710e+04 +1.774480710e+04 +1.774480710e+04
2 0 +1.181935763e+04 +1.188069763e+04 +1.188069763e+04
40 0 +1.004303170e+04 +1.010437170e+04 +1.010437170e+04
49 0 +8.987247133e+03 +9.048587133e+03 +9.048587133e+03
58 0 +7.869624487e+03 +7.930964487e+03 +7.930964487e+03
170 0 +5.362047517e+03 +5.423387517e+03 +5.423387517e+03
186 0 +4.860012356e+03 +4.921352356e+03 +4.921352356e+03
198 0 +3.460160309e+03 +3.521500309e+03 +3.521500309e+03
308 0 +2.859353051e+03 +2.920693051e+03 +2.920693051e+03
334 0 +2.568152679e+03 +2.629492679e+03 +2.629492679e+03
362 0 +1.919627011e+03 +1.980967011e+03 +1.980967011e+03
418 0 +1.742979545e+03 +1.804319545e+03 +1.804319545e+03
473 0 +1.414989588e+03 +1.476329588e+03 +1.476329588e+03
482 0 +1.261443177e+03 +1.322783177e+03 +1.322783177e+03
509 0 +1.231020883e+03 +1.292360883e+03 +1.292360883e+03
513 0 +1.074994684e+03 +1.136334684e+03 +1.136334684e+03
556 0 +9.744394314e+02 +1.035779431e+03 +1.035779431e+03
579 0 +8.532832965e+02 +9.146232965e+02 +9.146232965e+02
634 0 +6.858869263e+02 +7.472269263e+02 +7.472269263e+02
659 0 +6.199671708e+02 +6.813071708e+02 +6.813071708e+02
691 0 +5.404836654e+02 +6.018236654e+02 +6.018236654e+02
715 0 +4.913446180e+02 +5.526846180e+02 +5.526846180e+02
767 0 +3.365427818e+02 +3.978827818e+02 +3.978827818e+02
824 0 +2.725084137e+02 +3.338484137e+02 +3.338484137e+02
925 0 +2.038884093e+02 +2.652284093e+02 +2.652284093e+02
1076 0 +1.683342277e+02 +2.296742277e+02 +2.296742277e+02
1135 0 +1.580623640e+02 +2.194023640e+02 +2.194023640e+02
1142 0 +1.388662175e+02 +2.002062175e+02 +2.002062175e+02
1264 0 +1.088046323e+02 +1.701446323e+02 +1.701446323e+02
1312 0 +8.889242831e+01 +1.502324283e+02 +1.502324283e+02
1459 0 +7.720948640e+01 +1.385494864e+02 +1.385494864e+02
1481 0 +7.068634136e+01 +1.320263414e+02 +1.320263414e+02
1540 0 +6.302183686e+01 +1.243618369e+02 +1.243618369e+02
1570 0 +5.261240808e+01 +1.139524081e+02 +1.139524081e+02
1600 0 +4.760831537e+01 +1.089483154e+02 +1.089483154e+02
1776 0 +4.441632036e+01 +1.057563204e+02 +1.057563204e+02
1883 0 +3.808363575e+01 +9.942363575e+01 +9.942363575e+01
2785 0 +3.539248188e+01 +9.673248188e+01 +9.673248188e+01
4261 0 +3.159210899e+01 +9.293210899e+01 +9.293210899e+01
5614 0 +2.811627412e+01 +8.945627412e+01 +8.945627412e+01
6147 0 +2.507549566e+01 +8.641549566e+01 +8.641549566e+01
6639 0 +2.229894187e+01 +8.363894187e+01 +8.363894187e+01
7008 0 +1.994974668e+01 +8.128974668e+01 +8.128974668e+01
7418 0 +1.771682563e+01 +7.905682563e+01 +7.905682563e+01
7746 0 +1.559036822e+01 +7.693036822e+01 +7.693036822e+01
7992 0 +1.401967699e+01 +7.535967699e+01 +7.535967699e+01
8320 0 +1.252272461e+01 +7.386272461e+01 +7.386272461e+01
8525 0 +1.101373952e+01 +7.235373952e+01 +7.235373952e+01
8648 0 +9.996337578e+00 +7.133633758e+01 +7.133633758e+01
8812 0 +8.798935017e+00 +7.013893502e+01 +7.013893502e+01
8976 0 +7.726616811e+00 +6.906661681e+01 +6.906661681e+01
9099 0 +6.775573975e+00 +6.811557398e+01 +6.811557398e+01
9181 0 +6.210467902e+00 +6.755046790e+01 +6.755046790e+01
9304 0 +5.607701095e+00 +6.694770110e+01 +6.694770110e+01
9386 0 +4.941669624e+00 +6.628166962e+01 +6.628166962e+01
9509 0 +4.381900691e+00 +6.572190069e+01 +6.572190069e+01
9550 0 +3.971733668e+00 +6.531173367e+01 +6.531173367e+01
9632 0 +3.436728885e+00 +6.477672888e+01 +6.477672888e+01
9673 0 +3.035130880e+00 +6.437513088e+01 +6.437513088e+01
9755 0 +2.810703680e+00 +6.415070368e+01 +6.415070368e+01
9796 0 +2.472115990e+00 +6.381211599e+01 +6.381211599e+01
9837 0 +2.050857681e+00 +6.339085768e+01 +6.339085768e+01
9878 0 +1.980633633e+00 +6.332063363e+01 +6.332063363e+01
9960 0 +1.608612923e+00 +6.294861292e+01 +6.294861292e+01
10001 0 +1.274916313e+00 +6.261491631e+01 +6.261491631e+01
10042 0 +1.118649976e+00 +6.245864998e+01 +6.245864998e+01
10083 0 +9.325752084e-01 +6.227257521e+01 +6.227257521e+01
10124 0 +7.818751011e-01 +6.212187510e+01 +6.212187510e+01
10165 0 +6.488684951e-01 +6.198886850e+01 +6.198886850e+01
10206 0 +4.951567476e-01 +6.183515675e+01 +6.183515675e+01
10288 0 +4.417070570e-01 +6.178170706e+01 +6.178170706e+01
10329 0 +3.527150590e-01 +6.169271506e+01 +6.169271506e+01
10370 0 +2.291018581e-01 +6.156910186e+01 +6.156910186e+01
10452 0 +1.824130630e-01 +6.152241306e+01 +6.152241306e+01
10493 0 +1.192893729e-01 +6.145928937e+01 +6.145928937e+01
10575 0 +8.547470591e-02 +6.142547471e+01 +6.142547471e+01
10616 0 +4.496722712e-02 +6.138496723e+01 +6.138496723e+01
10657 0 +2.299573864e-02 +6.136299574e+01 +6.136299574e+01
10698 0 +1.442245880e-02 +6.135442246e+01 +6.135442246e+01
10739 0 +4.096878503e-03 +6.134409688e+01 +6.134409688e+01
10780 0 +1.740526629e-03 +6.134174053e+01 +6.134174053e+01
10821 0 +7.902502045e-04 +6.134079025e+01 +6.134079025e+01
10862 0 +3.041155691e-04 +6.134030412e+01 +6.134030412e+01
10903 0 +3.716035040e-05 +6.134003716e+01 +6.134003716e+01
10944 0 +8.262426803e-06 +6.134000826e+01 +6.134000826e+01
10985 0 +3.234797035e-07 +6.134000032e+01 +6.134000032e+01
11026 0 +6.555517729e-08 +6.134000007e+01 +6.134000007e+01
11067 0 +3.781508440e-09 +6.134000000e+01 +6.134000000e+01
317040 0 +9.166001291e-13 +6.134000000e+01 +6.134000000e+01
402013 0 +7.105427358e-15 +6.134000000e+01 +6.134000000e+01
