% f evaluations | g evaluations | best noise-free fitness - Fopt (4.078000000000e+01) + sum g_i+ | measured fitness | best measured fitness or single-digit g-values | x1 | x2...
1 0 +8.153683676e+01 +1.223168368e+02 +1.223168368e+02
2 0 +8.078003407e+01 +1.215600341e+02 +1.215600341e+02
24 0 +7.875816292e+01 +1.195381629e+02 +1.195381629e+02
140 0 +6.893851471e+01 +1.097185147e+02 +1.097185147e+02
233 0 +5.795778124e+01 +9.873778124e+01 +9.873778124e+01
301 0 +5.151511435e+01 +9.229511435e+01 +9.229511435e+01
342 0 +3.867425622e+01 +7.945425622e+01 +7.945425622e+01
383 0 +1.985302897e+01 +6.063302897e+01 +6.063302897e+01
424 0 +1.291408297e+01 +5.369408297e+01 +5.369408297e+01
465 0 +7.690404086e+00 +4.847040409e+01 +4.847040409e+01
547 0 +6.202342480e+00 +4.698234248e+01 +4.698234248e+01
629 0 +5.468549160e+00 +4.624854916e+01 +4.624854916e+01
670 0 +4.991774595e+00 +4.577177460e+01 +4.577177460e+01
711 0 +4.289290402e+00 +4.506929040e+01 +4.506929040e+01
752 0 +3.957089097e+00 +4.473708910e+01 +4.473708910e+01
400012 0 +3.637835368e+00 +4.441783537e+01 +4.441783537e+01
% f evaluations | g evaluations | best noise-free fitness - Fopt (-1.600000000000e+00) + sum g_i+ | measured fitness | best measured fitness or single-digit g-values | x1 | x2...
1 0 +8.396559290e+01 +8.236559290e+01 +8.236559290e+01
2 0 +8.392027489e+01 +8.232027489e+01 +8.232027489e+01
45 0 +7.883948495e+01 +7.723948495e+01 +7.723948495e+01
99 0 +7.021953828e+01 +6.861953828e+01 +6.861953828e+01
181 0 +6.012135280e+01 +5.852135280e+01 +5.852135280e+01
243 0 +5.152032733e+01 +4.992032733e+01 +4.992032733e+01
246 0 +4.958938622e+01 +4.798938622e+01 +4.798938622e+01
301 0 +3.403467316e+01 +3.243467316e+01 +3.243467316e+01
342 0 +2.623137936e+01 +2.463137936e+01 +2.463137936e+01
383 0 +1.676301841e+01 +1.516301841e+01 +1.516301841e+01
424 0 +1.070856898e+01 +9.108568980e+00 +9.108568980e+00
400002 0 +1.042870149e+01 +8.828701491e+00 +8.828701491e+00
% f evaluations | g evaluations | best noise-free fitness - Fopt (-3.708400000000e+02) + sum g_i+ | measured fitness | best measured fitness or single-digit g-values | x1 | x2...
1 0 +8.399642909e+01 -2.868435709e+02 -2.868435709e+02
2 0 +8.347977012e+01 -2.873602299e+02 -2.873602299e+02
33 0 +7.923941015e+01 -2.916005898e+02 -2.916005898e+02
85 0 +7.026867908e+01 -3.005713209e+02 -3.005713209e+02
131 0 +6.282871007e+01 -3.080112899e+02 -3.080112899e+02
193 0 +4.995010975e+01 -3.208898903e+02 -3.208898903e+02
240 0 +3.875883868e+01 -3.320811613e+02 -3.320811613e+02
242 0 +3.445492323e+01 -3.363850768e+02 -3.363850768e+02
280 0 +2.865461021e+01 -3.421853898e+02 -3.421853898e+02
301 0 +1.687321667e+01 -3.539667833e+02 -3.539667833e+02
342 0 +1.020516322e+01 -3.606348368e+02 -3.606348368e+02
383 0 +4.659119308e+00 -3.661808807e+02 -3.661808807e+02
424 0 +2.025926631e+00 -3.688140734e+02 -3.688140734e+02
970 0 +1.990155303e+00 -3.688498447e+02 -3.688498447e+02
400014 0 +1.803019378e+00 -3.690369806e+02 -3.690369806e+02
% f evaluations | g evaluations | best noise-free fitness - Fopt (-3.256000000000e+01) + sum g_i+ | measured fitness | best measured fitness or single-digit g-values | x1 | x2...
1 0 +8.225441896e+01 +4.969441896e+01 +4.969441896e+01
2 0 +7.822869325e+01 +4.566869325e+01 +4.566869325e+01
95 0 +6.785684999e+01 +3.529684999e+01 +3.529684999e+01
129 0 +6.011415356e+01 +2.755415356e+01 +2.755415356e+01
155 0 +5.332302027e+01 +2.076302027e+01 +2.076302027e+01
184 0 +4.307982086e+01 +1.051982086e+01 +1.051982086e+01
232 0 +2.690912898e+01 -5.650871023e+00 -5.650871023e+00
301 0 +2.107656703e+01 -1.148343297e+01 -1.148343297e+01
342 0 +1.506029460e+01 -1.749970540e+01 -1.749970540e+01
383 0 +7.643574853e+00 -2.491642515e+01 -2.491642515e+01
465 0 +6.326227524e+00 -2.623377248e+01 -2.623377248e+01
506 0 +5.121346686e+00 -2.743865331e+01 -2.743865331e+01
547 0 +4.177201203e+00 -2.838279880e+01 -2.838279880e+01
588 0 +3.950780034e+00 -2.860921997e+01 -2.860921997e+01
400005 0 +3.637835368e+00 -2.892216463e+01 -2.892216463e+01
% f evaluations | g evaluations | best noise-free fitness - Fopt (5.154000000000e+02) + sum g_i+ | measured fitness | best measured fitness or single-digit g-values | x1 | x2...
1 0 +8.275536797e+01 +5.981553680e+02 +5.981553680e+02
3 0 +8.098553381e+01 +5.963855338e+02 +5.963855338e+02
16 0 +7.513936921e+01 +5.905393692e+02 +5.905393692e+02
91 0 +6.852091976e+01 +5.839209198e+02 +5.839209198e+02
152 0 +6.205642358e+01 +5.774564236e+02 +5.774564236e+02
193 0 +5.213528635e+01 +5.675352863e+02 +5.675352863e+02
226 0 +4.974787035e+01 +5.651478703e+02 +5.651478703e+02
237 0 +3.541332004e+01 +5.508133200e+02 +5.508133200e+02
267 0 +2.789034644e+01 +5.432903464e+02 +5.432903464e+02
301 0 +1.729731244e+01 +5.326973124e+02 +5.326973124e+02
342 0 +1.047924811e+01 +5.258792481e+02 +5.258792481e+02
383 0 +3.273231016e+00 +5.186732310e+02 +5.186732310e+02
424 0 +1.880821932e+00 +5.172808219e+02 +5.172808219e+02
506 0 +1.632082424e+00 +5.170320824e+02 +5.170320824e+02
588 0 +1.404577554e+00 +5.168045776e+02 +5.168045776e+02
752 0 +1.254491768e+00 +5.166544918e+02 +5.166544918e+02
400003 0 +1.245255535e+00 +5.166452555e+02 +5.166452555e+02
% f evaluations | g evaluations | best noise-free fitness - Fopt (-8.628000000000e+01) + sum g_i+ | measured fitness | best measured fitness or single-digit g-values | x1 | x2...
1 0 +7.953025568e+01 -6.749744323e+00 -6.749744323e+00
11 0 +7.870528082e+01 -7.574719184e+00 -7.574719184e+00
67 0 +6.992452505e+01 -1.635547495e+01 -1.635547495e+01
139 0 +5.861115438e+01 -2.766884562e+01 -2.766884562e+01
171 0 +4.977642843e+01 -3.650357157e+01 -3.650357157e+01
222 0 +4.208783966e+01 -4.419216034e+01 -4.419216034e+01
283 0 +3.350734121e+01 -5.277265879e+01 -5.277265879e+01
290 0 +2.484867047e+01 -6.143132953e+01 -6.143132953e+01
301 0 +2.039306153e+01 -6.588693847e+01 -6.588693847e+01
342 0 +1.382533214e+01 -7.245466786e+01 -7.245466786e+01
383 0 +3.021050873e+00 -8.325894913e+01 -8.325894913e+01
424 0 +2.797536782e+00 -8.348246322e+01 -8.348246322e+01
400071 0 +2.777988407e+00 -8.350201159e+01 -8.350201159e+01
% f evaluations | g evaluations | best noise-free fitness - Fopt (2.224000000000e+01) + sum g_i+ | measured fitness | best measured fitness or single-digit g-values | x1 | x2...
1 0 +8.094700240e+01 +1.031870024e+02 +1.031870024e+02
4 0 +7.638572514e+01 +9.862572514e+01 +9.862572514e+01
33 0 +7.062087554e+01 +9.286087554e+01 +9.286087554e+01
91 0 +6.274218907e+01 +8.498218907e+01 +8.498218907e+01
134 0 +5.425763107e+01 +7.649763107e+01 +7.649763107e+01
136 0 +4.943922616e+01 +7.167922616e+01 +7.167922616e+01
168 0 +4.434884375e+01 +6.658884375e+01 +6.658884375e+01
172 0 +3.854937753e+01 +6.078937753e+01 +6.078937753e+01
181 0 +2.912070607e+01 +5.136070607e+01 +5.136070607e+01
201 0 +2.752469185e+01 +4.976469185e+01 +4.976469185e+01
208 0 +2.443102883e+01 +4.667102883e+01 +4.667102883e+01
239 0 +1.929336845e+01 +4.153336845e+01 +4.153336845e+01
301 0 +1.338899362e+01 +3.562899362e+01 +3.562899362e+01
342 0 +9.376026858e+00 +3.161602686e+01 +3.161602686e+01
383 0 +7.534438290e+00 +2.977443829e+01 +2.977443829e+01
424 0 +6.032934953e+00 +2.827293495e+01 +2.827293495e+01
506 0 +4.736885109e+00 +2.697688511e+01 +2.697688511e+01
400010 0 +4.713722127e+00 +2.695372213e+01 +2.695372213e+01
% f evaluations | g evaluations | best noise-free fitness - Fopt (-2.301000000000e+01) + sum g_i+ | measured fitness | best measured fitness or single-digit g-values | x1 | x2...
1 0 +8.169151663e+01 +5.868151663e+01 +5.868151663e+01
26 0 +7.928231845e+01 +5.627231845e+01 +5.627231845e+01
91 0 +7.052992301e+01 +4.751992301e+01 +4.751992301e+01
123 0 +6.093747429e+01 +3.792747429e+01 +3.792747429e+01
143 0 +5.415531756e+01 +3.114531756e+01 +3.114531756e+01
193 0 +4.618749120e+01 +2.317749120e+01 +2.317749120e+01
206 0 +3.745175507e+01 +1.444175507e+01 +1.444175507e+01
239 0 +3.219771247e+01 +9.187712472e+00 +9.187712472e+00
240 0 +2.763085503e+01 +4.620855029e+00 +4.620855029e+00
301 0 +1.632432960e+01 -6.685670405e+00 -6.685670405e+00
342 0 +8.599621096e+00 -1.441037890e+01 -1.441037890e+01
383 0 +6.580276513e+00 -1.642972349e+01 -1.642972349e+01
424 0 +1.354262337e+00 -2.165573766e+01 -2.165573766e+01
465 0 +5.047428716e-01 -2.250525713e+01 -2.250525713e+01
506 0 +4.995914469e-01 -2.251040855e+01 -2.251040855e+01
588 0 +3.354984930e-01 -2.267450151e+01 -2.267450151e+01
629 0 +1.460742116e-01 -2.286392579e+01 -2.286392579e+01
670 0 +1.259569432e-01 -2.288404306e+01 -2.288404306e+01
711 0 +1.074295146e-01 -2.290257049e+01 -2.290257049e+01
752 0 +8.389423133e-02 -2.292610577e+01 -2.292610577e+01
793 0 +4.468740624e-02 -2.296531259e+01 -2.296531259e+01
834 0 +3.590700319e-02 -2.297409300e+01 -2.297409300e+01
875 0 +2.508068432e-02 -2.298491932e+01 -2.298491932e+01
916 0 +2.221315890e-02 -2.298778684e+01 -2.298778684e+01
957 0 +1.779323841e-02 -2.299220676e+01 -2.299220676e+01
998 0 +1.493838297e-02 -2.299506162e+01 -2.299506162e+01
1039 0 +1.373538030e-02 -2.299626462e+01 -2.299626462e+01
1080 0 +6.789778895e-03 -2.300321022e+01 -2.300321022e+01
1162 0 +5.192382212e-03 -2.300480762e+01 -2.300480762e+01
1203 0 +4.649461857e-03 -2.300535054e+01 -2.300535054e+01
1244 0 +4.284922074e-03 -2.300571508e+01 -2.300571508e+01
1326 0 +3.953910411e-03 -2.300604609e+01 -2.300604609e+01
1572 0 +2.748120657e-03 -2.300725188e+01 -2.300725188e+01
1859 0 +2.488062754e-03 -2.300751194e+01 -2.300751194e+01
1941 0 +1.582663250e-03 -2.300841734e+01 -2.300841734e+01
1982 0 +9.455690210e-04 -2.300905443e+01 -2.300905443e+01
2105 0 +8.906488879e-04 -2.300910935e+01 -2.300910935e+01
2433 0 +7.348161453e-04 -2.300926518e+01 -2.300926518e+01
2474 0 +6.344097582e-04 -2.300936559e+01 -2.300936559e+01
2515 0 +4.753147895e-04 -2.300952469e+01 -2.300952469e+01
2556 0 +2.861579605e-04 -2.300971384e+01 -2.300971384e+01
2597 0 +2.524892055e-04 -2.300974751e+01 -2.300974751e+01
2638 0 +2.099867178e-04 -2.300979001e+01 -2.300979001e+01
2679 0 +1.483927305e-04 -2.300985161e+01 -2.300985161e+01
2720 0 +1.384633429e-04 -2.300986154e+01 -2.300986154e+01
2802 0 +1.224485781e-04 -2.300987755e+01 -2.300987755e+01
2843 0 +1.086286793e-04 -2.300989137e+01 -2.300989137e+01
3048 0 +9.872065953e-05 -2.300990128e+01 -2.300990128e+01
3171 0 +8.892645307e-05 -2.300991107e+01 -2.300991107e+01
3253 0 +6.381624149e-05 -2.300993618e+01 -2.300993618e+01
3294 0 +4.196682810e-05 -2.300995803e+01 -2.300995803e+01
3335 0 +3.289740729e-05 -2.300996710e+01 -2.300996710e+01
3376 0 +2.917298669e-05 -2.300997083e+01 -2.300997083e+01
3417 0 +2.754660968e-05 -2.300997245e+01 -2.300997245e+01
3663 0 +2.465079372e-05 -2.300997535e+01 -2.300997535e+01
3991 0 +2.229625558e-05 -2.300997770e+01 -2.300997770e+01
4114 0 +1.971321685e-05 -2.300998029e+01 -2.300998029e+01
4155 0 +1.750147383e-05 -2.300998250e+01 -2.300998250e+01
4196 0 +1.446673204e-05 -2.300998553e+01 -2.300998553e+01
4237 0 +1.160587743e-05 -2.300998839e+01 -2.300998839e+01
4278 0 +8.940798899e-06 -2.300999106e+01 -2.300999106e+01
4319 0 +7.900534570e-06 -2.300999210e+01 -2.300999210e+01
4401 0 +6.894653673e-06 -2.300999311e+01 -2.300999311e+01
4647 0 +6.264134608e-06 -2.300999374e+01 -2.300999374e+01
4893 0 +4.345347861e-06 -2.300999565e+01 -2.300999565e+01
4975 0 +3.907145771e-06 -2.300999609e+01 -2.300999609e+01
5016 0 +3.232951926e-06 -2.300999677e+01 -2.300999677e+01
5057 0 +2.892428693e-06 -2.300999711e+01 -2.300999711e+01
5221 0 +2.810804975e-06 -2.300999719e+01 -2.300999719e+01
5385 0 +2.423799639e-06 -2.300999758e+01 -2.300999758e+01
5426 0 +2.133575816e-06 -2.300999787e+01 -2.300999787e+01
5467 0 +1.854036839e-06 -2.300999815e+01 -2.300999815e+01
5508 0 +1.720719375e-06 -2.300999828e+01 -2.300999828e+01
5590 0 +1.519105009e-06 -2.300999848e+01 -2.300999848e+01
5631 0 +1.070291564e-06 -2.300999893e+01 -2.300999893e+01
5672 0 +8.474511475e-07 -2.300999915e+01 -2.300999915e+01
5713 0 +6.241859829e-07 -2.300999938e+01 -2.300999938e+01
5754 0 +5.379944739e-07 -2.300999946e+01 -2.300999946e+01
5877 0 +4.986993076e-07 -2.300999950e+01 -2.300999950e+01
6451 0 +4.411266303e-07 -2.300999956e+01 -2.300999956e+01
6574 0 +3.712583201e-07 -2.300999963e+01 -2.300999963e+01
6615 0 +3.498518950e-07 -2.300999965e+01 -2.300999965e+01
6656 0 +3.111227791e-07 -2.300999969e+01 -2.300999969e+01
6697 0 +2.525802820e-07 -2.300999975e+01 -2.300999975e+01
6738 0 +2.189461838e-07 -2.300999978e+01 -2.300999978e+01
6820 0 +1.852010811e-07 -2.300999981e+01 -2.300999981e+01
6861 0 +1.693463076e-07 -2.300999983e+01 -2.300999983e+01
6902 0 +1.466540205e-07 -2.300999985e+01 -2.300999985e+01
6943 0 +1.167417878e-07 -2.300999988e+01 -2.300999988e+01
6984 0 +9.751915542e-08 -2.300999990e+01 -2.300999990e+01
7025 0 +8.123238260e-08 -2.300999992e+01 -2.300999992e+01
7066 0 +7.800319324e-08 -2.300999992e+01 -2.300999992e+01
7230 0 +6.933634467e-08 -2.300999993e+01 -2.300999993e+01
8378 0 +6.267393715e-08 -2.300999994e+01 -2.300999994e+01
8542 0 +5.487663302e-08 -2.300999995e+01 -2.300999995e+01
8665 0 +4.976143586e-08 -2.300999995e+01 -2.300999995e+01
8993 0 +4.402680887e-08 -2.300999996e+01 -2.300999996e+01
9116 0 +3.879814159e-08 -2.300999996e+01 -2.300999996e+01
9198 0 +3.495063083e-08 -2.300999997e+01 -2.300999997e+01
9403 0 +3.147012961e-08 -2.300999997e+01 -2.300999997e+01
9690 0 +2.788867093e-08 -2.300999997e+01 -2.300999997e+01
10182 0 +2.508630104e-08 -2.300999997e+01 -2.300999997e+01
11617 0 +2.227446316e-08 -2.300999998e+01 -2.300999998e+01
12027 0 +1.989400644e-08 -2.300999998e+01 -2.300999998e+01
12519 0 +1.750304079e-08 -2.300999998e+01 -2.300999998e+01
12806 0 +1.544514916e-08 -2.300999998e+01 -2.300999998e+01
12888 0 +1.403246586e-08 -2.300999999e+01 -2.300999999e+01
49801 0 +1.257955162e-08 -2.300999999e+01 -2.300999999e+01
103959 0 +1.070964473e-08 -2.300999999e+01 -2.300999999e+01
103969 0 +9.166789994e-09 -2.300999999e+01 -2.300999999e+01
106397 0 +8.597567103e-13 -2.301000000e+01 -2.301000000e+01
107504 0 +0.000000000e+00 -2.301000000e+01 -2.301000000e+01
400000 0 +0.000000000e+00 -2.301000000e+01 -2.301000000e+01
% f evaluations | g evaluations | best noise-free fitness - Fopt (-3.323700000000e+02) + sum g_i+ | measured fitness | best measured fitness or single-digit g-values | x1 | x2...
1 0 +8.228949872e+01 -2.500805013e+02 -2.500805013e+02
2 0 +8.058196019e+01 -2.517880398e+02 -2.517880398e+02
34 0 +7.560731016e+01 -2.567626898e+02 -2.567626898e+02
109 0 +6.898988256e+01 -2.633801174e+02 -2.633801174e+02
193 0 +6.267873066e+01 -2.696912693e+02 -2.696912693e+02
217 0 +5.475900803e+01 -2.776109920e+02 -2.776109920e+02
250 0 +4.761770983e+01 -2.847522902e+02 -2.847522902e+02
299 0 +4.385586713e+01 -2.885141329e+02 -2.885141329e+02
301 0 +3.496044886e+01 -2.974095511e+02 -2.974095511e+02
342 0 +2.750652552e+01 -3.048634745e+02 -3.048634745e+02
383 0 +1.899744807e+01 -3.133725519e+02 -3.133725519e+02
424 0 +1.509261070e+01 -3.172773893e+02 -3.172773893e+02
400003 0 +1.496249423e+01 -3.174075058e+02 -3.174075058e+02
% f evaluations | g evaluations | best noise-free fitness - Fopt (-1.231300000000e+02) + sum g_i+ | measured fitness | best measured fitness or single-digit g-values | x1 | x2...
1 0 +7.900303121e+01 -4.412696879e+01 -4.412696879e+01
5 0 +7.892617820e+01 -4.420382180e+01 -4.420382180e+01
121 0 +7.049576164e+01 -5.263423836e+01 -5.263423836e+01
179 0 +5.730351774e+01 -6.582648226e+01 -6.582648226e+01
203 0 +5.529527499e+01 -6.783472501e+01 -6.783472501e+01
274 0 +4.478081226e+01 -7.834918774e+01 -7.834918774e+01
301 0 +2.964435271e+01 -9.348564729e+01 -9.348564729e+01
342 0 +2.370129715e+01 -9.942870285e+01 -9.942870285e+01
383 0 +1.646808071e+01 -1.066619193e+02 -1.066619193e+02
424 0 +1.331314021e+01 -1.098168598e+02 -1.098168598e+02
465 0 +1.214129436e+01 -1.109887056e+02 -1.109887056e+02
400014 0 +1.156432311e+01 -1.115656769e+02 -1.115656769e+02
% f evaluations | g evaluations | best noise-free fitness - Fopt (-1.537900000000e+02) + sum g_i+ | measured fitness | best measured fitness or single-digit g-values | x1 | x2...
1 0 +8.399186300e+01 -6.979813700e+01 -6.979813700e+01
2 0 +8.163396991e+01 -7.215603009e+01 -7.215603009e+01
33 0 +7.929285217e+01 -7.449714783e+01 -7.449714783e+01
114 0 +6.879256066e+01 -8.499743934e+01 -8.499743934e+01
161 0 +6.285611312e+01 -9.093388688e+01 -9.093388688e+01
204 0 +5.228292531e+01 -1.015070747e+02 -1.015070747e+02
214 0 +4.906857703e+01 -1.047214230e+02 -1.047214230e+02
243 0 +4.008377693e+01 -1.137062231e+02 -1.137062231e+02
247 0 +3.886740553e+01 -1.149225945e+02 -1.149225945e+02
279 0 +3.356341710e+01 -1.202265829e+02 -1.202265829e+02
301 0 +2.186156910e+01 -1.319284309e+02 -1.319284309e+02
342 0 +1.386811577e+01 -1.399218842e+02 -1.399218842e+02
383 0 +6.896125485e+00 -1.468938745e+02 -1.468938745e+02
724 0 +6.152828003e+00 -1.476371720e+02 -1.476371720e+02
765 0 +3.298896459e+00 -1.504911035e+02 -1.504911035e+02
806 0 +1.881604229e+00 -1.519083958e+02 -1.519083958e+02
888 0 +1.472574532e+00 -1.523174255e+02 -1.523174255e+02
970 0 +1.229272563e+00 -1.525607274e+02 -1.525607274e+02
1052 0 +1.113240022e+00 -1.526767600e+02 -1.526767600e+02
1093 0 +9.820578034e-01 -1.528079422e+02 -1.528079422e+02
1134 0 +8.116057888e-01 -1.529783942e+02 -1.529783942e+02
1175 0 +7.697176320e-01 -1.530202824e+02 -1.530202824e+02
1339 0 +7.029186686e-01 -1.530870813e+02 -1.530870813e+02
400000 0 +6.918569112e-01 -1.530981431e+02 -1.530981431e+02
% f evaluations | g evaluations | best noise-free fitness - Fopt (-4.860000000000e+01) + sum g_i+ | measured fitness | best measured fitness or single-digit g-values | x1 | x2...
1 0 +8.188725572e+01 +3.328725572e+01 +3.328725572e+01
4 0 +7.955321061e+01 +3.095321061e+01 +3.095321061e+01
27 0 +7.781756034e+01 +2.921756034e+01 +2.921756034e+01
115 0 +7.007152046e+01 +2.147152046e+01 +2.147152046e+01
227 0 +6.290267311e+01 +1.430267311e+01 +1.430267311e+01
301 0 +5.571991611e+01 +7.119916114e+00 +7.119916114e+00
383 0 +4.083377050e+01 -7.766229497e+00 -7.766229497e+00
465 0 +3.928694121e+01 -9.313058789e+00 -9.313058789e+00
400036 0 +3.916386064e+01 -9.436139358e+00 -9.436139358e+00
% f evaluations | g evaluations | best noise-free fitness - Fopt (2.770000000000e+01) + sum g_i+ | measured fitness | best measured fitness or single-digit g-values | x1 | x2...
1 0 +8.385561024e+01 +1.115556102e+02 +1.115556102e+02
3 0 +8.218147472e+01 +1.098814747e+02 +1.098814747e+02
22 0 +7.928361238e+01 +1.069836124e+02 +1.069836124e+02
109 0 +7.077596801e+01 +9.847596801e+01 +9.847596801e+01
155 0 +6.167593988e+01 +8.937593988e+01 +8.937593988e+01
193 0 +4.830424806e+01 +7.600424806e+01 +7.600424806e+01
219 0 +2.993216414e+01 +5.763216414e+01 +5.763216414e+01
301 0 +1.982271888e+01 +4.752271888e+01 +4.752271888e+01
342 0 +1.206518121e+01 +3.976518121e+01 +3.976518121e+01
383 0 +4.421444588e+00 +3.212144459e+01 +3.212144459e+01
424 0 +1.984486828e+00 +2.968448683e+01 +2.968448683e+01
888 0 +1.732060590e+00 +2.943206059e+01 +2.943206059e+01
929 0 +5.296303436e-01 +2.822963034e+01 +2.822963034e+01
970 0 +4.905439501e-01 +2.819054395e+01 +2.819054395e+01
1011 0 +4.360819330e-01 +2.813608193e+01 +2.813608193e+01
1257 0 +3.918026180e-01 +2.809180262e+01 +2.809180262e+01
1339 0 +3.060767061e-01 +2.800607671e+01 +2.800607671e+01
1380 0 +1.471099871e-01 +2.784710999e+01 +2.784710999e+01
1421 0 +1.266254346e-01 +2.782662543e+01 +2.782662543e+01
1462 0 +9.890363054e-02 +2.779890363e+01 +2.779890363e+01
1503 0 +4.881406296e-02 +2.774881406e+01 +2.774881406e+01
1585 0 +4.249108513e-02 +2.774249109e+01 +2.774249109e+01
1626 0 +3.539786297e-02 +2.773539786e+01 +2.773539786e+01
1667 0 +2.410209215e-02 +2.772410209e+01 +2.772410209e+01
1708 0 +1.676070189e-02 +2.771676070e+01 +2.771676070e+01
1749 0 +1.572429293e-02 +2.771572429e+01 +2.771572429e+01
1831 0 +1.385884922e-02 +2.771385885e+01 +2.771385885e+01
1913 0 +1.258709122e-02 +2.771258709e+01 +2.771258709e+01
1954 0 +1.055658296e-02 +2.771055658e+01 +2.771055658e+01
1995 0 +8.095707680e-03 +2.770809571e+01 +2.770809571e+01
2036 0 +5.126208904e-03 +2.770512621e+01 +2.770512621e+01
2077 0 +3.923914700e-03 +2.770392391e+01 +2.770392391e+01
2282 0 +3.181588772e-03 +2.770318159e+01 +2.770318159e+01
2364 0 +3.158770652e-03 +2.770315877e+01 +2.770315877e+01
2528 0 +2.796254459e-03 +2.770279625e+01 +2.770279625e+01
2569 0 +1.902745094e-03 +2.770190275e+01 +2.770190275e+01
2651 0 +1.578973026e-03 +2.770157897e+01 +2.770157897e+01
2692 0 +1.285536107e-03 +2.770128554e+01 +2.770128554e+01
2733 0 +1.146674483e-03 +2.770114667e+01 +2.770114667e+01
2774 0 +1.063282596e-03 +2.770106328e+01 +2.770106328e+01
2856 0 +9.600112832e-04 +2.770096001e+01 +2.770096001e+01
2979 0 +8.772828676e-04 +2.770087728e+01 +2.770087728e+01
3061 0 +6.787820760e-04 +2.770067878e+01 +2.770067878e+01
3102 0 +4.073241115e-04 +2.770040732e+01 +2.770040732e+01
3184 0 +3.884383033e-04 +2.770038844e+01 +2.770038844e+01
3307 0 +3.439893670e-04 +2.770034399e+01 +2.770034399e+01
3389 0 +3.028598359e-04 +2.770030286e+01 +2.770030286e+01
3430 0 +2.813970853e-04 +2.770028140e+01 +2.770028140e+01
3512 0 +2.173632106e-04 +2.770021736e+01 +2.770021736e+01
3553 0 +1.466751020e-04 +2.770014668e+01 +2.770014668e+01
3594 0 +9.022043416e-05 +2.770009022e+01 +2.770009022e+01
3635 0 +8.280390329e-05 +2.770008280e+01 +2.770008280e+01
3676 0 +7.093455957e-05 +2.770007093e+01 +2.770007093e+01
3717 0 +6.690058513e-05 +2.770006690e+01 +2.770006690e+01
3922 0 +6.191866136e-05 +2.770006192e+01 +2.770006192e+01
4004 0 +4.815556543e-05 +2.770004816e+01 +2.770004816e+01
4045 0 +3.550819761e-05 +2.770003551e+01 +2.770003551e+01
4086 0 +2.871838183e-05 +2.770002872e+01 +2.770002872e+01
4127 0 +2.700942172e-05 +2.770002701e+01 +2.770002701e+01
4209 0 +2.236933283e-05 +2.770002237e+01 +2.770002237e+01
4373 0 +1.957929669e-05 +2.770001958e+01 +2.770001958e+01
4537 0 +1.621513858e-05 +2.770001622e+01 +2.770001622e+01
4578 0 +1.239847555e-05 +2.770001240e+01 +2.770001240e+01
4619 0 +7.778221008e-06 +2.770000778e+01 +2.770000778e+01
4660 0 +7.070054810e-06 +2.770000707e+01 +2.770000707e+01
4865 0 +5.906599160e-06 +2.770000591e+01 +2.770000591e+01
4988 0 +5.054804053e-06 +2.770000505e+01 +2.770000505e+01
5029 0 +4.708720471e-06 +2.770000471e+01 +2.770000471e+01
5070 0 +4.354142071e-06 +2.770000435e+01 +2.770000435e+01
5152 0 +3.704592746e-06 +2.770000370e+01 +2.770000370e+01
5193 0 +3.420748488e-06 +2.770000342e+01 +2.770000342e+01
5439 0 +3.130959442e-06 +2.770000313e+01 +2.770000313e+01
5562 0 +2.774098384e-06 +2.770000277e+01 +2.770000277e+01
5603 0 +2.471730792e-06 +2.770000247e+01 +2.770000247e+01
5644 0 +2.034978664e-06 +2.770000203e+01 +2.770000203e+01
5685 0 +1.810510227e-06 +2.770000181e+01 +2.770000181e+01
5726 0 +1.701586491e-06 +2.770000170e+01 +2.770000170e+01
5808 0 +1.528187330e-06 +2.770000153e+01 +2.770000153e+01
5931 0 +1.389887537e-06 +2.770000139e+01 +2.770000139e+01
6013 0 +1.184620153e-06 +2.770000118e+01 +2.770000118e+01
6054 0 +1.076478846e-06 +2.770000108e+01 +2.770000108e+01
6136 0 +8.889689198e-07 +2.770000089e+01 +2.770000089e+01
6177 0 +7.020101229e-07 +2.770000070e+01 +2.770000070e+01
6218 0 +5.957999285e-07 +2.770000060e+01 +2.770000060e+01
6300 0 +5.534273235e-07 +2.770000055e+01 +2.770000055e+01
6505 0 +4.892542655e-07 +2.770000049e+01 +2.770000049e+01
7366 0 +4.385664383e-07 +2.770000044e+01 +2.770000044e+01
7448 0 +3.930826225e-07 +2.770000039e+01 +2.770000039e+01
7530 0 +3.523337639e-07 +2.770000035e+01 +2.770000035e+01
7571 0 +3.101680797e-07 +2.770000031e+01 +2.770000031e+01
7612 0 +2.503841188e-07 +2.770000025e+01 +2.770000025e+01
7653 0 +2.092011187e-07 +2.770000021e+01 +2.770000021e+01
7694 0 +1.819188213e-07 +2.770000018e+01 +2.770000018e+01
7735 0 +1.615609939e-07 +2.770000016e+01 +2.770000016e+01
7776 0 +1.410631718e-07 +2.770000014e+01 +2.770000014e+01
7858 0 +1.051551450e-07 +2.770000011e+01 +2.770000011e+01
7899 0 +9.090544850e-08 +2.770000009e+01 +2.770000009e+01
7940 0 +7.608728936e-08 +2.770000008e+01 +2.770000008e+01
8022 0 +6.813013798e-08 +2.770000007e+01 +2.770000007e+01
9252 0 +6.253825902e-08 +2.770000006e+01 +2.770000006e+01
9539 0 +5.452864826e-08 +2.770000005e+01 +2.770000005e+01
9662 0 +4.951317578e-08 +2.770000005e+01 +2.770000005e+01
10195 0 +4.451067781e-08 +2.770000004e+01 +2.770000004e+01
10318 0 +3.937323712e-08 +2.770000004e+01 +2.770000004e+01
10646 0 +3.345142829e-08 +2.770000003e+01 +2.770000003e+01
10728 0 +3.121337855e-08 +2.770000003e+01 +2.770000003e+01
10933 0 +2.773542107e-08 +2.770000003e+01 +2.770000003e+01
11015 0 +2.476352279e-08 +2.770000002e+01 +2.770000002e+01
11056 0 +2.215996275e-08 +2.770000002e+01 +2.770000002e+01
11097 0 +1.924023252e-08 +2.770000002e+01 +2.770000002e+01
11138 0 +1.693544860e-08 +2.770000002e+01 +2.770000002e+01
11179 0 +1.490386836e-08 +2.770000001e+01 +2.770000001e+01
11220 0 +1.379126147e-08 +2.770000001e+01 +2.770000001e+01
56335 0 +1.243093450e-08 +2.770000001e+01 +2.770000001e+01
88125 0 +1.111948578e-08 +2.770000001e+01 +2.770000001e+01
88453 0 +9.980375637e-09 +2.770000001e+01 +2.770000001e+01
111551 0 +6.146194664e-13 +2.770000000e+01 +2.770000000e+01
112577 0 +0.000000000e+00 +2.770000000e+01 +2.770000000e+01
400003 0 +0.000000000e+00 +2.770000000e+01 +2.770000000e+01
% f evaluations | g evaluations | best noise-free fitness - Fopt (2.993000000000e+01) + sum g_i+ | measured fitness | best measured fitness or single-digit g-values | x1 | x2...
1 0 +8.344348612e+01 +1.133734861e+02 +1.133734861e+02
3 0 +8.120038098e+01 +1.111303810e+02 +1.111303810e+02
6 0 +7.743424651e+01 +1.073642465e+02 +1.073642465e+02
60 0 +6.972217197e+01 +9.965217197e+01 +9.965217197e+01
99 0 +5.794117071e+01 +8.787117071e+01 +8.787117071e+01
170 0 +5.194993660e+01 +8.187993660e+01 +8.187993660e+01
198 0 +4.594498842e+01 +7.587498842e+01 +7.587498842e+01
240 0 +4.137996789e+01 +7.130996789e+01 +7.130996789e+01
243 0 +3.833032138e+01 +6.826032138e+01 +6.826032138e+01
250 0 +3.530104191e+01 +6.523104191e+01 +6.523104191e+01
279 0 +3.125356402e+01 +6.118356402e+01 +6.118356402e+01
301 0 +2.183931111e+01 +5.176931111e+01 +5.176931111e+01
342 0 +1.540091635e+01 +4.533091635e+01 +4.533091635e+01
383 0 +8.586914436e+00 +3.851691444e+01 +3.851691444e+01
424 0 +7.486410764e+00 +3.741641076e+01 +3.741641076e+01
465 0 +6.468398012e+00 +3.639839801e+01 +3.639839801e+01
506 0 +5.602543331e+00 +3.553254333e+01 +3.553254333e+01
547 0 +4.628315805e+00 +3.455831581e+01 +3.455831581e+01
588 0 +3.330107878e+00 +3.326010788e+01 +3.326010788e+01
629 0 +2.961424453e+00 +3.289142445e+01 +3.289142445e+01
670 0 +2.754693969e+00 +3.268469397e+01 +3.268469397e+01
834 0 +2.507223724e+00 +3.243722372e+01 +3.243722372e+01
400018 0 +2.472973858e+00 +3.240297386e+01 +3.240297386e+01
% f evaluations | g evaluations | best noise-free fitness - Fopt (-1.983000000000e+01) + sum g_i+ | measured fitness | best measured fitness or single-digit g-values | x1 | x2...
1 0 +8.288081494e+01 +6.305081494e+01 +6.305081494e+01
2 0 +8.093679559e+01 +6.110679559e+01 +6.110679559e+01
3 0 +7.274587896e+01 +5.291587896e+01 +5.291587896e+01
21 0 +6.716224744e+01 +4.733224744e+01 +4.733224744e+01
34 0 +5.881953630e+01 +3.898953630e+01 +3.898953630e+01
70 0 +5.583986297e+01 +3.600986297e+01 +3.600986297e+01
71 0 +4.742553764e+01 +2.759553764e+01 +2.759553764e+01
85 0 +4.290970339e+01 +2.307970339e+01 +2.307970339e+01
93 0 +3.808945607e+01 +1.825945607e+01 +1.825945607e+01
108 0 +3.471712835e+01 +1.488712835e+01 +1.488712835e+01
133 0 +2.542886769e+01 +5.598867688e+00 +5.598867688e+00
155 0 +1.742596738e+01 -2.404032618e+00 -2.404032618e+00
301 0 +8.521523051e+00 -1.130847695e+01 -1.130847695e+01
342 0 +5.077096075e+00 -1.475290392e+01 -1.475290392e+01
383 0 +3.841690724e+00 -1.598830928e+01 -1.598830928e+01
424 0 +2.013686143e+00 -1.781631386e+01 -1.781631386e+01
465 0 +1.989317024e+00 -1.784068298e+01 -1.784068298e+01
506 0 +1.756338774e+00 -1.807366123e+01 -1.807366123e+01
547 0 +6.293430370e-01 -1.920065696e+01 -1.920065696e+01
670 0 +5.149450172e-01 -1.931505498e+01 -1.931505498e+01
752 0 +4.939334563e-01 -1.933606654e+01 -1.933606654e+01
834 0 +2.331468860e-01 -1.959685311e+01 -1.959685311e+01
998 0 +2.102229664e-01 -1.961977703e+01 -1.961977703e+01
1039 0 +1.839084349e-01 -1.964609157e+01 -1.964609157e+01
1080 0 +1.467023392e-01 -1.968329766e+01 -1.968329766e+01
1121 0 +1.302824550e-01 -1.969971755e+01 -1.969971755e+01
1162 0 +1.088383201e-01 -1.972116168e+01 -1.972116168e+01
1203 0 +5.764052277e-02 -1.977235948e+01 -1.977235948e+01
1244 0 +5.342515924e-02 -1.977657484e+01 -1.977657484e+01
1285 0 +4.592142233e-02 -1.978407858e+01 -1.978407858e+01
1326 0 +3.159307864e-02 -1.979840692e+01 -1.979840692e+01
1367 0 +1.081037397e-02 -1.981918963e+01 -1.981918963e+01
1408 0 +9.239171476e-03 -1.982076083e+01 -1.982076083e+01
1449 0 +7.385184596e-03 -1.982261482e+01 -1.982261482e+01
1490 0 +6.108095658e-03 -1.982389190e+01 -1.982389190e+01
1531 0 +4.341365305e-03 -1.982565863e+01 -1.982565863e+01
1572 0 +3.851440572e-03 -1.982614856e+01 -1.982614856e+01
1736 0 +3.476828504e-03 -1.982652317e+01 -1.982652317e+01
1818 0 +3.109703993e-03 -1.982689030e+01 -1.982689030e+01
1941 0 +2.816719540e-03 -1.982718328e+01 -1.982718328e+01
1982 0 +2.181482246e-03 -1.982781852e+01 -1.982781852e+01
2023 0 +1.345852412e-03 -1.982865415e+01 -1.982865415e+01
2064 0 +1.219164418e-03 -1.982878084e+01 -1.982878084e+01
2105 0 +1.095590542e-03 -1.982890441e+01 -1.982890441e+01
2187 0 +9.964213931e-04 -1.982900358e+01 -1.982900358e+01
2392 0 +8.419942089e-04 -1.982915801e+01 -1.982915801e+01
2474 0 +7.758763553e-04 -1.982922412e+01 -1.982922412e+01
2638 0 +5.385457003e-04 -1.982946145e+01 -1.982946145e+01
2679 0 +3.330954692e-04 -1.982966690e+01 -1.982966690e+01
2720 0 +3.114241039e-04 -1.982968858e+01 -1.982968858e+01
2761 0 +2.781926518e-04 -1.982972181e+01 -1.982972181e+01
2843 0 +2.445717909e-04 -1.982975543e+01 -1.982975543e+01
3089 0 +2.111789029e-04 -1.982978882e+01 -1.982978882e+01
3130 0 +1.868331512e-04 -1.982981317e+01 -1.982981317e+01
3171 0 +1.522823676e-04 -1.982984772e+01 -1.982984772e+01
3212 0 +1.171323139e-04 -1.982988287e+01 -1.982988287e+01
3253 0 +8.605477046e-05 -1.982991395e+01 -1.982991395e+01
3294 0 +5.732210531e-05 -1.982994268e+01 -1.982994268e+01
3335 0 +3.689283394e-05 -1.982996311e+01 -1.982996311e+01
3376 0 +3.537578030e-05 -1.982996462e+01 -1.982996462e+01
3581 0 +3.144139368e-05 -1.982996856e+01 -1.982996856e+01
3950 0 +2.776207550e-05 -1.982997224e+01 -1.982997224e+01
4401 0 +2.416030329e-05 -1.982997584e+01 -1.982997584e+01
4483 0 +2.011904726e-05 -1.982997988e+01 -1.982997988e+01
4524 0 +1.618506873e-05 -1.982998381e+01 -1.982998381e+01
4565 0 +1.093476777e-05 -1.982998907e+01 -1.982998907e+01
4606 0 +8.723486662e-06 -1.982999128e+01 -1.982999128e+01
4688 0 +7.940703817e-06 -1.982999206e+01 -1.982999206e+01
4975 0 +6.885222167e-06 -1.982999311e+01 -1.982999311e+01
6246 0 +6.217749171e-06 -1.982999378e+01 -1.982999378e+01
6328 0 +5.540510937e-06 -1.982999446e+01 -1.982999446e+01
6369 0 +4.957076428e-06 -1.982999504e+01 -1.982999504e+01
6410 0 +3.952568903e-06 -1.982999605e+01 -1.982999605e+01
6451 0 +2.653381703e-06 -1.982999735e+01 -1.982999735e+01
6492 0 +2.127516151e-06 -1.982999787e+01 -1.982999787e+01
6533 0 +1.722168552e-06 -1.982999828e+01 -1.982999828e+01
6656 0 +1.407288345e-06 -1.982999859e+01 -1.982999859e+01
6820 0 +1.248071889e-06 -1.982999875e+01 -1.982999875e+01
7271 0 +1.048245185e-06 -1.982999895e+01 -1.982999895e+01
7312 0 +9.022875354e-07 -1.982999910e+01 -1.982999910e+01
7353 0 +6.974169970e-07 -1.982999930e+01 -1.982999930e+01
7394 0 +5.868412849e-07 -1.982999941e+01 -1.982999941e+01
7435 0 +5.029375707e-07 -1.982999950e+01 -1.982999950e+01
7476 0 +4.397629709e-07 -1.982999956e+01 -1.982999956e+01
7517 0 +3.822509029e-07 -1.982999962e+01 -1.982999962e+01
7640 0 +3.542626317e-07 -1.982999965e+01 -1.982999965e+01
8255 0 +3.127059003e-07 -1.982999969e+01 -1.982999969e+01
8337 0 +2.489306894e-07 -1.982999975e+01 -1.982999975e+01
8419 0 +2.080765036e-07 -1.982999979e+01 -1.982999979e+01
8460 0 +1.964485179e-07 -1.982999980e+01 -1.982999980e+01
8542 0 +1.636392852e-07 -1.982999984e+01 -1.982999984e+01
8583 0 +1.511607479e-07 -1.982999985e+01 -1.982999985e+01
8624 0 +1.367096161e-07 -1.982999986e+01 -1.982999986e+01
8665 0 +1.179286357e-07 -1.982999988e+01 -1.982999988e+01
8706 0 +9.331539275e-08 -1.982999991e+01 -1.982999991e+01
8747 0 +8.258419015e-08 -1.982999992e+01 -1.982999992e+01
8788 0 +7.353231979e-08 -1.982999993e+01 -1.982999993e+01
8829 0 +6.510159523e-08 -1.982999993e+01 -1.982999993e+01
8870 0 +6.254076013e-08 -1.982999994e+01 -1.982999994e+01
17658 0 +5.277245663e-08 -1.982999995e+01 -1.982999995e+01
17781 0 +4.969546197e-08 -1.982999995e+01 -1.982999995e+01
27635 0 +4.441488599e-08 -1.982999996e+01 -1.982999996e+01
27840 0 +3.972535367e-08 -1.982999996e+01 -1.982999996e+01
28086 0 +3.413263983e-08 -1.982999997e+01 -1.982999997e+01
28127 0 +3.161143525e-08 -1.982999997e+01 -1.982999997e+01
28209 0 +2.710469005e-08 -1.982999997e+01 -1.982999997e+01
28373 0 +2.472503624e-08 -1.982999998e+01 -1.982999998e+01
28455 0 +2.129379695e-08 -1.982999998e+01 -1.982999998e+01
28496 0 +1.806803951e-08 -1.982999998e+01 -1.982999998e+01
28537 0 +1.678952799e-08 -1.982999998e+01 -1.982999998e+01
28619 0 +1.575900654e-08 -1.982999998e+01 -1.982999998e+01
74715 0 +1.302392860e-08 -1.982999999e+01 -1.982999999e+01
74756 0 +1.237239289e-08 -1.982999999e+01 -1.982999999e+01
94629 0 +1.029913932e-08 -1.982999999e+01 -1.982999999e+01
94635 0 +9.927049405e-09 -1.982999999e+01 -1.982999999e+01
98822 0 +9.876544027e-13 -1.983000000e+01 -1.983000000e+01
100053 0 +0.000000000e+00 -1.983000000e+01 -1.983000000e+01
400003 0 +0.000000000e+00 -1.983000000e+01 -1.983000000e+01
