% f evaluations | g evaluations | best noise-free fitness - Fopt (3.590000000000e+01) + sum g_i+ | measured fitness | best measured fitness or single-digit g-values | x1 | x2...
1 0 +4.858512636e+05 +4.858871636e+05 +4.858871636e+05
2 0 +3.298909445e+05 +3.299268445e+05 +3.299268445e+05
3 0 +2.414855113e+05 +2.415214113e+05 +2.415214113e+05
10 0 +1.878576575e+05 +1.878935575e+05 +1.878935575e+05
22 0 +1.353305936e+05 +1.353664936e+05 +1.353664936e+05
26 0 +1.141257577e+05 +1.141616577e+05 +1.141616577e+05
32 0 +4.137995187e+04 +4.141585187e+04 +4.141585187e+04
45 0 +6.572303433e+03 +6.608203433e+03 +6.608203433e+03
51 0 +6.186579512e+02 +6.545579512e+02 +6.545579512e+02
53 0 +1.892625275e+02 +2.251625275e+02 +2.251625275e+02
96 0 +1.179381662e+02 +1.538381662e+02 +1.538381662e+02
107 0 +9.622340555e+01 +1.321234055e+02 +1.321234055e+02
203 0 +8.814488953e+01 +1.240448895e+02 +1.240448895e+02
221 0 +7.412152230e+01 +1.100215223e+02 +1.100215223e+02
229 0 +6.123995673e+01 +9.713995673e+01 +9.713995673e+01
238 0 +4.562549625e+01 +8.152549625e+01 +8.152549625e+01
312 0 +3.614935398e+01 +7.204935398e+01 +7.204935398e+01
334 0 +3.455759869e+01 +7.045759869e+01 +7.045759869e+01
356 0 +2.324295861e+01 +5.914295861e+01 +5.914295861e+01
466 0 +2.232702379e+01 +5.822702379e+01 +5.822702379e+01
576 0 +1.968232804e+01 +5.558232804e+01 +5.558232804e+01
587 0 +1.682436867e+01 +5.272436867e+01 +5.272436867e+01
763 0 +1.552322033e+01 +5.142322033e+01 +5.142322033e+01
807 0 +1.317367091e+01 +4.907367091e+01 +4.907367091e+01
829 0 +1.253090903e+01 +4.843090903e+01 +4.843090903e+01
851 0 +8.412831827e+00 +4.431283183e+01 +4.431283183e+01
895 0 +7.884146902e+00 +4.378414690e+01 +4.378414690e+01
1082 0 +6.691005850e+00 +4.259100585e+01 +4.259100585e+01
1093 0 +5.639770247e+00 +4.153977025e+01 +4.153977025e+01
1104 0 +1.492525161e+00 +3.739252516e+01 +3.739252516e+01
1126 0 +9.747545589e-01 +3.687475456e+01 +3.687475456e+01
1137 0 +7.488773513e-01 +3.664887735e+01 +3.664887735e+01
1159 0 +4.087431755e-01 +3.630874318e+01 +3.630874318e+01
1170 0 +1.505150903e-01 +3.605051509e+01 +3.605051509e+01
1192 0 +5.485877718e-02 +3.595485878e+01 +3.595485878e+01
1214 0 +2.564714864e-02 +3.592564715e+01 +3.592564715e+01
1247 0 +2.171755741e-02 +3.592171756e+01 +3.592171756e+01
1258 0 +1.362837656e-02 +3.591362838e+01 +3.591362838e+01
1280 0 +5.580327693e-03 +3.590558033e+01 +3.590558033e+01
1291 0 +1.240138634e-04 +3.590012401e+01 +3.590012401e+01
1313 0 +8.161718605e-05 +3.590008162e+01 +3.590008162e+01
1324 0 +3.776492893e-05 +3.590003776e+01 +3.590003776e+01
1401 0 +3.354053148e-05 +3.590003354e+01 +3.590003354e+01
1412 0 +3.092538981e-05 +3.590003093e+01 +3.590003093e+01
1885 0 +2.778050087e-05 +3.590002778e+01 +3.590002778e+01
1907 0 +2.448688470e-05 +3.590002449e+01 +3.590002449e+01
1918 0 +2.200772423e-05 +3.590002201e+01 +3.590002201e+01
1929 0 +1.903154713e-05 +3.590001903e+01 +3.590001903e+01
1962 0 +1.685483821e-05 +3.590001685e+01 +3.590001685e+01
2226 0 +1.574551101e-05 +3.590001575e+01 +3.590001575e+01
2248 0 +8.908707450e-06 +3.590000891e+01 +3.590000891e+01
2281 0 +7.751439718e-06 +3.590000775e+01 +3.590000775e+01
2611 0 +6.833448609e-06 +3.590000683e+01 +3.590000683e+01
2622 0 +5.912644980e-06 +3.590000591e+01 +3.590000591e+01
2688 0 +5.497411543e-06 +3.590000550e+01 +3.590000550e+01
2699 0 +4.772622781e-06 +3.590000477e+01 +3.590000477e+01
2710 0 +3.708874594e-06 +3.590000371e+01 +3.590000371e+01
2974 0 +3.513597548e-06 +3.590000351e+01 +3.590000351e+01
3370 0 +2.849186977e-06 +3.590000285e+01 +3.590000285e+01
3392 0 +2.260587188e-06 +3.590000226e+01 +3.590000226e+01
3414 0 +2.223456562e-06 +3.590000222e+01 +3.590000222e+01
3436 0 +1.923183611e-06 +3.590000192e+01 +3.590000192e+01
3447 0 +1.723027559e-06 +3.590000172e+01 +3.590000172e+01
3480 0 +8.891249763e-07 +3.590000089e+01 +3.590000089e+01
3491 0 +5.459061967e-07 +3.590000055e+01 +3.590000055e+01
3546 0 +4.896609269e-07 +3.590000049e+01 +3.590000049e+01
3557 0 +4.173920374e-07 +3.590000042e+01 +3.590000042e+01
3568 0 +2.419391407e-07 +3.590000024e+01 +3.590000024e+01
3601 0 +2.162309585e-07 +3.590000022e+01 +3.590000022e+01
3612 0 +1.880978218e-07 +3.590000019e+01 +3.590000019e+01
3634 0 +1.479622611e-07 +3.590000015e+01 +3.590000015e+01
3656 0 +1.411461454e-07 +3.590000014e+01 +3.590000014e+01
3808 0 +1.258874747e-07 +3.590000013e+01 +3.590000013e+01
4085 0 +1.114553925e-07 +3.590000011e+01 +3.590000011e+01
4624 0 +9.999084938e-08 +3.590000010e+01 +3.590000010e+01
4866 0 +8.580316546e-08 +3.590000009e+01 +3.590000009e+01
4954 0 +7.837396510e-08 +3.590000008e+01 +3.590000008e+01
4965 0 +6.857599999e-08 +3.590000007e+01 +3.590000007e+01
5020 0 +6.286751386e-08 +3.590000006e+01 +3.590000006e+01
5130 0 +5.594340280e-08 +3.590000006e+01 +3.590000006e+01
5185 0 +3.566083251e-08 +3.590000004e+01 +3.590000004e+01
5186 0 +3.532714743e-08 +3.590000004e+01 +3.590000004e+01
5207 0 +2.583657732e-08 +3.590000003e+01 +3.590000003e+01
5229 0 +2.085646855e-08 +3.590000002e+01 +3.590000002e+01
5240 0 +1.846547093e-08 +3.590000002e+01 +3.590000002e+01
5394 0 +1.698617069e-08 +3.590000002e+01 +3.590000002e+01
5559 0 +1.566584018e-08 +3.590000002e+01 +3.590000002e+01
5581 0 +1.182680620e-08 +3.590000001e+01 +3.590000001e+01
5592 0 +1.029754060e-08 +3.590000001e+01 +3.590000001e+01
5614 0 +6.073626935e-09 +3.590000001e+01 +3.590000001e+01
56631 0 +9.805489753e-13 +3.590000000e+01 +3.590000000e+01
100007 0 +7.105427358e-15 +3.590000000e+01 +3.590000000e+01
% f evaluations | g evaluations | best noise-free fitness - Fopt (3.137000000000e+01) + sum g_i+ | measured fitness | best measured fitness or single-digit g-values | x1 | x2...
1 0 +3.053735151e+05 +3.054048851e+05 +3.054048851e+05
2 0 +2.363730784e+05 +2.364044484e+05 +2.364044484e+05
7 0 +9.339901697e+04 +9.343038697e+04 +9.343038697e+04
14 0 +6.640112737e+04 +6.643249737e+04 +6.643249737e+04
36 0 +4.601321398e+04 +4.604458398e+04 +4.604458398e+04
47 0 +3.419828296e+04 +3.422965296e+04 +3.422965296e+04
59 0 +2.616356692e+04 +2.619493692e+04 +2.619493692e+04
65 0 +1.945788881e+04 +1.948925881e+04 +1.948925881e+04
68 0 +4.358877285e+03 +4.390247285e+03 +4.390247285e+03
81 0 +1.432705437e+02 +1.746405437e+02 +1.746405437e+02
110 0 +1.113328808e+02 +1.427028808e+02 +1.427028808e+02
184 0 +9.842064047e+01 +1.297906405e+02 +1.297906405e+02
241 0 +8.722526131e+01 +1.185952613e+02 +1.185952613e+02
242 0 +7.816755803e+01 +1.095375580e+02 +1.095375580e+02
269 0 +5.722236746e+01 +8.859236746e+01 +8.859236746e+01
281 0 +5.377169755e+01 +8.514169755e+01 +8.514169755e+01
312 0 +3.679647823e+01 +6.816647823e+01 +6.816647823e+01
323 0 +1.579705353e+01 +4.716705353e+01 +4.716705353e+01
356 0 +1.288430571e+01 +4.425430571e+01 +4.425430571e+01
378 0 +1.252276242e+01 +4.389276242e+01 +4.389276242e+01
411 0 +1.117383533e+01 +4.254383533e+01 +4.254383533e+01
521 0 +7.600640459e+00 +3.897064046e+01 +3.897064046e+01
532 0 +4.580482524e+00 +3.595048252e+01 +3.595048252e+01
939 0 +4.406965471e+00 +3.577696547e+01 +3.577696547e+01
950 0 +3.958497416e+00 +3.532849742e+01 +3.532849742e+01
961 0 +2.964221291e+00 +3.433422129e+01 +3.433422129e+01
983 0 +2.368283735e+00 +3.373828373e+01 +3.373828373e+01
1016 0 +2.083397484e+00 +3.345339748e+01 +3.345339748e+01
1027 0 +1.783383071e+00 +3.315338307e+01 +3.315338307e+01
1038 0 +1.433420086e+00 +3.280342009e+01 +3.280342009e+01
1049 0 +1.380059661e+00 +3.275005966e+01 +3.275005966e+01
1082 0 +7.346613756e-01 +3.210466138e+01 +3.210466138e+01
1093 0 +3.730218319e-01 +3.174302183e+01 +3.174302183e+01
1115 0 +1.966515868e-01 +3.156665159e+01 +3.156665159e+01
1126 0 +1.057755458e-01 +3.147577555e+01 +3.147577555e+01
1148 0 +4.314923099e-02 +3.141314923e+01 +3.141314923e+01
1170 0 +1.693713246e-02 +3.138693713e+01 +3.138693713e+01
1181 0 +6.038589472e-03 +3.137603859e+01 +3.137603859e+01
1225 0 +5.338462952e-03 +3.137533846e+01 +3.137533846e+01
1236 0 +4.839870682e-03 +3.137483987e+01 +3.137483987e+01
1379 0 +2.852423099e-03 +3.137285242e+01 +3.137285242e+01
1401 0 +1.671712384e-03 +3.137167171e+01 +3.137167171e+01
1412 0 +1.231703469e-03 +3.137123170e+01 +3.137123170e+01
1434 0 +8.188521601e-04 +3.137081885e+01 +3.137081885e+01
1445 0 +6.628276249e-04 +3.137066283e+01 +3.137066283e+01
1533 0 +6.192294018e-04 +3.137061923e+01 +3.137061923e+01
1544 0 +5.612048098e-04 +3.137056120e+01 +3.137056120e+01
1566 0 +4.946725307e-04 +3.137049467e+01 +3.137049467e+01
1907 0 +4.006844838e-04 +3.137040068e+01 +3.137040068e+01
1929 0 +3.949445927e-04 +3.137039494e+01 +3.137039494e+01
2028 0 +3.381379553e-04 +3.137033814e+01 +3.137033814e+01
2039 0 +2.958776059e-04 +3.137029588e+01 +3.137029588e+01
2050 0 +2.740279212e-04 +3.137027403e+01 +3.137027403e+01
2072 0 +2.266370731e-04 +3.137022664e+01 +3.137022664e+01
2094 0 +2.207798550e-04 +3.137022078e+01 +3.137022078e+01
2270 0 +1.993126846e-04 +3.137019931e+01 +3.137019931e+01
2402 0 +1.678575539e-04 +3.137016786e+01 +3.137016786e+01
2413 0 +1.460804136e-04 +3.137014608e+01 +3.137014608e+01
2424 0 +1.397517579e-04 +3.137013975e+01 +3.137013975e+01
2435 0 +8.978459035e-05 +3.137008978e+01 +3.137008978e+01
2457 0 +5.440926583e-05 +3.137005441e+01 +3.137005441e+01
2534 0 +3.013701680e-05 +3.137003014e+01 +3.137003014e+01
2545 0 +1.625874767e-05 +3.137001626e+01 +3.137001626e+01
2567 0 +8.108795729e-06 +3.137000811e+01 +3.137000811e+01
2699 0 +7.761889886e-06 +3.137000776e+01 +3.137000776e+01
2721 0 +7.017903798e-06 +3.137000702e+01 +3.137000702e+01
2776 0 +6.066629574e-06 +3.137000607e+01 +3.137000607e+01
2864 0 +5.315686607e-06 +3.137000532e+01 +3.137000532e+01
2875 0 +4.198711601e-06 +3.137000420e+01 +3.137000420e+01
2897 0 +3.321597681e-06 +3.137000332e+01 +3.137000332e+01
2919 0 +3.130244320e-06 +3.137000313e+01 +3.137000313e+01
3150 0 +2.513904981e-06 +3.137000251e+01 +3.137000251e+01
3160 0 +2.511431589e-06 +3.137000251e+01 +3.137000251e+01
3238 0 +1.991259790e-06 +3.137000199e+01 +3.137000199e+01
3249 0 +1.722712366e-06 +3.137000172e+01 +3.137000172e+01
3271 0 +1.581588513e-06 +3.137000158e+01 +3.137000158e+01
3282 0 +8.717341942e-07 +3.137000087e+01 +3.137000087e+01
3293 0 +3.877227179e-07 +3.137000039e+01 +3.137000039e+01
3315 0 +3.106328741e-07 +3.137000031e+01 +3.137000031e+01
3403 0 +2.792480913e-07 +3.137000028e+01 +3.137000028e+01
3414 0 +2.352737170e-07 +3.137000024e+01 +3.137000024e+01
3425 0 +1.870384310e-07 +3.137000019e+01 +3.137000019e+01
3458 0 +1.639976439e-07 +3.137000016e+01 +3.137000016e+01
3469 0 +1.408389636e-07 +3.137000014e+01 +3.137000014e+01
3700 0 +1.256592448e-07 +3.137000013e+01 +3.137000013e+01
3722 0 +1.096605153e-07 +3.137000011e+01 +3.137000011e+01
3744 0 +9.991530803e-08 +3.137000010e+01 +3.137000010e+01
3766 0 +5.228227096e-08 +3.137000005e+01 +3.137000005e+01
3777 0 +2.560739532e-08 +3.137000003e+01 +3.137000003e+01
3821 0 +2.067382354e-08 +3.137000002e+01 +3.137000002e+01
3832 0 +1.915623926e-08 +3.137000002e+01 +3.137000002e+01
4030 0 +1.777432246e-08 +3.137000002e+01 +3.137000002e+01
4206 0 +1.141702555e-08 +3.137000001e+01 +3.137000001e+01
4217 0 +8.647024430e-09 +3.137000001e+01 +3.137000001e+01
49424 0 +9.947598301e-13 +3.137000000e+01 +3.137000000e+01
51944 0 +0.000000000e+00 +3.137000000e+01 +3.137000000e+01
100169 0 +0.000000000e+00 +3.137000000e+01 +3.137000000e+01
% f evaluations | g evaluations | best noise-free fitness - Fopt (-1.000000000000e+03) + sum g_i+ | measured fitness | best measured fitness or single-digit g-values | x1 | x2...
1 0 +3.203117280e+05 +3.193117280e+05 +3.193117280e+05
3 0 +3.019793774e+05 +3.009793774e+05 +3.009793774e+05
10 0 +2.489862946e+05 +2.479862946e+05 +2.479862946e+05
16 0 +1.785395880e+05 +1.775395880e+05 +1.775395880e+05
23 0 +1.217299296e+05 +1.207299296e+05 +1.207299296e+05
31 0 +8.072110147e+04 +7.972110147e+04 +7.972110147e+04
41 0 +6.331757018e+04 +6.231757018e+04 +6.231757018e+04
42 0 +6.181008439e+04 +6.081008439e+04 +6.081008439e+04
53 0 +5.617578174e+04 +5.517578174e+04 +5.517578174e+04
55 0 +4.680841140e+04 +4.580841140e+04 +4.580841140e+04
62 0 +3.615144184e+04 +3.515144184e+04 +3.515144184e+04
64 0 +3.434702596e+04 +3.334702596e+04 +3.334702596e+04
65 0 +1.841379719e+03 +8.413797187e+02 +8.413797187e+02
124 0 +1.091108512e+03 +9.110851178e+01 +9.110851178e+01
133 0 +5.193446240e+02 -4.806553760e+02 -4.806553760e+02
136 0 +2.743501704e+02 -7.256498296e+02 -7.256498296e+02
140 0 +2.159753273e+02 -7.840246727e+02 -7.840246727e+02
199 0 +1.174883797e+02 -8.825116203e+02 -8.825116203e+02
255 0 +1.063330668e+02 -8.936669332e+02 -8.936669332e+02
261 0 +9.481259159e+01 -9.051874084e+02 -9.051874084e+02
263 0 +6.335052007e+01 -9.366494799e+02 -9.366494799e+02
312 0 +5.048525925e+01 -9.495147407e+02 -9.495147407e+02
323 0 +1.424470438e+01 -9.857552956e+02 -9.857552956e+02
345 0 +5.575602816e+00 -9.944243972e+02 -9.944243972e+02
367 0 +4.837505633e+00 -9.951624944e+02 -9.951624944e+02
378 0 +3.727079367e+00 -9.962729206e+02 -9.962729206e+02
400 0 +3.096492461e+00 -9.969035075e+02 -9.969035075e+02
411 0 +2.644042848e+00 -9.973559572e+02 -9.973559572e+02
422 0 +1.346161611e+00 -9.986538384e+02 -9.986538384e+02
433 0 +5.704811190e-01 -9.994295189e+02 -9.994295189e+02
455 0 +3.190459610e-01 -9.996809540e+02 -9.996809540e+02
466 0 +1.407643757e-01 -9.998592356e+02 -9.998592356e+02
532 0 +9.571275956e-02 -9.999042872e+02 -9.999042872e+02
543 0 +8.241218303e-02 -9.999175878e+02 -9.999175878e+02
565 0 +4.360138793e-02 -9.999563986e+02 -9.999563986e+02
576 0 +1.314214791e-02 -9.999868579e+02 -9.999868579e+02
598 0 +8.758546572e-03 -9.999912415e+02 -9.999912415e+02
620 0 +4.490640360e-03 -9.999955094e+02 -9.999955094e+02
631 0 +5.539921580e-04 -9.999994460e+02 -9.999994460e+02
686 0 +4.607943306e-04 -9.999995392e+02 -9.999995392e+02
697 0 +1.788488979e-04 -9.999998212e+02 -9.999998212e+02
730 0 +1.441745648e-04 -9.999998558e+02 -9.999998558e+02
752 0 +5.850417506e-05 -9.999999415e+02 -9.999999415e+02
774 0 +2.930164612e-05 -9.999999707e+02 -9.999999707e+02
818 0 +3.841324769e-07 -9.999999996e+02 -9.999999996e+02
895 0 +2.822891929e-07 -9.999999997e+02 -9.999999997e+02
906 0 +2.242475148e-07 -9.999999998e+02 -9.999999998e+02
928 0 +2.204919838e-07 -9.999999998e+02 -9.999999998e+02
939 0 +1.925487823e-07 -9.999999998e+02 -9.999999998e+02
994 0 +1.762765578e-07 -9.999999998e+02 -9.999999998e+02
1060 0 +1.454799303e-07 -9.999999999e+02 -9.999999999e+02
1131 0 +1.412377060e-07 -9.999999999e+02 -9.999999999e+02
1291 0 +1.161495220e-07 -9.999999999e+02 -9.999999999e+02
1302 0 +1.051450909e-07 -9.999999999e+02 -9.999999999e+02
5586 0 +5.296726613e-08 -9.999999999e+02 -9.999999999e+02
5620 0 +5.007404980e-08 -9.999999999e+02 -9.999999999e+02
5641 0 +4.439721124e-08 -1.000000000e+03 -1.000000000e+03
11459 0 +3.093043688e-08 -1.000000000e+03 -1.000000000e+03
11470 0 +1.761259227e-08 -1.000000000e+03 -1.000000000e+03
11526 0 +1.575415354e-08 -1.000000000e+03 -1.000000000e+03
11823 0 +1.410421646e-08 -1.000000000e+03 -1.000000000e+03
11877 0 +1.208150024e-08 -1.000000000e+03 -1.000000000e+03
11889 0 +1.118314685e-08 -1.000000000e+03 -1.000000000e+03
28246 0 +9.078462426e-09 -1.000000000e+03 -1.000000000e+03
38270 0 +7.958078641e-13 -1.000000000e+03 -1.000000000e+03
61626 0 +0.000000000e+00 -1.000000000e+03 -1.000000000e+03
100007 0 +0.000000000e+00 -1.000000000e+03 -1.000000000e+03
% f evaluations | g evaluations | best noise-free fitness - Fopt (1.319200000000e+02) + sum g_i+ | measured fitness | best measured fitness or single-digit g-values | x1 | x2...
1 0 +8.034149606e+05 +8.035468806e+05 +8.035468806e+05
2 0 +5.857833193e+05 +5.859152393e+05 +5.859152393e+05
3 0 +5.043102789e+05 +5.044421989e+05 +5.044421989e+05
5 0 +4.929993468e+05 +4.931312668e+05 +4.931312668e+05
16 0 +3.074344492e+05 +3.075663692e+05 +3.075663692e+05
22 0 +2.998018509e+05 +2.999337709e+05 +2.999337709e+05
31 0 +2.192729132e+05 +2.194048332e+05 +2.194048332e+05
41 0 +1.546143637e+05 +1.547462837e+05 +1.547462837e+05
47 0 +1.366006931e+05 +1.367326131e+05 +1.367326131e+05
51 0 +1.251651459e+05 +1.252970659e+05 +1.252970659e+05
63 0 +9.836554700e+04 +9.849746700e+04 +9.849746700e+04
69 0 +7.338520841e+04 +7.351712841e+04 +7.351712841e+04
74 0 +3.544122293e+04 +3.557314293e+04 +3.557314293e+04
81 0 +2.857929706e+04 +2.871121706e+04 +2.871121706e+04
93 0 +1.880924277e+04 +1.894116277e+04 +1.894116277e+04
99 0 +1.614161116e+04 +1.627353116e+04 +1.627353116e+04
109 0 +1.450441213e+04 +1.463633213e+04 +1.463633213e+04
111 0 +1.090037672e+04 +1.103229672e+04 +1.103229672e+04
118 0 +9.849316478e+03 +9.981236478e+03 +9.981236478e+03
123 0 +3.764102806e+03 +3.896022806e+03 +3.896022806e+03
124 0 +2.494626757e+03 +2.626546757e+03 +2.626546757e+03
129 0 +7.015526184e+01 +2.020752618e+02 +2.020752618e+02
178 0 +5.166356069e+01 +1.835835607e+02 +1.835835607e+02
210 0 +4.268228433e+01 +1.746022843e+02 +1.746022843e+02
242 0 +3.394818774e+01 +1.658681877e+02 +1.658681877e+02
258 0 +3.064534332e+01 +1.625653433e+02 +1.625653433e+02
285 0 +2.768382074e+01 +1.596038207e+02 +1.596038207e+02
295 0 +2.372091836e+01 +1.556409184e+02 +1.556409184e+02
312 0 +1.300318550e+01 +1.449231855e+02 +1.449231855e+02
356 0 +1.256314305e+01 +1.444831430e+02 +1.444831430e+02
389 0 +4.219610850e+00 +1.361396108e+02 +1.361396108e+02
444 0 +3.961678839e+00 +1.358816788e+02 +1.358816788e+02
466 0 +3.435388034e+00 +1.353553880e+02 +1.353553880e+02
477 0 +3.088944547e+00 +1.350089445e+02 +1.350089445e+02
620 0 +2.630321634e+00 +1.345503216e+02 +1.345503216e+02
631 0 +2.299233608e+00 +1.342192336e+02 +1.342192336e+02
642 0 +1.727306426e+00 +1.336473064e+02 +1.336473064e+02
807 0 +1.535354195e+00 +1.334553542e+02 +1.334553542e+02
829 0 +1.381831907e+00 +1.333018319e+02 +1.333018319e+02
862 0 +7.565523105e-01 +1.326765523e+02 +1.326765523e+02
884 0 +3.970631694e-01 +1.323170632e+02 +1.323170632e+02
895 0 +3.458690017e-01 +1.322658690e+02 +1.322658690e+02
906 0 +7.195337739e-02 +1.319919534e+02 +1.319919534e+02
928 0 +4.295398037e-02 +1.319629540e+02 +1.319629540e+02
1038 0 +2.331258629e-02 +1.319433126e+02 +1.319433126e+02
1071 0 +2.205160309e-02 +1.319420516e+02 +1.319420516e+02
1159 0 +1.892909224e-02 +1.319389291e+02 +1.319389291e+02
1203 0 +1.719506371e-02 +1.319371951e+02 +1.319371951e+02
1258 0 +1.410580830e-02 +1.319341058e+02 +1.319341058e+02
1280 0 +1.245378357e-02 +1.319324538e+02 +1.319324538e+02
1335 0 +9.978551442e-03 +1.319299786e+02 +1.319299786e+02
1379 0 +8.616619635e-03 +1.319286166e+02 +1.319286166e+02
1390 0 +6.935306782e-03 +1.319269353e+02 +1.319269353e+02
1401 0 +2.520512883e-03 +1.319225205e+02 +1.319225205e+02
1412 0 +9.016676003e-04 +1.319209017e+02 +1.319209017e+02
1467 0 +7.131592295e-04 +1.319207132e+02 +1.319207132e+02
1555 0 +6.835353654e-04 +1.319206835e+02 +1.319206835e+02
1984 0 +6.235357258e-04 +1.319206235e+02 +1.319206235e+02
2017 0 +5.487104462e-04 +1.319205487e+02 +1.319205487e+02
2061 0 +5.010839124e-04 +1.319205011e+02 +1.319205011e+02
2116 0 +4.345751719e-04 +1.319204346e+02 +1.319204346e+02
2127 0 +3.652547966e-04 +1.319203653e+02 +1.319203653e+02
2149 0 +3.204621502e-04 +1.319203205e+02 +1.319203205e+02
2160 0 +1.881329614e-04 +1.319201881e+02 +1.319201881e+02
2182 0 +1.449862044e-04 +1.319201450e+02 +1.319201450e+02
2193 0 +1.382648608e-04 +1.319201383e+02 +1.319201383e+02
2204 0 +9.277474632e-05 +1.319200928e+02 +1.319200928e+02
2303 0 +8.778001290e-05 +1.319200878e+02 +1.319200878e+02
2325 0 +5.506144612e-05 +1.319200551e+02 +1.319200551e+02
2336 0 +2.950652777e-05 +1.319200295e+02 +1.319200295e+02
2347 0 +2.565282171e-05 +1.319200257e+02 +1.319200257e+02
2369 0 +1.954428384e-05 +1.319200195e+02 +1.319200195e+02
2380 0 +1.729674855e-05 +1.319200173e+02 +1.319200173e+02
2402 0 +1.581525427e-05 +1.319200158e+02 +1.319200158e+02
2875 0 +1.372295395e-05 +1.319200137e+02 +1.319200137e+02
3150 0 +1.235942597e-05 +1.319200124e+02 +1.319200124e+02
3161 0 +1.024373785e-05 +1.319200102e+02 +1.319200102e+02
3183 0 +9.748103849e-06 +1.319200097e+02 +1.319200097e+02
3260 0 +8.902019232e-06 +1.319200089e+02 +1.319200089e+02
3513 0 +5.326526292e-06 +1.319200053e+02 +1.319200053e+02
3557 0 +4.458751135e-06 +1.319200045e+02 +1.319200045e+02
3568 0 +3.554268943e-06 +1.319200036e+02 +1.319200036e+02
3623 0 +3.522564384e-06 +1.319200035e+02 +1.319200035e+02
3799 0 +2.996578814e-06 +1.319200030e+02 +1.319200030e+02
3821 0 +2.323337981e-06 +1.319200023e+02 +1.319200023e+02
3832 0 +1.767252655e-06 +1.319200018e+02 +1.319200018e+02
7643 0 +8.766745623e-07 +1.319200009e+02 +1.319200009e+02
7665 0 +4.178016866e-07 +1.319200004e+02 +1.319200004e+02
7676 0 +2.618766644e-07 +1.319200003e+02 +1.319200003e+02
7731 0 +1.739525715e-07 +1.319200002e+02 +1.319200002e+02
7742 0 +5.287947147e-08 +1.319200001e+02 +1.319200001e+02
7764 0 +4.902915407e-08 +1.319200000e+02 +1.319200000e+02
7775 0 +4.230236073e-08 +1.319200000e+02 +1.319200000e+02
7827 0 +3.965945439e-08 +1.319200000e+02 +1.319200000e+02
7929 0 +3.410249860e-08 +1.319200000e+02 +1.319200000e+02
7940 0 +2.793120757e-08 +1.319200000e+02 +1.319200000e+02
7951 0 +1.634995783e-08 +1.319200000e+02 +1.319200000e+02
7959 0 +1.529707561e-08 +1.319200000e+02 +1.319200000e+02
7962 0 +8.443123534e-09 +1.319200000e+02 +1.319200000e+02
49834 0 +8.242295735e-13 +1.319200000e+02 +1.319200000e+02
100005 0 +2.842170943e-14 +1.319200000e+02 +1.319200000e+02
% f evaluations | g evaluations | best noise-free fitness - Fopt (5.908400000000e+02) + sum g_i+ | measured fitness | best measured fitness or single-digit g-values | x1 | x2...
1 0 +6.702972393e+04 +6.762056393e+04 +6.762056393e+04
2 0 +6.116365399e+04 +6.175449399e+04 +6.175449399e+04
5 0 +3.589696631e+04 +3.648780631e+04 +3.648780631e+04
7 0 +3.165591937e+04 +3.224675937e+04 +3.224675937e+04
17 0 +2.037667063e+04 +2.096751063e+04 +2.096751063e+04
21 0 +3.902493572e+02 +9.810893572e+02 +9.810893572e+02
33 0 +1.590041995e+02 +7.498441995e+02 +7.498441995e+02
34 0 +1.387208210e+02 +7.295608210e+02 +7.295608210e+02
38 0 +1.189427710e+02 +7.097827710e+02 +7.097827710e+02
126 0 +8.504697418e+01 +6.758869742e+02 +6.758869742e+02
133 0 +6.670581572e+01 +6.575458157e+02 +6.575458157e+02
156 0 +5.593946850e+01 +6.467794685e+02 +6.467794685e+02
205 0 +3.718639360e+01 +6.280263936e+02 +6.280263936e+02
312 0 +2.715541780e+01 +6.179954178e+02 +6.179954178e+02
334 0 +2.358679810e+01 +6.144267981e+02 +6.144267981e+02
356 0 +1.974177191e+01 +6.105817719e+02 +6.105817719e+02
378 0 +1.717350561e+01 +6.080135056e+02 +6.080135056e+02
389 0 +1.573729073e+01 +6.065772907e+02 +6.065772907e+02
642 0 +1.402216732e+01 +6.048621673e+02 +6.048621673e+02
675 0 +1.253753136e+01 +6.033775314e+02 +6.033775314e+02
851 0 +8.356551797e+00 +5.991965518e+02 +5.991965518e+02
862 0 +3.875483176e+00 +5.947154832e+02 +5.947154832e+02
939 0 +3.407860032e+00 +5.942478600e+02 +5.942478600e+02
950 0 +2.269863248e+00 +5.931098632e+02 +5.931098632e+02
972 0 +2.078278276e+00 +5.929182783e+02 +5.929182783e+02
983 0 +1.986750509e+00 +5.928267505e+02 +5.928267505e+02
1049 0 +1.551815572e+00 +5.923918156e+02 +5.923918156e+02
1060 0 +1.345188669e+00 +5.921851887e+02 +5.921851887e+02
1071 0 +1.188589700e+00 +5.920285897e+02 +5.920285897e+02
1093 0 +8.271470536e-01 +5.916671471e+02 +5.916671471e+02
1104 0 +7.580355294e-01 +5.915980355e+02 +5.915980355e+02
1126 0 +4.223756659e-01 +5.912623757e+02 +5.912623757e+02
1159 0 +3.780813628e-01 +5.912180814e+02 +5.912180814e+02
1192 0 +3.225601956e-01 +5.911625602e+02 +5.911625602e+02
1225 0 +3.156874881e-01 +5.911556875e+02 +5.911556875e+02
1324 0 +2.733581004e-01 +5.911133581e+02 +5.911133581e+02
1335 0 +1.945107380e-01 +5.910345107e+02 +5.910345107e+02
1346 0 +1.300700088e-01 +5.909700700e+02 +5.909700700e+02
1368 0 +6.093366215e-02 +5.909009337e+02 +5.909009337e+02
1412 0 +3.346675044e-02 +5.908734668e+02 +5.908734668e+02
1423 0 +7.091201740e-03 +5.908470912e+02 +5.908470912e+02
1445 0 +3.517491297e-03 +5.908435175e+02 +5.908435175e+02
1456 0 +9.517220412e-04 +5.908409517e+02 +5.908409517e+02
1500 0 +5.044239415e-04 +5.908405044e+02 +5.908405044e+02
1511 0 +2.800441241e-04 +5.908402800e+02 +5.908402800e+02
1544 0 +2.243367852e-04 +5.908402243e+02 +5.908402243e+02
1566 0 +2.232975245e-04 +5.908402233e+02 +5.908402233e+02
1599 0 +1.844516871e-04 +5.908401845e+02 +5.908401845e+02
1610 0 +1.523280688e-04 +5.908401523e+02 +5.908401523e+02
1830 0 +1.389617543e-04 +5.908401390e+02 +5.908401390e+02
1841 0 +8.921950746e-05 +5.908400892e+02 +5.908400892e+02
1863 0 +8.911467546e-05 +5.908400891e+02 +5.908400891e+02
1896 0 +6.764209218e-05 +5.908400676e+02 +5.908400676e+02
1907 0 +5.236824097e-05 +5.908400524e+02 +5.908400524e+02
2083 0 +5.010242865e-05 +5.908400501e+02 +5.908400501e+02
2204 0 +4.462111235e-05 +5.908400446e+02 +5.908400446e+02
2490 0 +3.765854876e-05 +5.908400377e+02 +5.908400377e+02
2501 0 +3.241763363e-05 +5.908400324e+02 +5.908400324e+02
2512 0 +2.954711556e-05 +5.908400295e+02 +5.908400295e+02
2534 0 +2.397675291e-05 +5.908400240e+02 +5.908400240e+02
2545 0 +1.491836383e-05 +5.908400149e+02 +5.908400149e+02
2567 0 +1.079670233e-05 +5.908400108e+02 +5.908400108e+02
2600 0 +9.986204191e-06 +5.908400100e+02 +5.908400100e+02
2611 0 +8.865662949e-06 +5.908400089e+02 +5.908400089e+02
2633 0 +5.047787567e-06 +5.908400050e+02 +5.908400050e+02
2655 0 +3.245451808e-06 +5.908400032e+02 +5.908400032e+02
2666 0 +1.821519504e-06 +5.908400018e+02 +5.908400018e+02
2996 0 +1.772522523e-06 +5.908400018e+02 +5.908400018e+02
3172 0 +1.144697990e-06 +5.908400011e+02 +5.908400011e+02
3194 0 +9.074868785e-07 +5.908400009e+02 +5.908400009e+02
3227 0 +8.325843055e-07 +5.908400008e+02 +5.908400008e+02
3260 0 +7.251991292e-07 +5.908400007e+02 +5.908400007e+02
3271 0 +5.317858722e-07 +5.908400005e+02 +5.908400005e+02
3293 0 +4.707718517e-07 +5.908400005e+02 +5.908400005e+02
3304 0 +3.464141400e-07 +5.908400003e+02 +5.908400003e+02
3315 0 +2.335150384e-07 +5.908400002e+02 +5.908400002e+02
3326 0 +1.598036761e-07 +5.908400002e+02 +5.908400002e+02
3337 0 +9.875680007e-08 +5.908400001e+02 +5.908400001e+02
3359 0 +6.005620889e-08 +5.908400001e+02 +5.908400001e+02
3447 0 +5.452932328e-08 +5.908400001e+02 +5.908400001e+02
3491 0 +4.751314009e-08 +5.908400000e+02 +5.908400000e+02
3579 0 +4.460036962e-08 +5.908400000e+02 +5.908400000e+02
3744 0 +3.831007689e-08 +5.908400000e+02 +5.908400000e+02
3788 0 +3.487843969e-08 +5.908400000e+02 +5.908400000e+02
3810 0 +2.865419901e-08 +5.908400000e+02 +5.908400000e+02
3832 0 +2.602746463e-08 +5.908400000e+02 +5.908400000e+02
3854 0 +2.497449714e-08 +5.908400000e+02 +5.908400000e+02
4294 0 +2.210549610e-08 +5.908400000e+02 +5.908400000e+02
4349 0 +1.959426754e-08 +5.908400000e+02 +5.908400000e+02
4580 0 +1.703574526e-08 +5.908400000e+02 +5.908400000e+02
4602 0 +1.475211775e-08 +5.908400000e+02 +5.908400000e+02
4613 0 +1.363707725e-08 +5.908400000e+02 +5.908400000e+02
4726 0 +1.254511517e-08 +5.908400000e+02 +5.908400000e+02
4756 0 +1.111845904e-08 +5.908400000e+02 +5.908400000e+02
4789 0 +5.814172255e-09 +5.908400000e+02 +5.908400000e+02
48042 0 +9.094947018e-13 +5.908400000e+02 +5.908400000e+02
100152 0 +1.136868377e-13 +5.908400000e+02 +5.908400000e+02
% f evaluations | g evaluations | best noise-free fitness - Fopt (6.749000000000e+01) + sum g_i+ | measured fitness | best measured fitness or single-digit g-values | x1 | x2...
1 0 +1.844946667e+05 +1.845621567e+05 +1.845621567e+05
9 0 +1.064464762e+05 +1.065139662e+05 +1.065139662e+05
13 0 +6.201067675e+04 +6.207816675e+04 +6.207816675e+04
31 0 +1.616879831e+04 +1.623628831e+04 +1.623628831e+04
33 0 +1.371248267e+04 +1.377997267e+04 +1.377997267e+04
48 0 +1.159051427e+04 +1.165800427e+04 +1.165800427e+04
55 0 +1.055019708e+03 +1.122509708e+03 +1.122509708e+03
91 0 +1.133337198e+02 +1.808237198e+02 +1.808237198e+02
117 0 +7.109995691e+01 +1.385899569e+02 +1.385899569e+02
138 0 +6.851482940e+01 +1.360048294e+02 +1.360048294e+02
183 0 +5.752107483e+01 +1.250110748e+02 +1.250110748e+02
201 0 +4.812211383e+01 +1.156121138e+02 +1.156121138e+02
218 0 +4.409418736e+01 +1.115841874e+02 +1.115841874e+02
239 0 +3.936545898e+01 +1.068554590e+02 +1.068554590e+02
246 0 +3.445547161e+01 +1.019454716e+02 +1.019454716e+02
261 0 +2.971326164e+01 +9.720326164e+01 +9.720326164e+01
264 0 +2.400588541e+01 +9.149588541e+01 +9.149588541e+01
312 0 +1.323595159e+01 +8.072595159e+01 +8.072595159e+01
356 0 +8.207469918e+00 +7.569746992e+01 +7.569746992e+01
378 0 +5.347791696e+00 +7.283779170e+01 +7.283779170e+01
422 0 +4.911445430e+00 +7.240144543e+01 +7.240144543e+01
532 0 +4.064564312e+00 +7.155456431e+01 +7.155456431e+01
543 0 +3.015741601e+00 +7.050574160e+01 +7.050574160e+01
587 0 +2.600244251e+00 +7.009024425e+01 +7.009024425e+01
598 0 +2.281879441e+00 +6.977187944e+01 +6.977187944e+01
609 0 +7.500103019e-01 +6.824001030e+01 +6.824001030e+01
631 0 +5.378919687e-01 +6.802789197e+01 +6.802789197e+01
653 0 +4.552243700e-01 +6.794522437e+01 +6.794522437e+01
675 0 +4.385292742e-01 +6.792852927e+01 +6.792852927e+01
785 0 +3.613793533e-01 +6.785137935e+01 +6.785137935e+01
807 0 +2.878649795e-01 +6.777786498e+01 +6.777786498e+01
818 0 +2.440780275e-01 +6.773407803e+01 +6.773407803e+01
829 0 +2.007552760e-01 +6.769075528e+01 +6.769075528e+01
862 0 +1.989786827e-01 +6.768897868e+01 +6.768897868e+01
961 0 +1.592095831e-01 +6.764920958e+01 +6.764920958e+01
972 0 +1.417649030e-01 +6.763176490e+01 +6.763176490e+01
983 0 +8.261534162e-02 +6.757261534e+01 +6.757261534e+01
994 0 +2.174511014e-02 +6.751174511e+01 +6.751174511e+01
1016 0 +1.604601979e-02 +6.750604602e+01 +6.750604602e+01
1027 0 +4.936971876e-03 +6.749493697e+01 +6.749493697e+01
1049 0 +2.424390679e-03 +6.749242439e+01 +6.749242439e+01
1060 0 +9.265021701e-04 +6.749092650e+01 +6.749092650e+01
1082 0 +5.106191902e-04 +6.749051062e+01 +6.749051062e+01
1093 0 +1.397170307e-04 +6.749013972e+01 +6.749013972e+01
1181 0 +6.756403353e-05 +6.749006756e+01 +6.749006756e+01
1192 0 +1.601699132e-05 +6.749001602e+01 +6.749001602e+01
1247 0 +9.014377540e-06 +6.749000901e+01 +6.749000901e+01
1269 0 +8.551116622e-06 +6.749000855e+01 +6.749000855e+01
1280 0 +6.772056963e-06 +6.749000677e+01 +6.749000677e+01
1302 0 +6.187697650e-06 +6.749000619e+01 +6.749000619e+01
1313 0 +5.508156050e-06 +6.749000551e+01 +6.749000551e+01
1335 0 +4.936667679e-06 +6.749000494e+01 +6.749000494e+01
1467 0 +4.305064436e-06 +6.749000431e+01 +6.749000431e+01
1478 0 +3.169461138e-06 +6.749000317e+01 +6.749000317e+01
1489 0 +2.244858493e-06 +6.749000224e+01 +6.749000224e+01
1544 0 +1.961916297e-06 +6.749000196e+01 +6.749000196e+01
2017 0 +1.777173509e-06 +6.749000178e+01 +6.749000178e+01
2072 0 +1.475207611e-06 +6.749000148e+01 +6.749000148e+01
2083 0 +1.282949583e-06 +6.749000128e+01 +6.749000128e+01
2101 0 +1.258075983e-06 +6.749000126e+01 +6.749000126e+01
2479 0 +1.039392629e-06 +6.749000104e+01 +6.749000104e+01
2490 0 +9.183680305e-07 +6.749000092e+01 +6.749000092e+01
2512 0 +7.532944295e-07 +6.749000075e+01 +6.749000075e+01
2567 0 +6.550747997e-07 +6.749000066e+01 +6.749000066e+01
2578 0 +5.996367207e-07 +6.749000060e+01 +6.749000060e+01
2622 0 +5.557147063e-07 +6.749000056e+01 +6.749000056e+01
2765 0 +5.006665447e-07 +6.749000050e+01 +6.749000050e+01
2864 0 +4.351158367e-07 +6.749000044e+01 +6.749000044e+01
2901 0 +3.979248504e-07 +6.749000040e+01 +6.749000040e+01
3194 0 +3.544539027e-07 +6.749000035e+01 +6.749000035e+01
3216 0 +2.451485130e-07 +6.749000025e+01 +6.749000025e+01
3227 0 +1.046562659e-07 +6.749000010e+01 +6.749000010e+01
3403 0 +9.998871064e-08 +6.749000010e+01 +6.749000010e+01
9414 0 +8.908975246e-08 +6.749000009e+01 +6.749000009e+01
9513 0 +7.922143652e-08 +6.749000008e+01 +6.749000008e+01
9634 0 +6.820077658e-08 +6.749000007e+01 +6.749000007e+01
9645 0 +5.736072239e-08 +6.749000006e+01 +6.749000006e+01
9656 0 +5.541362214e-08 +6.749000006e+01 +6.749000006e+01
10085 0 +4.934618403e-08 +6.749000005e+01 +6.749000005e+01
10371 0 +4.397710995e-08 +6.749000004e+01 +6.749000004e+01
10415 0 +3.922956182e-08 +6.749000004e+01 +6.749000004e+01
10459 0 +3.396642967e-08 +6.749000003e+01 +6.749000003e+01
10767 0 +3.154441686e-08 +6.749000003e+01 +6.749000003e+01
10789 0 +2.757062134e-08 +6.749000003e+01 +6.749000003e+01
10800 0 +1.991774923e-08 +6.749000002e+01 +6.749000002e+01
10965 0 +1.372497138e-08 +6.749000001e+01 +6.749000001e+01
11108 0 +1.254356619e-08 +6.749000001e+01 +6.749000001e+01
25193 0 +1.099155611e-08 +6.749000001e+01 +6.749000001e+01
25237 0 +9.585448879e-09 +6.749000001e+01 +6.749000001e+01
49991 0 +9.805489753e-13 +6.749000000e+01 +6.749000000e+01
57002 0 +0.000000000e+00 +6.749000000e+01 +6.749000000e+01
100372 0 +0.000000000e+00 +6.749000000e+01 +6.749000000e+01
% f evaluations | g evaluations | best noise-free fitness - Fopt (3.085000000000e+01) + sum g_i+ | measured fitness | best measured fitness or single-digit g-values | x1 | x2...
1 0 +3.024397229e+05 +3.024705729e+05 +3.024705729e+05
2 0 +2.461025882e+05 +2.461334382e+05 +2.461334382e+05
3 0 +2.236461032e+05 +2.236769532e+05 +2.236769532e+05
4 0 +1.128816855e+05 +1.129125355e+05 +1.129125355e+05
18 0 +7.403428174e+04 +7.406513174e+04 +7.406513174e+04
27 0 +4.063041666e+04 +4.066126666e+04 +4.066126666e+04
32 0 +3.410676639e+04 +3.413761639e+04 +3.413761639e+04
40 0 +2.824093509e+04 +2.827178509e+04 +2.827178509e+04
74 0 +2.135008382e+04 +2.138093382e+04 +2.138093382e+04
83 0 +1.940014062e+04 +1.943099062e+04 +1.943099062e+04
85 0 +2.867820335e+03 +2.898670335e+03 +2.898670335e+03
123 0 +1.993859823e+03 +2.024709823e+03 +2.024709823e+03
132 0 +6.212015275e+01 +9.297015275e+01 +9.297015275e+01
269 0 +5.410287207e+01 +8.495287207e+01 +8.495287207e+01
272 0 +4.187234142e+01 +7.272234142e+01 +7.272234142e+01
286 0 +3.726006900e+01 +6.811006900e+01 +6.811006900e+01
312 0 +2.860442038e+01 +5.945442038e+01 +5.945442038e+01
334 0 +1.961097890e+01 +5.046097890e+01 +5.046097890e+01
488 0 +1.764258554e+01 +4.849258554e+01 +4.849258554e+01
521 0 +1.566522071e+01 +4.651522071e+01 +4.651522071e+01
532 0 +1.300174505e+01 +4.385174505e+01 +4.385174505e+01
576 0 +1.256845957e+01 +4.341845957e+01 +4.341845957e+01
609 0 +4.660729052e+00 +3.551072905e+01 +3.551072905e+01
642 0 +4.112323715e+00 +3.496232371e+01 +3.496232371e+01
664 0 +2.276433936e+00 +3.312643394e+01 +3.312643394e+01
730 0 +2.183440352e+00 +3.303344035e+01 +3.303344035e+01
884 0 +1.977279831e+00 +3.282727983e+01 +3.282727983e+01
895 0 +1.700039319e+00 +3.255003932e+01 +3.255003932e+01
928 0 +1.541464377e+00 +3.239146438e+01 +3.239146438e+01
972 0 +1.373457603e+00 +3.222345760e+01 +3.222345760e+01
1170 0 +1.250906663e+00 +3.210090666e+01 +3.210090666e+01
1258 0 +1.028910324e+00 +3.187891032e+01 +3.187891032e+01
1269 0 +8.038023231e-01 +3.165380232e+01 +3.165380232e+01
1280 0 +7.296726077e-01 +3.157967261e+01 +3.157967261e+01
1302 0 +6.614069211e-01 +3.151140692e+01 +3.151140692e+01
1324 0 +5.280529662e-01 +3.137805297e+01 +3.137805297e+01
1368 0 +4.782554049e-01 +3.132825540e+01 +3.132825540e+01
1489 0 +4.449328452e-01 +3.129493285e+01 +3.129493285e+01
1511 0 +3.897666543e-01 +3.123976665e+01 +3.123976665e+01
1522 0 +2.837937164e-01 +3.113379372e+01 +3.113379372e+01
1533 0 +1.847761925e-02 +3.086847762e+01 +3.086847762e+01
1555 0 +9.906406586e-03 +3.085990641e+01 +3.085990641e+01
1566 0 +4.439298702e-04 +3.085044393e+01 +3.085044393e+01
1621 0 +1.713484837e-04 +3.085017135e+01 +3.085017135e+01
1665 0 +1.537822288e-04 +3.085015378e+01 +3.085015378e+01
1687 0 +1.260649067e-04 +3.085012606e+01 +3.085012606e+01
1709 0 +9.344978242e-05 +3.085009345e+01 +3.085009345e+01
1720 0 +8.256762363e-05 +3.085008257e+01 +3.085008257e+01
1764 0 +7.025318664e-05 +3.085007025e+01 +3.085007025e+01
1929 0 +5.905495354e-05 +3.085005905e+01 +3.085005905e+01
1940 0 +4.893337066e-05 +3.085004893e+01 +3.085004893e+01
1962 0 +3.570463003e-05 +3.085003570e+01 +3.085003570e+01
1973 0 +3.195757917e-05 +3.085003196e+01 +3.085003196e+01
1995 0 +2.797257014e-05 +3.085002797e+01 +3.085002797e+01
2006 0 +1.644095428e-05 +3.085001644e+01 +3.085001644e+01
2017 0 +8.903980497e-06 +3.085000890e+01 +3.085000890e+01
2039 0 +6.205196058e-06 +3.085000621e+01 +3.085000621e+01
2050 0 +4.309263979e-06 +3.085000431e+01 +3.085000431e+01
2072 0 +2.868032496e-06 +3.085000287e+01 +3.085000287e+01
2094 0 +2.727687459e-06 +3.085000273e+01 +3.085000273e+01
2127 0 +1.951874410e-06 +3.085000195e+01 +3.085000195e+01
2171 0 +6.812390900e-07 +3.085000068e+01 +3.085000068e+01
2193 0 +3.306277279e-07 +3.085000033e+01 +3.085000033e+01
2204 0 +1.817489483e-07 +3.085000018e+01 +3.085000018e+01
2226 0 +1.163355918e-07 +3.085000012e+01 +3.085000012e+01
2237 0 +9.300037718e-08 +3.085000009e+01 +3.085000009e+01
2333 0 +8.888040171e-08 +3.085000009e+01 +3.085000009e+01
2402 0 +7.173793648e-08 +3.085000007e+01 +3.085000007e+01
2413 0 +5.303090234e-08 +3.085000005e+01 +3.085000005e+01
2479 0 +4.797996311e-08 +3.085000005e+01 +3.085000005e+01
2721 0 +4.466296488e-08 +3.085000004e+01 +3.085000004e+01
2765 0 +3.500556645e-08 +3.085000004e+01 +3.085000004e+01
2776 0 +2.918411468e-08 +3.085000003e+01 +3.085000003e+01
2787 0 +2.471919558e-08 +3.085000002e+01 +3.085000002e+01
2820 0 +2.037913660e-08 +3.085000002e+01 +3.085000002e+01
2831 0 +1.692966833e-08 +3.085000002e+01 +3.085000002e+01
2853 0 +1.422533913e-08 +3.085000001e+01 +3.085000001e+01
2875 0 +1.370405300e-08 +3.085000001e+01 +3.085000001e+01
2985 0 +1.099093438e-08 +3.085000001e+01 +3.085000001e+01
22467 0 +7.821835624e-09 +3.085000001e+01 +3.085000001e+01
48095 0 +8.100187188e-13 +3.085000000e+01 +3.085000000e+01
100002 0 +3.552713679e-15 +3.085000000e+01 +3.085000000e+01
% f evaluations | g evaluations | best noise-free fitness - Fopt (-1.255000000000e+01) + sum g_i+ | measured fitness | best measured fitness or single-digit g-values | x1 | x2...
1 0 +3.766288696e+05 +3.766163196e+05 +3.766163196e+05
11 0 +1.811778001e+05 +1.811652501e+05 +1.811652501e+05
25 0 +2.997998669e+04 +2.996743669e+04 +2.996743669e+04
41 0 +7.087224640e+03 +7.074674640e+03 +7.074674640e+03
74 0 +1.069392789e+03 +1.056842789e+03 +1.056842789e+03
76 0 +6.537197522e+01 +5.282197522e+01 +5.282197522e+01
127 0 +5.057237197e+01 +3.802237197e+01 +3.802237197e+01
190 0 +4.093326048e+01 +2.838326048e+01 +2.838326048e+01
193 0 +3.339026969e+01 +2.084026969e+01 +2.084026969e+01
248 0 +2.440467505e+01 +1.185467505e+01 +1.185467505e+01
301 0 +2.234464528e+01 +9.794645282e+00 +9.794645282e+00
345 0 +1.257725719e+01 +2.725719484e-02 +2.725719484e-02
367 0 +7.003311966e+00 -5.546688034e+00 -5.546688034e+00
620 0 +6.302542473e+00 -6.247457527e+00 -6.247457527e+00
763 0 +5.335731204e+00 -7.214268796e+00 -7.214268796e+00
785 0 +4.963954919e+00 -7.586045081e+00 -7.586045081e+00
939 0 +4.285903791e+00 -8.264096209e+00 -8.264096209e+00
1071 0 +3.389047268e+00 -9.160952732e+00 -9.160952732e+00
1082 0 +1.424522306e+00 -1.112547769e+01 -1.112547769e+01
1093 0 +4.485428104e-01 -1.210145719e+01 -1.210145719e+01
1126 0 +3.924451693e-01 -1.215755483e+01 -1.215755483e+01
1137 0 +3.395122523e-01 -1.221048775e+01 -1.221048775e+01
1148 0 +1.391859384e-01 -1.241081406e+01 -1.241081406e+01
1203 0 +1.037103053e-01 -1.244628969e+01 -1.244628969e+01
1214 0 +8.707245278e-02 -1.246292755e+01 -1.246292755e+01
1258 0 +7.551156604e-02 -1.247448843e+01 -1.247448843e+01
1302 0 +6.095837964e-02 -1.248904162e+01 -1.248904162e+01
1335 0 +4.624176396e-02 -1.250375824e+01 -1.250375824e+01
1423 0 +4.310985439e-02 -1.250689015e+01 -1.250689015e+01
1456 0 +2.089266665e-02 -1.252910733e+01 -1.252910733e+01
1478 0 +1.016477091e-02 -1.253983523e+01 -1.253983523e+01
1511 0 +8.821883105e-03 -1.254117812e+01 -1.254117812e+01
1577 0 +7.628927523e-03 -1.254237107e+01 -1.254237107e+01
1676 0 +6.929575403e-03 -1.254307042e+01 -1.254307042e+01
1687 0 +6.282265618e-03 -1.254371773e+01 -1.254371773e+01
1742 0 +4.810822768e-03 -1.254518918e+01 -1.254518918e+01
2171 0 +4.354741708e-03 -1.254564526e+01 -1.254564526e+01
2182 0 +3.656794518e-03 -1.254634321e+01 -1.254634321e+01
2193 0 +2.518586633e-03 -1.254748141e+01 -1.254748141e+01
2204 0 +2.009776520e-03 -1.254799022e+01 -1.254799022e+01
2215 0 +3.137636332e-04 -1.254968624e+01 -1.254968624e+01
2248 0 +2.762401666e-04 -1.254972376e+01 -1.254972376e+01
2655 0 +2.500481013e-04 -1.254974995e+01 -1.254974995e+01
2666 0 +1.832483828e-04 -1.254981675e+01 -1.254981675e+01
2688 0 +1.645760950e-04 -1.254983542e+01 -1.254983542e+01
2721 0 +1.577507789e-04 -1.254984225e+01 -1.254984225e+01
2831 0 +1.383365222e-04 -1.254986166e+01 -1.254986166e+01
2853 0 +1.238188683e-04 -1.254987618e+01 -1.254987618e+01
2864 0 +1.058691495e-04 -1.254989413e+01 -1.254989413e+01
2875 0 +6.525591286e-05 -1.254993474e+01 -1.254993474e+01
2897 0 +6.226294305e-05 -1.254993774e+01 -1.254993774e+01
2919 0 +5.034645253e-05 -1.254994965e+01 -1.254994965e+01
2930 0 +3.071610986e-05 -1.254996928e+01 -1.254996928e+01
2941 0 +2.755524789e-05 -1.254997244e+01 -1.254997244e+01
3249 0 +2.508367722e-05 -1.254997492e+01 -1.254997492e+01
3282 0 +2.187198819e-05 -1.254997813e+01 -1.254997813e+01
3293 0 +1.753508597e-05 -1.254998246e+01 -1.254998246e+01
3315 0 +1.580908542e-05 -1.254998419e+01 -1.254998419e+01
3337 0 +1.146494007e-05 -1.254998854e+01 -1.254998854e+01
3381 0 +1.040097245e-05 -1.254998960e+01 -1.254998960e+01
3557 0 +9.818934814e-06 -1.254999018e+01 -1.254999018e+01
3601 0 +8.824067375e-06 -1.254999118e+01 -1.254999118e+01
3722 0 +7.763508320e-06 -1.254999224e+01 -1.254999224e+01
4294 0 +6.585180909e-06 -1.254999341e+01 -1.254999341e+01
4305 0 +4.451147264e-06 -1.254999555e+01 -1.254999555e+01
4360 0 +3.658137434e-06 -1.254999634e+01 -1.254999634e+01
4393 0 +3.374711920e-06 -1.254999663e+01 -1.254999663e+01
4404 0 +3.128051420e-06 -1.254999687e+01 -1.254999687e+01
4569 0 +2.286139978e-06 -1.254999771e+01 -1.254999771e+01
4591 0 +2.228811658e-06 -1.254999777e+01 -1.254999777e+01
4646 0 +1.923759235e-06 -1.254999808e+01 -1.254999808e+01
4778 0 +1.745857316e-06 -1.254999825e+01 -1.254999825e+01
4811 0 +1.492044076e-06 -1.254999851e+01 -1.254999851e+01
4833 0 +1.089747331e-06 -1.254999891e+01 -1.254999891e+01
5009 0 +9.684133797e-07 -1.254999903e+01 -1.254999903e+01
7445 0 +6.668748167e-07 -1.254999933e+01 -1.254999933e+01
7467 0 +6.179125638e-07 -1.254999938e+01 -1.254999938e+01
7478 0 +5.607926372e-07 -1.254999944e+01 -1.254999944e+01
7654 0 +4.771504152e-07 -1.254999952e+01 -1.254999952e+01
7665 0 +3.265308948e-07 -1.254999967e+01 -1.254999967e+01
7698 0 +3.003593090e-07 -1.254999970e+01 -1.254999970e+01
7720 0 +2.805679493e-07 -1.254999972e+01 -1.254999972e+01
7896 0 +2.487169688e-07 -1.254999975e+01 -1.254999975e+01
7929 0 +2.186157477e-07 -1.254999978e+01 -1.254999978e+01
7995 0 +1.945629222e-07 -1.254999981e+01 -1.254999981e+01
8017 0 +1.398870317e-07 -1.254999986e+01 -1.254999986e+01
8039 0 +1.100317206e-07 -1.254999989e+01 -1.254999989e+01
8061 0 +8.120547257e-08 -1.254999992e+01 -1.254999992e+01
8083 0 +7.527623502e-08 -1.254999992e+01 -1.254999992e+01
8094 0 +7.031462701e-08 -1.254999993e+01 -1.254999993e+01
8116 0 +6.188564683e-08 -1.254999994e+01 -1.254999994e+01
8127 0 +5.360169730e-08 -1.254999995e+01 -1.254999995e+01
8237 0 +4.907004048e-08 -1.254999995e+01 -1.254999995e+01
8248 0 +3.891909195e-08 -1.254999996e+01 -1.254999996e+01
8304 0 +3.505745028e-08 -1.254999996e+01 -1.254999996e+01
12048 0 +2.898907425e-08 -1.254999997e+01 -1.254999997e+01
12059 0 +2.271401911e-08 -1.254999998e+01 -1.254999998e+01
12070 0 +2.218715700e-08 -1.254999998e+01 -1.254999998e+01
12246 0 +1.993118559e-08 -1.254999998e+01 -1.254999998e+01
12356 0 +1.730890453e-08 -1.254999998e+01 -1.254999998e+01
12415 0 +1.570636243e-08 -1.254999998e+01 -1.254999998e+01
12422 0 +1.335319588e-08 -1.254999999e+01 -1.254999999e+01
12433 0 +1.100778491e-08 -1.254999999e+01 -1.254999999e+01
12477 0 +6.857504786e-09 -1.254999999e+01 -1.254999999e+01
42823 0 +9.325873407e-13 -1.255000000e+01 -1.255000000e+01
61664 0 +0.000000000e+00 -1.255000000e+01 -1.255000000e+01
100204 0 +0.000000000e+00 -1.255000000e+01 -1.255000000e+01
% f evaluations | g evaluations | best noise-free fitness - Fopt (5.383900000000e+02) + sum g_i+ | measured fitness | best measured fitness or single-digit g-values | x1 | x2...
1 0 +3.364340916e+05 +3.369724816e+05 +3.369724816e+05
2 0 +2.907488307e+05 +2.912872207e+05 +2.912872207e+05
4 0 +2.509231557e+05 +2.514615457e+05 +2.514615457e+05
6 0 +2.016792273e+05 +2.022176173e+05 +2.022176173e+05
15 0 +1.363969657e+05 +1.369353557e+05 +1.369353557e+05
18 0 +1.171140285e+05 +1.176524185e+05 +1.176524185e+05
19 0 +1.008785632e+05 +1.014169532e+05 +1.014169532e+05
21 0 +6.622756795e+04 +6.676595795e+04 +6.676595795e+04
24 0 +4.999682003e+04 +5.053521003e+04 +5.053521003e+04
32 0 +1.517070671e+04 +1.570909671e+04 +1.570909671e+04
43 0 +7.756163383e+03 +8.294553383e+03 +8.294553383e+03
44 0 +1.920145399e+02 +7.304045399e+02 +7.304045399e+02
54 0 +1.460413817e+02 +6.844313817e+02 +6.844313817e+02
201 0 +1.408148922e+02 +6.792048922e+02 +6.792048922e+02
203 0 +1.181752065e+02 +6.565652065e+02 +6.565652065e+02
223 0 +1.097469981e+02 +6.481369981e+02 +6.481369981e+02
253 0 +9.070919896e+01 +6.290991990e+02 +6.290991990e+02
265 0 +6.677307884e+01 +6.051630788e+02 +6.051630788e+02
289 0 +4.699163076e+01 +5.853816308e+02 +5.853816308e+02
312 0 +3.784594649e+01 +5.762359465e+02 +5.762359465e+02
345 0 +2.371791976e+01 +5.621079198e+02 +5.621079198e+02
356 0 +1.620019486e+01 +5.545901949e+02 +5.545901949e+02
378 0 +9.313788756e+00 +5.477037888e+02 +5.477037888e+02
400 0 +8.433186244e+00 +5.468231862e+02 +5.468231862e+02
411 0 +7.072812212e+00 +5.454628122e+02 +5.454628122e+02
466 0 +5.041555397e+00 +5.434315554e+02 +5.434315554e+02
488 0 +4.716569343e+00 +5.431065693e+02 +5.431065693e+02
543 0 +4.462921474e+00 +5.428529215e+02 +5.428529215e+02
565 0 +2.735084380e+00 +5.411250844e+02 +5.411250844e+02
609 0 +2.277273341e+00 +5.406672733e+02 +5.406672733e+02
631 0 +1.648088670e+00 +5.400380887e+02 +5.400380887e+02
642 0 +1.371010293e+00 +5.397610103e+02 +5.397610103e+02
653 0 +9.952004467e-01 +5.393852004e+02 +5.393852004e+02
675 0 +7.200425030e-01 +5.391100425e+02 +5.391100425e+02
686 0 +7.052839562e-01 +5.390952840e+02 +5.390952840e+02
969 0 +6.309571711e-01 +5.390209572e+02 +5.390209572e+02
983 0 +5.124476946e-01 +5.389024477e+02 +5.389024477e+02
994 0 +3.913366316e-01 +5.387813366e+02 +5.387813366e+02
1137 0 +3.431037314e-01 +5.387331037e+02 +5.387331037e+02
1148 0 +2.633190218e-01 +5.386533190e+02 +5.386533190e+02
1170 0 +2.418367221e-01 +5.386318367e+02 +5.386318367e+02
1203 0 +2.215483602e-01 +5.386115484e+02 +5.386115484e+02
1214 0 +1.683341223e-01 +5.385583341e+02 +5.385583341e+02
1236 0 +1.410083496e-01 +5.385310083e+02 +5.385310083e+02
1258 0 +1.107281782e-01 +5.385007282e+02 +5.385007282e+02
1291 0 +8.959498389e-02 +5.384795950e+02 +5.384795950e+02
1302 0 +7.932045434e-02 +5.384693205e+02 +5.384693205e+02
1324 0 +6.281149693e-02 +5.384528115e+02 +5.384528115e+02
1335 0 +2.236421210e-02 +5.384123642e+02 +5.384123642e+02
1390 0 +1.461936710e-02 +5.384046194e+02 +5.384046194e+02
1401 0 +1.073277629e-02 +5.384007328e+02 +5.384007328e+02
1423 0 +8.651319703e-03 +5.383986513e+02 +5.383986513e+02
1445 0 +7.711980962e-03 +5.383977120e+02 +5.383977120e+02
1456 0 +7.077387948e-03 +5.383970774e+02 +5.383970774e+02
1533 0 +4.548559949e-03 +5.383945486e+02 +5.383945486e+02
1599 0 +4.327673892e-03 +5.383943277e+02 +5.383943277e+02
1764 0 +3.890891912e-03 +5.383938909e+02 +5.383938909e+02
1775 0 +3.402545367e-03 +5.383934025e+02 +5.383934025e+02
1885 0 +3.035703523e-03 +5.383930357e+02 +5.383930357e+02
1896 0 +2.686345505e-03 +5.383926863e+02 +5.383926863e+02
1907 0 +2.498808686e-03 +5.383924988e+02 +5.383924988e+02
1929 0 +1.724488461e-03 +5.383917245e+02 +5.383917245e+02
2006 0 +1.541813465e-03 +5.383915418e+02 +5.383915418e+02
2160 0 +1.353319752e-03 +5.383913533e+02 +5.383913533e+02
2171 0 +9.021949209e-04 +5.383909022e+02 +5.383909022e+02
2182 0 +3.172943923e-05 +5.383900317e+02 +5.383900317e+02
2204 0 +1.536488651e-05 +5.383900154e+02 +5.383900154e+02
2300 0 +1.412259917e-05 +5.383900141e+02 +5.383900141e+02
2303 0 +1.207724540e-05 +5.383900121e+02 +5.383900121e+02
2369 0 +1.103876411e-05 +5.383900110e+02 +5.383900110e+02
2545 0 +9.487172292e-06 +5.383900095e+02 +5.383900095e+02
2556 0 +8.520022448e-06 +5.383900085e+02 +5.383900085e+02
2567 0 +7.122287457e-06 +5.383900071e+02 +5.383900071e+02
2589 0 +5.925024425e-06 +5.383900059e+02 +5.383900059e+02
2600 0 +5.444300314e-06 +5.383900054e+02 +5.383900054e+02
2611 0 +4.061670097e-06 +5.383900041e+02 +5.383900041e+02
2765 0 +3.805233746e-06 +5.383900038e+02 +5.383900038e+02
2776 0 +3.403259939e-06 +5.383900034e+02 +5.383900034e+02
2809 0 +3.001465984e-06 +5.383900030e+02 +5.383900030e+02
2820 0 +1.267809807e-06 +5.383900013e+02 +5.383900013e+02
2828 0 +1.258612997e-06 +5.383900013e+02 +5.383900013e+02
2842 0 +7.958745982e-07 +5.383900008e+02 +5.383900008e+02
2843 0 +7.941649756e-07 +5.383900008e+02 +5.383900008e+02
2853 0 +2.664704652e-07 +5.383900003e+02 +5.383900003e+02
2941 0 +1.021751359e-07 +5.383900001e+02 +5.383900001e+02
2996 0 +9.883001439e-08 +5.383900001e+02 +5.383900001e+02
3007 0 +7.934318091e-08 +5.383900001e+02 +5.383900001e+02
3139 0 +6.376819783e-08 +5.383900001e+02 +5.383900001e+02
3150 0 +5.142885584e-08 +5.383900001e+02 +5.383900001e+02
3161 0 +3.939339877e-08 +5.383900000e+02 +5.383900000e+02
3172 0 +2.116837550e-08 +5.383900000e+02 +5.383900000e+02
3205 0 +1.911325853e-08 +5.383900000e+02 +5.383900000e+02
3262 0 +1.777789294e-08 +5.383900000e+02 +5.383900000e+02
3623 0 +1.575040187e-08 +5.383900000e+02 +5.383900000e+02
3656 0 +1.308160336e-08 +5.383900000e+02 +5.383900000e+02
3667 0 +1.116040949e-08 +5.383900000e+02 +5.383900000e+02
3711 0 +9.840050552e-09 +5.383900000e+02 +5.383900000e+02
48746 0 +7.958078641e-13 +5.383900000e+02 +5.383900000e+02
49582 0 +0.000000000e+00 +5.383900000e+02 +5.383900000e+02
100006 0 +0.000000000e+00 +5.383900000e+02 +5.383900000e+02
% f evaluations | g evaluations | best noise-free fitness - Fopt (-1.055600000000e+02) + sum g_i+ | measured fitness | best measured fitness or single-digit g-values | x1 | x2...
1 0 +3.207870404e+05 +3.206814804e+05 +3.206814804e+05
6 0 +3.174620007e+05 +3.173564407e+05 +3.173564407e+05
11 0 +3.058108601e+05 +3.057053001e+05 +3.057053001e+05
14 0 +2.181881348e+05 +2.180825748e+05 +2.180825748e+05
24 0 +1.125434012e+05 +1.124378412e+05 +1.124378412e+05
34 0 +4.800379775e+04 +4.789823775e+04 +4.789823775e+04
44 0 +1.299005754e+04 +1.288449754e+04 +1.288449754e+04
51 0 +8.422588853e+03 +8.317028853e+03 +8.317028853e+03
65 0 +3.038197014e+03 +2.932637014e+03 +2.932637014e+03
69 0 +6.062522433e+02 +5.006922433e+02 +5.006922433e+02
73 0 +9.502736920e+01 -1.053263080e+01 -1.053263080e+01
90 0 +5.623465651e+01 -4.932534349e+01 -4.932534349e+01
312 0 +5.271173605e+01 -5.284826395e+01 -5.284826395e+01
378 0 +4.162544268e+01 -6.393455732e+01 -6.393455732e+01
400 0 +2.342103905e+01 -8.213896095e+01 -8.213896095e+01
411 0 +1.832524509e+01 -8.723475491e+01 -8.723475491e+01
433 0 +1.658474893e+01 -8.897525107e+01 -8.897525107e+01
444 0 +1.304660446e+01 -9.251339554e+01 -9.251339554e+01
510 0 +1.258008460e+01 -9.297991540e+01 -9.297991540e+01
631 0 +1.110782835e+01 -9.445217165e+01 -9.445217165e+01
642 0 +7.790654347e+00 -9.776934565e+01 -9.776934565e+01
653 0 +6.784700776e+00 -9.877529922e+01 -9.877529922e+01
664 0 +4.161053569e+00 -1.013989464e+02 -1.013989464e+02
675 0 +6.884445341e-01 -1.048715555e+02 -1.048715555e+02
730 0 +4.414990979e-01 -1.051185009e+02 -1.051185009e+02
763 0 +3.624471537e-01 -1.051975528e+02 -1.051975528e+02
774 0 +2.784971708e-01 -1.052815028e+02 -1.052815028e+02
972 0 +2.330967671e-01 -1.053269032e+02 -1.053269032e+02
1060 0 +2.231279982e-01 -1.053368720e+02 -1.053368720e+02
1082 0 +1.781582465e-01 -1.053818418e+02 -1.053818418e+02
1093 0 +1.243695191e-01 -1.054356305e+02 -1.054356305e+02
1115 0 +7.913694882e-02 -1.054808631e+02 -1.054808631e+02
1126 0 +6.339920340e-02 -1.054966008e+02 -1.054966008e+02
1148 0 +4.455128122e-02 -1.055154487e+02 -1.055154487e+02
1170 0 +3.415338014e-02 -1.055258466e+02 -1.055258466e+02
1555 0 +3.041780851e-02 -1.055295822e+02 -1.055295822e+02
1566 0 +2.809028207e-02 -1.055319097e+02 -1.055319097e+02
1577 0 +2.464980471e-02 -1.055353502e+02 -1.055353502e+02
1588 0 +2.140746431e-02 -1.055385925e+02 -1.055385925e+02
1610 0 +1.864129145e-02 -1.055413587e+02 -1.055413587e+02
1808 0 +1.773580708e-02 -1.055422642e+02 -1.055422642e+02
1951 0 +1.554618471e-02 -1.055444538e+02 -1.055444538e+02
1962 0 +1.315040312e-02 -1.055468496e+02 -1.055468496e+02
1973 0 +5.315728542e-03 -1.055546843e+02 -1.055546843e+02
1995 0 +3.576996710e-03 -1.055564230e+02 -1.055564230e+02
2006 0 +2.289175257e-03 -1.055577108e+02 -1.055577108e+02
2017 0 +9.137574563e-04 -1.055590862e+02 -1.055590862e+02
2028 0 +8.005415774e-04 -1.055591995e+02 -1.055591995e+02
2072 0 +7.931881965e-04 -1.055592068e+02 -1.055592068e+02
2600 0 +6.664110209e-04 -1.055593336e+02 -1.055593336e+02
2611 0 +4.985671205e-04 -1.055595014e+02 -1.055595014e+02
2622 0 +4.103764623e-04 -1.055595896e+02 -1.055595896e+02
2633 0 +1.443113130e-04 -1.055598557e+02 -1.055598557e+02
2655 0 +6.665327642e-05 -1.055599333e+02 -1.055599333e+02
2666 0 +2.983164013e-05 -1.055599702e+02 -1.055599702e+02
3348 0 +2.809800924e-05 -1.055599719e+02 -1.055599719e+02
3370 0 +2.428525447e-05 -1.055599757e+02 -1.055599757e+02
3403 0 +2.053970172e-05 -1.055599795e+02 -1.055599795e+02
3414 0 +1.743689302e-05 -1.055599826e+02 -1.055599826e+02
3436 0 +1.578406520e-05 -1.055599842e+02 -1.055599842e+02
3458 0 +1.180267850e-05 -1.055599882e+02 -1.055599882e+02
3480 0 +9.912203907e-06 -1.055599901e+02 -1.055599901e+02
3491 0 +8.886812168e-06 -1.055599911e+02 -1.055599911e+02
3700 0 +7.778013241e-06 -1.055599922e+02 -1.055599922e+02
3799 0 +6.892448837e-06 -1.055599931e+02 -1.055599931e+02
4008 0 +6.192631005e-06 -1.055599938e+02 -1.055599938e+02
4019 0 +5.512201014e-06 -1.055599945e+02 -1.055599945e+02
4063 0 +4.848465636e-06 -1.055599952e+02 -1.055599952e+02
4085 0 +4.460024584e-06 -1.055599955e+02 -1.055599955e+02
4239 0 +3.962905623e-06 -1.055599960e+02 -1.055599960e+02
4250 0 +3.284177694e-06 -1.055599967e+02 -1.055599967e+02
4261 0 +2.962458339e-06 -1.055599970e+02 -1.055599970e+02
4272 0 +1.165630508e-06 -1.055599988e+02 -1.055599988e+02
4327 0 +9.154639145e-07 -1.055599991e+02 -1.055599991e+02
4338 0 +7.520801546e-07 -1.055599992e+02 -1.055599992e+02
4371 0 +6.919263313e-07 -1.055599993e+02 -1.055599993e+02
4426 0 +6.303280173e-07 -1.055599994e+02 -1.055599994e+02
4470 0 +5.382487274e-07 -1.055599995e+02 -1.055599995e+02
4481 0 +4.801655109e-07 -1.055599995e+02 -1.055599995e+02
4492 0 +4.123302375e-07 -1.055599996e+02 -1.055599996e+02
4503 0 +3.233867858e-07 -1.055599997e+02 -1.055599997e+02
4525 0 +3.075347763e-07 -1.055599997e+02 -1.055599997e+02
4723 0 +2.792849472e-07 -1.055599997e+02 -1.055599997e+02
4790 0 +2.507597827e-07 -1.055599997e+02 -1.055599997e+02
4800 0 +2.151815295e-07 -1.055599998e+02 -1.055599998e+02
4866 0 +1.940527881e-07 -1.055599998e+02 -1.055599998e+02
4943 0 +1.747711309e-07 -1.055599998e+02 -1.055599998e+02
10030 0 +1.416132562e-07 -1.055599999e+02 -1.055599999e+02
10052 0 +1.375928775e-07 -1.055599999e+02 -1.055599999e+02
12851 0 +5.384828228e-08 -1.055599999e+02 -1.055599999e+02
12873 0 +4.294122391e-08 -1.055600000e+02 -1.055600000e+02
12884 0 +2.961554912e-08 -1.055600000e+02 -1.055600000e+02
12895 0 +2.670695665e-08 -1.055600000e+02 -1.055600000e+02
13104 0 +2.407054467e-08 -1.055600000e+02 -1.055600000e+02
13115 0 +1.561606666e-08 -1.055600000e+02 -1.055600000e+02
13192 0 +9.114202726e-09 -1.055600000e+02 -1.055600000e+02
49894 0 +9.237055565e-13 -1.055600000e+02 -1.055600000e+02
100384 0 +2.842170943e-14 -1.055600000e+02 -1.055600000e+02
% f evaluations | g evaluations | best noise-free fitness - Fopt (9.803000000000e+01) + sum g_i+ | measured fitness | best measured fitness or single-digit g-values | x1 | x2...
1 0 +2.927134259e+05 +2.928114559e+05 +2.928114559e+05
3 0 +2.165367223e+05 +2.166347523e+05 +2.166347523e+05
7 0 +1.520370786e+05 +1.521351086e+05 +1.521351086e+05
13 0 +6.846485064e+04 +6.856288064e+04 +6.856288064e+04
27 0 +3.872573379e+04 +3.882376379e+04 +3.882376379e+04
29 0 +2.006316930e+04 +2.016119930e+04 +2.016119930e+04
32 0 +1.868317808e+04 +1.878120808e+04 +1.878120808e+04
49 0 +1.307524497e+04 +1.317327497e+04 +1.317327497e+04
52 0 +3.650452751e+03 +3.748482751e+03 +3.748482751e+03
73 0 +1.064411581e+03 +1.162441581e+03 +1.162441581e+03
91 0 +1.123260906e+02 +2.103560906e+02 +2.103560906e+02
108 0 +5.992369728e+01 +1.579536973e+02 +1.579536973e+02
115 0 +4.745803217e+01 +1.454880322e+02 +1.454880322e+02
169 0 +3.336807849e+01 +1.313980785e+02 +1.313980785e+02
210 0 +2.562730395e+01 +1.236573039e+02 +1.236573039e+02
278 0 +2.354969731e+01 +1.215796973e+02 +1.215796973e+02
290 0 +1.696404578e+01 +1.149940458e+02 +1.149940458e+02
295 0 +1.310159927e+01 +1.111315993e+02 +1.111315993e+02
323 0 +1.218562232e+01 +1.102156223e+02 +1.102156223e+02
334 0 +8.834589757e+00 +1.068645898e+02 +1.068645898e+02
367 0 +7.075779043e+00 +1.051057790e+02 +1.051057790e+02
411 0 +4.791603381e+00 +1.028216034e+02 +1.028216034e+02
433 0 +4.347933297e+00 +1.023779333e+02 +1.023779333e+02
510 0 +3.967395144e+00 +1.019973951e+02 +1.019973951e+02
532 0 +3.533237079e+00 +1.015632371e+02 +1.015632371e+02
543 0 +2.402522656e+00 +1.004325227e+02 +1.004325227e+02
565 0 +1.380705598e+00 +9.941070560e+01 +9.941070560e+01
576 0 +1.247767320e+00 +9.927776732e+01 +9.927776732e+01
631 0 +9.243583157e-01 +9.895435832e+01 +9.895435832e+01
642 0 +7.571284444e-01 +9.878712844e+01 +9.878712844e+01
730 0 +7.069824407e-01 +9.873698244e+01 +9.873698244e+01
818 0 +5.464358988e-01 +9.857643590e+01 +9.857643590e+01
840 0 +4.387332547e-01 +9.846873325e+01 +9.846873325e+01
851 0 +2.125993011e-01 +9.824259930e+01 +9.824259930e+01
906 0 +1.653825181e-01 +9.819538252e+01 +9.819538252e+01
972 0 +1.536331325e-01 +9.818363313e+01 +9.818363313e+01
994 0 +8.122116176e-02 +9.811122116e+01 +9.811122116e+01
1027 0 +4.837001654e-02 +9.807837002e+01 +9.807837002e+01
1181 0 +4.453188557e-02 +9.807453189e+01 +9.807453189e+01
1225 0 +3.193335606e-02 +9.806193336e+01 +9.806193336e+01
1236 0 +4.559268124e-03 +9.803455927e+01 +9.803455927e+01
1258 0 +4.935615634e-04 +9.803049356e+01 +9.803049356e+01
1280 0 +1.476550481e-04 +9.803014766e+01 +9.803014766e+01
1313 0 +1.306320470e-04 +9.803013063e+01 +9.803013063e+01
1335 0 +1.201054218e-04 +9.803012011e+01 +9.803012011e+01
1368 0 +1.070593089e-04 +9.803010706e+01 +9.803010706e+01
1412 0 +9.644722533e-05 +9.803009645e+01 +9.803009645e+01
1544 0 +8.726197100e-05 +9.803008726e+01 +9.803008726e+01
1555 0 +7.377955130e-05 +9.803007378e+01 +9.803007378e+01
1577 0 +6.158161727e-05 +9.803006158e+01 +9.803006158e+01
1599 0 +4.058125961e-05 +9.803004058e+01 +9.803004058e+01
1610 0 +3.022674333e-05 +9.803003023e+01 +9.803003023e+01
1731 0 +2.446096303e-05 +9.803002446e+01 +9.803002446e+01
1753 0 +1.997706394e-05 +9.803001998e+01 +9.803001998e+01
1786 0 +1.964685562e-05 +9.803001965e+01 +9.803001965e+01
1808 0 +1.735714388e-05 +9.803001736e+01 +9.803001736e+01
1819 0 +1.583757017e-05 +9.803001584e+01 +9.803001584e+01
1852 0 +1.170035884e-05 +9.803001170e+01 +9.803001170e+01
1874 0 +8.762362967e-06 +9.803000876e+01 +9.803000876e+01
1918 0 +7.602273470e-06 +9.803000760e+01 +9.803000760e+01
2347 0 +6.704263583e-06 +9.803000670e+01 +9.803000670e+01
2358 0 +5.708193001e-06 +9.803000571e+01 +9.803000571e+01
2369 0 +3.367992306e-06 +9.803000337e+01 +9.803000337e+01
2380 0 +1.755143700e-06 +9.803000176e+01 +9.803000176e+01
2391 0 +9.357646320e-07 +9.803000094e+01 +9.803000094e+01
2435 0 +8.189685872e-07 +9.803000082e+01 +9.803000082e+01
2446 0 +3.315482076e-07 +9.803000033e+01 +9.803000033e+01
2479 0 +3.033275107e-07 +9.803000030e+01 +9.803000030e+01
2501 0 +1.527762805e-07 +9.803000015e+01 +9.803000015e+01
2512 0 +1.019495812e-07 +9.803000010e+01 +9.803000010e+01
2567 0 +8.980440214e-08 +9.803000009e+01 +9.803000009e+01
2589 0 +8.696346754e-08 +9.803000009e+01 +9.803000009e+01
2622 0 +7.203207986e-08 +9.803000007e+01 +9.803000007e+01
2644 0 +6.873955272e-08 +9.803000007e+01 +9.803000007e+01
19660 0 +4.877715298e-08 +9.803000005e+01 +9.803000005e+01
19781 0 +3.644946389e-08 +9.803000004e+01 +9.803000004e+01
19803 0 +3.189042275e-08 +9.803000003e+01 +9.803000003e+01
19814 0 +3.015773586e-08 +9.803000003e+01 +9.803000003e+01
30053 0 +2.785729691e-08 +9.803000003e+01 +9.803000003e+01
30064 0 +1.843059749e-08 +9.803000002e+01 +9.803000002e+01
38014 0 +1.691873308e-08 +9.803000002e+01 +9.803000002e+01
38025 0 +5.955925531e-09 +9.803000001e+01 +9.803000001e+01
44308 0 +8.242295735e-13 +9.803000000e+01 +9.803000000e+01
100003 0 +1.421085472e-14 +9.803000000e+01 +9.803000000e+01
% f evaluations | g evaluations | best noise-free fitness - Fopt (1.000000000000e+03) + sum g_i+ | measured fitness | best measured fitness or single-digit g-values | x1 | x2...
1 0 +2.617223210e+05 +2.627223210e+05 +2.627223210e+05
2 0 +1.647159266e+05 +1.657159266e+05 +1.657159266e+05
7 0 +6.349886833e+04 +6.449886833e+04 +6.449886833e+04
9 0 +1.834718485e+04 +1.934718485e+04 +1.934718485e+04
30 0 +9.955638684e+03 +1.095563868e+04 +1.095563868e+04
39 0 +7.486084113e+03 +8.486084113e+03 +8.486084113e+03
40 0 +6.956184124e+03 +7.956184124e+03 +7.956184124e+03
49 0 +8.249779750e+02 +1.824977975e+03 +1.824977975e+03
67 0 +2.433881347e+02 +1.243388135e+03 +1.243388135e+03
79 0 +1.420870388e+02 +1.142087039e+03 +1.142087039e+03
102 0 +1.151413779e+02 +1.115141378e+03 +1.115141378e+03
113 0 +1.095312334e+02 +1.109531233e+03 +1.109531233e+03
159 0 +9.695820112e+01 +1.096958201e+03 +1.096958201e+03
171 0 +6.659176223e+01 +1.066591762e+03 +1.066591762e+03
191 0 +6.305213493e+01 +1.063052135e+03 +1.063052135e+03
208 0 +4.555168014e+01 +1.045551680e+03 +1.045551680e+03
249 0 +3.935409773e+01 +1.039354098e+03 +1.039354098e+03
254 0 +3.083708563e+01 +1.030837086e+03 +1.030837086e+03
286 0 +2.768296177e+01 +1.027682962e+03 +1.027682962e+03
312 0 +2.239439998e+01 +1.022394400e+03 +1.022394400e+03
334 0 +2.224667925e+01 +1.022246679e+03 +1.022246679e+03
367 0 +1.956546233e+01 +1.019565462e+03 +1.019565462e+03
378 0 +1.601694562e+01 +1.016016946e+03 +1.016016946e+03
389 0 +8.708711806e+00 +1.008708712e+03 +1.008708712e+03
422 0 +7.502446241e+00 +1.007502446e+03 +1.007502446e+03
477 0 +6.692320838e+00 +1.006692321e+03 +1.006692321e+03
532 0 +5.961843473e+00 +1.005961843e+03 +1.005961843e+03
565 0 +5.374025497e+00 +1.005374025e+03 +1.005374025e+03
642 0 +5.002624460e+00 +1.005002624e+03 +1.005002624e+03
653 0 +4.386596136e+00 +1.004386596e+03 +1.004386596e+03
664 0 +3.082005580e+00 +1.003082006e+03 +1.003082006e+03
697 0 +2.607340592e+00 +1.002607341e+03 +1.002607341e+03
708 0 +2.281138636e+00 +1.002281139e+03 +1.002281139e+03
741 0 +2.203726984e+00 +1.002203727e+03 +1.002203727e+03
763 0 +1.840569759e+00 +1.001840570e+03 +1.001840570e+03
774 0 +1.665163698e+00 +1.001665164e+03 +1.001665164e+03
862 0 +1.563979245e+00 +1.001563979e+03 +1.001563979e+03
884 0 +1.380438230e+00 +1.001380438e+03 +1.001380438e+03
917 0 +7.496765152e-01 +1.000749677e+03 +1.000749677e+03
928 0 +2.519819571e-01 +1.000251982e+03 +1.000251982e+03
972 0 +2.500307119e-01 +1.000250031e+03 +1.000250031e+03
1060 0 +2.222266786e-01 +1.000222227e+03 +1.000222227e+03
1071 0 +1.590848889e-01 +1.000159085e+03 +1.000159085e+03
1082 0 +1.471755023e-02 +1.000014718e+03 +1.000014718e+03
1104 0 +8.564578846e-03 +1.000008565e+03 +1.000008565e+03
1115 0 +4.873872699e-03 +1.000004874e+03 +1.000004874e+03
1137 0 +2.593164531e-03 +1.000002593e+03 +1.000002593e+03
1192 0 +8.795017195e-04 +1.000000880e+03 +1.000000880e+03
1247 0 +3.057161539e-04 +1.000000306e+03 +1.000000306e+03
1258 0 +2.777362855e-04 +1.000000278e+03 +1.000000278e+03
1269 0 +2.445075365e-04 +1.000000245e+03 +1.000000245e+03
1280 0 +5.826345864e-05 +1.000000058e+03 +1.000000058e+03
1302 0 +2.666638625e-05 +1.000000027e+03 +1.000000027e+03
1324 0 +1.591623766e-05 +1.000000016e+03 +1.000000016e+03
1335 0 +1.071513509e-05 +1.000000011e+03 +1.000000011e+03
1357 0 +7.303763596e-06 +1.000000007e+03 +1.000000007e+03
1456 0 +7.068942296e-06 +1.000000007e+03 +1.000000007e+03
1566 0 +6.135818012e-06 +1.000000006e+03 +1.000000006e+03
1577 0 +5.204563536e-06 +1.000000005e+03 +1.000000005e+03
1588 0 +3.424239139e-06 +1.000000003e+03 +1.000000003e+03
1599 0 +8.878693052e-07 +1.000000001e+03 +1.000000001e+03
1621 0 +4.101125342e-07 +1.000000000e+03 +1.000000000e+03
1643 0 +1.865345212e-07 +1.000000000e+03 +1.000000000e+03
1731 0 +1.766803734e-07 +1.000000000e+03 +1.000000000e+03
1918 0 +1.426740255e-07 +1.000000000e+03 +1.000000000e+03
1973 0 +1.337887170e-07 +1.000000000e+03 +1.000000000e+03
1995 0 +1.220330432e-07 +1.000000000e+03 +1.000000000e+03
2402 0 +1.090642172e-07 +1.000000000e+03 +1.000000000e+03
2446 0 +8.729716683e-08 +1.000000000e+03 +1.000000000e+03
2457 0 +4.525077202e-08 +1.000000000e+03 +1.000000000e+03
2578 0 +4.299101874e-08 +1.000000000e+03 +1.000000000e+03
2611 0 +3.909815405e-08 +1.000000000e+03 +1.000000000e+03
2622 0 +3.491595635e-08 +1.000000000e+03 +1.000000000e+03
2633 0 +3.030118023e-08 +1.000000000e+03 +1.000000000e+03
2644 0 +2.426577339e-08 +1.000000000e+03 +1.000000000e+03
2666 0 +1.891373813e-08 +1.000000000e+03 +1.000000000e+03
2688 0 +1.393516413e-08 +1.000000000e+03 +1.000000000e+03
2699 0 +1.075318323e-08 +1.000000000e+03 +1.000000000e+03
2743 0 +9.015025171e-09 +1.000000000e+03 +1.000000000e+03
42235 0 +9.094947018e-13 +1.000000000e+03 +1.000000000e+03
100083 0 +1.136868377e-13 +1.000000000e+03 +1.000000000e+03
% f evaluations | g evaluations | best noise-free fitness - Fopt (1.490000000000e+00) + sum g_i+ | measured fitness | best measured fitness or single-digit g-values | x1 | x2...
1 0 +3.979087886e+05 +3.979102786e+05 +3.979102786e+05
2 0 +2.844591033e+05 +2.844605933e+05 +2.844605933e+05
7 0 +1.982918744e+05 +1.982933644e+05 +1.982933644e+05
15 0 +1.243034416e+05 +1.243049316e+05 +1.243049316e+05
21 0 +3.855826205e+04 +3.855975205e+04 +3.855975205e+04
37 0 +3.507380225e+04 +3.507529225e+04 +3.507529225e+04
38 0 +1.892911322e+04 +1.893060322e+04 +1.893060322e+04
43 0 +1.532192913e+04 +1.532341913e+04 +1.532341913e+04
44 0 +5.344632089e+03 +5.346122089e+03 +5.346122089e+03
81 0 +3.551467032e+03 +3.552957032e+03 +3.552957032e+03
101 0 +2.303420454e+03 +2.304910454e+03 +2.304910454e+03
102 0 +2.484184332e+02 +2.499084332e+02 +2.499084332e+02
107 0 +2.167576949e+02 +2.182476949e+02 +2.182476949e+02
172 0 +1.858635472e+02 +1.873535472e+02 +1.873535472e+02
229 0 +1.731195671e+02 +1.746095671e+02 +1.746095671e+02
231 0 +1.208995042e+02 +1.223895042e+02 +1.223895042e+02
263 0 +1.042054473e+02 +1.056954473e+02 +1.056954473e+02
278 0 +9.841969430e+01 +9.990969430e+01 +9.990969430e+01
312 0 +6.776301846e+01 +6.925301846e+01 +6.925301846e+01
323 0 +4.463962903e+01 +4.612962903e+01 +4.612962903e+01
345 0 +3.299327836e+01 +3.448327836e+01 +3.448327836e+01
356 0 +2.332336236e+01 +2.481336236e+01 +2.481336236e+01
367 0 +1.529648474e+01 +1.678648474e+01 +1.678648474e+01
389 0 +1.381783246e+01 +1.530783246e+01 +1.530783246e+01
576 0 +1.258762295e+01 +1.407762295e+01 +1.407762295e+01
609 0 +7.566218713e+00 +9.056218713e+00 +9.056218713e+00
631 0 +4.212530698e+00 +5.702530698e+00 +5.702530698e+00
653 0 +2.846119590e+00 +4.336119590e+00 +4.336119590e+00
664 0 +2.173419841e+00 +3.663419841e+00 +3.663419841e+00
763 0 +1.963660070e+00 +3.453660070e+00 +3.453660070e+00
774 0 +1.566297731e+00 +3.056297731e+00 +3.056297731e+00
785 0 +8.814219246e-01 +2.371421925e+00 +2.371421925e+00
829 0 +2.276025965e-01 +1.717602597e+00 +1.717602597e+00
840 0 +3.629485780e-02 +1.526294858e+00 +1.526294858e+00
906 0 +3.488850908e-02 +1.524888509e+00 +1.524888509e+00
928 0 +2.427867247e-02 +1.514278672e+00 +1.514278672e+00
939 0 +1.996739691e-02 +1.509967397e+00 +1.509967397e+00
961 0 +1.578834759e-02 +1.505788348e+00 +1.505788348e+00
983 0 +9.953216993e-03 +1.499953217e+00 +1.499953217e+00
1082 0 +8.802960523e-03 +1.498802961e+00 +1.498802961e+00
1104 0 +3.151256864e-03 +1.493151257e+00 +1.493151257e+00
1137 0 +2.453321740e-03 +1.492453322e+00 +1.492453322e+00
1148 0 +1.134779236e-03 +1.491134779e+00 +1.491134779e+00
1192 0 +1.072719149e-03 +1.491072719e+00 +1.491072719e+00
1302 0 +9.877912364e-04 +1.490987791e+00 +1.490987791e+00
1313 0 +8.585319583e-04 +1.490858532e+00 +1.490858532e+00
1324 0 +5.381171158e-04 +1.490538117e+00 +1.490538117e+00
1335 0 +2.756830311e-04 +1.490275683e+00 +1.490275683e+00
1434 0 +2.507311890e-04 +1.490250731e+00 +1.490250731e+00
1566 0 +2.126309658e-04 +1.490212631e+00 +1.490212631e+00
1577 0 +1.822936623e-04 +1.490182294e+00 +1.490182294e+00
1588 0 +1.478722929e-04 +1.490147872e+00 +1.490147872e+00
1610 0 +1.042549644e-04 +1.490104255e+00 +1.490104255e+00
1632 0 +7.941301304e-05 +1.490079413e+00 +1.490079413e+00
1687 0 +6.341340722e-05 +1.490063413e+00 +1.490063413e+00
1709 0 +6.249531792e-05 +1.490062495e+00 +1.490062495e+00
1742 0 +4.872547315e-05 +1.490048725e+00 +1.490048725e+00
1753 0 +1.902567397e-05 +1.490019026e+00 +1.490019026e+00
1808 0 +1.584222192e-05 +1.490015842e+00 +1.490015842e+00
1841 0 +1.397098321e-05 +1.490013971e+00 +1.490013971e+00
1929 0 +9.545742122e-06 +1.490009546e+00 +1.490009546e+00
1940 0 +6.769082427e-06 +1.490006769e+00 +1.490006769e+00
1951 0 +6.302469855e-06 +1.490006302e+00 +1.490006302e+00
1973 0 +4.056382957e-06 +1.490004056e+00 +1.490004056e+00
2039 0 +3.583455237e-06 +1.490003583e+00 +1.490003583e+00
2061 0 +3.391149105e-06 +1.490003391e+00 +1.490003391e+00
2105 0 +3.142903922e-06 +1.490003143e+00 +1.490003143e+00
2116 0 +1.926370495e-06 +1.490001926e+00 +1.490001926e+00
2149 0 +1.718688686e-06 +1.490001719e+00 +1.490001719e+00
2171 0 +9.472768343e-07 +1.490000947e+00 +1.490000947e+00
2193 0 +7.137384972e-07 +1.490000714e+00 +1.490000714e+00
2204 0 +4.964934601e-07 +1.490000496e+00 +1.490000496e+00
2226 0 +4.168229339e-07 +1.490000417e+00 +1.490000417e+00
2424 0 +3.957756860e-07 +1.490000396e+00 +1.490000396e+00
2446 0 +2.862716382e-07 +1.490000286e+00 +1.490000286e+00
2457 0 +1.396777460e-07 +1.490000140e+00 +1.490000140e+00
2523 0 +1.187158289e-07 +1.490000119e+00 +1.490000119e+00
2578 0 +1.008427077e-07 +1.490000101e+00 +1.490000101e+00
2600 0 +9.979231996e-08 +1.490000100e+00 +1.490000100e+00
2611 0 +8.306092303e-08 +1.490000083e+00 +1.490000083e+00
2633 0 +6.910739514e-08 +1.490000069e+00 +1.490000069e+00
22721 0 +5.150172599e-08 +1.490000052e+00 +1.490000052e+00
22732 0 +4.839372147e-08 +1.490000048e+00 +1.490000048e+00
22743 0 +3.926937286e-08 +1.490000039e+00 +1.490000039e+00
22831 0 +3.358969036e-08 +1.490000034e+00 +1.490000034e+00
22853 0 +3.078130417e-08 +1.490000031e+00 +1.490000031e+00
26675 0 +2.236257846e-08 +1.490000022e+00 +1.490000022e+00
26697 0 +2.150831735e-09 +1.490000002e+00 +1.490000002e+00
47777 0 +7.858158568e-13 +1.490000000e+00 +1.490000000e+00
100004 0 +2.220446049e-16 +1.490000000e+00 +1.490000000e+00
% f evaluations | g evaluations | best noise-free fitness - Fopt (5.963500000000e+02) + sum g_i+ | measured fitness | best measured fitness or single-digit g-values | x1 | x2...
1 0 +4.146239867e+05 +4.152203367e+05 +4.152203367e+05
8 0 +3.124225424e+05 +3.130188924e+05 +3.130188924e+05
17 0 +2.074171463e+05 +2.080134963e+05 +2.080134963e+05
27 0 +1.730574955e+05 +1.736538455e+05 +1.736538455e+05
38 0 +1.408417943e+05 +1.414381443e+05 +1.414381443e+05
39 0 +1.237831238e+05 +1.243794738e+05 +1.243794738e+05
49 0 +8.506049146e+04 +8.565684146e+04 +8.565684146e+04
53 0 +6.347630683e+04 +6.407265683e+04 +6.407265683e+04
65 0 +1.110185473e+04 +1.169820473e+04 +1.169820473e+04
77 0 +1.223418847e+03 +1.819768847e+03 +1.819768847e+03
91 0 +1.227420615e+02 +7.190920615e+02 +7.190920615e+02
106 0 +1.052998957e+02 +7.016498957e+02 +7.016498957e+02
115 0 +8.433805338e+01 +6.806880534e+02 +6.806880534e+02
126 0 +7.247335135e+01 +6.688233514e+02 +6.688233514e+02
270 0 +6.682749046e+01 +6.631774905e+02 +6.631774905e+02
276 0 +6.082429154e+01 +6.571742915e+02 +6.571742915e+02
289 0 +5.135749890e+01 +6.477074989e+02 +6.477074989e+02
312 0 +3.223025734e+01 +6.285802573e+02 +6.285802573e+02
334 0 +1.621311361e+01 +6.125631136e+02 +6.125631136e+02
356 0 +7.353783790e+00 +6.037037838e+02 +6.037037838e+02
389 0 +6.814201309e+00 +6.031642013e+02 +6.031642013e+02
400 0 +6.284218421e+00 +6.026342184e+02 +6.026342184e+02
510 0 +5.550201412e+00 +6.019002014e+02 +6.019002014e+02
642 0 +4.737305033e+00 +6.010873050e+02 +6.010873050e+02
653 0 +4.167473084e+00 +6.005174731e+02 +6.005174731e+02
664 0 +3.095871132e+00 +5.994458711e+02 +5.994458711e+02
675 0 +1.446081560e+00 +5.977960816e+02 +5.977960816e+02
697 0 +9.063356218e-01 +5.972563356e+02 +5.972563356e+02
708 0 +4.023043356e-01 +5.967523043e+02 +5.967523043e+02
719 0 +3.061773812e-01 +5.966561774e+02 +5.966561774e+02
741 0 +1.647605190e-01 +5.965147605e+02 +5.965147605e+02
763 0 +1.139678366e-01 +5.964639678e+02 +5.964639678e+02
785 0 +1.115671278e-01 +5.964615671e+02 +5.964615671e+02
796 0 +9.131814807e-02 +5.964413181e+02 +5.964413181e+02
818 0 +8.315913577e-02 +5.964331591e+02 +5.964331591e+02
1093 0 +7.925929253e-02 +5.964292593e+02 +5.964292593e+02
1808 0 +6.663081815e-02 +5.964166308e+02 +5.964166308e+02
1819 0 +6.024213267e-02 +5.964102421e+02 +5.964102421e+02
1830 0 +4.947986172e-02 +5.963994799e+02 +5.963994799e+02
1841 0 +4.179171436e-02 +5.963917917e+02 +5.963917917e+02
1852 0 +3.853469950e-02 +5.963885347e+02 +5.963885347e+02
1863 0 +2.190791090e-02 +5.963719079e+02 +5.963719079e+02
1874 0 +1.021322020e-02 +5.963602132e+02 +5.963602132e+02
1907 0 +8.599928587e-03 +5.963585999e+02 +5.963585999e+02
1929 0 +4.825213653e-03 +5.963548252e+02 +5.963548252e+02
1940 0 +2.484124399e-03 +5.963524841e+02 +5.963524841e+02
1962 0 +2.144925761e-03 +5.963521449e+02 +5.963521449e+02
1973 0 +1.619964973e-03 +5.963516200e+02 +5.963516200e+02
1984 0 +1.447442431e-03 +5.963514474e+02 +5.963514474e+02
2028 0 +1.404634275e-03 +5.963514046e+02 +5.963514046e+02
2149 0 +1.246296512e-03 +5.963512463e+02 +5.963512463e+02
2160 0 +1.006910702e-03 +5.963510069e+02 +5.963510069e+02
2171 0 +7.306868873e-04 +5.963507307e+02 +5.963507307e+02
2226 0 +6.663956341e-04 +5.963506664e+02 +5.963506664e+02
2237 0 +5.611541620e-04 +5.963505612e+02 +5.963505612e+02
2292 0 +4.866287708e-04 +5.963504866e+02 +5.963504866e+02
2314 0 +4.304719325e-04 +5.963504305e+02 +5.963504305e+02
2380 0 +3.295694014e-04 +5.963503296e+02 +5.963503296e+02
2391 0 +2.547262278e-04 +5.963502547e+02 +5.963502547e+02
2402 0 +1.439508330e-04 +5.963501440e+02 +5.963501440e+02
2413 0 +1.106422532e-04 +5.963501106e+02 +5.963501106e+02
2424 0 +5.296476274e-05 +5.963500530e+02 +5.963500530e+02
2567 0 +4.942096405e-05 +5.963500494e+02 +5.963500494e+02
2644 0 +4.420361518e-05 +5.963500442e+02 +5.963500442e+02
2853 0 +3.948998312e-05 +5.963500395e+02 +5.963500395e+02
2864 0 +3.122543501e-05 +5.963500312e+02 +5.963500312e+02
3304 0 +2.778991620e-05 +5.963500278e+02 +5.963500278e+02
3513 0 +2.409634340e-05 +5.963500241e+02 +5.963500241e+02
3546 0 +2.200180359e-05 +5.963500220e+02 +5.963500220e+02
3568 0 +1.913844505e-05 +5.963500191e+02 +5.963500191e+02
3579 0 +1.651545574e-05 +5.963500165e+02 +5.963500165e+02
3711 0 +1.582607194e-05 +5.963500158e+02 +5.963500158e+02
3733 0 +1.119293233e-05 +5.963500112e+02 +5.963500112e+02
3744 0 +3.022325131e-06 +5.963500030e+02 +5.963500030e+02
4063 0 +2.749891109e-06 +5.963500027e+02 +5.963500027e+02
4074 0 +1.949033845e-06 +5.963500019e+02 +5.963500019e+02
4085 0 +1.149288664e-06 +5.963500011e+02 +5.963500011e+02
4140 0 +9.838521464e-07 +5.963500010e+02 +5.963500010e+02
7225 0 +3.878276402e-07 +5.963500004e+02 +5.963500004e+02
7236 0 +1.828855147e-07 +5.963500002e+02 +5.963500002e+02
7280 0 +1.624550805e-07 +5.963500002e+02 +5.963500002e+02
7302 0 +1.068748361e-07 +5.963500001e+02 +5.963500001e+02
7335 0 +9.992572814e-08 +5.963500001e+02 +5.963500001e+02
11553 0 +8.795620943e-08 +5.963500001e+02 +5.963500001e+02
11747 0 +7.926507806e-08 +5.963500001e+02 +5.963500001e+02
11905 0 +7.047435702e-08 +5.963500001e+02 +5.963500001e+02
21442 0 +5.739957487e-08 +5.963500001e+02 +5.963500001e+02
21464 0 +3.314414698e-08 +5.963500000e+02 +5.963500000e+02
21476 0 +3.155253125e-08 +5.963500000e+02 +5.963500000e+02
21497 0 +2.073920768e-08 +5.963500000e+02 +5.963500000e+02
21499 0 +1.982175490e-08 +5.963500000e+02 +5.963500000e+02
21697 0 +1.723401510e-08 +5.963500000e+02 +5.963500000e+02
21706 0 +1.450132459e-08 +5.963500000e+02 +5.963500000e+02
21708 0 +1.302066721e-08 +5.963500000e+02 +5.963500000e+02
21728 0 +1.186162990e-08 +5.963500000e+02 +5.963500000e+02
21739 0 +6.967070476e-09 +5.963500000e+02 +5.963500000e+02
42920 0 +7.958078641e-13 +5.963500000e+02 +5.963500000e+02
100002 0 +1.136868377e-13 +5.963500000e+02 +5.963500000e+02
% f evaluations | g evaluations | best noise-free fitness - Fopt (-1.189700000000e+02) + sum g_i+ | measured fitness | best measured fitness or single-digit g-values | x1 | x2...
1 0 +5.813561700e+05 +5.812372000e+05 +5.812372000e+05
2 0 +4.327162232e+05 +4.325972532e+05 +4.325972532e+05
3 0 +2.658687092e+05 +2.657497392e+05 +2.657497392e+05
16 0 +2.143747057e+05 +2.142557357e+05 +2.142557357e+05
23 0 +1.887579738e+05 +1.886390038e+05 +1.886390038e+05
31 0 +1.352084871e+05 +1.350895171e+05 +1.350895171e+05
38 0 +1.160189120e+05 +1.158999420e+05 +1.158999420e+05
45 0 +1.051457695e+05 +1.050267995e+05 +1.050267995e+05
73 0 +8.885727411e+04 +8.873830411e+04 +8.873830411e+04
78 0 +6.328803312e+04 +6.316906312e+04 +6.316906312e+04
81 0 +3.359611423e+04 +3.347714423e+04 +3.347714423e+04
98 0 +1.366951899e+04 +1.355054899e+04 +1.355054899e+04
112 0 +1.182016423e+04 +1.170119423e+04 +1.170119423e+04
117 0 +1.950135158e+03 +1.831165158e+03 +1.831165158e+03
126 0 +4.011076162e+02 +2.821376162e+02 +2.821376162e+02
180 0 +1.347572747e+02 +1.578727471e+01 +1.578727471e+01
182 0 +9.963038335e+01 -1.933961665e+01 -1.933961665e+01
219 0 +8.686266964e+01 -3.210733036e+01 -3.210733036e+01
230 0 +5.743781537e+01 -6.153218463e+01 -6.153218463e+01
296 0 +4.998502081e+01 -6.898497919e+01 -6.898497919e+01
312 0 +4.193723430e+01 -7.703276570e+01 -7.703276570e+01
323 0 +2.315478298e+01 -9.581521702e+01 -9.581521702e+01
345 0 +1.906997313e+01 -9.990002687e+01 -9.990002687e+01
356 0 +1.343329037e+01 -1.055367096e+02 -1.055367096e+02
455 0 +1.251310409e+01 -1.064568959e+02 -1.064568959e+02
477 0 +6.866878696e+00 -1.121031213e+02 -1.121031213e+02
488 0 +2.575993857e+00 -1.163940061e+02 -1.163940061e+02
543 0 +1.375978381e+00 -1.175940216e+02 -1.175940216e+02
565 0 +1.187929814e+00 -1.177820702e+02 -1.177820702e+02
598 0 +1.101063573e+00 -1.178689364e+02 -1.178689364e+02
730 0 +9.216367607e-01 -1.180483632e+02 -1.180483632e+02
741 0 +7.760500070e-01 -1.181939500e+02 -1.181939500e+02
774 0 +6.787795324e-01 -1.182912205e+02 -1.182912205e+02
796 0 +5.121624133e-01 -1.184578376e+02 -1.184578376e+02
807 0 +4.149596942e-01 -1.185550403e+02 -1.185550403e+02
994 0 +3.980073162e-01 -1.185719927e+02 -1.185719927e+02
1060 0 +3.479123193e-01 -1.186220877e+02 -1.186220877e+02
1126 0 +3.127278097e-01 -1.186572722e+02 -1.186572722e+02
1137 0 +2.531007412e-01 -1.187168993e+02 -1.187168993e+02
1148 0 +1.303338345e-01 -1.188396662e+02 -1.188396662e+02
1225 0 +8.002970320e-02 -1.188899703e+02 -1.188899703e+02
1247 0 +6.603649972e-02 -1.189039635e+02 -1.189039635e+02
1258 0 +2.024182378e-02 -1.189497582e+02 -1.189497582e+02
1280 0 +1.808605899e-02 -1.189519139e+02 -1.189519139e+02
1291 0 +1.497560952e-02 -1.189550244e+02 -1.189550244e+02
1412 0 +1.366161951e-02 -1.189563384e+02 -1.189563384e+02
1588 0 +1.170813386e-02 -1.189582919e+02 -1.189582919e+02
1599 0 +8.732653169e-03 -1.189612673e+02 -1.189612673e+02
1610 0 +6.716330355e-03 -1.189632837e+02 -1.189632837e+02
1632 0 +4.905275547e-03 -1.189650947e+02 -1.189650947e+02
1753 0 +2.773705053e-03 -1.189672263e+02 -1.189672263e+02
1764 0 +5.654989667e-05 -1.189699435e+02 -1.189699435e+02
1885 0 +1.794337301e-05 -1.189699821e+02 -1.189699821e+02
1940 0 +1.769854890e-05 -1.189699823e+02 -1.189699823e+02
1962 0 +1.560068746e-05 -1.189699844e+02 -1.189699844e+02
1973 0 +5.362470205e-06 -1.189699946e+02 -1.189699946e+02
2028 0 +3.062158314e-06 -1.189699969e+02 -1.189699969e+02
2039 0 +1.902833745e-06 -1.189699981e+02 -1.189699981e+02
2160 0 +1.755455060e-06 -1.189699982e+02 -1.189699982e+02
5322 0 +6.168425841e-07 -1.189699994e+02 -1.189699994e+02
5333 0 +4.937129461e-08 -1.189700000e+02 -1.189700000e+02
5344 0 +3.874241372e-08 -1.189700000e+02 -1.189700000e+02
5366 0 +3.311222940e-08 -1.189700000e+02 -1.189700000e+02
5377 0 +3.024446471e-08 -1.189700000e+02 -1.189700000e+02
5586 0 +2.738008220e-08 -1.189700000e+02 -1.189700000e+02
5840 0 +2.487021789e-08 -1.189700000e+02 -1.189700000e+02
5861 0 +2.108674835e-08 -1.189700000e+02 -1.189700000e+02
5895 0 +1.979599062e-08 -1.189700000e+02 -1.189700000e+02
5916 0 +1.735870114e-08 -1.189700000e+02 -1.189700000e+02
5927 0 +1.100769964e-08 -1.189700000e+02 -1.189700000e+02
5949 0 +5.826066740e-09 -1.189700000e+02 -1.189700000e+02
45702 0 +7.815970093e-13 -1.189700000e+02 -1.189700000e+02
100274 0 +1.421085472e-14 -1.189700000e+02 -1.189700000e+02
