% f evaluations | g evaluations | best noise-free fitness - Fopt (-1.694000000000e+01) + sum g_i+ | measured fitness | best measured fitness or single-digit g-values | x1 | x2...
1 0 +4.882419592e+01 +3.188419592e+01 +3.188419592e+01
2 0 +1.457016037e+01 -2.369839628e+00 -2.369839628e+00
11 0 +1.037780932e+01 -6.562190676e+00 -6.562190676e+00
26 0 +8.345301629e+00 -8.594698371e+00 -8.594698371e+00
30 0 +7.084300297e+00 -9.855699703e+00 -9.855699703e+00
38 0 +7.063683005e+00 -9.876316995e+00 -9.876316995e+00
43 0 +5.393156587e+00 -1.154684341e+01 -1.154684341e+01
65 0 +3.187967001e+00 -1.375203300e+01 -1.375203300e+01
109 0 +3.096468609e+00 -1.384353139e+01 -1.384353139e+01
195 0 +1.959709381e+00 -1.498029062e+01 -1.498029062e+01
201 0 +1.570740764e+00 -1.536925924e+01 -1.536925924e+01
212 0 +1.388604433e+00 -1.555139557e+01 -1.555139557e+01
223 0 +1.254228631e+00 -1.568577137e+01 -1.568577137e+01
267 0 +9.966768874e-01 -1.594332311e+01 -1.594332311e+01
311 0 +8.244995750e-01 -1.611550043e+01 -1.611550043e+01
344 0 +7.697062286e-01 -1.617029377e+01 -1.617029377e+01
377 0 +6.973880024e-01 -1.624261200e+01 -1.624261200e+01
1779 0 +4.705698492e-01 -1.646943015e+01 -1.646943015e+01
1882 0 +2.318692092e-01 -1.670813079e+01 -1.670813079e+01
1938 0 +2.018970374e-01 -1.673810296e+01 -1.673810296e+01
1989 0 +1.704080790e-01 -1.676959192e+01 -1.676959192e+01
2011 0 +1.479314646e-01 -1.679206854e+01 -1.679206854e+01
2044 0 +1.402400958e-01 -1.679975990e+01 -1.679975990e+01
2077 0 +1.134061831e-01 -1.682659382e+01 -1.682659382e+01
2099 0 +1.064491170e-01 -1.683355088e+01 -1.683355088e+01
2154 0 +9.953815299e-02 -1.684046185e+01 -1.684046185e+01
2165 0 +8.846728353e-02 -1.685153272e+01 -1.685153272e+01
2231 0 +7.576760606e-02 -1.686423239e+01 -1.686423239e+01
2308 0 +7.053426098e-02 -1.686946574e+01 -1.686946574e+01
3280 0 +6.295734737e-02 -1.687704265e+01 -1.687704265e+01
3813 0 +5.144856966e-02 -1.688855143e+01 -1.688855143e+01
3835 0 +4.410232698e-02 -1.689589767e+01 -1.689589767e+01
4043 0 +3.879904839e-02 -1.690120095e+01 -1.690120095e+01
4120 0 +3.521892591e-02 -1.690478107e+01 -1.690478107e+01
4197 0 +3.149141131e-02 -1.690850859e+01 -1.690850859e+01
5048 0 +2.812361610e-02 -1.691187638e+01 -1.691187638e+01
5191 0 +2.501078286e-02 -1.691498922e+01 -1.691498922e+01
6086 0 +2.227872847e-02 -1.691772127e+01 -1.691772127e+01
6306 0 +1.992935704e-02 -1.692007064e+01 -1.692007064e+01
100127 0 +1.836259677e-02 -1.692163740e+01 -1.692163740e+01
% f evaluations | g evaluations | best noise-free fitness - Fopt (1.881000000000e+01) + sum g_i+ | measured fitness | best measured fitness or single-digit g-values | x1 | x2...
1 0 +1.131935286e+01 +3.012935286e+01 +3.012935286e+01
2 0 +8.964731809e+00 +2.777473181e+01 +2.777473181e+01
6 0 +7.922103765e+00 +2.673210377e+01 +2.673210377e+01
13 0 +6.796036299e+00 +2.560603630e+01 +2.560603630e+01
15 0 +5.589517908e+00 +2.439951791e+01 +2.439951791e+01
31 0 +4.620090850e+00 +2.343009085e+01 +2.343009085e+01
65 0 +3.752120353e+00 +2.256212035e+01 +2.256212035e+01
124 0 +3.107294034e+00 +2.191729403e+01 +2.191729403e+01
175 0 +2.445221776e+00 +2.125522178e+01 +2.125522178e+01
191 0 +2.135733128e+00 +2.094573313e+01 +2.094573313e+01
201 0 +1.557903720e+00 +2.036790372e+01 +2.036790372e+01
234 0 +1.140364473e+00 +1.995036447e+01 +1.995036447e+01
267 0 +1.106059117e+00 +1.991605912e+01 +1.991605912e+01
1066 0 +5.512716891e-01 +1.936127169e+01 +1.936127169e+01
1129 0 +4.401450906e-01 +1.925014509e+01 +1.925014509e+01
1184 0 +3.965516290e-01 +1.920655163e+01 +1.920655163e+01
1272 0 +3.391362080e-01 +1.914913621e+01 +1.914913621e+01
1305 0 +3.149837300e-01 +1.912498373e+01 +1.912498373e+01
1327 0 +2.713423649e-01 +1.908134236e+01 +1.908134236e+01
1349 0 +2.441645548e-01 +1.905416455e+01 +1.905416455e+01
2134 0 +2.226561790e-01 +1.903265618e+01 +1.903265618e+01
2167 0 +1.825181699e-01 +1.899251817e+01 +1.899251817e+01
2211 0 +1.767470655e-01 +1.898674707e+01 +1.898674707e+01
2266 0 +1.579287768e-01 +1.896792878e+01 +1.896792878e+01
3033 0 +1.381929161e-01 +1.894819292e+01 +1.894819292e+01
3040 0 +1.244286625e-01 +1.893442866e+01 +1.893442866e+01
3095 0 +1.063161278e-01 +1.891631613e+01 +1.891631613e+01
3117 0 +9.790112297e-02 +1.890790112e+01 +1.890790112e+01
3238 0 +8.844450235e-02 +1.889844450e+01 +1.889844450e+01
4151 0 +6.476536108e-02 +1.887476536e+01 +1.887476536e+01
4200 0 +5.006637923e-02 +1.886006638e+01 +1.886006638e+01
4249 0 +4.161879536e-02 +1.885161880e+01 +1.885161880e+01
4331 0 +3.913820971e-02 +1.884913821e+01 +1.884913821e+01
4452 0 +3.544193995e-02 +1.884544194e+01 +1.884544194e+01
4507 0 +3.130751233e-02 +1.884130751e+01 +1.884130751e+01
5328 0 +2.679994679e-02 +1.883679995e+01 +1.883679995e+01
5589 0 +2.500322592e-02 +1.883500323e+01 +1.883500323e+01
6417 0 +2.206838887e-02 +1.883206839e+01 +1.883206839e+01
6571 0 +1.953517789e-02 +1.882953518e+01 +1.882953518e+01
7851 0 +1.770676646e-02 +1.882770677e+01 +1.882770677e+01
58541 0 +1.584184291e-02 +1.882584184e+01 +1.882584184e+01
100465 0 +1.574511888e-02 +1.882574512e+01 +1.882574512e+01
% f evaluations | g evaluations | best noise-free fitness - Fopt (2.731500000000e+02) + sum g_i+ | measured fitness | best measured fitness or single-digit g-values | x1 | x2...
1 0 +4.412935929e+01 +3.172793593e+02 +3.172793593e+02
2 0 +1.979107390e+01 +2.929410739e+02 +2.929410739e+02
5 0 +1.381939287e+01 +2.869693929e+02 +2.869693929e+02
13 0 +9.044855899e+00 +2.821948559e+02 +2.821948559e+02
42 0 +8.550394319e+00 +2.817003943e+02 +2.817003943e+02
49 0 +7.774889929e+00 +2.809248899e+02 +2.809248899e+02
52 0 +5.244975274e+00 +2.783949753e+02 +2.783949753e+02
127 0 +4.832511845e+00 +2.779825118e+02 +2.779825118e+02
135 0 +3.845622504e+00 +2.769956225e+02 +2.769956225e+02
182 0 +3.299272986e+00 +2.764492730e+02 +2.764492730e+02
212 0 +2.316444856e+00 +2.754664449e+02 +2.754664449e+02
234 0 +2.072549264e+00 +2.752225493e+02 +2.752225493e+02
256 0 +1.987335129e+00 +2.751373351e+02 +2.751373351e+02
289 0 +1.703828872e+00 +2.748538289e+02 +2.748538289e+02
333 0 +1.518607013e+00 +2.746686070e+02 +2.746686070e+02
377 0 +1.370707381e+00 +2.745207074e+02 +2.745207074e+02
410 0 +1.251954162e+00 +2.744019542e+02 +2.744019542e+02
1260 0 +1.120520258e+00 +2.742705203e+02 +2.742705203e+02
1315 0 +9.951792896e-01 +2.741451793e+02 +2.741451793e+02
2462 0 +8.873938074e-01 +2.740373938e+02 +2.740373938e+02
2956 0 +6.949378406e-01 +2.738449378e+02 +2.738449378e+02
3136 0 +6.186418674e-01 +2.737686419e+02 +2.737686419e+02
3180 0 +5.603381010e-01 +2.737103381e+02 +2.737103381e+02
4503 0 +4.811808683e-01 +2.736311809e+02 +2.736311809e+02
5460 0 +4.446278128e-01 +2.735946278e+02 +2.735946278e+02
5501 0 +3.770363082e-01 +2.735270363e+02 +2.735270363e+02
5672 0 +3.527053975e-01 +2.735027054e+02 +2.735027054e+02
6282 0 +3.025775192e-01 +2.734525775e+02 +2.734525775e+02
6511 0 +2.817800584e-01 +2.734317801e+02 +2.734317801e+02
12759 0 +2.508205555e-01 +2.734008206e+02 +2.734008206e+02
100008 0 +2.481178229e-01 +2.733981178e+02 +2.733981178e+02
% f evaluations | g evaluations | best noise-free fitness - Fopt (3.718000000000e+01) + sum g_i+ | measured fitness | best measured fitness or single-digit g-values | x1 | x2...
1 0 +2.389591439e+01 +6.107591439e+01 +6.107591439e+01
2 0 +1.841762662e+01 +5.559762662e+01 +5.559762662e+01
3 0 +1.379052855e+01 +5.097052855e+01 +5.097052855e+01
39 0 +1.201442294e+01 +4.919442294e+01 +4.919442294e+01
60 0 +9.359622838e+00 +4.653962284e+01 +4.653962284e+01
75 0 +8.894431565e+00 +4.607443157e+01 +4.607443157e+01
88 0 +5.688446397e+00 +4.286844640e+01 +4.286844640e+01
166 0 +5.462771428e+00 +4.264277143e+01 +4.264277143e+01
168 0 +3.590135392e+00 +4.077013539e+01 +4.077013539e+01
175 0 +2.322276068e+00 +3.950227607e+01 +3.950227607e+01
289 0 +2.077172984e+00 +3.925717298e+01 +3.925717298e+01
311 0 +1.992729426e+00 +3.917272943e+01 +3.917272943e+01
366 0 +1.771910561e+00 +3.895191056e+01 +3.895191056e+01
399 0 +1.568963347e+00 +3.874896335e+01 +3.874896335e+01
443 0 +1.388636261e+00 +3.856863626e+01 +3.856863626e+01
1071 0 +1.113399801e+00 +3.829339980e+01 +3.829339980e+01
1119 0 +6.996479171e-01 +3.787964792e+01 +3.787964792e+01
1184 0 +5.468948283e-01 +3.772689483e+01 +3.772689483e+01
1228 0 +4.834756418e-01 +3.766347564e+01 +3.766347564e+01
1382 0 +4.399012048e-01 +3.761990120e+01 +3.761990120e+01
1448 0 +3.973085893e-01 +3.757730859e+01 +3.757730859e+01
3186 0 +2.739003373e-01 +3.745390034e+01 +3.745390034e+01
3251 0 +2.109224979e-01 +3.739092250e+01 +3.739092250e+01
3256 0 +1.904507594e-01 +3.737045076e+01 +3.737045076e+01
3311 0 +1.436591275e-01 +3.732365913e+01 +3.732365913e+01
3333 0 +1.350168257e-01 +3.731501683e+01 +3.731501683e+01
3355 0 +1.062350623e-01 +3.728623506e+01 +3.728623506e+01
3388 0 +9.448213622e-02 +3.727448214e+01 +3.727448214e+01
3454 0 +8.844117251e-02 +3.726844117e+01 +3.726844117e+01
4349 0 +7.220755510e-02 +3.725220756e+01 +3.725220756e+01
4371 0 +6.857802691e-02 +3.724857803e+01 +3.724857803e+01
4481 0 +6.305318064e-02 +3.724305318e+01 +3.724305318e+01
4569 0 +5.435494416e-02 +3.723435494e+01 +3.723435494e+01
5431 0 +4.843910991e-02 +3.722843911e+01 +3.722843911e+01
5444 0 +4.308881134e-02 +3.722308881e+01 +3.722308881e+01
5491 0 +3.916788748e-02 +3.721916789e+01 +3.721916789e+01
5514 0 +3.093205263e-02 +3.721093205e+01 +3.721093205e+01
5551 0 +2.640836534e-02 +3.720640837e+01 +3.720640837e+01
5629 0 +1.946871171e-02 +3.719946871e+01 +3.719946871e+01
5640 0 +1.378739425e-02 +3.719378739e+01 +3.719378739e+01
5684 0 +1.251144789e-02 +3.719251145e+01 +3.719251145e+01
5772 0 +1.108731385e-02 +3.719108731e+01 +3.719108731e+01
5805 0 +9.111638406e-03 +3.718911164e+01 +3.718911164e+01
5816 0 +7.769048294e-03 +3.718776905e+01 +3.718776905e+01
5838 0 +7.007517228e-03 +3.718700752e+01 +3.718700752e+01
6700 0 +6.082326891e-03 +3.718608233e+01 +3.718608233e+01
6733 0 +5.190273090e-03 +3.718519027e+01 +3.718519027e+01
6799 0 +5.011153643e-03 +3.718501115e+01 +3.718501115e+01
6876 0 +4.408971391e-03 +3.718440897e+01 +3.718440897e+01
7801 0 +3.642764759e-03 +3.718364276e+01 +3.718364276e+01
7892 0 +3.491470868e-03 +3.718349147e+01 +3.718349147e+01
7936 0 +3.108377072e-03 +3.718310838e+01 +3.718310838e+01
7958 0 +2.648379804e-03 +3.718264838e+01 +3.718264838e+01
8013 0 +2.497186655e-03 +3.718249719e+01 +3.718249719e+01
8057 0 +2.183629930e-03 +3.718218363e+01 +3.718218363e+01
9436 0 +1.983324107e-03 +3.718198332e+01 +3.718198332e+01
10366 0 +1.684121415e-03 +3.718168412e+01 +3.718168412e+01
10672 0 +1.563309746e-03 +3.718156331e+01 +3.718156331e+01
11550 0 +1.385984434e-03 +3.718138598e+01 +3.718138598e+01
11809 0 +1.223350526e-03 +3.718122335e+01 +3.718122335e+01
11897 0 +1.121747452e-03 +3.718112175e+01 +3.718112175e+01
13122 0 +9.999397391e-04 +3.718099994e+01 +3.718099994e+01
13342 0 +8.845302127e-04 +3.718088453e+01 +3.718088453e+01
15575 0 +7.942273690e-04 +3.718079423e+01 +3.718079423e+01
100113 0 +7.924741576e-04 +3.718079247e+01 +3.718079247e+01
% f evaluations | g evaluations | best noise-free fitness - Fopt (-1.479000000000e+02) + sum g_i+ | measured fitness | best measured fitness or single-digit g-values | x1 | x2...
1 0 +1.022785512e+01 -1.376721449e+02 -1.376721449e+02
3 0 +5.939603136e+00 -1.419603969e+02 -1.419603969e+02
22 0 +5.180472350e+00 -1.427195276e+02 -1.427195276e+02
26 0 +4.858631058e+00 -1.430413689e+02 -1.430413689e+02
33 0 +3.868282366e+00 -1.440317176e+02 -1.440317176e+02
48 0 +3.265284454e+00 -1.446347155e+02 -1.446347155e+02
90 0 +2.304786216e+00 -1.455952138e+02 -1.455952138e+02
185 0 +2.171579257e+00 -1.457284207e+02 -1.457284207e+02
421 0 +1.994731335e+00 -1.459052687e+02 -1.459052687e+02
1102 0 +1.676452886e+00 -1.462235471e+02 -1.462235471e+02
1149 0 +1.507356256e+00 -1.463926437e+02 -1.463926437e+02
1182 0 +1.411388270e+00 -1.464886117e+02 -1.464886117e+02
1348 0 +1.184749777e+00 -1.467152502e+02 -1.467152502e+02
1359 0 +9.392442609e-01 -1.469607557e+02 -1.469607557e+02
1392 0 +8.771149483e-01 -1.470228851e+02 -1.470228851e+02
1425 0 +7.474866273e-01 -1.471525134e+02 -1.471525134e+02
2213 0 +6.887279597e-01 -1.472112720e+02 -1.472112720e+02
2319 0 +6.299084907e-01 -1.472700915e+02 -1.472700915e+02
2418 0 +5.341851636e-01 -1.473658148e+02 -1.473658148e+02
2495 0 +5.001826372e-01 -1.473998174e+02 -1.473998174e+02
3486 0 +3.616704360e-01 -1.475383296e+02 -1.475383296e+02
3597 0 +3.394212880e-01 -1.475605787e+02 -1.475605787e+02
3626 0 +2.698787304e-01 -1.476301213e+02 -1.476301213e+02
3650 0 +1.743287041e-01 -1.477256713e+02 -1.477256713e+02
3719 0 +1.581893966e-01 -1.477418106e+02 -1.477418106e+02
3730 0 +1.371784948e-01 -1.477628215e+02 -1.477628215e+02
3895 0 +1.250550175e-01 -1.477749450e+02 -1.477749450e+02
5065 0 +1.093592339e-01 -1.477906408e+02 -1.477906408e+02
5175 0 +9.762224646e-02 -1.478023778e+02 -1.478023778e+02
6433 0 +8.623734342e-02 -1.478137627e+02 -1.478137627e+02
6642 0 +7.771120311e-02 -1.478222888e+02 -1.478222888e+02
7988 0 +7.072302337e-02 -1.478292770e+02 -1.478292770e+02
9576 0 +6.160053274e-02 -1.478383995e+02 -1.478383995e+02
12169 0 +5.623277488e-02 -1.478437672e+02 -1.478437672e+02
100050 0 +5.220628008e-02 -1.478477937e+02 -1.478477937e+02
% f evaluations | g evaluations | best noise-free fitness - Fopt (4.817100000000e+02) + sum g_i+ | measured fitness | best measured fitness or single-digit g-values | x1 | x2...
1 0 +1.238916101e+01 +4.940991610e+02 +4.940991610e+02
13 0 +7.205500803e+00 +4.889155008e+02 +4.889155008e+02
38 0 +6.541364315e+00 +4.882513643e+02 +4.882513643e+02
96 0 +6.290990011e+00 +4.880009900e+02 +4.880009900e+02
127 0 +3.131031333e+00 +4.848410313e+02 +4.848410313e+02
234 0 +2.591505566e+00 +4.843015056e+02 +4.843015056e+02
245 0 +1.949687849e+00 +4.836596878e+02 +4.836596878e+02
267 0 +1.548896132e+00 +4.832588961e+02 +4.832588961e+02
344 0 +1.367237400e+00 +4.830772374e+02 +4.830772374e+02
2244 0 +8.786269896e-01 +4.825886270e+02 +4.825886270e+02
2383 0 +7.804647482e-01 +4.824904647e+02 +4.824904647e+02
2493 0 +6.902766061e-01 +4.824002766e+02 +4.824002766e+02
2548 0 +6.187128406e-01 +4.823287128e+02 +4.823287128e+02
2592 0 +5.563839426e-01 +4.822663839e+02 +4.822663839e+02
3036 0 +4.720105416e-01 +4.821820105e+02 +4.821820105e+02
3041 0 +2.630193943e-01 +4.819730194e+02 +4.819730194e+02
3299 0 +2.508769755e-01 +4.819608770e+02 +4.819608770e+02
3343 0 +2.208843783e-01 +4.819308844e+02 +4.819308844e+02
4465 0 +1.958346417e-01 +4.819058346e+02 +4.819058346e+02
4519 0 +1.602671205e-01 +4.818702671e+02 +4.818702671e+02
4532 0 +1.584422214e-01 +4.818684422e+02 +4.818684422e+02
4552 0 +1.310723471e-01 +4.818410723e+02 +4.818410723e+02
4557 0 +1.233162722e-01 +4.818333163e+02 +4.818333163e+02
4612 0 +1.068200722e-01 +4.818168201e+02 +4.818168201e+02
4623 0 +8.796930431e-02 +4.817979693e+02 +4.817979693e+02
4667 0 +7.822211894e-02 +4.817882221e+02 +4.817882221e+02
4755 0 +7.000688590e-02 +4.817800069e+02 +4.817800069e+02
6134 0 +5.983691581e-02 +4.817698369e+02 +4.817698369e+02
6214 0 +5.284808819e-02 +4.817628481e+02 +4.817628481e+02
6240 0 +2.694204596e-02 +4.817369420e+02 +4.817369420e+02
6387 0 +2.264549019e-02 +4.817326455e+02 +4.817326455e+02
6409 0 +2.216360264e-02 +4.817321636e+02 +4.817321636e+02
6442 0 +1.939373506e-02 +4.817293937e+02 +4.817293937e+02
6486 0 +1.765654058e-02 +4.817276565e+02 +4.817276565e+02
6508 0 +1.558813714e-02 +4.817255881e+02 +4.817255881e+02
7526 0 +1.394663374e-02 +4.817239466e+02 +4.817239466e+02
7529 0 +1.249434587e-02 +4.817224943e+02 +4.817224943e+02
7535 0 +8.352370792e-03 +4.817183524e+02 +4.817183524e+02
7590 0 +6.211852336e-03 +4.817162119e+02 +4.817162119e+02
7612 0 +5.593053391e-03 +4.817155931e+02 +4.817155931e+02
7678 0 +4.953476791e-03 +4.817149535e+02 +4.817149535e+02
7788 0 +4.434935361e-03 +4.817144349e+02 +4.817144349e+02
9023 0 +3.859192568e-03 +4.817138592e+02 +4.817138592e+02
9034 0 +3.321273532e-03 +4.817133213e+02 +4.817133213e+02
9056 0 +2.890357230e-03 +4.817128904e+02 +4.817128904e+02
9122 0 +2.787702553e-03 +4.817127877e+02 +4.817127877e+02
9199 0 +2.504332464e-03 +4.817125043e+02 +4.817125043e+02
10424 0 +2.146237720e-03 +4.817121462e+02 +4.817121462e+02
10490 0 +1.948930485e-03 +4.817119489e+02 +4.817119489e+02
10512 0 +1.635919288e-03 +4.817116359e+02 +4.817116359e+02
10534 0 +1.488989917e-03 +4.817114890e+02 +4.817114890e+02
10600 0 +1.405192633e-03 +4.817114052e+02 +4.817114052e+02
10611 0 +1.255113227e-03 +4.817112551e+02 +4.817112551e+02
10644 0 +1.089774040e-03 +4.817110898e+02 +4.817110898e+02
12188 0 +9.928828072e-04 +4.817109929e+02 +4.817109929e+02
12254 0 +8.542108818e-04 +4.817108542e+02 +4.817108542e+02
12287 0 +7.898510857e-04 +4.817107899e+02 +4.817107899e+02
13534 0 +6.991175870e-04 +4.817106991e+02 +4.817106991e+02
13545 0 +6.231955921e-04 +4.817106232e+02 +4.817106232e+02
14550 0 +5.622119515e-04 +4.817105622e+02 +4.817105622e+02
100238 0 +5.042217760e-04 +4.817105042e+02 +4.817105042e+02
% f evaluations | g evaluations | best noise-free fitness - Fopt (-3.646000000000e+01) + sum g_i+ | measured fitness | best measured fitness or single-digit g-values | x1 | x2...
1 0 +2.465382065e+01 -1.180617935e+01 -1.180617935e+01
4 0 +2.139465857e+01 -1.506534143e+01 -1.506534143e+01
21 0 +1.399044977e+01 -2.246955023e+01 -2.246955023e+01
40 0 +1.017832676e+01 -2.628167324e+01 -2.628167324e+01
42 0 +5.654228244e+00 -3.080577176e+01 -3.080577176e+01
54 0 +4.039654228e+00 -3.242034577e+01 -3.242034577e+01
125 0 +2.980417312e+00 -3.347958269e+01 -3.347958269e+01
197 0 +2.795231699e+00 -3.366476830e+01 -3.366476830e+01
198 0 +2.305154978e+00 -3.415484502e+01 -3.415484502e+01
201 0 +1.886793381e+00 -3.457320662e+01 -3.457320662e+01
212 0 +1.425637674e+00 -3.503436233e+01 -3.503436233e+01
234 0 +1.213379073e+00 -3.524662093e+01 -3.524662093e+01
267 0 +1.089103975e+00 -3.537089603e+01 -3.537089603e+01
311 0 +9.564909999e-01 -3.550350900e+01 -3.550350900e+01
322 0 +8.567472391e-01 -3.560325276e+01 -3.560325276e+01
366 0 +7.862165679e-01 -3.567378343e+01 -3.567378343e+01
1024 0 +7.053614483e-01 -3.575463855e+01 -3.575463855e+01
1051 0 +6.299907453e-01 -3.583000925e+01 -3.583000925e+01
1129 0 +4.820180718e-01 -3.597798193e+01 -3.597798193e+01
1162 0 +4.337715568e-01 -3.602622844e+01 -3.602622844e+01
1845 0 +3.859434576e-01 -3.607405654e+01 -3.607405654e+01
1878 0 +2.081830370e-01 -3.625181696e+01 -3.625181696e+01
2020 0 +1.991917772e-01 -3.626080822e+01 -3.626080822e+01
2053 0 +1.700299185e-01 -3.628997008e+01 -3.628997008e+01
2174 0 +1.561368752e-01 -3.630386312e+01 -3.630386312e+01
2284 0 +1.410102273e-01 -3.631898977e+01 -3.631898977e+01
2975 0 +1.202629130e-01 -3.633973709e+01 -3.633973709e+01
3025 0 +1.049661114e-01 -3.635503389e+01 -3.635503389e+01
3083 0 +8.026759395e-02 -3.637973241e+01 -3.637973241e+01
3093 0 +7.493359835e-02 -3.638506640e+01 -3.638506640e+01
3212 0 +6.587497163e-02 -3.639412503e+01 -3.639412503e+01
3245 0 +5.881248370e-02 -3.640118752e+01 -3.640118752e+01
3267 0 +5.430217600e-02 -3.640569782e+01 -3.640569782e+01
3322 0 +4.051828798e-02 -3.641948171e+01 -3.641948171e+01
3388 0 +3.939070594e-02 -3.642060929e+01 -3.642060929e+01
3432 0 +3.533900135e-02 -3.642466100e+01 -3.642466100e+01
4415 0 +3.023061644e-02 -3.642976938e+01 -3.642976938e+01
4479 0 +2.607964140e-02 -3.643392036e+01 -3.643392036e+01
4546 0 +2.073765013e-02 -3.643926235e+01 -3.643926235e+01
4579 0 +1.903697345e-02 -3.644096303e+01 -3.644096303e+01
4634 0 +1.763923557e-02 -3.644236076e+01 -3.644236076e+01
4700 0 +1.479334967e-02 -3.644520665e+01 -3.644520665e+01
4876 0 +1.411373366e-02 -3.644588627e+01 -3.644588627e+01
6398 0 +1.145267613e-02 -3.644854732e+01 -3.644854732e+01
6420 0 +1.087983978e-02 -3.644912016e+01 -3.644912016e+01
6519 0 +7.517654050e-03 -3.645248235e+01 -3.645248235e+01
6574 0 +6.978865014e-03 -3.645302113e+01 -3.645302113e+01
6706 0 +6.026443235e-03 -3.645397356e+01 -3.645397356e+01
7405 0 +5.051075519e-03 -3.645494892e+01 -3.645494892e+01
7472 0 +4.777418670e-03 -3.645522258e+01 -3.645522258e+01
7568 0 +3.774739181e-03 -3.645622526e+01 -3.645622526e+01
7590 0 +3.345406963e-03 -3.645665459e+01 -3.645665459e+01
7601 0 +3.160346277e-03 -3.645683965e+01 -3.645683965e+01
7678 0 +2.809718680e-03 -3.645719028e+01 -3.645719028e+01
7788 0 +2.424087947e-03 -3.645757591e+01 -3.645757591e+01
7799 0 +2.174389881e-03 -3.645782561e+01 -3.645782561e+01
7843 0 +1.990624810e-03 -3.645800938e+01 -3.645800938e+01
9376 0 +1.737030882e-03 -3.645826297e+01 -3.645826297e+01
11361 0 +1.525215468e-03 -3.645847478e+01 -3.645847478e+01
11583 0 +1.370303079e-03 -3.645862970e+01 -3.645862970e+01
12774 0 +1.196635231e-03 -3.645880336e+01 -3.645880336e+01
12807 0 +1.063818955e-03 -3.645893618e+01 -3.645893618e+01
12951 0 +9.705446120e-04 -3.645902946e+01 -3.645902946e+01
13259 0 +8.911820776e-04 -3.645910882e+01 -3.645910882e+01
100323 0 +8.885778545e-04 -3.645911142e+01 -3.645911142e+01
% f evaluations | g evaluations | best noise-free fitness - Fopt (3.920000000000e+01) + sum g_i+ | measured fitness | best measured fitness or single-digit g-values | x1 | x2...
1 0 +1.568236830e+01 +5.488236830e+01 +5.488236830e+01
9 0 +1.457277528e+01 +5.377277528e+01 +5.377277528e+01
11 0 +9.394546312e+00 +4.859454631e+01 +4.859454631e+01
49 0 +8.859854072e+00 +4.805985407e+01 +4.805985407e+01
59 0 +6.646368305e+00 +4.584636831e+01 +4.584636831e+01
81 0 +5.914273006e+00 +4.511427301e+01 +4.511427301e+01
83 0 +4.801216459e+00 +4.400121646e+01 +4.400121646e+01
97 0 +2.865246103e+00 +4.206524610e+01 +4.206524610e+01
102 0 +2.663985790e+00 +4.186398579e+01 +4.186398579e+01
201 0 +1.801409313e+00 +4.100140931e+01 +4.100140931e+01
234 0 +1.770556080e+00 +4.097055608e+01 +4.097055608e+01
267 0 +1.394607032e+00 +4.059460703e+01 +4.059460703e+01
311 0 +1.159206063e+00 +4.035920606e+01 +4.035920606e+01
344 0 +1.117075729e+00 +4.031707573e+01 +4.031707573e+01
465 0 +9.512587282e-01 +4.015125873e+01 +4.015125873e+01
487 0 +8.855312586e-01 +4.008553126e+01 +4.008553126e+01
1106 0 +7.796047488e-01 +3.997960475e+01 +3.997960475e+01
1150 0 +7.074526993e-01 +3.990745270e+01 +3.990745270e+01
1194 0 +6.208560534e-01 +3.982085605e+01 +3.982085605e+01
1348 0 +5.616329240e-01 +3.976163292e+01 +3.976163292e+01
2029 0 +4.818796409e-01 +3.968187964e+01 +3.968187964e+01
2046 0 +4.198714800e-01 +3.961987148e+01 +3.961987148e+01
2066 0 +2.382152759e-01 +3.943821528e+01 +3.943821528e+01
2166 0 +2.212834128e-01 +3.942128341e+01 +3.942128341e+01
2199 0 +1.966357880e-01 +3.939663579e+01 +3.939663579e+01
2254 0 +1.777295123e-01 +3.937772951e+01 +3.937772951e+01
3402 0 +1.324745951e-01 +3.933247460e+01 +3.933247460e+01
3578 0 +1.252672208e-01 +3.932526722e+01 +3.932526722e+01
3644 0 +1.047394525e-01 +3.930473945e+01 +3.930473945e+01
3666 0 +9.072427594e-02 +3.929072428e+01 +3.929072428e+01
3688 0 +8.614318533e-02 +3.928614319e+01 +3.928614319e+01
3754 0 +7.735644105e-02 +3.927735644e+01 +3.927735644e+01
3765 0 +7.026218324e-02 +3.927026218e+01 +3.927026218e+01
4484 0 +5.129186338e-02 +3.925129186e+01 +3.925129186e+01
4528 0 +4.223349796e-02 +3.924223350e+01 +3.924223350e+01
4572 0 +3.911794560e-02 +3.923911795e+01 +3.923911795e+01
4726 0 +3.485176112e-02 +3.923485176e+01 +3.923485176e+01
5595 0 +3.022197283e-02 +3.923022197e+01 +3.923022197e+01
5709 0 +2.814659437e-02 +3.922814659e+01 +3.922814659e+01
5841 0 +2.457844556e-02 +3.922457845e+01 +3.922457845e+01
6310 0 +2.009406116e-02 +3.922009406e+01 +3.922009406e+01
6405 0 +1.723860881e-02 +3.921723861e+01 +3.921723861e+01
6416 0 +1.300805617e-02 +3.921300806e+01 +3.921300806e+01
6581 0 +1.247417817e-02 +3.921247418e+01 +3.921247418e+01
7597 0 +1.117957978e-02 +3.921117958e+01 +3.921117958e+01
8810 0 +9.803628009e-03 +3.920980363e+01 +3.920980363e+01
73810 0 +8.912173690e-03 +3.920891217e+01 +3.920891217e+01
100489 0 +8.858345909e-03 +3.920885835e+01 +3.920885835e+01
% f evaluations | g evaluations | best noise-free fitness - Fopt (-3.225000000000e+01) + sum g_i+ | measured fitness | best measured fitness or single-digit g-values | x1 | x2...
1 0 +1.162257420e+02 +8.397574203e+01 +8.397574203e+01
2 0 +4.160223443e+01 +9.352234431e+00 +9.352234431e+00
13 0 +2.347728668e+01 -8.772713322e+00 -8.772713322e+00
25 0 +2.168372881e+01 -1.056627119e+01 -1.056627119e+01
31 0 +1.993749352e+01 -1.231250648e+01 -1.231250648e+01
40 0 +1.703539931e+01 -1.521460069e+01 -1.521460069e+01
42 0 +1.232736192e+01 -1.992263808e+01 -1.992263808e+01
52 0 +8.793474302e+00 -2.345652570e+01 -2.345652570e+01
83 0 +7.123135984e+00 -2.512686402e+01 -2.512686402e+01
108 0 +6.865520917e+00 -2.538447908e+01 -2.538447908e+01
120 0 +3.938145819e+00 -2.831185418e+01 -2.831185418e+01
187 0 +3.195382595e+00 -2.905461740e+01 -2.905461740e+01
196 0 +2.714029525e+00 -2.953597048e+01 -2.953597048e+01
245 0 +2.291487739e+00 -2.995851226e+01 -2.995851226e+01
256 0 +1.784531983e+00 -3.046546802e+01 -3.046546802e+01
278 0 +1.754712834e+00 -3.049528717e+01 -3.049528717e+01
311 0 +1.580245398e+00 -3.066975460e+01 -3.066975460e+01
652 0 +1.411842487e+00 -3.083815751e+01 -3.083815751e+01
1507 0 +1.190140800e+00 -3.105985920e+01 -3.105985920e+01
1528 0 +9.980739756e-01 -3.125192602e+01 -3.125192602e+01
1569 0 +7.535055871e-01 -3.149649441e+01 -3.149649441e+01
1613 0 +6.922000154e-01 -3.155779998e+01 -3.155779998e+01
1635 0 +6.025006560e-01 -3.164749934e+01 -3.164749934e+01
1646 0 +5.479357380e-01 -3.170206426e+01 -3.170206426e+01
1690 0 +4.987067440e-01 -3.175129326e+01 -3.175129326e+01
2626 0 +4.248313099e-01 -3.182516869e+01 -3.182516869e+01
2639 0 +3.791602342e-01 -3.187083977e+01 -3.187083977e+01
2640 0 +3.392601312e-01 -3.191073987e+01 -3.191073987e+01
2695 0 +3.058459117e-01 -3.194415409e+01 -3.194415409e+01
2706 0 +2.518567295e-01 -3.199814327e+01 -3.199814327e+01
2717 0 +2.418802613e-01 -3.200811974e+01 -3.200811974e+01
2728 0 +2.172145788e-01 -3.203278542e+01 -3.203278542e+01
2761 0 +1.947333131e-01 -3.205526669e+01 -3.205526669e+01
2871 0 +1.753851741e-01 -3.207461483e+01 -3.207461483e+01
4151 0 +1.514584721e-01 -3.209854153e+01 -3.209854153e+01
4184 0 +1.371811637e-01 -3.211281884e+01 -3.211281884e+01
6138 0 +1.174872799e-01 -3.213251272e+01 -3.213251272e+01
6145 0 +9.098658693e-02 -3.215901341e+01 -3.215901341e+01
6333 0 +8.546974026e-02 -3.216453026e+01 -3.216453026e+01
6355 0 +7.665836714e-02 -3.217334163e+01 -3.217334163e+01
6366 0 +5.937586279e-02 -3.219062414e+01 -3.219062414e+01
6454 0 +5.540264611e-02 -3.219459735e+01 -3.219459735e+01
6476 0 +4.929251738e-02 -3.220070748e+01 -3.220070748e+01
8217 0 +4.244900504e-02 -3.220755099e+01 -3.220755099e+01
8228 0 +3.909120501e-02 -3.221090879e+01 -3.221090879e+01
8327 0 +3.546599683e-02 -3.221453400e+01 -3.221453400e+01
8415 0 +3.065602353e-02 -3.221934398e+01 -3.221934398e+01
8459 0 +2.774751583e-02 -3.222225248e+01 -3.222225248e+01
8525 0 +2.509105762e-02 -3.222490894e+01 -3.222490894e+01
9420 0 +2.162725226e-02 -3.222837275e+01 -3.222837275e+01
9596 0 +1.969005224e-02 -3.223030995e+01 -3.223030995e+01
10568 0 +1.775916634e-02 -3.223224083e+01 -3.223224083e+01
12323 0 +1.510942911e-02 -3.223489057e+01 -3.223489057e+01
12618 0 +1.410387384e-02 -3.223589613e+01 -3.223589613e+01
14595 0 +1.255330265e-02 -3.223744670e+01 -3.223744670e+01
100420 0 +1.169017247e-02 -3.223830983e+01 -3.223830983e+01
% f evaluations | g evaluations | best noise-free fitness - Fopt (3.681200000000e+02) + sum g_i+ | measured fitness | best measured fitness or single-digit g-values | x1 | x2...
1 0 +1.434612973e+01 +3.824661297e+02 +3.824661297e+02
3 0 +1.316782235e+01 +3.812878224e+02 +3.812878224e+02
9 0 +9.538127195e+00 +3.776581272e+02 +3.776581272e+02
18 0 +8.593106964e+00 +3.767131070e+02 +3.767131070e+02
25 0 +7.482138307e+00 +3.756021383e+02 +3.756021383e+02
36 0 +6.127738617e+00 +3.742477386e+02 +3.742477386e+02
48 0 +5.119698918e+00 +3.732396989e+02 +3.732396989e+02
53 0 +4.619470096e+00 +3.727394701e+02 +3.727394701e+02
96 0 +3.787682556e+00 +3.719076826e+02 +3.719076826e+02
136 0 +2.911834304e+00 +3.710318343e+02 +3.710318343e+02
161 0 +2.100132442e+00 +3.702201324e+02 +3.702201324e+02
212 0 +1.314219550e+00 +3.694342196e+02 +3.694342196e+02
223 0 +9.061928634e-01 +3.690261929e+02 +3.690261929e+02
245 0 +7.428312374e-01 +3.688628312e+02 +3.688628312e+02
256 0 +6.207575441e-01 +3.687407575e+02 +3.687407575e+02
289 0 +5.323035232e-01 +3.686523035e+02 +3.686523035e+02
355 0 +4.975984275e-01 +3.686175984e+02 +3.686175984e+02
410 0 +4.388603773e-01 +3.685588604e+02 +3.685588604e+02
2163 0 +3.659126537e-01 +3.684859127e+02 +3.684859127e+02
2188 0 +2.762140454e-01 +3.683962140e+02 +3.683962140e+02
2243 0 +2.444741667e-01 +3.683644742e+02 +3.683644742e+02
2276 0 +2.187843736e-01 +3.683387844e+02 +3.683387844e+02
2375 0 +1.973618176e-01 +3.683173618e+02 +3.683173618e+02
3181 0 +1.657954191e-01 +3.682857954e+02 +3.682857954e+02
3242 0 +1.554350708e-01 +3.682754351e+02 +3.682754351e+02
3335 0 +1.316182876e-01 +3.682516183e+02 +3.682516183e+02
3346 0 +1.244025144e-01 +3.682444025e+02 +3.682444025e+02
3368 0 +1.111464092e-01 +3.682311464e+02 +3.682311464e+02
3445 0 +9.514056882e-02 +3.682151406e+02 +3.682151406e+02
3467 0 +8.494367565e-02 +3.682049437e+02 +3.682049437e+02
4174 0 +7.553339264e-02 +3.681955334e+02 +3.681955334e+02
4529 0 +6.505551469e-02 +3.681850555e+02 +3.681850555e+02
4536 0 +5.621470093e-02 +3.681762147e+02 +3.681762147e+02
4650 0 +4.703633718e-02 +3.681670363e+02 +3.681670363e+02
4694 0 +4.304223627e-02 +3.681630422e+02 +3.681630422e+02
4815 0 +3.975970235e-02 +3.681597597e+02 +3.681597597e+02
5489 0 +3.154949519e-02 +3.681515495e+02 +3.681515495e+02
6427 0 +2.790131875e-02 +3.681479013e+02 +3.681479013e+02
8675 0 +2.452483385e-02 +3.681445248e+02 +3.681445248e+02
9866 0 +2.205889024e-02 +3.681420589e+02 +3.681420589e+02
11422 0 +1.991018451e-02 +3.681399102e+02 +3.681399102e+02
100007 0 +1.838117317e-02 +3.681383812e+02 +3.681383812e+02
% f evaluations | g evaluations | best noise-free fitness - Fopt (4.739000000000e+01) + sum g_i+ | measured fitness | best measured fitness or single-digit g-values | x1 | x2...
1 0 +1.068140261e+01 +5.807140261e+01 +5.807140261e+01
2 0 +1.017310552e+01 +5.756310552e+01 +5.756310552e+01
4 0 +8.060007881e+00 +5.545000788e+01 +5.545000788e+01
11 0 +7.187845399e+00 +5.457784540e+01 +5.457784540e+01
14 0 +6.685904781e+00 +5.407590478e+01 +5.407590478e+01
20 0 +5.425793720e+00 +5.281579372e+01 +5.281579372e+01
79 0 +4.485898121e+00 +5.187589812e+01 +5.187589812e+01
101 0 +4.148293601e+00 +5.153829360e+01 +5.153829360e+01
108 0 +2.327811853e+00 +4.971781185e+01 +4.971781185e+01
181 0 +1.991892516e+00 +4.938189252e+01 +4.938189252e+01
234 0 +1.485942051e+00 +4.887594205e+01 +4.887594205e+01
256 0 +1.381423406e+00 +4.877142341e+01 +4.877142341e+01
267 0 +1.238124064e+00 +4.862812406e+01 +4.862812406e+01
322 0 +1.079335348e+00 +4.846933535e+01 +4.846933535e+01
399 0 +9.674132586e-01 +4.835741326e+01 +4.835741326e+01
931 0 +7.201224163e-01 +4.811012242e+01 +4.811012242e+01
977 0 +5.953286289e-01 +4.798532863e+01 +4.798532863e+01
1118 0 +5.078185716e-01 +4.789781857e+01 +4.789781857e+01
1140 0 +4.809415633e-01 +4.787094156e+01 +4.787094156e+01
1688 0 +3.315329638e-01 +4.772153296e+01 +4.772153296e+01
1924 0 +3.137157544e-01 +4.770371575e+01 +4.770371575e+01
1957 0 +2.632080606e-01 +4.765320806e+01 +4.765320806e+01
1990 0 +2.504045640e-01 +4.764040456e+01 +4.764040456e+01
2731 0 +1.595965241e-01 +4.754959652e+01 +4.754959652e+01
2762 0 +1.518096524e-01 +4.754180965e+01 +4.754180965e+01
2797 0 +1.214009588e-01 +4.751140096e+01 +4.751140096e+01
2852 0 +1.089027296e-01 +4.749890273e+01 +4.749890273e+01
2885 0 +9.878507435e-02 +4.748878507e+01 +4.748878507e+01
2896 0 +8.791516745e-02 +4.747791517e+01 +4.747791517e+01
2907 0 +6.932964551e-02 +4.745932965e+01 +4.745932965e+01
2973 0 +6.251353630e-02 +4.745251354e+01 +4.745251354e+01
4165 0 +4.679764084e-02 +4.743679764e+01 +4.743679764e+01
4231 0 +4.231259057e-02 +4.743231259e+01 +4.743231259e+01
4275 0 +3.523995037e-02 +4.742523995e+01 +4.742523995e+01
4319 0 +3.070850706e-02 +4.742070851e+01 +4.742070851e+01
4352 0 +2.772635971e-02 +4.741772636e+01 +4.741772636e+01
4440 0 +2.505230463e-02 +4.741505230e+01 +4.741505230e+01
5375 0 +2.047131079e-02 +4.741047131e+01 +4.741047131e+01
5427 0 +1.985866916e-02 +4.740985867e+01 +4.740985867e+01
5435 0 +1.489565754e-02 +4.740489566e+01 +4.740489566e+01
5511 0 +1.334452897e-02 +4.740334453e+01 +4.740334453e+01
5533 0 +1.217065379e-02 +4.740217065e+01 +4.740217065e+01
5544 0 +1.117285867e-02 +4.740117286e+01 +4.740117286e+01
5654 0 +9.927931528e-03 +4.739992793e+01 +4.739992793e+01
6791 0 +8.872341515e-03 +4.739887234e+01 +4.739887234e+01
6835 0 +7.893890937e-03 +4.739789389e+01 +4.739789389e+01
7685 0 +6.184753574e-03 +4.739618475e+01 +4.739618475e+01
9111 0 +5.580056554e-03 +4.739558006e+01 +4.739558006e+01
9182 0 +4.756160155e-03 +4.739475616e+01 +4.739475616e+01
9195 0 +4.408498021e-03 +4.739440850e+01 +4.739440850e+01
9493 0 +3.779843401e-03 +4.739377984e+01 +4.739377984e+01
10357 0 +3.234505223e-03 +4.739323451e+01 +4.739323451e+01
10471 0 +2.908963147e-03 +4.739290896e+01 +4.739290896e+01
10501 0 +2.745146808e-03 +4.739274515e+01 +4.739274515e+01
10652 0 +2.510493940e-03 +4.739251049e+01 +4.739251049e+01
12031 0 +2.220239752e-03 +4.739222024e+01 +4.739222024e+01
60614 0 +1.995156271e-03 +4.739199516e+01 +4.739199516e+01
100475 0 +1.977385027e-03 +4.739197739e+01 +4.739197739e+01
% f evaluations | g evaluations | best noise-free fitness - Fopt (-3.428900000000e+02) + sum g_i+ | measured fitness | best measured fitness or single-digit g-values | x1 | x2...
1 0 +2.175484508e+01 -3.211351549e+02 -3.211351549e+02
2 0 +1.386620802e+01 -3.290237920e+02 -3.290237920e+02
7 0 +1.052922784e+01 -3.323607722e+02 -3.323607722e+02
13 0 +6.673235964e+00 -3.362167640e+02 -3.362167640e+02
79 0 +4.979677143e+00 -3.379103229e+02 -3.379103229e+02
98 0 +4.034991825e+00 -3.388550082e+02 -3.388550082e+02
106 0 +3.970186253e+00 -3.389198137e+02 -3.389198137e+02
126 0 +3.323706182e+00 -3.395662938e+02 -3.395662938e+02
130 0 +2.948572986e+00 -3.399414270e+02 -3.399414270e+02
163 0 +1.582472242e+00 -3.413075278e+02 -3.413075278e+02
256 0 +1.401439917e+00 -3.414885601e+02 -3.414885601e+02
289 0 +1.225408177e+00 -3.416645918e+02 -3.416645918e+02
311 0 +1.102791431e+00 -3.417872086e+02 -3.417872086e+02
377 0 +9.925099962e-01 -3.418974900e+02 -3.418974900e+02
901 0 +8.274616519e-01 -3.420625383e+02 -3.420625383e+02
917 0 +6.494872472e-01 -3.422405128e+02 -3.422405128e+02
952 0 +4.949369866e-01 -3.423950630e+02 -3.423950630e+02
1007 0 +4.292618601e-01 -3.424607381e+02 -3.424607381e+02
1018 0 +3.569048434e-01 -3.425330952e+02 -3.425330952e+02
1040 0 +3.510636778e-01 -3.425389363e+02 -3.425389363e+02
1238 0 +3.144136329e-01 -3.425755864e+02 -3.425755864e+02
2540 0 +2.674204728e-01 -3.426225795e+02 -3.426225795e+02
2605 0 +2.178196901e-01 -3.426721803e+02 -3.426721803e+02
2660 0 +1.972964451e-01 -3.426927036e+02 -3.426927036e+02
2682 0 +1.592201733e-01 -3.427307798e+02 -3.427307798e+02
2704 0 +1.561855985e-01 -3.427338144e+02 -3.427338144e+02
2792 0 +1.369657691e-01 -3.427530342e+02 -3.427530342e+02
3814 0 +1.239135834e-01 -3.427660864e+02 -3.427660864e+02
3848 0 +1.093610359e-01 -3.427806390e+02 -3.427806390e+02
3908 0 +7.902573240e-02 -3.428109743e+02 -3.428109743e+02
3964 0 +6.172480444e-02 -3.428282752e+02 -3.428282752e+02
4019 0 +5.022407344e-02 -3.428397759e+02 -3.428397759e+02
4052 0 +4.827408990e-02 -3.428417259e+02 -3.428417259e+02
4118 0 +4.433844484e-02 -3.428456616e+02 -3.428456616e+02
4162 0 +3.946975042e-02 -3.428505302e+02 -3.428505302e+02
6275 0 +3.514214304e-02 -3.428548579e+02 -3.428548579e+02
6285 0 +2.778202486e-02 -3.428622180e+02 -3.428622180e+02
6388 0 +2.330939249e-02 -3.428666906e+02 -3.428666906e+02
6410 0 +2.230398727e-02 -3.428676960e+02 -3.428676960e+02
6564 0 +1.993687595e-02 -3.428700631e+02 -3.428700631e+02
6919 0 +1.498363167e-02 -3.428750164e+02 -3.428750164e+02
6996 0 +1.346928202e-02 -3.428765307e+02 -3.428765307e+02
7073 0 +1.246757070e-02 -3.428775324e+02 -3.428775324e+02
8227 0 +1.071986894e-02 -3.428792801e+02 -3.428792801e+02
8364 0 +9.572807273e-03 -3.428804272e+02 -3.428804272e+02
8430 0 +8.832337929e-03 -3.428811677e+02 -3.428811677e+02
9797 0 +7.554947828e-03 -3.428824451e+02 -3.428824451e+02
9863 0 +6.742378724e-03 -3.428832576e+02 -3.428832576e+02
10039 0 +6.145199804e-03 -3.428838548e+02 -3.428838548e+02
10675 0 +5.597190766e-03 -3.428844028e+02 -3.428844028e+02
13922 0 +4.992286563e-03 -3.428850077e+02 -3.428850077e+02
100000 0 +4.855195345e-03 -3.428851448e+02 -3.428851448e+02
% f evaluations | g evaluations | best noise-free fitness - Fopt (9.102000000000e+01) + sum g_i+ | measured fitness | best measured fitness or single-digit g-values | x1 | x2...
1 0 +1.522126509e+01 +1.062412651e+02 +1.062412651e+02
3 0 +7.564922576e+00 +9.858492258e+01 +9.858492258e+01
6 0 +6.989185383e+00 +9.800918538e+01 +9.800918538e+01
11 0 +5.616487269e+00 +9.663648727e+01 +9.663648727e+01
12 0 +4.915397235e+00 +9.593539723e+01 +9.593539723e+01
43 0 +4.385056064e+00 +9.540505606e+01 +9.540505606e+01
78 0 +3.478337665e+00 +9.449833766e+01 +9.449833766e+01
124 0 +2.178388916e+00 +9.319838892e+01 +9.319838892e+01
174 0 +1.778023110e+00 +9.279802311e+01 +9.279802311e+01
245 0 +1.536002843e+00 +9.255600284e+01 +9.255600284e+01
311 0 +1.410773951e+00 +9.243077395e+01 +9.243077395e+01
432 0 +1.248524517e+00 +9.226852452e+01 +9.226852452e+01
695 0 +9.642500925e-01 +9.198425009e+01 +9.198425009e+01
723 0 +7.657042659e-01 +9.178570427e+01 +9.178570427e+01
728 0 +6.739974938e-01 +9.169399749e+01 +9.169399749e+01
777 0 +6.269782129e-01 +9.164697821e+01 +9.164697821e+01
818 0 +5.211888339e-01 +9.154118883e+01 +9.154118883e+01
853 0 +4.200725835e-01 +9.144007258e+01 +9.144007258e+01
875 0 +3.776165298e-01 +9.139761653e+01 +9.139761653e+01
886 0 +3.494915527e-01 +9.136949155e+01 +9.136949155e+01
974 0 +3.123582238e-01 +9.133235822e+01 +9.133235822e+01
1007 0 +2.754219976e-01 +9.129542200e+01 +9.129542200e+01
1814 0 +2.378170017e-01 +9.125781700e+01 +9.125781700e+01
1880 0 +2.215192932e-01 +9.124151929e+01 +9.124151929e+01
1957 0 +1.928196365e-01 +9.121281964e+01 +9.121281964e+01
2023 0 +1.770044500e-01 +9.119700445e+01 +9.119700445e+01
2188 0 +1.575769588e-01 +9.117757696e+01 +9.117757696e+01
3007 0 +1.347287254e-01 +9.115472873e+01 +9.115472873e+01
3059 0 +1.115628221e-01 +9.113156282e+01 +9.113156282e+01
3081 0 +8.422594787e-02 +9.110422595e+01 +9.110422595e+01
3110 0 +6.523514478e-02 +9.108523514e+01 +9.108523514e+01
3121 0 +5.784172581e-02 +9.107784173e+01 +9.107784173e+01
3127 0 +5.539174390e-02 +9.107539174e+01 +9.107539174e+01
3171 0 +4.614312838e-02 +9.106614313e+01 +9.106614313e+01
3182 0 +4.192068585e-02 +9.106192069e+01 +9.106192069e+01
3193 0 +3.817001910e-02 +9.105817002e+01 +9.105817002e+01
3248 0 +3.367630629e-02 +9.105367631e+01 +9.105367631e+01
3259 0 +3.128522300e-02 +9.105128522e+01 +9.105128522e+01
3358 0 +2.727010057e-02 +9.104727010e+01 +9.104727010e+01
3369 0 +2.257641168e-02 +9.104257641e+01 +9.104257641e+01
3380 0 +2.078944502e-02 +9.104078945e+01 +9.104078945e+01
4582 0 +1.989158364e-02 +9.103989158e+01 +9.103989158e+01
4703 0 +1.777414630e-02 +9.103777415e+01 +9.103777415e+01
5674 0 +1.547681121e-02 +9.103547681e+01 +9.103547681e+01
5712 0 +1.352964038e-02 +9.103352964e+01 +9.103352964e+01
5735 0 +1.150539135e-02 +9.103150539e+01 +9.103150539e+01
5757 0 +1.011738068e-02 +9.103011738e+01 +9.103011738e+01
5760 0 +8.154868726e-03 +9.102815487e+01 +9.102815487e+01
5829 0 +5.945188496e-03 +9.102594519e+01 +9.102594519e+01
5851 0 +5.395029155e-03 +9.102539503e+01 +9.102539503e+01
5862 0 +4.780976621e-03 +9.102478098e+01 +9.102478098e+01
5884 0 +4.095947485e-03 +9.102409595e+01 +9.102409595e+01
5906 0 +3.683631686e-03 +9.102368363e+01 +9.102368363e+01
6027 0 +3.508477530e-03 +9.102350848e+01 +9.102350848e+01
6082 0 +3.082786600e-03 +9.102308279e+01 +9.102308279e+01
7186 0 +2.811769837e-03 +9.102281177e+01 +9.102281177e+01
8762 0 +2.275694791e-03 +9.102227569e+01 +9.102227569e+01
8828 0 +2.190697839e-03 +9.102219070e+01 +9.102219070e+01
8872 0 +1.878098863e-03 +9.102187810e+01 +9.102187810e+01
8971 0 +1.765798089e-03 +9.102176580e+01 +9.102176580e+01
9026 0 +1.578003837e-03 +9.102157800e+01 +9.102157800e+01
10317 0 +1.376718598e-03 +9.102137672e+01 +9.102137672e+01
10416 0 +1.254811304e-03 +9.102125481e+01 +9.102125481e+01
10537 0 +1.046887224e-03 +9.102104689e+01 +9.102104689e+01
11553 0 +8.347205477e-04 +9.102083472e+01 +9.102083472e+01
11883 0 +7.917461857e-04 +9.102079175e+01 +9.102079175e+01
100538 0 +7.855548581e-04 +9.102078555e+01 +9.102078555e+01
% f evaluations | g evaluations | best noise-free fitness - Fopt (7.324200000000e+02) + sum g_i+ | measured fitness | best measured fitness or single-digit g-values | x1 | x2...
1 0 +1.239160366e+01 +7.448116037e+02 +7.448116037e+02
3 0 +7.710073000e+00 +7.401300730e+02 +7.401300730e+02
82 0 +6.555049997e+00 +7.389750500e+02 +7.389750500e+02
85 0 +6.103338470e+00 +7.385233385e+02 +7.385233385e+02
96 0 +5.521458087e+00 +7.379414581e+02 +7.379414581e+02
108 0 +4.360009789e+00 +7.367800098e+02 +7.367800098e+02
181 0 +3.955005945e+00 +7.363750059e+02 +7.363750059e+02
198 0 +3.318965869e+00 +7.357389659e+02 +7.357389659e+02
201 0 +2.123321820e+00 +7.345433218e+02 +7.345433218e+02
223 0 +1.988935026e+00 +7.344089350e+02 +7.344089350e+02
234 0 +1.751326988e+00 +7.341713270e+02 +7.341713270e+02
267 0 +1.547667285e+00 +7.339676673e+02 +7.339676673e+02
289 0 +1.407023066e+00 +7.338270231e+02 +7.338270231e+02
333 0 +1.223826671e+00 +7.336438267e+02 +7.336438267e+02
399 0 +1.092355761e+00 +7.335123558e+02 +7.335123558e+02
831 0 +9.929811398e-01 +7.334129811e+02 +7.334129811e+02
853 0 +8.038810158e-01 +7.332238810e+02 +7.332238810e+02
875 0 +7.670570337e-01 +7.331870570e+02 +7.331870570e+02
930 0 +6.978483433e-01 +7.331178483e+02 +7.331178483e+02
985 0 +5.375734828e-01 +7.329575735e+02 +7.329575735e+02
1040 0 +4.762549949e-01 +7.328962550e+02 +7.328962550e+02
1095 0 +4.399069711e-01 +7.328599070e+02 +7.328599070e+02
1714 0 +3.977692781e-01 +7.328177693e+02 +7.328177693e+02
2376 0 +2.978284044e-01 +7.327178284e+02 +7.327178284e+02
2388 0 +2.702751225e-01 +7.326902751e+02 +7.326902751e+02
2531 0 +2.490142177e-01 +7.326690142e+02 +7.326690142e+02
2586 0 +2.228670641e-01 +7.326428671e+02 +7.326428671e+02
3729 0 +1.891021330e-01 +7.326091021e+02 +7.326091021e+02
3822 0 +1.327270179e-01 +7.325527270e+02 +7.325527270e+02
3836 0 +1.210881626e-01 +7.325410882e+02 +7.325410882e+02
3932 0 +1.084487844e-01 +7.325284488e+02 +7.325284488e+02
3943 0 +9.211866194e-02 +7.325121187e+02 +7.325121187e+02
3954 0 +7.628212343e-02 +7.324962821e+02 +7.324962821e+02
4031 0 +6.846405652e-02 +7.324884641e+02 +7.324884641e+02
4119 0 +6.283842071e-02 +7.324828384e+02 +7.324828384e+02
4207 0 +5.438036478e-02 +7.324743804e+02 +7.324743804e+02
5024 0 +4.991178104e-02 +7.324699118e+02 +7.324699118e+02
6037 0 +4.011650102e-02 +7.324601165e+02 +7.324601165e+02
6051 0 +3.883386513e-02 +7.324588339e+02 +7.324588339e+02
6128 0 +3.236541196e-02 +7.324523654e+02 +7.324523654e+02
6150 0 +2.998988319e-02 +7.324499899e+02 +7.324499899e+02
7507 0 +2.749440658e-02 +7.324474944e+02 +7.324474944e+02
10198 0 +2.492893677e-02 +7.324449289e+02 +7.324449289e+02
100007 0 +2.288448117e-02 +7.324428845e+02 +7.324428845e+02
% f evaluations | g evaluations | best noise-free fitness - Fopt (3.542000000000e+01) + sum g_i+ | measured fitness | best measured fitness or single-digit g-values | x1 | x2...
1 0 +3.365626820e+01 +6.907626820e+01 +6.907626820e+01
6 0 +2.334214607e+01 +5.876214607e+01 +5.876214607e+01
14 0 +1.868410982e+01 +5.410410982e+01 +5.410410982e+01
18 0 +1.598369248e+01 +5.140369248e+01 +5.140369248e+01
19 0 +1.494200695e+01 +5.036200695e+01 +5.036200695e+01
22 0 +7.682595790e+00 +4.310259579e+01 +4.310259579e+01
91 0 +6.584584138e+00 +4.200458414e+01 +4.200458414e+01
95 0 +5.904916702e+00 +4.132491670e+01 +4.132491670e+01
120 0 +5.481891296e+00 +4.090189130e+01 +4.090189130e+01
150 0 +3.584480701e+00 +3.900448070e+01 +3.900448070e+01
158 0 +3.512318590e+00 +3.893231859e+01 +3.893231859e+01
184 0 +3.123307410e+00 +3.854330741e+01 +3.854330741e+01
201 0 +2.784125776e+00 +3.820412578e+01 +3.820412578e+01
223 0 +1.770750362e+00 +3.719075036e+01 +3.719075036e+01
300 0 +1.571988838e+00 +3.699198884e+01 +3.699198884e+01
322 0 +1.410384037e+00 +3.683038404e+01 +3.683038404e+01
333 0 +1.065257261e+00 +3.648525726e+01 +3.648525726e+01
366 0 +9.790951314e-01 +3.639909513e+01 +3.639909513e+01
1316 0 +8.885751064e-01 +3.630857511e+01 +3.630857511e+01
1349 0 +7.119529220e-01 +3.613195292e+01 +3.613195292e+01
1371 0 +6.873658579e-01 +3.610736586e+01 +3.610736586e+01
1426 0 +6.192632492e-01 +3.603926325e+01 +3.603926325e+01
2283 0 +5.521407849e-01 +3.597214078e+01 +3.597214078e+01
2371 0 +4.669078063e-01 +3.588690781e+01 +3.588690781e+01
2379 0 +4.370051858e-01 +3.585700519e+01 +3.585700519e+01
2414 0 +3.967516922e-01 +3.581675169e+01 +3.581675169e+01
2464 0 +3.337377452e-01 +3.575373775e+01 +3.575373775e+01
2475 0 +2.969274935e-01 +3.571692749e+01 +3.571692749e+01
2497 0 +2.810730280e-01 +3.570107303e+01 +3.570107303e+01
2530 0 +2.496082748e-01 +3.566960827e+01 +3.566960827e+01
3352 0 +2.070792368e-01 +3.562707924e+01 +3.562707924e+01
3360 0 +1.761356498e-01 +3.559613565e+01 +3.559613565e+01
3425 0 +1.161263671e-01 +3.553612637e+01 +3.553612637e+01
3441 0 +1.115938942e-01 +3.553159389e+01 +3.553159389e+01
3476 0 +9.149960308e-02 +3.551149960e+01 +3.551149960e+01
3623 0 +8.911382341e-02 +3.550911382e+01 +3.550911382e+01
3744 0 +7.887286026e-02 +3.549887286e+01 +3.549887286e+01
5418 0 +7.010638147e-02 +3.549010638e+01 +3.549010638e+01
5435 0 +6.167668721e-02 +3.548167669e+01 +3.548167669e+01
5798 0 +5.529795390e-02 +3.547529795e+01 +3.547529795e+01
6673 0 +4.853177105e-02 +3.546853177e+01 +3.546853177e+01
7067 0 +4.405556947e-02 +3.546405557e+01 +3.546405557e+01
8270 0 +3.980630445e-02 +3.545980630e+01 +3.545980630e+01
100099 0 +3.698040260e-02 +3.545698040e+01 +3.545698040e+01
