% f evaluations | g evaluations | best noise-free fitness - Fopt (7.627000000000e+01) + sum g_i+ | measured fitness | best measured fitness or single-digit g-values | x1 | x2...
1 0 +1.672305761e+06 +1.672382031e+06 +1.672382031e+06
3 0 +6.311268275e+05 +6.312030975e+05 +6.312030975e+05
4 0 +5.066089517e+04 +5.073716517e+04 +5.073716517e+04
11 0 +3.706064166e+04 +3.713691166e+04 +3.713691166e+04
18 0 +2.501467477e+03 +2.577737477e+03 +2.577737477e+03
80 0 +1.585745374e+03 +1.662015374e+03 +1.662015374e+03
85 0 +1.257072104e+03 +1.333342104e+03 +1.333342104e+03
179 0 +4.142642776e+02 +4.905342776e+02 +4.905342776e+02
424 0 +1.739839616e+02 +2.502539616e+02 +2.502539616e+02
465 0 +9.545728644e+01 +1.717272864e+02 +1.717272864e+02
506 0 +5.488518892e+00 +8.175851889e+01 +8.175851889e+01
547 0 +2.182466784e+00 +7.845246678e+01 +7.845246678e+01
629 0 +1.137365016e+00 +7.740736502e+01 +7.740736502e+01
670 0 +3.920926061e-01 +7.666209261e+01 +7.666209261e+01
711 0 +5.753653958e-02 +7.632753654e+01 +7.632753654e+01
752 0 +2.142372713e-02 +7.629142373e+01 +7.629142373e+01
793 0 +7.701902097e-03 +7.627770190e+01 +7.627770190e+01
834 0 +1.552876790e-03 +7.627155288e+01 +7.627155288e+01
875 0 +4.410454701e-04 +7.627044105e+01 +7.627044105e+01
916 0 +2.459625417e-04 +7.627024596e+01 +7.627024596e+01
957 0 +8.225959063e-05 +7.627008226e+01 +7.627008226e+01
998 0 +1.875396022e-05 +7.627001875e+01 +7.627001875e+01
1080 0 +1.711290953e-05 +7.627001711e+01 +7.627001711e+01
1162 0 +1.408219926e-05 +7.627001408e+01 +7.627001408e+01
1367 0 +8.512704980e-06 +7.627000851e+01 +7.627000851e+01
1408 0 +2.059805894e-06 +7.627000206e+01 +7.627000206e+01
1449 0 +9.811927271e-07 +7.627000098e+01 +7.627000098e+01
1531 0 +7.897034493e-07 +7.627000079e+01 +7.627000079e+01
1654 0 +6.832485013e-07 +7.627000068e+01 +7.627000068e+01
1736 0 +6.015044534e-07 +7.627000060e+01 +7.627000060e+01
1859 0 +5.388107098e-07 +7.627000054e+01 +7.627000054e+01
1941 0 +4.849463693e-07 +7.627000048e+01 +7.627000048e+01
2023 0 +4.005547254e-07 +7.627000040e+01 +7.627000040e+01
2064 0 +2.975535836e-07 +7.627000030e+01 +7.627000030e+01
2105 0 +1.261720968e-07 +7.627000013e+01 +7.627000013e+01
2146 0 +1.075367351e-07 +7.627000011e+01 +7.627000011e+01
2187 0 +7.146529413e-08 +7.627000007e+01 +7.627000007e+01
2228 0 +3.345168409e-08 +7.627000003e+01 +7.627000003e+01
282469 0 +1.901094038e-08 +7.627000002e+01 +7.627000002e+01
284554 0 +1.265811989e-08 +7.627000001e+01 +7.627000001e+01
284571 0 +1.253587811e-08 +7.627000001e+01 +7.627000001e+01
284584 0 +8.478437508e-09 +7.627000001e+01 +7.627000001e+01
307971 0 +8.100187188e-13 +7.627000000e+01 +7.627000000e+01
400005 0 +1.421085472e-14 +7.627000000e+01 +7.627000000e+01
% f evaluations | g evaluations | best noise-free fitness - Fopt (-2.255000000000e+01) + sum g_i+ | measured fitness | best measured fitness or single-digit g-values | x1 | x2...
1 0 +4.894435630e+06 +4.894413080e+06 +4.894413080e+06
4 0 +2.041965643e+06 +2.041943093e+06 +2.041943093e+06
5 0 +8.837387737e+05 +8.837162237e+05 +8.837162237e+05
18 0 +2.084209966e+04 +2.081954966e+04 +2.081954966e+04
48 0 +5.022032761e+02 +4.796532761e+02 +4.796532761e+02
76 0 +4.305986616e+02 +4.080486616e+02 +4.080486616e+02
97 0 +3.384482061e+02 +3.158982061e+02 +3.158982061e+02
465 0 +1.950763751e+02 +1.725263751e+02 +1.725263751e+02
506 0 +3.334379266e+01 +1.079379266e+01 +1.079379266e+01
547 0 +8.254759265e+00 -1.429524074e+01 -1.429524074e+01
588 0 +1.194629523e+00 -2.135537048e+01 -2.135537048e+01
629 0 +7.547830500e-01 -2.179521695e+01 -2.179521695e+01
670 0 +3.007767572e-01 -2.224922324e+01 -2.224922324e+01
752 0 +1.955937489e-01 -2.235440625e+01 -2.235440625e+01
793 0 +1.167790833e-01 -2.243322092e+01 -2.243322092e+01
834 0 +9.115044336e-02 -2.245884956e+01 -2.245884956e+01
875 0 +5.301916779e-02 -2.249698083e+01 -2.249698083e+01
916 0 +3.366047312e-02 -2.251633953e+01 -2.251633953e+01
957 0 +1.670357168e-02 -2.253329643e+01 -2.253329643e+01
998 0 +3.870005159e-03 -2.254612999e+01 -2.254612999e+01
1039 0 +2.954179349e-03 -2.254704582e+01 -2.254704582e+01
1080 0 +1.517104227e-03 -2.254848290e+01 -2.254848290e+01
1121 0 +1.217999845e-03 -2.254878200e+01 -2.254878200e+01
1162 0 +7.533605343e-04 -2.254924664e+01 -2.254924664e+01
1203 0 +3.565952294e-04 -2.254964340e+01 -2.254964340e+01
1244 0 +2.190689049e-04 -2.254978093e+01 -2.254978093e+01
1285 0 +1.201710945e-04 -2.254987983e+01 -2.254987983e+01
1326 0 +7.258807402e-05 -2.254992741e+01 -2.254992741e+01
1367 0 +2.859979867e-05 -2.254997140e+01 -2.254997140e+01
1449 0 +2.629690674e-05 -2.254997370e+01 -2.254997370e+01
1531 0 +2.366556355e-05 -2.254997633e+01 -2.254997633e+01
1654 0 +2.051024142e-05 -2.254997949e+01 -2.254997949e+01
1695 0 +1.579944091e-05 -2.254998420e+01 -2.254998420e+01
1736 0 +1.375317727e-05 -2.254998625e+01 -2.254998625e+01
1777 0 +1.190684014e-05 -2.254998809e+01 -2.254998809e+01
1818 0 +1.032767718e-05 -2.254998967e+01 -2.254998967e+01
1859 0 +9.108214726e-06 -2.254999089e+01 -2.254999089e+01
1900 0 +7.690442370e-06 -2.254999231e+01 -2.254999231e+01
1941 0 +6.453859744e-06 -2.254999355e+01 -2.254999355e+01
1982 0 +5.569832197e-06 -2.254999443e+01 -2.254999443e+01
2023 0 +4.657958680e-06 -2.254999534e+01 -2.254999534e+01
2146 0 +4.224354736e-06 -2.254999578e+01 -2.254999578e+01
2187 0 +3.363512288e-06 -2.254999664e+01 -2.254999664e+01
2228 0 +2.941038918e-06 -2.254999706e+01 -2.254999706e+01
2310 0 +2.748562572e-06 -2.254999725e+01 -2.254999725e+01
2392 0 +2.302750659e-06 -2.254999770e+01 -2.254999770e+01
2433 0 +1.975917030e-06 -2.254999802e+01 -2.254999802e+01
2597 0 +1.766073510e-06 -2.254999823e+01 -2.254999823e+01
2720 0 +1.428641632e-06 -2.254999857e+01 -2.254999857e+01
2761 0 +1.237807577e-06 -2.254999876e+01 -2.254999876e+01
2802 0 +1.110627188e-06 -2.254999889e+01 -2.254999889e+01
2843 0 +9.290995102e-07 -2.254999907e+01 -2.254999907e+01
2884 0 +8.847213913e-07 -2.254999912e+01 -2.254999912e+01
2966 0 +7.209244508e-07 -2.254999928e+01 -2.254999928e+01
3007 0 +6.742085539e-07 -2.254999933e+01 -2.254999933e+01
18596 0 +5.877686036e-07 -2.254999941e+01 -2.254999941e+01
86182 0 +4.142766805e-07 -2.254999959e+01 -2.254999959e+01
86223 0 +2.733384115e-07 -2.254999973e+01 -2.254999973e+01
86305 0 +2.340291054e-07 -2.254999977e+01 -2.254999977e+01
86346 0 +1.983534901e-07 -2.254999980e+01 -2.254999980e+01
86469 0 +1.773893494e-07 -2.254999982e+01 -2.254999982e+01
148891 0 +1.375010434e-07 -2.254999986e+01 -2.254999986e+01
149693 0 +1.258851370e-07 -2.254999987e+01 -2.254999987e+01
149916 0 +1.119306496e-07 -2.254999989e+01 -2.254999989e+01
173588 0 +9.777600596e-08 -2.254999990e+01 -2.254999990e+01
173629 0 +7.061568397e-08 -2.254999993e+01 -2.254999993e+01
173670 0 +4.600474313e-08 -2.254999995e+01 -2.254999995e+01
173793 0 +4.394454578e-08 -2.254999996e+01 -2.254999996e+01
173875 0 +3.768722934e-08 -2.254999996e+01 -2.254999996e+01
173998 0 +3.500364087e-08 -2.254999996e+01 -2.254999996e+01
187179 0 +2.778985220e-08 -2.254999997e+01 -2.254999997e+01
189619 0 +2.296846091e-08 -2.254999998e+01 -2.254999998e+01
189659 0 +2.216448181e-08 -2.254999998e+01 -2.254999998e+01
189663 0 +1.636547609e-08 -2.254999998e+01 -2.254999998e+01
189715 0 +1.371386560e-08 -2.254999999e+01 -2.254999999e+01
189745 0 +1.150277384e-08 -2.254999999e+01 -2.254999999e+01
189794 0 +1.065554045e-08 -2.254999999e+01 -2.254999999e+01
189803 0 +9.575209958e-09 -2.254999999e+01 -2.254999999e+01
207516 0 +8.562039966e-13 -2.255000000e+01 -2.255000000e+01
400437 0 +3.552713679e-15 -2.255000000e+01 -2.255000000e+01
% f evaluations | g evaluations | best noise-free fitness - Fopt (1.366000000000e+01) + sum g_i+ | measured fitness | best measured fitness or single-digit g-values | x1 | x2...
1 0 +2.351942137e+06 +2.351955797e+06 +2.351955797e+06
2 0 +7.203680286e+04 +7.205046286e+04 +7.205046286e+04
6 0 +3.822492162e+03 +3.836152162e+03 +3.836152162e+03
30 0 +5.975697335e+02 +6.112297335e+02 +6.112297335e+02
69 0 +3.486867878e+02 +3.623467878e+02 +3.623467878e+02
115 0 +2.914338504e+02 +3.050938504e+02 +3.050938504e+02
424 0 +2.290909492e+02 +2.427509492e+02 +2.427509492e+02
465 0 +7.958134467e+01 +9.324134467e+01 +9.324134467e+01
506 0 +3.053996250e+01 +4.419996250e+01 +4.419996250e+01
1134 0 +2.429546391e+01 +3.795546391e+01 +3.795546391e+01
1175 0 +1.377404012e+01 +2.743404012e+01 +2.743404012e+01
1216 0 +1.092025867e+01 +2.458025867e+01 +2.458025867e+01
1257 0 +7.738941694e+00 +2.139894169e+01 +2.139894169e+01
1298 0 +5.870974110e+00 +1.953097411e+01 +1.953097411e+01
1339 0 +3.586875668e+00 +1.724687567e+01 +1.724687567e+01
1380 0 +2.259319175e+00 +1.591931917e+01 +1.591931917e+01
1421 0 +1.470482438e+00 +1.513048244e+01 +1.513048244e+01
1462 0 +9.913129335e-01 +1.465131293e+01 +1.465131293e+01
1503 0 +8.499867239e-01 +1.450998672e+01 +1.450998672e+01
1585 0 +7.372066877e-01 +1.439720669e+01 +1.439720669e+01
1708 0 +6.897124194e-01 +1.434971242e+01 +1.434971242e+01
1790 0 +6.070113791e-01 +1.426701138e+01 +1.426701138e+01
1831 0 +5.619832549e-01 +1.422198325e+01 +1.422198325e+01
1913 0 +4.425648236e-01 +1.410256482e+01 +1.410256482e+01
1954 0 +3.240442283e-01 +1.398404423e+01 +1.398404423e+01
1995 0 +2.139277596e-01 +1.387392776e+01 +1.387392776e+01
2036 0 +1.347922348e-01 +1.379479223e+01 +1.379479223e+01
2077 0 +4.948430699e-02 +1.370948431e+01 +1.370948431e+01
2118 0 +2.828935962e-02 +1.368828936e+01 +1.368828936e+01
2159 0 +1.329699240e-02 +1.367329699e+01 +1.367329699e+01
2200 0 +1.069838874e-02 +1.367069839e+01 +1.367069839e+01
2241 0 +6.566281771e-03 +1.366656628e+01 +1.366656628e+01
2282 0 +1.443115357e-03 +1.366144312e+01 +1.366144312e+01
2323 0 +6.759076277e-04 +1.366067591e+01 +1.366067591e+01
2364 0 +5.355597435e-04 +1.366053556e+01 +1.366053556e+01
2405 0 +3.219724394e-04 +1.366032197e+01 +1.366032197e+01
2446 0 +1.621753921e-04 +1.366016218e+01 +1.366016218e+01
2528 0 +1.538908804e-04 +1.366015389e+01 +1.366015389e+01
2569 0 +1.349637569e-04 +1.366013496e+01 +1.366013496e+01
2610 0 +9.591568652e-05 +1.366009592e+01 +1.366009592e+01
2651 0 +5.446328396e-05 +1.366005446e+01 +1.366005446e+01
2692 0 +3.415651236e-05 +1.366003416e+01 +1.366003416e+01
2733 0 +2.421951095e-05 +1.366002422e+01 +1.366002422e+01
2774 0 +1.993037131e-05 +1.366001993e+01 +1.366001993e+01
2815 0 +9.256483994e-06 +1.366000926e+01 +1.366000926e+01
2897 0 +7.838238572e-06 +1.366000784e+01 +1.366000784e+01
2938 0 +5.496629289e-06 +1.366000550e+01 +1.366000550e+01
2979 0 +3.204857956e-06 +1.366000320e+01 +1.366000320e+01
3020 0 +2.962987246e-06 +1.366000296e+01 +1.366000296e+01
3102 0 +2.697226295e-06 +1.366000270e+01 +1.366000270e+01
22858 0 +2.246332892e-06 +1.366000225e+01 +1.366000225e+01
22899 0 +1.175679671e-06 +1.366000118e+01 +1.366000118e+01
22940 0 +1.014301215e-06 +1.366000101e+01 +1.366000101e+01
43388 0 +8.615997000e-07 +1.366000086e+01 +1.366000086e+01
47883 0 +7.738027481e-07 +1.366000077e+01 +1.366000077e+01
47924 0 +5.018338403e-07 +1.366000050e+01 +1.366000050e+01
47934 0 +5.010990893e-07 +1.366000050e+01 +1.366000050e+01
56024 0 +3.852655670e-07 +1.366000039e+01 +1.366000039e+01
56065 0 +2.599767459e-07 +1.366000026e+01 +1.366000026e+01
56106 0 +2.350633199e-07 +1.366000024e+01 +1.366000024e+01
56147 0 +2.011210629e-07 +1.366000020e+01 +1.366000020e+01
56188 0 +1.485569427e-07 +1.366000015e+01 +1.366000015e+01
56229 0 +1.324764156e-07 +1.366000013e+01 +1.366000013e+01
213525 0 +9.852355909e-08 +1.366000010e+01 +1.366000010e+01
213566 0 +6.810839714e-08 +1.366000007e+01 +1.366000007e+01
213607 0 +5.986716189e-08 +1.366000006e+01 +1.366000006e+01
214181 0 +5.467315312e-08 +1.366000005e+01 +1.366000005e+01
214263 0 +4.793848873e-08 +1.366000005e+01 +1.366000005e+01
242052 0 +4.408604504e-08 +1.366000004e+01 +1.366000004e+01
251805 0 +3.553089201e-08 +1.366000004e+01 +1.366000004e+01
251808 0 +3.541312665e-08 +1.366000004e+01 +1.366000004e+01
251846 0 +2.814474875e-08 +1.366000003e+01 +1.366000003e+01
251928 0 +2.502052965e-08 +1.366000003e+01 +1.366000003e+01
252010 0 +2.122334841e-08 +1.366000002e+01 +1.366000002e+01
252051 0 +1.852406228e-08 +1.366000002e+01 +1.366000002e+01
252092 0 +1.718774278e-08 +1.366000002e+01 +1.366000002e+01
252297 0 +1.580575848e-08 +1.366000002e+01 +1.366000002e+01
252748 0 +1.404507799e-08 +1.366000001e+01 +1.366000001e+01
256095 0 +1.103379255e-08 +1.366000001e+01 +1.366000001e+01
256136 0 +8.626912518e-09 +1.366000001e+01 +1.366000001e+01
278434 0 +9.467981954e-13 +1.366000000e+01 +1.366000000e+01
401133 0 +1.776356839e-15 +1.366000000e+01 +1.366000000e+01
% f evaluations | g evaluations | best noise-free fitness - Fopt (9.378400000000e+02) + sum g_i+ | measured fitness | best measured fitness or single-digit g-values | x1 | x2...
1 0 +4.051553901e+05 +4.060932301e+05 +4.060932301e+05
4 0 +2.715409943e+05 +2.724788343e+05 +2.724788343e+05
7 0 +5.880209385e+04 +5.973993385e+04 +5.973993385e+04
16 0 +6.200583166e+02 +1.557898317e+03 +1.557898317e+03
116 0 +3.913158286e+02 +1.329155829e+03 +1.329155829e+03
217 0 +3.465559952e+02 +1.284395995e+03 +1.284395995e+03
465 0 +1.446398968e+02 +1.082479897e+03 +1.082479897e+03
506 0 +6.707462870e+00 +9.445474629e+02 +9.445474629e+02
547 0 +2.233522853e+00 +9.400735229e+02 +9.400735229e+02
588 0 +8.873767671e-01 +9.387273768e+02 +9.387273768e+02
629 0 +2.580413492e-01 +9.380980413e+02 +9.380980413e+02
711 0 +9.189076778e-02 +9.379318908e+02 +9.379318908e+02
752 0 +4.844585941e-02 +9.378884459e+02 +9.378884459e+02
793 0 +1.618998829e-02 +9.378561900e+02 +9.378561900e+02
834 0 +4.495455277e-03 +9.378444955e+02 +9.378444955e+02
875 0 +2.154059351e-03 +9.378421541e+02 +9.378421541e+02
916 0 +8.569140826e-04 +9.378408569e+02 +9.378408569e+02
957 0 +1.775235265e-04 +9.378401775e+02 +9.378401775e+02
998 0 +5.301025828e-05 +9.378400530e+02 +9.378400530e+02
1039 0 +2.787444328e-05 +9.378400279e+02 +9.378400279e+02
5178 0 +1.655878430e-05 +9.378400166e+02 +9.378400166e+02
5219 0 +1.223791799e-05 +9.378400122e+02 +9.378400122e+02
5260 0 +9.727608926e-06 +9.378400097e+02 +9.378400097e+02
5301 0 +7.419467011e-06 +9.378400074e+02 +9.378400074e+02
5383 0 +6.622796377e-06 +9.378400066e+02 +9.378400066e+02
5424 0 +6.093326988e-06 +9.378400061e+02 +9.378400061e+02
6736 0 +5.495440064e-06 +9.378400055e+02 +9.378400055e+02
10698 0 +4.890783316e-06 +9.378400049e+02 +9.378400049e+02
10780 0 +3.936384132e-06 +9.378400039e+02 +9.378400039e+02
11231 0 +3.494613338e-06 +9.378400035e+02 +9.378400035e+02
44498 0 +3.041425998e-06 +9.378400030e+02 +9.378400030e+02
44662 0 +2.778341695e-06 +9.378400028e+02 +9.378400028e+02
44949 0 +2.468835532e-06 +9.378400025e+02 +9.378400025e+02
54800 0 +1.814667257e-06 +9.378400018e+02 +9.378400018e+02
54841 0 +1.301628345e-06 +9.378400013e+02 +9.378400013e+02
54882 0 +8.985116438e-07 +9.378400009e+02 +9.378400009e+02
54923 0 +6.647484270e-07 +9.378400007e+02 +9.378400007e+02
55087 0 +6.234928378e-07 +9.378400006e+02 +9.378400006e+02
55169 0 +4.976322998e-07 +9.378400005e+02 +9.378400005e+02
55210 0 +3.658402647e-07 +9.378400004e+02 +9.378400004e+02
55251 0 +3.298346201e-07 +9.378400003e+02 +9.378400003e+02
55292 0 +2.707887461e-07 +9.378400003e+02 +9.378400003e+02
55333 0 +2.300042752e-07 +9.378400002e+02 +9.378400002e+02
55374 0 +2.188900226e-07 +9.378400002e+02 +9.378400002e+02
56358 0 +1.994500280e-07 +9.378400002e+02 +9.378400002e+02
142483 0 +1.502193072e-07 +9.378400002e+02 +9.378400002e+02
142647 0 +1.393544835e-07 +9.378400001e+02 +9.378400001e+02
142729 0 +1.246633019e-07 +9.378400001e+02 +9.378400001e+02
142770 0 +1.047436626e-07 +9.378400001e+02 +9.378400001e+02
142811 0 +9.358711850e-08 +9.378400001e+02 +9.378400001e+02
142852 0 +7.651090073e-08 +9.378400001e+02 +9.378400001e+02
142893 0 +7.029336757e-08 +9.378400001e+02 +9.378400001e+02
234609 0 +5.782385415e-08 +9.378400001e+02 +9.378400001e+02
234650 0 +5.601134490e-08 +9.378400001e+02 +9.378400001e+02
243205 0 +4.596836334e-08 +9.378400000e+02 +9.378400000e+02
243245 0 +4.304047252e-08 +9.378400000e+02 +9.378400000e+02
243265 0 +3.625382305e-08 +9.378400000e+02 +9.378400000e+02
243296 0 +3.515901881e-08 +9.378400000e+02 +9.378400000e+02
243327 0 +3.129707693e-08 +9.378400000e+02 +9.378400000e+02
243357 0 +2.816022970e-08 +9.378400000e+02 +9.378400000e+02
243368 0 +2.358092388e-08 +9.378400000e+02 +9.378400000e+02
243378 0 +1.480691481e-08 +9.378400000e+02 +9.378400000e+02
245806 0 +1.219996193e-08 +9.378400000e+02 +9.378400000e+02
245905 0 +7.856897355e-09 +9.378400000e+02 +9.378400000e+02
265521 0 +6.821210263e-13 +9.378400000e+02 +9.378400000e+02
400873 0 +1.136868377e-13 +9.378400000e+02 +9.378400000e+02
% f evaluations | g evaluations | best noise-free fitness - Fopt (-7.872000000000e+01) + sum g_i+ | measured fitness | best measured fitness or single-digit g-values | x1 | x2...
1 0 +7.443356686e+06 +7.443277966e+06 +7.443277966e+06
12 0 +7.042545792e+06 +7.042467072e+06 +7.042467072e+06
16 0 +5.876369931e+06 +5.876291211e+06 +5.876291211e+06
20 0 +3.797578695e+06 +3.797499975e+06 +3.797499975e+06
26 0 +2.254123542e+06 +2.254044822e+06 +2.254044822e+06
39 0 +1.666949372e+06 +1.666870652e+06 +1.666870652e+06
40 0 +1.285245683e+06 +1.285166963e+06 +1.285166963e+06
44 0 +2.118492777e+05 +2.117705577e+05 +2.117705577e+05
46 0 +1.211880877e+04 +1.204008877e+04 +1.204008877e+04
47 0 +3.949296617e+03 +3.870576617e+03 +3.870576617e+03
56 0 +9.766956829e+02 +8.979756829e+02 +8.979756829e+02
81 0 +5.109519310e+02 +4.322319310e+02 +4.322319310e+02
424 0 +2.908316861e+02 +2.121116861e+02 +2.121116861e+02
465 0 +1.239028855e+02 +4.518288552e+01 +4.518288552e+01
506 0 +1.098126978e+01 -6.773873022e+01 -6.773873022e+01
547 0 +3.312697323e+00 -7.540730268e+01 -7.540730268e+01
629 0 +1.453702598e+00 -7.726629740e+01 -7.726629740e+01
670 0 +6.743411814e-01 -7.804565882e+01 -7.804565882e+01
711 0 +2.151692861e-01 -7.850483071e+01 -7.850483071e+01
752 0 +5.760759851e-02 -7.866239240e+01 -7.866239240e+01
793 0 +2.623320884e-02 -7.869376679e+01 -7.869376679e+01
834 0 +9.682646985e-03 -7.871031735e+01 -7.871031735e+01
875 0 +2.794857071e-03 -7.871720514e+01 -7.871720514e+01
916 0 +8.992203580e-04 -7.871910078e+01 -7.871910078e+01
957 0 +1.819010789e-04 -7.871981810e+01 -7.871981810e+01
998 0 +6.082827456e-05 -7.871993917e+01 -7.871993917e+01
1039 0 +1.531363634e-05 -7.871998469e+01 -7.871998469e+01
1080 0 +1.028435464e-05 -7.871998972e+01 -7.871998972e+01
1121 0 +7.670444234e-06 -7.871999233e+01 -7.871999233e+01
3484 0 +6.115566009e-06 -7.871999388e+01 -7.871999388e+01
3525 0 +3.326433628e-06 -7.871999667e+01 -7.871999667e+01
3607 0 +2.240614791e-06 -7.871999776e+01 -7.871999776e+01
3689 0 +2.108581853e-06 -7.871999789e+01 -7.871999789e+01
3812 0 +1.959947156e-06 -7.871999804e+01 -7.871999804e+01
3894 0 +1.739879039e-06 -7.871999826e+01 -7.871999826e+01
4058 0 +1.557606737e-06 -7.871999844e+01 -7.871999844e+01
26518 0 +1.319644497e-06 -7.871999868e+01 -7.871999868e+01
37542 0 +3.597566689e-07 -7.871999964e+01 -7.871999964e+01
37624 0 +2.657863973e-07 -7.871999973e+01 -7.871999973e+01
46176 0 +1.581681488e-07 -7.871999984e+01 -7.871999984e+01
244522 0 +1.403579262e-07 -7.871999986e+01 -7.871999986e+01
244604 0 +1.254802413e-07 -7.871999987e+01 -7.871999987e+01
244850 0 +1.116293902e-07 -7.871999989e+01 -7.871999989e+01
253692 0 +9.308310212e-08 -7.871999991e+01 -7.871999991e+01
253751 0 +8.856160605e-08 -7.871999991e+01 -7.871999991e+01
253770 0 +6.970861932e-08 -7.871999993e+01 -7.871999993e+01
253794 0 +6.063545754e-08 -7.871999994e+01 -7.871999994e+01
253819 0 +4.206819426e-08 -7.871999996e+01 -7.871999996e+01
253825 0 +2.599004745e-08 -7.871999997e+01 -7.871999997e+01
256194 0 +2.159167423e-08 -7.871999998e+01 -7.871999998e+01
256246 0 +1.828914264e-08 -7.871999998e+01 -7.871999998e+01
256304 0 +1.541361883e-08 -7.871999998e+01 -7.871999998e+01
256310 0 +1.077333422e-08 -7.871999999e+01 -7.871999999e+01
258927 0 +9.978236903e-09 -7.871999999e+01 -7.871999999e+01
277343 0 +9.237055565e-13 -7.872000000e+01 -7.872000000e+01
401629 0 +1.421085472e-14 -7.872000000e+01 -7.872000000e+01
% f evaluations | g evaluations | best noise-free fitness - Fopt (-4.151000000000e+01) + sum g_i+ | measured fitness | best measured fitness or single-digit g-values | x1 | x2...
1 0 +1.598810115e+07 +1.598805964e+07 +1.598805964e+07
2 0 +1.187543328e+07 +1.187539177e+07 +1.187539177e+07
3 0 +9.705880128e+06 +9.705838618e+06 +9.705838618e+06
4 0 +7.280648725e+06 +7.280607215e+06 +7.280607215e+06
5 0 +5.000652940e+06 +5.000611430e+06 +5.000611430e+06
8 0 +3.276642413e+06 +3.276600903e+06 +3.276600903e+06
20 0 +1.966146661e+06 +1.966105151e+06 +1.966105151e+06
31 0 +1.638838654e+06 +1.638797144e+06 +1.638797144e+06
32 0 +4.175406214e+05 +4.174991114e+05 +4.174991114e+05
39 0 +5.459055488e+03 +5.417545488e+03 +5.417545488e+03
49 0 +4.873948023e+03 +4.832438023e+03 +4.832438023e+03
65 0 +9.803317480e+02 +9.388217480e+02 +9.388217480e+02
122 0 +3.454990965e+02 +3.039890965e+02 +3.039890965e+02
465 0 +1.120845360e+02 +7.057453597e+01 +7.057453597e+01
506 0 +2.993589068e+01 -1.157410932e+01 -1.157410932e+01
547 0 +2.284833420e+01 -1.866166580e+01 -1.866166580e+01
588 0 +1.863116438e+00 -3.964688356e+01 -3.964688356e+01
629 0 +4.843822819e-01 -4.102561772e+01 -4.102561772e+01
670 0 +1.002358268e-01 -4.140976417e+01 -4.140976417e+01
711 0 +3.316332649e-02 -4.147683667e+01 -4.147683667e+01
752 0 +4.758894208e-03 -4.150524111e+01 -4.150524111e+01
793 0 +9.600280809e-04 -4.150903997e+01 -4.150903997e+01
834 0 +4.207731876e-04 -4.150957923e+01 -4.150957923e+01
875 0 +7.233443020e-05 -4.150992767e+01 -4.150992767e+01
916 0 +4.047817725e-05 -4.150995952e+01 -4.150995952e+01
998 0 +2.629190782e-05 -4.150997371e+01 -4.150997371e+01
1121 0 +2.387783079e-05 -4.150997612e+01 -4.150997612e+01
1162 0 +2.114154447e-05 -4.150997886e+01 -4.150997886e+01
1203 0 +1.589337111e-05 -4.150998411e+01 -4.150998411e+01
1244 0 +1.389136996e-05 -4.150998611e+01 -4.150998611e+01
1285 0 +1.030534759e-05 -4.150998969e+01 -4.150998969e+01
1326 0 +6.732930999e-06 -4.150999327e+01 -4.150999327e+01
1367 0 +4.536932529e-06 -4.150999546e+01 -4.150999546e+01
1449 0 +3.619587169e-06 -4.150999638e+01 -4.150999638e+01
1490 0 +2.022358139e-06 -4.150999798e+01 -4.150999798e+01
1531 0 +1.674306695e-06 -4.150999833e+01 -4.150999833e+01
4550 0 +1.560792498e-06 -4.150999844e+01 -4.150999844e+01
4591 0 +1.327363691e-06 -4.150999867e+01 -4.150999867e+01
4632 0 +8.408298839e-07 -4.150999916e+01 -4.150999916e+01
4673 0 +4.813580929e-07 -4.150999952e+01 -4.150999952e+01
4714 0 +4.336007962e-07 -4.150999957e+01 -4.150999957e+01
4755 0 +3.743163148e-07 -4.150999963e+01 -4.150999963e+01
4796 0 +3.339844099e-07 -4.150999967e+01 -4.150999967e+01
76957 0 +2.459282484e-07 -4.150999975e+01 -4.150999975e+01
76998 0 +1.213624472e-07 -4.150999988e+01 -4.150999988e+01
77080 0 +1.003892436e-07 -4.150999990e+01 -4.150999990e+01
77121 0 +8.450886924e-08 -4.150999992e+01 -4.150999992e+01
77162 0 +7.316476314e-08 -4.150999993e+01 -4.150999993e+01
77203 0 +6.396987828e-08 -4.150999994e+01 -4.150999994e+01
77368 0 +6.309498701e-08 -4.150999994e+01 -4.150999994e+01
77613 0 +5.553378912e-08 -4.150999994e+01 -4.150999994e+01
259135 0 +4.436656553e-08 -4.150999996e+01 -4.150999996e+01
266725 0 +3.977250884e-08 -4.150999996e+01 -4.150999996e+01
266801 0 +3.340954180e-08 -4.150999997e+01 -4.150999997e+01
266818 0 +3.041819951e-08 -4.150999997e+01 -4.150999997e+01
266858 0 +2.699069768e-08 -4.150999997e+01 -4.150999997e+01
266892 0 +2.163002222e-08 -4.150999998e+01 -4.150999998e+01
266920 0 +1.345274114e-08 -4.150999999e+01 -4.150999999e+01
267002 0 +1.211596867e-08 -4.150999999e+01 -4.150999999e+01
269369 0 +9.467349571e-09 -4.150999999e+01 -4.150999999e+01
289620 0 +7.460698725e-13 -4.151000000e+01 -4.151000000e+01
400164 0 +7.105427358e-15 -4.151000000e+01 -4.151000000e+01
% f evaluations | g evaluations | best noise-free fitness - Fopt (1.320700000000e+02) + sum g_i+ | measured fitness | best measured fitness or single-digit g-values | x1 | x2...
1 0 +9.654135579e+06 +9.654267649e+06 +9.654267649e+06
2 0 +7.315498016e+06 +7.315630086e+06 +7.315630086e+06
3 0 +2.015305444e+06 +2.015437514e+06 +2.015437514e+06
4 0 +5.336181349e+03 +5.468251349e+03 +5.468251349e+03
66 0 +1.003476616e+03 +1.135546616e+03 +1.135546616e+03
134 0 +7.458788881e+02 +8.779488881e+02 +8.779488881e+02
163 0 +5.543571976e+02 +6.864271976e+02 +6.864271976e+02
465 0 +1.871129452e+02 +3.191829452e+02 +3.191829452e+02
506 0 +4.325049572e+01 +1.753204957e+02 +1.753204957e+02
547 0 +8.864192879e+00 +1.409341929e+02 +1.409341929e+02
588 0 +4.764590766e+00 +1.368345908e+02 +1.368345908e+02
629 0 +1.058060169e+00 +1.331280602e+02 +1.331280602e+02
670 0 +3.016489944e-01 +1.323716490e+02 +1.323716490e+02
711 0 +9.974953340e-02 +1.321697495e+02 +1.321697495e+02
752 0 +1.209508597e-02 +1.320820951e+02 +1.320820951e+02
793 0 +5.697012481e-03 +1.320756970e+02 +1.320756970e+02
834 0 +2.500988081e-03 +1.320725010e+02 +1.320725010e+02
875 0 +7.916004490e-04 +1.320707916e+02 +1.320707916e+02
916 0 +5.494944924e-04 +1.320705495e+02 +1.320705495e+02
957 0 +2.429767175e-04 +1.320702430e+02 +1.320702430e+02
1039 0 +1.319784837e-04 +1.320701320e+02 +1.320701320e+02
1080 0 +1.132601529e-04 +1.320701133e+02 +1.320701133e+02
1121 0 +8.583352258e-05 +1.320700858e+02 +1.320700858e+02
1162 0 +5.039314013e-05 +1.320700504e+02 +1.320700504e+02
1203 0 +1.995862391e-05 +1.320700200e+02 +1.320700200e+02
1244 0 +1.145383004e-05 +1.320700115e+02 +1.320700115e+02
1285 0 +8.877033537e-06 +1.320700089e+02 +1.320700089e+02
10480 0 +6.878686690e-06 +1.320700069e+02 +1.320700069e+02
10521 0 +4.247800234e-06 +1.320700042e+02 +1.320700042e+02
10562 0 +3.316115169e-06 +1.320700033e+02 +1.320700033e+02
13868 0 +2.434827621e-06 +1.320700024e+02 +1.320700024e+02
13909 0 +1.687568925e-06 +1.320700017e+02 +1.320700017e+02
13950 0 +1.034682924e-06 +1.320700010e+02 +1.320700010e+02
13991 0 +6.131851364e-07 +1.320700006e+02 +1.320700006e+02
14032 0 +4.961483455e-07 +1.320700005e+02 +1.320700005e+02
14073 0 +4.210529028e-07 +1.320700004e+02 +1.320700004e+02
27353 0 +2.815008884e-07 +1.320700003e+02 +1.320700003e+02
27394 0 +1.688454461e-07 +1.320700002e+02 +1.320700002e+02
42380 0 +6.049486956e-08 +1.320700001e+02 +1.320700001e+02
42421 0 +2.803471943e-08 +1.320700000e+02 +1.320700000e+02
42626 0 +2.481957040e-08 +1.320700000e+02 +1.320700000e+02
42667 0 +1.801373628e-08 +1.320700000e+02 +1.320700000e+02
42708 0 +1.650508352e-08 +1.320700000e+02 +1.320700000e+02
42749 0 +1.462206001e-08 +1.320700000e+02 +1.320700000e+02
42790 0 +1.332486477e-08 +1.320700000e+02 +1.320700000e+02
42831 0 +1.253974347e-08 +1.320700000e+02 +1.320700000e+02
42872 0 +1.039231279e-08 +1.320700000e+02 +1.320700000e+02
42913 0 +9.687624924e-09 +1.320700000e+02 +1.320700000e+02
254500 0 +9.663381206e-13 +1.320700000e+02 +1.320700000e+02
401171 0 +2.842170943e-14 +1.320700000e+02 +1.320700000e+02
% f evaluations | g evaluations | best noise-free fitness - Fopt (9.725000000000e+01) + sum g_i+ | measured fitness | best measured fitness or single-digit g-values | x1 | x2...
1 0 +8.987125239e+06 +8.987222489e+06 +8.987222489e+06
2 0 +2.589186508e+05 +2.590159008e+05 +2.590159008e+05
3 0 +1.954131597e+05 +1.955104097e+05 +1.955104097e+05
4 0 +1.586996442e+04 +1.596721442e+04 +1.596721442e+04
7 0 +3.838815164e+03 +3.936065164e+03 +3.936065164e+03
37 0 +3.282048526e+02 +4.254548526e+02 +4.254548526e+02
110 0 +3.111092576e+02 +4.083592576e+02 +4.083592576e+02
465 0 +1.673010956e+02 +2.645510956e+02 +2.645510956e+02
506 0 +8.481349266e+00 +1.057313493e+02 +1.057313493e+02
547 0 +3.812893338e+00 +1.010628933e+02 +1.010628933e+02
588 0 +8.431699881e-01 +9.809316999e+01 +9.809316999e+01
629 0 +6.193710420e-02 +9.731193710e+01 +9.731193710e+01
670 0 +3.383015520e-02 +9.728383016e+01 +9.728383016e+01
711 0 +9.194002244e-03 +9.725919400e+01 +9.725919400e+01
752 0 +2.675461119e-03 +9.725267546e+01 +9.725267546e+01
793 0 +7.691971041e-04 +9.725076920e+01 +9.725076920e+01
834 0 +3.600058924e-04 +9.725036001e+01 +9.725036001e+01
875 0 +1.378405378e-04 +9.725013784e+01 +9.725013784e+01
916 0 +4.364470703e-05 +9.725004364e+01 +9.725004364e+01
957 0 +3.007134383e-05 +9.725003007e+01 +9.725003007e+01
998 0 +1.899545005e-05 +9.725001900e+01 +9.725001900e+01
1039 0 +1.657482964e-05 +9.725001657e+01 +9.725001657e+01
1080 0 +1.309455537e-05 +9.725001309e+01 +9.725001309e+01
1121 0 +9.330272135e-06 +9.725000933e+01 +9.725000933e+01
1162 0 +5.260122251e-06 +9.725000526e+01 +9.725000526e+01
1203 0 +3.358230160e-06 +9.725000336e+01 +9.725000336e+01
1244 0 +1.981642470e-06 +9.725000198e+01 +9.725000198e+01
1285 0 +1.285186329e-06 +9.725000129e+01 +9.725000129e+01
1326 0 +1.110085208e-06 +9.725000111e+01 +9.725000111e+01
1367 0 +9.769626814e-07 +9.725000098e+01 +9.725000098e+01
1408 0 +7.879373243e-07 +9.725000079e+01 +9.725000079e+01
1449 0 +5.936930307e-07 +9.725000059e+01 +9.725000059e+01
1490 0 +5.179729357e-07 +9.725000052e+01 +9.725000052e+01
1531 0 +4.977941188e-07 +9.725000050e+01 +9.725000050e+01
1982 0 +4.237902829e-07 +9.725000042e+01 +9.725000042e+01
2064 0 +3.945406206e-07 +9.725000039e+01 +9.725000039e+01
2187 0 +3.529772954e-07 +9.725000035e+01 +9.725000035e+01
2433 0 +3.141020528e-07 +9.725000031e+01 +9.725000031e+01
14740 0 +2.596567867e-07 +9.725000026e+01 +9.725000026e+01
14781 0 +2.330887128e-07 +9.725000023e+01 +9.725000023e+01
117962 0 +1.799675999e-07 +9.725000018e+01 +9.725000018e+01
118003 0 +1.752692924e-07 +9.725000018e+01 +9.725000018e+01
169139 0 +1.521201511e-07 +9.725000015e+01 +9.725000015e+01
169262 0 +1.395415126e-07 +9.725000014e+01 +9.725000014e+01
175218 0 +4.496060058e-08 +9.725000004e+01 +9.725000004e+01
175300 0 +3.284516481e-08 +9.725000003e+01 +9.725000003e+01
175341 0 +2.195028515e-08 +9.725000002e+01 +9.725000002e+01
175382 0 +1.488943724e-08 +9.725000001e+01 +9.725000001e+01
175423 0 +1.062677768e-08 +9.725000001e+01 +9.725000001e+01
175464 0 +9.643287058e-09 +9.725000001e+01 +9.725000001e+01
207884 0 +9.379164112e-13 +9.725000000e+01 +9.725000000e+01
400128 0 +1.421085472e-14 +9.725000000e+01 +9.725000000e+01
% f evaluations | g evaluations | best noise-free fitness - Fopt (-2.033000000000e+01) + sum g_i+ | measured fitness | best measured fitness or single-digit g-values | x1 | x2...
1 0 +6.320536187e+06 +6.320515857e+06 +6.320515857e+06
2 0 +2.367183980e+05 +2.366980680e+05 +2.366980680e+05
3 0 +3.558369212e+04 +3.556336212e+04 +3.556336212e+04
7 0 +2.284368293e+04 +2.282335293e+04 +2.282335293e+04
14 0 +1.232379074e+03 +1.212049074e+03 +1.212049074e+03
44 0 +4.003207670e+02 +3.799907670e+02 +3.799907670e+02
465 0 +8.991010208e+01 +6.958010208e+01 +6.958010208e+01
506 0 +3.550315205e+01 +1.517315205e+01 +1.517315205e+01
547 0 +3.092017681e+00 -1.723798232e+01 -1.723798232e+01
588 0 +7.731897519e-01 -1.955681025e+01 -1.955681025e+01
629 0 +9.817827166e-02 -2.023182173e+01 -2.023182173e+01
670 0 +2.886144654e-02 -2.030113855e+01 -2.030113855e+01
711 0 +2.322573033e-03 -2.032767743e+01 -2.032767743e+01
752 0 +5.602724322e-04 -2.032943973e+01 -2.032943973e+01
793 0 +2.367574730e-04 -2.032976324e+01 -2.032976324e+01
834 0 +2.776624132e-05 -2.032997223e+01 -2.032997223e+01
875 0 +1.322442796e-05 -2.032998678e+01 -2.032998678e+01
916 0 +7.996598221e-06 -2.032999200e+01 -2.032999200e+01
957 0 +3.016048559e-06 -2.032999698e+01 -2.032999698e+01
998 0 +2.256485981e-06 -2.032999774e+01 -2.032999774e+01
1039 0 +1.733196438e-06 -2.032999827e+01 -2.032999827e+01
19374 0 +1.344158111e-06 -2.032999866e+01 -2.032999866e+01
50711 0 +8.836106247e-07 -2.032999912e+01 -2.032999912e+01
50752 0 +5.882189349e-07 -2.032999941e+01 -2.032999941e+01
50793 0 +2.976951592e-07 -2.032999970e+01 -2.032999970e+01
50838 0 +2.818371136e-07 -2.032999972e+01 -2.032999972e+01
50957 0 +2.163516193e-07 -2.032999978e+01 -2.032999978e+01
50998 0 +1.817515596e-07 -2.032999982e+01 -2.032999982e+01
51039 0 +1.229988378e-07 -2.032999988e+01 -2.032999988e+01
220730 0 +1.040051814e-07 -2.032999990e+01 -2.032999990e+01
220935 0 +9.954464986e-08 -2.032999990e+01 -2.032999990e+01
221058 0 +8.582253130e-08 -2.032999991e+01 -2.032999991e+01
226890 0 +6.196817282e-08 -2.032999994e+01 -2.032999994e+01
226931 0 +3.309123286e-08 -2.032999997e+01 -2.032999997e+01
231349 0 +3.099138723e-08 -2.032999997e+01 -2.032999997e+01
231480 0 +2.517212039e-08 -2.032999997e+01 -2.032999997e+01
231492 0 +1.949816664e-08 -2.032999998e+01 -2.032999998e+01
233696 0 +1.673588201e-08 -2.032999998e+01 -2.032999998e+01
233792 0 +1.425255647e-08 -2.032999999e+01 -2.032999999e+01
233828 0 +1.003543559e-08 -2.032999999e+01 -2.032999999e+01
233859 0 +9.858730721e-09 -2.032999999e+01 -2.032999999e+01
252980 0 +9.947598301e-13 -2.033000000e+01 -2.033000000e+01
401028 0 +3.552713679e-15 -2.033000000e+01 -2.033000000e+01
% f evaluations | g evaluations | best noise-free fitness - Fopt (9.431000000000e+01) + sum g_i+ | measured fitness | best measured fitness or single-digit g-values | x1 | x2...
1 0 +5.761821297e+05 +5.762764397e+05 +5.762764397e+05
4 0 +4.851073685e+04 +4.860504685e+04 +4.860504685e+04
21 0 +2.796427529e+04 +2.805858529e+04 +2.805858529e+04
26 0 +2.340114022e+03 +2.434424022e+03 +2.434424022e+03
48 0 +2.004860794e+03 +2.099170794e+03 +2.099170794e+03
101 0 +1.179358267e+03 +1.273668267e+03 +1.273668267e+03
145 0 +3.318933440e+02 +4.262033440e+02 +4.262033440e+02
465 0 +2.589977192e+02 +3.533077192e+02 +3.533077192e+02
506 0 +6.701114704e+01 +1.613211470e+02 +1.613211470e+02
547 0 +5.625876784e+01 +1.505687678e+02 +1.505687678e+02
1134 0 +1.525052567e+01 +1.095605257e+02 +1.095605257e+02
1175 0 +3.591006209e+00 +9.790100621e+01 +9.790100621e+01
1216 0 +1.763984132e+00 +9.607398413e+01 +9.607398413e+01
1257 0 +2.548563048e-01 +9.456485630e+01 +9.456485630e+01
1298 0 +8.877587862e-02 +9.439877588e+01 +9.439877588e+01
1339 0 +3.295200712e-02 +9.434295201e+01 +9.434295201e+01
1380 0 +1.642014825e-02 +9.432642015e+01 +9.432642015e+01
1421 0 +5.144777807e-03 +9.431514478e+01 +9.431514478e+01
1462 0 +1.827225198e-03 +9.431182723e+01 +9.431182723e+01
1503 0 +4.941032984e-04 +9.431049410e+01 +9.431049410e+01
1544 0 +1.067267513e-04 +9.431010673e+01 +9.431010673e+01
1585 0 +2.948349605e-05 +9.431002948e+01 +9.431002948e+01
1626 0 +1.511137496e-05 +9.431001511e+01 +9.431001511e+01
1667 0 +1.000062028e-05 +9.431001000e+01 +9.431001000e+01
1708 0 +6.045487282e-06 +9.431000605e+01 +9.431000605e+01
1749 0 +2.865411645e-06 +9.431000287e+01 +9.431000287e+01
1790 0 +2.707793058e-06 +9.431000271e+01 +9.431000271e+01
32284 0 +2.511462029e-06 +9.431000251e+01 +9.431000251e+01
32489 0 +2.205892912e-06 +9.431000221e+01 +9.431000221e+01
32612 0 +1.911106864e-06 +9.431000191e+01 +9.431000191e+01
32817 0 +1.691275855e-06 +9.431000169e+01 +9.431000169e+01
32858 0 +1.535532675e-06 +9.431000154e+01 +9.431000154e+01
33022 0 +1.374701270e-06 +9.431000137e+01 +9.431000137e+01
33391 0 +1.243486565e-06 +9.431000124e+01 +9.431000124e+01
108531 0 +1.040782351e-06 +9.431000104e+01 +9.431000104e+01
108613 0 +7.350591744e-07 +9.431000074e+01 +9.431000074e+01
108777 0 +7.020769601e-07 +9.431000070e+01 +9.431000070e+01
108900 0 +5.689779528e-07 +9.431000057e+01 +9.431000057e+01
108941 0 +5.067193882e-07 +9.431000051e+01 +9.431000051e+01
108982 0 +4.483178486e-07 +9.431000045e+01 +9.431000045e+01
109023 0 +3.848069099e-07 +9.431000038e+01 +9.431000038e+01
109146 0 +3.400405859e-07 +9.431000034e+01 +9.431000034e+01
109392 0 +3.133691848e-07 +9.431000031e+01 +9.431000031e+01
109761 0 +2.799614833e-07 +9.431000028e+01 +9.431000028e+01
114214 0 +2.433039299e-07 +9.431000024e+01 +9.431000024e+01
194026 0 +2.193286832e-07 +9.431000022e+01 +9.431000022e+01
194108 0 +1.715372662e-07 +9.431000017e+01 +9.431000017e+01
194231 0 +1.530706868e-07 +9.431000015e+01 +9.431000015e+01
194272 0 +1.362788140e-07 +9.431000014e+01 +9.431000014e+01
202031 0 +1.125958136e-07 +9.431000011e+01 +9.431000011e+01
202100 0 +1.117075783e-07 +9.431000011e+01 +9.431000011e+01
202113 0 +8.521458028e-08 +9.431000009e+01 +9.431000009e+01
202154 0 +4.978262780e-08 +9.431000005e+01 +9.431000005e+01
202195 0 +3.850674091e-08 +9.431000004e+01 +9.431000004e+01
202277 0 +2.841929359e-08 +9.431000003e+01 +9.431000003e+01
202318 0 +2.706048008e-08 +9.431000003e+01 +9.431000003e+01
202441 0 +2.417878875e-08 +9.431000002e+01 +9.431000002e+01
208724 0 +1.347684986e-08 +9.431000001e+01 +9.431000001e+01
208765 0 +1.009647121e-08 +9.431000001e+01 +9.431000001e+01
208847 0 +9.981860671e-09 +9.431000001e+01 +9.431000001e+01
236735 0 +9.663381206e-13 +9.431000000e+01 +9.431000000e+01
401191 0 +1.421085472e-14 +9.431000000e+01 +9.431000000e+01
% f evaluations | g evaluations | best noise-free fitness - Fopt (-1.436900000000e+02) + sum g_i+ | measured fitness | best measured fitness or single-digit g-values | x1 | x2...
1 0 +3.051057002e+05 +3.049620102e+05 +3.049620102e+05
13 0 +9.488016240e+04 +9.473647240e+04 +9.473647240e+04
20 0 +1.953084553e+04 +1.938715553e+04 +1.938715553e+04
48 0 +1.239368737e+03 +1.095678737e+03 +1.095678737e+03
56 0 +5.798808523e+02 +4.361908523e+02 +4.361908523e+02
65 0 +2.859643600e+02 +1.422743600e+02 +1.422743600e+02
465 0 +1.557162411e+02 +1.202624107e+01 +1.202624107e+01
506 0 +7.273883327e+00 -1.364161167e+02 -1.364161167e+02
547 0 +3.747139367e+00 -1.399428606e+02 -1.399428606e+02
588 0 +1.718734225e+00 -1.419712658e+02 -1.419712658e+02
629 0 +7.911056995e-01 -1.428988943e+02 -1.428988943e+02
670 0 +3.523978276e-01 -1.433376022e+02 -1.433376022e+02
711 0 +1.496928538e-01 -1.435403071e+02 -1.435403071e+02
752 0 +1.947516949e-02 -1.436705248e+02 -1.436705248e+02
793 0 +4.102513943e-03 -1.436858975e+02 -1.436858975e+02
834 0 +1.180011173e-03 -1.436888200e+02 -1.436888200e+02
875 0 +4.858204060e-04 -1.436895142e+02 -1.436895142e+02
916 0 +3.366467672e-04 -1.436896634e+02 -1.436896634e+02
957 0 +1.418307170e-04 -1.436898582e+02 -1.436898582e+02
1039 0 +8.437425154e-05 -1.436899156e+02 -1.436899156e+02
1080 0 +6.615716129e-05 -1.436899338e+02 -1.436899338e+02
1121 0 +4.257085916e-05 -1.436899574e+02 -1.436899574e+02
1203 0 +2.568999690e-05 -1.436899743e+02 -1.436899743e+02
1326 0 +1.977760743e-05 -1.436899802e+02 -1.436899802e+02
3948 0 +1.684637698e-05 -1.436899832e+02 -1.436899832e+02
3989 0 +9.513138934e-06 -1.436899905e+02 -1.436899905e+02
4030 0 +3.436053845e-06 -1.436899966e+02 -1.436899966e+02
4112 0 +2.540676633e-06 -1.436899975e+02 -1.436899975e+02
4153 0 +2.321223150e-06 -1.436899977e+02 -1.436899977e+02
4276 0 +2.145475065e-06 -1.436899979e+02 -1.436899979e+02
4317 0 +1.986795780e-06 -1.436899980e+02 -1.436899980e+02
4358 0 +1.680133863e-06 -1.436899983e+02 -1.436899983e+02
4399 0 +1.286260101e-06 -1.436899987e+02 -1.436899987e+02
4440 0 +1.193920838e-06 -1.436899988e+02 -1.436899988e+02
4686 0 +1.120350618e-06 -1.436899989e+02 -1.436899989e+02
38423 0 +7.578966574e-07 -1.436899992e+02 -1.436899992e+02
38464 0 +5.974517023e-07 -1.436899994e+02 -1.436899994e+02
38997 0 +5.530440035e-07 -1.436899994e+02 -1.436899994e+02
39284 0 +4.943938166e-07 -1.436899995e+02 -1.436899995e+02
119994 0 +4.317889761e-07 -1.436899996e+02 -1.436899996e+02
120076 0 +3.870433432e-07 -1.436899996e+02 -1.436899996e+02
120158 0 +3.410161753e-07 -1.436899997e+02 -1.436899997e+02
120199 0 +3.119424150e-07 -1.436899997e+02 -1.436899997e+02
120240 0 +2.405711825e-07 -1.436899998e+02 -1.436899998e+02
120281 0 +1.795672233e-07 -1.436899998e+02 -1.436899998e+02
120322 0 +1.665252967e-07 -1.436899998e+02 -1.436899998e+02
120363 0 +1.569368635e-07 -1.436899998e+02 -1.436899998e+02
120445 0 +1.325775543e-07 -1.436899999e+02 -1.436899999e+02
120527 0 +1.230948783e-07 -1.436899999e+02 -1.436899999e+02
120568 0 +8.683059605e-08 -1.436899999e+02 -1.436899999e+02
120609 0 +6.220668070e-08 -1.436899999e+02 -1.436899999e+02
120650 0 +5.461893693e-08 -1.436899999e+02 -1.436899999e+02
230075 0 +4.685679755e-08 -1.436900000e+02 -1.436900000e+02
230116 0 +4.244498086e-08 -1.436900000e+02 -1.436900000e+02
237833 0 +3.671792115e-08 -1.436900000e+02 -1.436900000e+02
237874 0 +3.025897399e-08 -1.436900000e+02 -1.436900000e+02
242444 0 +2.695182388e-08 -1.436900000e+02 -1.436900000e+02
242539 0 +2.426378387e-08 -1.436900000e+02 -1.436900000e+02
242572 0 +1.887858048e-08 -1.436900000e+02 -1.436900000e+02
242608 0 +1.653990012e-08 -1.436900000e+02 -1.436900000e+02
242624 0 +1.432493946e-08 -1.436900000e+02 -1.436900000e+02
242681 0 +1.265465244e-08 -1.436900000e+02 -1.436900000e+02
242682 0 +7.035879435e-09 -1.436900000e+02 -1.436900000e+02
261313 0 +7.673861546e-13 -1.436900000e+02 -1.436900000e+02
401704 0 +2.842170943e-14 -1.436900000e+02 -1.436900000e+02
% f evaluations | g evaluations | best noise-free fitness - Fopt (-3.533800000000e+02) + sum g_i+ | measured fitness | best measured fitness or single-digit g-values | x1 | x2...
1 0 +1.076425219e+05 +1.072891419e+05 +1.072891419e+05
5 0 +1.369148777e+04 +1.333810777e+04 +1.333810777e+04
19 0 +3.036439233e+03 +2.683059233e+03 +2.683059233e+03
37 0 +5.689135949e+02 +2.155335949e+02 +2.155335949e+02
102 0 +2.998862996e+02 -5.349370044e+01 -5.349370044e+01
465 0 +1.124758462e+02 -2.409041538e+02 -2.409041538e+02
506 0 +1.367909709e+01 -3.397009029e+02 -3.397009029e+02
547 0 +2.786999100e+00 -3.505930009e+02 -3.505930009e+02
588 0 +1.182188051e+00 -3.521978119e+02 -3.521978119e+02
629 0 +2.434381009e-01 -3.531365619e+02 -3.531365619e+02
670 0 +4.774930602e-02 -3.533322507e+02 -3.533322507e+02
752 0 +1.368057110e-02 -3.533663194e+02 -3.533663194e+02
793 0 +5.957995359e-03 -3.533740420e+02 -3.533740420e+02
834 0 +4.961353609e-03 -3.533750386e+02 -3.533750386e+02
875 0 +3.057965820e-03 -3.533769420e+02 -3.533769420e+02
916 0 +9.363540080e-04 -3.533790636e+02 -3.533790636e+02
957 0 +4.591814281e-04 -3.533795408e+02 -3.533795408e+02
998 0 +4.132371815e-04 -3.533795868e+02 -3.533795868e+02
1039 0 +3.270255247e-04 -3.533796730e+02 -3.533796730e+02
1080 0 +1.959115340e-04 -3.533798041e+02 -3.533798041e+02
1121 0 +1.155355721e-04 -3.533798845e+02 -3.533798845e+02
1162 0 +8.860937328e-05 -3.533799114e+02 -3.533799114e+02
1203 0 +7.527396855e-05 -3.533799247e+02 -3.533799247e+02
1244 0 +6.504398840e-05 -3.533799350e+02 -3.533799350e+02
1285 0 +4.861133425e-05 -3.533799514e+02 -3.533799514e+02
1326 0 +4.003044216e-05 -3.533799600e+02 -3.533799600e+02
1367 0 +3.033179399e-05 -3.533799697e+02 -3.533799697e+02
1408 0 +2.152299788e-05 -3.533799785e+02 -3.533799785e+02
1490 0 +1.891585276e-05 -3.533799811e+02 -3.533799811e+02
1695 0 +1.729010495e-05 -3.533799827e+02 -3.533799827e+02
2064 0 +1.580352068e-05 -3.533799842e+02 -3.533799842e+02
4796 0 +5.724866128e-06 -3.533799943e+02 -3.533799943e+02
10915 0 +4.646419711e-06 -3.533799954e+02 -3.533799954e+02
10956 0 +2.980793795e-06 -3.533799970e+02 -3.533799970e+02
10997 0 +1.965627291e-06 -3.533799980e+02 -3.533799980e+02
34902 0 +1.544056431e-06 -3.533799985e+02 -3.533799985e+02
34943 0 +9.659246984e-07 -3.533799990e+02 -3.533799990e+02
34984 0 +4.048853270e-07 -3.533799996e+02 -3.533799996e+02
35025 0 +3.464716656e-07 -3.533799997e+02 -3.533799997e+02
35066 0 +2.823508680e-07 -3.533799997e+02 -3.533799997e+02
35107 0 +2.209340551e-07 -3.533799998e+02 -3.533799998e+02
35148 0 +1.713578399e-07 -3.533799998e+02 -3.533799998e+02
35189 0 +1.464122192e-07 -3.533799999e+02 -3.533799999e+02
156133 0 +1.394054152e-07 -3.533799999e+02 -3.533799999e+02
201066 0 +1.155784730e-07 -3.533799999e+02 -3.533799999e+02
201107 0 +1.117074930e-07 -3.533799999e+02 -3.533799999e+02
216406 0 +9.872417195e-08 -3.533799999e+02 -3.533799999e+02
217923 0 +8.842954458e-08 -3.533799999e+02 -3.533799999e+02
225436 0 +6.310432354e-08 -3.533799999e+02 -3.533799999e+02
225439 0 +6.305180023e-08 -3.533799999e+02 -3.533799999e+02
225477 0 +5.381616575e-08 -3.533799999e+02 -3.533799999e+02
228168 0 +2.971364665e-08 -3.533800000e+02 -3.533800000e+02
230717 0 +2.764045348e-08 -3.533800000e+02 -3.533800000e+02
230797 0 +2.170389735e-08 -3.533800000e+02 -3.533800000e+02
230888 0 +1.961916496e-08 -3.533800000e+02 -3.533800000e+02
230900 0 +1.051148502e-08 -3.533800000e+02 -3.533800000e+02
232946 0 +9.000359569e-09 -3.533800000e+02 -3.533800000e+02
248492 0 +9.663381206e-13 -3.533800000e+02 -3.533800000e+02
400303 0 +5.684341886e-14 -3.533800000e+02 -3.533800000e+02
% f evaluations | g evaluations | best noise-free fitness - Fopt (-2.910000000000e+00) + sum g_i+ | measured fitness | best measured fitness or single-digit g-values | x1 | x2...
1 0 +2.108410296e+06 +2.108407386e+06 +2.108407386e+06
2 0 +2.004303825e+06 +2.004300915e+06 +2.004300915e+06
3 0 +1.908781875e+06 +1.908778965e+06 +1.908778965e+06
4 0 +1.254177284e+06 +1.254174374e+06 +1.254174374e+06
6 0 +4.308307687e+05 +4.308278587e+05 +4.308278587e+05
25 0 +3.651751251e+05 +3.651722151e+05 +3.651722151e+05
30 0 +3.940912257e+04 +3.940621257e+04 +3.940621257e+04
37 0 +1.747017197e+04 +1.746726197e+04 +1.746726197e+04
45 0 +4.223680162e+03 +4.220770162e+03 +4.220770162e+03
82 0 +5.315071763e+02 +5.285971763e+02 +5.285971763e+02
87 0 +2.713651862e+02 +2.684551862e+02 +2.684551862e+02
101 0 +2.184915466e+02 +2.155815466e+02 +2.155815466e+02
506 0 +6.991531814e+01 +6.700531814e+01 +6.700531814e+01
547 0 +1.063005056e+01 +7.720050560e+00 +7.720050560e+00
588 0 +1.850233731e+00 -1.059766269e+00 -1.059766269e+00
629 0 +6.728338925e-01 -2.237166108e+00 -2.237166108e+00
670 0 +3.925149677e-01 -2.517485032e+00 -2.517485032e+00
711 0 +8.513398294e-02 -2.824866017e+00 -2.824866017e+00
752 0 +1.260966629e-02 -2.897390334e+00 -2.897390334e+00
793 0 +5.122636202e-03 -2.904877364e+00 -2.904877364e+00
834 0 +4.094086452e-03 -2.905905914e+00 -2.905905914e+00
875 0 +3.300358454e-03 -2.906699642e+00 -2.906699642e+00
916 0 +2.359200718e-03 -2.907640799e+00 -2.907640799e+00
998 0 +2.066516305e-03 -2.907933484e+00 -2.907933484e+00
1039 0 +1.642229037e-03 -2.908357771e+00 -2.908357771e+00
1080 0 +1.252396237e-03 -2.908747604e+00 -2.908747604e+00
1121 0 +1.090908964e-03 -2.908909091e+00 -2.908909091e+00
1162 0 +9.905407271e-04 -2.909009459e+00 -2.909009459e+00
1244 0 +8.871321657e-04 -2.909112868e+00 -2.909112868e+00
1285 0 +7.339928784e-04 -2.909266007e+00 -2.909266007e+00
1367 0 +5.160416432e-04 -2.909483958e+00 -2.909483958e+00
1531 0 +4.923152883e-04 -2.909507685e+00 -2.909507685e+00
1613 0 +3.364755624e-04 -2.909663524e+00 -2.909663524e+00
1654 0 +9.386353165e-05 -2.909906136e+00 -2.909906136e+00
1695 0 +4.136873300e-05 -2.909958631e+00 -2.909958631e+00
1736 0 +1.447829564e-05 -2.909985522e+00 -2.909985522e+00
1777 0 +1.230250993e-05 -2.909987697e+00 -2.909987697e+00
1818 0 +8.813556064e-06 -2.909991186e+00 -2.909991186e+00
1859 0 +4.777748421e-06 -2.909995222e+00 -2.909995222e+00
1900 0 +4.274664886e-06 -2.909995725e+00 -2.909995725e+00
4960 0 +3.636713748e-06 -2.909996363e+00 -2.909996363e+00
5001 0 +2.775131583e-06 -2.909997225e+00 -2.909997225e+00
5042 0 +2.437998726e-06 -2.909997562e+00 -2.909997562e+00
5083 0 +2.215587877e-06 -2.909997784e+00 -2.909997784e+00
5165 0 +1.699512869e-06 -2.909998300e+00 -2.909998300e+00
5206 0 +1.125347464e-06 -2.909998875e+00 -2.909998875e+00
5288 0 +8.538290714e-07 -2.909999146e+00 -2.909999146e+00
5411 0 +7.837446168e-07 -2.909999216e+00 -2.909999216e+00
13335 0 +5.890447619e-07 -2.909999411e+00 -2.909999411e+00
13376 0 +4.337243928e-07 -2.909999566e+00 -2.909999566e+00
13417 0 +3.170714158e-07 -2.909999683e+00 -2.909999683e+00
13458 0 +2.870480946e-07 -2.909999713e+00 -2.909999713e+00
13499 0 +2.775622621e-07 -2.909999722e+00 -2.909999722e+00
27624 0 +2.362319802e-07 -2.909999764e+00 -2.909999764e+00
27665 0 +1.414633690e-07 -2.909999859e+00 -2.909999859e+00
27706 0 +1.127592033e-07 -2.909999887e+00 -2.909999887e+00
27747 0 +9.850217175e-08 -2.909999901e+00 -2.909999901e+00
243173 0 +5.307555728e-08 -2.909999947e+00 -2.909999947e+00
245542 0 +4.537063436e-08 -2.909999955e+00 -2.909999955e+00
245555 0 +3.781547653e-08 -2.909999962e+00 -2.909999962e+00
245630 0 +2.740578386e-08 -2.909999973e+00 -2.909999973e+00
245659 0 +1.503360236e-08 -2.909999985e+00 -2.909999985e+00
247885 0 +1.348215806e-08 -2.909999987e+00 -2.909999987e+00
247929 0 +1.239556591e-08 -2.909999988e+00 -2.909999988e+00
248021 0 +7.324046258e-09 -2.909999993e+00 -2.909999993e+00
266720 0 +8.877343305e-13 -2.910000000e+00 -2.910000000e+00
401464 0 +4.440892099e-16 -2.910000000e+00 -2.910000000e+00
% f evaluations | g evaluations | best noise-free fitness - Fopt (-2.970000000000e+00) + sum g_i+ | measured fitness | best measured fitness or single-digit g-values | x1 | x2...
1 0 +2.629538868e+07 +2.629538571e+07 +2.629538571e+07
2 0 +1.553757254e+07 +1.553756957e+07 +1.553756957e+07
3 0 +2.163913150e+06 +2.163910180e+06 +2.163910180e+06
30 0 +3.758507130e+05 +3.758477430e+05 +3.758477430e+05
40 0 +1.557461884e+04 +1.557164884e+04 +1.557164884e+04
62 0 +4.089850057e+03 +4.086880057e+03 +4.086880057e+03
86 0 +2.750156657e+02 +2.720456657e+02 +2.720456657e+02
465 0 +1.452459455e+02 +1.422759455e+02 +1.422759455e+02
506 0 +3.841916633e+01 +3.544916633e+01 +3.544916633e+01
547 0 +7.214113518e+00 +4.244113518e+00 +4.244113518e+00
588 0 +1.431422782e+00 -1.538577218e+00 -1.538577218e+00
629 0 +5.642352759e-01 -2.405764724e+00 -2.405764724e+00
670 0 +6.345896624e-02 -2.906541034e+00 -2.906541034e+00
711 0 +1.136665781e-02 -2.958633342e+00 -2.958633342e+00
752 0 +4.575467106e-03 -2.965424533e+00 -2.965424533e+00
834 0 +2.179769485e-03 -2.967820231e+00 -2.967820231e+00
875 0 +9.198928233e-04 -2.969080107e+00 -2.969080107e+00
916 0 +3.578085075e-04 -2.969642191e+00 -2.969642191e+00
957 0 +2.239844676e-04 -2.969776016e+00 -2.969776016e+00
998 0 +1.501428643e-04 -2.969849857e+00 -2.969849857e+00
1039 0 +8.312540633e-05 -2.969916875e+00 -2.969916875e+00
1080 0 +4.481887825e-05 -2.969955181e+00 -2.969955181e+00
1121 0 +9.188598503e-06 -2.969990811e+00 -2.969990811e+00
1162 0 +8.444559105e-06 -2.969991555e+00 -2.969991555e+00
1203 0 +7.561657576e-06 -2.969992438e+00 -2.969992438e+00
1244 0 +6.372652892e-06 -2.969993627e+00 -2.969993627e+00
1285 0 +5.113654649e-06 -2.969994886e+00 -2.969994886e+00
1326 0 +4.892015669e-06 -2.969995108e+00 -2.969995108e+00
3253 0 +4.462850977e-06 -2.969995537e+00 -2.969995537e+00
8840 0 +2.690798353e-06 -2.969997309e+00 -2.969997309e+00
8881 0 +1.156737151e-06 -2.969998843e+00 -2.969998843e+00
8922 0 +5.729057877e-07 -2.969999427e+00 -2.969999427e+00
9004 0 +5.046623661e-07 -2.969999495e+00 -2.969999495e+00
23727 0 +2.963763110e-07 -2.969999704e+00 -2.969999704e+00
23809 0 +2.534046626e-07 -2.969999747e+00 -2.969999747e+00
23850 0 +2.363247140e-07 -2.969999764e+00 -2.969999764e+00
142711 0 +1.639654976e-07 -2.969999836e+00 -2.969999836e+00
142916 0 +1.562691039e-07 -2.969999844e+00 -2.969999844e+00
143080 0 +1.187929826e-07 -2.969999881e+00 -2.969999881e+00
143121 0 +9.788841293e-08 -2.969999902e+00 -2.969999902e+00
143244 0 +8.851987587e-08 -2.969999911e+00 -2.969999911e+00
143613 0 +7.897069398e-08 -2.969999921e+00 -2.969999921e+00
240886 0 +5.156364047e-08 -2.969999948e+00 -2.969999948e+00
249012 0 +5.009697235e-08 -2.969999950e+00 -2.969999950e+00
249135 0 +4.424103661e-08 -2.969999956e+00 -2.969999956e+00
263162 0 +3.920397162e-08 -2.969999961e+00 -2.969999961e+00
269112 0 +3.308458707e-08 -2.969999967e+00 -2.969999967e+00
269173 0 +3.092679179e-08 -2.969999969e+00 -2.969999969e+00
269197 0 +2.769294083e-08 -2.969999972e+00 -2.969999972e+00
269233 0 +2.454120374e-08 -2.969999975e+00 -2.969999975e+00
269245 0 +2.104492047e-08 -2.969999979e+00 -2.969999979e+00
269269 0 +1.899891533e-08 -2.969999981e+00 -2.969999981e+00
269329 0 +1.740898936e-08 -2.969999983e+00 -2.969999983e+00
269348 0 +1.060381782e-08 -2.969999989e+00 -2.969999989e+00
271118 0 +4.693808897e-09 -2.969999995e+00 -2.969999995e+00
291531 0 +7.980283101e-13 -2.970000000e+00 -2.970000000e+00
400471 0 +4.440892099e-16 -2.970000000e+00 -2.970000000e+00
% f evaluations | g evaluations | best noise-free fitness - Fopt (2.996300000000e+02) + sum g_i+ | measured fitness | best measured fitness or single-digit g-values | x1 | x2...
1 0 +8.619367919e+05 +8.622364219e+05 +8.622364219e+05
20 0 +5.522493282e+04 +5.552456282e+04 +5.552456282e+04
34 0 +3.254009660e+02 +6.250309660e+02 +6.250309660e+02
465 0 +1.679314780e+02 +4.675614780e+02 +4.675614780e+02
506 0 +9.094593028e+00 +3.087245930e+02 +3.087245930e+02
547 0 +4.385218599e+00 +3.040152186e+02 +3.040152186e+02
588 0 +2.186682936e+00 +3.018166829e+02 +3.018166829e+02
629 0 +1.193505882e+00 +3.008235059e+02 +3.008235059e+02
670 0 +3.350932017e-01 +2.999650932e+02 +2.999650932e+02
711 0 +1.351503629e-01 +2.997651504e+02 +2.997651504e+02
752 0 +2.788192025e-02 +2.996578819e+02 +2.996578819e+02
793 0 +7.698144183e-03 +2.996376981e+02 +2.996376981e+02
834 0 +4.738427806e-03 +2.996347384e+02 +2.996347384e+02
875 0 +1.320178320e-03 +2.996313202e+02 +2.996313202e+02
916 0 +3.627977842e-04 +2.996303628e+02 +2.996303628e+02
957 0 +9.599376705e-05 +2.996300960e+02 +2.996300960e+02
1039 0 +8.260826650e-05 +2.996300826e+02 +2.996300826e+02
1080 0 +6.263718097e-05 +2.996300626e+02 +2.996300626e+02
1121 0 +4.593057275e-05 +2.996300459e+02 +2.996300459e+02
1162 0 +3.908356234e-05 +2.996300391e+02 +2.996300391e+02
1203 0 +3.518080968e-05 +2.996300352e+02 +2.996300352e+02
7282 0 +2.438226761e-05 +2.996300244e+02 +2.996300244e+02
7323 0 +1.134942761e-05 +2.996300113e+02 +2.996300113e+02
7364 0 +4.947897082e-06 +2.996300049e+02 +2.996300049e+02
7610 0 +4.375315370e-06 +2.996300044e+02 +2.996300044e+02
8512 0 +3.964627751e-06 +2.996300040e+02 +2.996300040e+02
9004 0 +3.478489646e-06 +2.996300035e+02 +2.996300035e+02
21925 0 +1.197271786e-06 +2.996300012e+02 +2.996300012e+02
22007 0 +8.172293633e-07 +2.996300008e+02 +2.996300008e+02
22048 0 +5.297789585e-07 +2.996300005e+02 +2.996300005e+02
22089 0 +2.125960918e-07 +2.996300002e+02 +2.996300002e+02
22171 0 +1.431375267e-07 +2.996300001e+02 +2.996300001e+02
22212 0 +1.231254032e-07 +2.996300001e+02 +2.996300001e+02
141522 0 +8.314202660e-08 +2.996300001e+02 +2.996300001e+02
141692 0 +7.919999234e-08 +2.996300001e+02 +2.996300001e+02
141809 0 +5.999248742e-08 +2.996300001e+02 +2.996300001e+02
141850 0 +4.217037031e-08 +2.996300000e+02 +2.996300000e+02
141891 0 +3.461809683e-08 +2.996300000e+02 +2.996300000e+02
141932 0 +3.026929107e-08 +2.996300000e+02 +2.996300000e+02
142219 0 +2.814874733e-08 +2.996300000e+02 +2.996300000e+02
208011 0 +7.279481906e-09 +2.996300000e+02 +2.996300000e+02
234141 0 +5.684341886e-13 +2.996300000e+02 +2.996300000e+02
400991 0 +5.684341886e-14 +2.996300000e+02 +2.996300000e+02
