% f evaluations | g evaluations | best noise-free fitness - Fopt (-5.465000000000e+02) + sum g_i+ | measured fitness | best measured fitness or single-digit g-values | x1 | x2...
1 0 +2.478434170e+04 +2.423784170e+04 +2.423784170e+04
2 0 +1.478634738e+04 +1.423984738e+04 +1.423984738e+04
3 0 +2.689573328e+03 +2.143073328e+03 +2.143073328e+03
17 0 +1.143673115e+03 +5.971731155e+02 +5.971731155e+02
36 0 +5.094415647e+02 -3.705843533e+01 -3.705843533e+01
38 0 +4.370717703e+02 -1.094282297e+02 -1.094282297e+02
44 0 +3.891272352e+00 -5.426087276e+02 -5.426087276e+02
95 0 +3.525827525e+00 -5.429741725e+02 -5.429741725e+02
161 0 +3.115440200e+00 -5.433845598e+02 -5.433845598e+02
238 0 +2.695585600e+00 -5.438044144e+02 -5.438044144e+02
326 0 +2.511863560e+00 -5.439881364e+02 -5.439881364e+02
806 0 +2.210466909e+00 -5.442895331e+02 -5.442895331e+02
4257 0 +1.989414220e+00 -5.445105858e+02 -5.445105858e+02
4301 0 +1.757422407e+00 -5.447425776e+02 -5.447425776e+02
4660 0 +1.580416225e+00 -5.449195838e+02 -5.449195838e+02
100005 0 +1.421403840e+00 -5.450785962e+02 -5.450785962e+02
% f evaluations | g evaluations | best noise-free fitness - Fopt (1.000000000000e+03) + sum g_i+ | measured fitness | best measured fitness or single-digit g-values | x1 | x2...
1 0 +1.207541779e+04 +1.307541779e+04 +1.307541779e+04
3 0 +7.441147395e+03 +8.441147395e+03 +8.441147395e+03
4 0 +2.693132754e+03 +3.693132754e+03 +3.693132754e+03
6 0 +2.178643958e+02 +1.217864396e+03 +1.217864396e+03
14 0 +3.475757668e+00 +1.003475758e+03 +1.003475758e+03
414 0 +2.965159342e+00 +1.002965159e+03 +1.002965159e+03
425 0 +2.813115612e+00 +1.002813116e+03 +1.002813116e+03
491 0 +2.505690356e+00 +1.002505690e+03 +1.002505690e+03
579 0 +2.219156557e+00 +1.002219157e+03 +1.002219157e+03
3136 0 +1.982934086e+00 +1.001982934e+03 +1.001982934e+03
3429 0 +1.774342259e+00 +1.001774342e+03 +1.001774342e+03
3495 0 +1.580690023e+00 +1.001580690e+03 +1.001580690e+03
4991 0 +1.396489707e+00 +1.001396490e+03 +1.001396490e+03
100401 0 +1.381807770e+00 +1.001381808e+03 +1.001381808e+03
% f evaluations | g evaluations | best noise-free fitness - Fopt (2.083800000000e+02) + sum g_i+ | measured fitness | best measured fitness or single-digit g-values | x1 | x2...
1 0 +1.875087488e+04 +1.895925488e+04 +1.895925488e+04
2 0 +1.235354553e+04 +1.256192553e+04 +1.256192553e+04
3 0 +9.634686026e+03 +9.843066026e+03 +9.843066026e+03
10 0 +6.169432520e+03 +6.377812520e+03 +6.377812520e+03
17 0 +1.935819971e+02 +4.019619971e+02 +4.019619971e+02
34 0 +1.258042492e+02 +3.341842492e+02 +3.341842492e+02
62 0 +1.959197569e+01 +2.279719757e+02 +2.279719757e+02
73 0 +4.141036211e+00 +2.125210362e+02 +2.125210362e+02
117 0 +3.931750732e+00 +2.123117507e+02 +2.123117507e+02
128 0 +3.529327739e+00 +2.119093277e+02 +2.119093277e+02
194 0 +3.141914350e+00 +2.115219144e+02 +2.115219144e+02
293 0 +2.812866388e+00 +2.111928664e+02 +2.111928664e+02
707 0 +2.480153488e+00 +2.108601535e+02 +2.108601535e+02
1623 0 +2.215663058e+00 +2.105956631e+02 +2.105956631e+02
1927 0 +1.878971544e+00 +2.102589715e+02 +2.102589715e+02
1949 0 +1.758057365e+00 +2.101380574e+02 +2.101380574e+02
3396 0 +1.527514044e+00 +2.099075140e+02 +2.099075140e+02
100054 0 +1.500738642e+00 +2.098807386e+02 +2.098807386e+02
% f evaluations | g evaluations | best noise-free fitness - Fopt (-1.449600000000e+02) + sum g_i+ | measured fitness | best measured fitness or single-digit g-values | x1 | x2...
1 0 +2.042071236e+04 +2.027575236e+04 +2.027575236e+04
3 0 +1.921528125e+03 +1.776568125e+03 +1.776568125e+03
16 0 +1.060095422e+03 +9.151354217e+02 +9.151354217e+02
33 0 +4.864524056e+00 -1.400954759e+02 -1.400954759e+02
62 0 +4.051131397e+00 -1.409088686e+02 -1.409088686e+02
84 0 +3.548507135e+00 -1.414114929e+02 -1.414114929e+02
95 0 +3.405192698e+00 -1.415548073e+02 -1.415548073e+02
106 0 +3.116758717e+00 -1.418432413e+02 -1.418432413e+02
282 0 +2.734785513e+00 -1.422252145e+02 -1.422252145e+02
978 0 +2.448774619e+00 -1.425112254e+02 -1.425112254e+02
1425 0 +2.232794647e+00 -1.427272054e+02 -1.427272054e+02
4368 0 +1.822267304e+00 -1.431377327e+02 -1.431377327e+02
4390 0 +1.719258694e+00 -1.432407413e+02 -1.432407413e+02
4412 0 +1.583935315e+00 -1.433760647e+02 -1.433760647e+02
4456 0 +1.401588100e+00 -1.435584119e+02 -1.435584119e+02
100095 0 +1.382300307e+00 -1.435776997e+02 -1.435776997e+02
% f evaluations | g evaluations | best noise-free fitness - Fopt (-6.300000000000e+00) + sum g_i+ | measured fitness | best measured fitness or single-digit g-values | x1 | x2...
1 0 +2.253913403e+04 +2.253283403e+04 +2.253283403e+04
7 0 +5.701712223e+03 +5.695412223e+03 +5.695412223e+03
12 0 +2.912697015e+03 +2.906397015e+03 +2.906397015e+03
15 0 +1.465480018e+03 +1.459180018e+03 +1.459180018e+03
33 0 +1.913818272e+02 +1.850818272e+02 +1.850818272e+02
38 0 +4.474054736e+00 -1.825945264e+00 -1.825945264e+00
73 0 +3.295706606e+00 -3.004293394e+00 -3.004293394e+00
95 0 +2.762347463e+00 -3.537652537e+00 -3.537652537e+00
161 0 +2.322137112e+00 -3.977862888e+00 -3.977862888e+00
183 0 +2.203046481e+00 -4.096953519e+00 -4.096953519e+00
216 0 +1.954233856e+00 -4.345766144e+00 -4.345766144e+00
100011 0 +1.854762404e+00 -4.445237596e+00 -4.445237596e+00
% f evaluations | g evaluations | best noise-free fitness - Fopt (-1.367600000000e+02) + sum g_i+ | measured fitness | best measured fitness or single-digit g-values | x1 | x2...
1 0 +7.825028406e+03 +7.688268406e+03 +7.688268406e+03
6 0 +7.534282327e+03 +7.397522327e+03 +7.397522327e+03
8 0 +3.673064666e+03 +3.536304666e+03 +3.536304666e+03
11 0 +3.036965464e+02 +1.669365464e+02 +1.669365464e+02
38 0 +7.731454861e+00 -1.290285451e+02 -1.290285451e+02
43 0 +4.484019196e+00 -1.322759808e+02 -1.322759808e+02
48 0 +4.382499801e+00 -1.323775002e+02 -1.323775002e+02
51 0 +3.922092042e+00 -1.328379080e+02 -1.328379080e+02
73 0 +3.526897713e+00 -1.332331023e+02 -1.332331023e+02
106 0 +3.079285542e+00 -1.336807145e+02 -1.336807145e+02
128 0 +2.607407509e+00 -1.341525925e+02 -1.341525925e+02
161 0 +2.507269448e+00 -1.342527306e+02 -1.342527306e+02
1641 0 +2.201764013e+00 -1.345582360e+02 -1.345582360e+02
2529 0 +1.946678639e+00 -1.348133214e+02 -1.348133214e+02
4710 0 +1.757689775e+00 -1.350023102e+02 -1.350023102e+02
100288 0 +1.598947440e+00 -1.351610526e+02 -1.351610526e+02
% f evaluations | g evaluations | best noise-free fitness - Fopt (3.667500000000e+02) + sum g_i+ | measured fitness | best measured fitness or single-digit g-values | x1 | x2...
1 0 +2.555164196e+04 +2.591839196e+04 +2.591839196e+04
2 0 +8.192679992e+03 +8.559429992e+03 +8.559429992e+03
10 0 +7.935231446e+03 +8.301981446e+03 +8.301981446e+03
12 0 +4.457158041e+03 +4.823908041e+03 +4.823908041e+03
13 0 +6.893809114e+02 +1.056130911e+03 +1.056130911e+03
20 0 +5.392039868e+02 +9.059539868e+02 +9.059539868e+02
24 0 +4.031088103e+02 +7.698588103e+02 +7.698588103e+02
33 0 +4.645025487e+00 +3.713950255e+02 +3.713950255e+02
48 0 +3.778620570e+00 +3.705286206e+02 +3.705286206e+02
128 0 +3.458824302e+00 +3.702088243e+02 +3.702088243e+02
150 0 +2.993570474e+00 +3.697435705e+02 +3.697435705e+02
183 0 +2.788739993e+00 +3.695387400e+02 +3.695387400e+02
227 0 +2.482033279e+00 +3.692320333e+02 +3.692320333e+02
762 0 +2.155294247e+00 +3.689052942e+02 +3.689052942e+02
817 0 +1.992985211e+00 +3.687429852e+02 +3.687429852e+02
4762 0 +1.761195924e+00 +3.685111959e+02 +3.685111959e+02
4795 0 +1.501356270e+00 +3.682513563e+02 +3.682513563e+02
100110 0 +1.421292917e+00 +3.681712929e+02 +3.681712929e+02
% f evaluations | g evaluations | best noise-free fitness - Fopt (-2.486900000000e+02) + sum g_i+ | measured fitness | best measured fitness or single-digit g-values | x1 | x2...
1 0 +1.495032211e+04 +1.470163211e+04 +1.470163211e+04
3 0 +2.718750344e+03 +2.470060344e+03 +2.470060344e+03
16 0 +1.565057695e+03 +1.316367695e+03 +1.316367695e+03
27 0 +4.394271233e+01 -2.047472877e+02 -2.047472877e+02
31 0 +4.718057495e+00 -2.439719425e+02 -2.439719425e+02
62 0 +3.931718131e+00 -2.447582819e+02 -2.447582819e+02
84 0 +3.268264820e+00 -2.454217352e+02 -2.454217352e+02
95 0 +2.740580522e+00 -2.459494195e+02 -2.459494195e+02
117 0 +2.461891094e+00 -2.462281089e+02 -2.462281089e+02
172 0 +2.159236409e+00 -2.465307636e+02 -2.465307636e+02
293 0 +1.951781926e+00 -2.467382181e+02 -2.467382181e+02
326 0 +1.758252608e+00 -2.469317474e+02 -2.469317474e+02
2671 0 +1.523682146e+00 -2.471663179e+02 -2.471663179e+02
100020 0 +1.460877840e+00 -2.472291222e+02 -2.472291222e+02
% f evaluations | g evaluations | best noise-free fitness - Fopt (-6.786000000000e+01) + sum g_i+ | measured fitness | best measured fitness or single-digit g-values | x1 | x2...
1 0 +1.677112853e+04 +1.670326853e+04 +1.670326853e+04
2 0 +2.167408145e+03 +2.099548145e+03 +2.099548145e+03
12 0 +1.372804203e+03 +1.304944203e+03 +1.304944203e+03
15 0 +8.035793986e+02 +7.357193986e+02 +7.357193986e+02
28 0 +1.104984195e+02 +4.263841952e+01 +4.263841952e+01
39 0 +7.864561583e+00 -5.999543842e+01 -5.999543842e+01
51 0 +4.696075802e+00 -6.316392420e+01 -6.316392420e+01
73 0 +4.273697919e+00 -6.358630208e+01 -6.358630208e+01
84 0 +3.957283274e+00 -6.390271673e+01 -6.390271673e+01
172 0 +3.543106879e+00 -6.431689312e+01 -6.431689312e+01
227 0 +3.048181331e+00 -6.481181867e+01 -6.481181867e+01
381 0 +2.810418938e+00 -6.504958106e+01 -6.504958106e+01
2569 0 +2.477480304e+00 -6.538251970e+01 -6.538251970e+01
3221 0 +1.911641669e+00 -6.594835833e+01 -6.594835833e+01
3254 0 +1.718153081e+00 -6.614184692e+01 -6.614184692e+01
3265 0 +1.565245077e+00 -6.629475492e+01 -6.629475492e+01
100168 0 +1.441129693e+00 -6.641887031e+01 -6.641887031e+01
% f evaluations | g evaluations | best noise-free fitness - Fopt (-2.329000000000e+01) + sum g_i+ | measured fitness | best measured fitness or single-digit g-values | x1 | x2...
1 0 +1.722134794e+04 +1.719805794e+04 +1.719805794e+04
3 0 +1.317510307e+04 +1.315181307e+04 +1.315181307e+04
7 0 +3.186204414e+03 +3.162914414e+03 +3.162914414e+03
12 0 +6.464983933e+02 +6.232083933e+02 +6.232083933e+02
22 0 +5.176301910e+02 +4.943401910e+02 +4.943401910e+02
27 0 +3.032656235e+02 +2.799756235e+02 +2.799756235e+02
29 0 +1.418390089e+02 +1.185490089e+02 +1.185490089e+02
51 0 +1.386163134e+02 +1.153263134e+02 +1.153263134e+02
62 0 +5.259817404e+00 -1.803018260e+01 -1.803018260e+01
117 0 +4.818144081e+00 -1.847185592e+01 -1.847185592e+01
150 0 +3.936589544e+00 -1.935341046e+01 -1.935341046e+01
238 0 +3.461321674e+00 -1.982867833e+01 -1.982867833e+01
249 0 +3.040246275e+00 -2.024975372e+01 -2.024975372e+01
436 0 +2.805005223e+00 -2.048499478e+01 -2.048499478e+01
1159 0 +2.506558352e+00 -2.078344165e+01 -2.078344165e+01
1876 0 +2.235948335e+00 -2.105405167e+01 -2.105405167e+01
2556 0 +1.990247483e+00 -2.129975252e+01 -2.129975252e+01
4968 0 +1.741650413e+00 -2.154834959e+01 -2.154834959e+01
100466 0 +1.717418676e+00 -2.157258132e+01 -2.157258132e+01
% f evaluations | g evaluations | best noise-free fitness - Fopt (-1.028000000000e+01) + sum g_i+ | measured fitness | best measured fitness or single-digit g-values | x1 | x2...
1 0 +1.599352820e+04 +1.598324820e+04 +1.598324820e+04
7 0 +6.201037364e+03 +6.190757364e+03 +6.190757364e+03
9 0 +4.010619529e+03 +4.000339529e+03 +4.000339529e+03
11 0 +1.499756125e+03 +1.489476125e+03 +1.489476125e+03
16 0 +1.392204893e+03 +1.381924893e+03 +1.381924893e+03
20 0 +1.034680073e+03 +1.024400073e+03 +1.024400073e+03
22 0 +5.216625545e+02 +5.113825545e+02 +5.113825545e+02
23 0 +4.033747992e+00 -6.246252008e+00 -6.246252008e+00
51 0 +3.693024203e+00 -6.586975797e+00 -6.586975797e+00
139 0 +3.535028030e+00 -6.744971970e+00 -6.744971970e+00
194 0 +3.148622766e+00 -7.131377234e+00 -7.131377234e+00
216 0 +2.781404464e+00 -7.498595536e+00 -7.498595536e+00
282 0 +2.494487245e+00 -7.785512755e+00 -7.785512755e+00
2664 0 +2.227595449e+00 -8.052404551e+00 -8.052404551e+00
4094 0 +1.842297886e+00 -8.437702114e+00 -8.437702114e+00
4116 0 +1.700475606e+00 -8.579524394e+00 -8.579524394e+00
4160 0 +1.563246064e+00 -8.716753936e+00 -8.716753936e+00
5651 0 +1.371671055e+00 -8.908328945e+00 -8.908328945e+00
5662 0 +1.144753383e+00 -9.135246617e+00 -9.135246617e+00
5684 0 +1.112070628e+00 -9.167929372e+00 -9.167929372e+00
100062 0 +1.085701056e+00 -9.194298944e+00 -9.194298944e+00
% f evaluations | g evaluations | best noise-free fitness - Fopt (1.799700000000e+02) + sum g_i+ | measured fitness | best measured fitness or single-digit g-values | x1 | x2...
1 0 +1.875087488e+04 +1.893084488e+04 +1.893084488e+04
2 0 +1.235354553e+04 +1.253351553e+04 +1.253351553e+04
3 0 +9.634686026e+03 +9.814656026e+03 +9.814656026e+03
10 0 +6.169432520e+03 +6.349402520e+03 +6.349402520e+03
17 0 +1.935819971e+02 +3.735519971e+02 +3.735519971e+02
34 0 +1.258042492e+02 +3.057742492e+02 +3.057742492e+02
62 0 +1.959197508e+01 +1.995619751e+02 +1.995619751e+02
73 0 +4.141036208e+00 +1.841110362e+02 +1.841110362e+02
117 0 +3.931834472e+00 +1.839018345e+02 +1.839018345e+02
128 0 +3.529272277e+00 +1.834992723e+02 +1.834992723e+02
194 0 +3.142185840e+00 +1.831121858e+02 +1.831121858e+02
293 0 +2.813068058e+00 +1.827830681e+02 +1.827830681e+02
685 0 +2.480153030e+00 +1.824501530e+02 +1.824501530e+02
1623 0 +2.197745539e+00 +1.821677455e+02 +1.821677455e+02
2445 0 +1.878971544e+00 +1.818489715e+02 +1.818489715e+02
2467 0 +1.758057355e+00 +1.817280574e+02 +1.817280574e+02
3881 0 +1.527514389e+00 +1.814975144e+02 +1.814975144e+02
100040 0 +1.500738642e+00 +1.814707386e+02 +1.814707386e+02
% f evaluations | g evaluations | best noise-free fitness - Fopt (8.376000000000e+01) + sum g_i+ | measured fitness | best measured fitness or single-digit g-values | x1 | x2...
1 0 +2.053821417e+04 +2.062197417e+04 +2.062197417e+04
2 0 +1.403850102e+04 +1.412226102e+04 +1.412226102e+04
3 0 +8.835947481e+03 +8.919707481e+03 +8.919707481e+03
10 0 +6.534129919e+03 +6.617889919e+03 +6.617889919e+03
12 0 +4.832147634e+03 +4.915907634e+03 +4.915907634e+03
17 0 +1.739943510e+01 +1.011594351e+02 +1.011594351e+02
62 0 +3.598755967e+00 +8.735875597e+01 +8.735875597e+01
84 0 +3.355298183e+00 +8.711529818e+01 +8.711529818e+01
95 0 +2.914266993e+00 +8.667426699e+01 +8.667426699e+01
106 0 +2.704750748e+00 +8.646475075e+01 +8.646475075e+01
139 0 +2.437132467e+00 +8.619713247e+01 +8.619713247e+01
172 0 +2.210148401e+00 +8.597014840e+01 +8.597014840e+01
884 0 +1.991062815e+00 +8.575106282e+01 +8.575106282e+01
1723 0 +1.772771408e+00 +8.553277141e+01 +8.553277141e+01
100200 0 +1.658191341e+00 +8.541819134e+01 +8.541819134e+01
% f evaluations | g evaluations | best noise-free fitness - Fopt (-3.890100000000e+02) + sum g_i+ | measured fitness | best measured fitness or single-digit g-values | x1 | x2...
1 0 +1.880197894e+04 +1.841296894e+04 +1.841296894e+04
5 0 +1.497320640e+04 +1.458419640e+04 +1.458419640e+04
6 0 +9.100100628e+03 +8.711090628e+03 +8.711090628e+03
7 0 +8.789313639e+03 +8.400303639e+03 +8.400303639e+03
8 0 +5.545795921e+03 +5.156785921e+03 +5.156785921e+03
13 0 +3.548821951e+03 +3.159811951e+03 +3.159811951e+03
18 0 +1.269026108e+03 +8.800161080e+02 +8.800161080e+02
19 0 +3.802321621e+00 -3.852076784e+02 -3.852076784e+02
95 0 +3.536050600e+00 -3.854739494e+02 -3.854739494e+02
161 0 +3.135548367e+00 -3.858744516e+02 -3.858744516e+02
586 0 +2.776805304e+00 -3.862331947e+02 -3.862331947e+02
597 0 +2.387596737e+00 -3.866224033e+02 -3.866224033e+02
619 0 +2.214927891e+00 -3.867950721e+02 -3.867950721e+02
630 0 +1.967218820e+00 -3.870427812e+02 -3.870427812e+02
663 0 +1.721518280e+00 -3.872884817e+02 -3.872884817e+02
3960 0 +1.576100158e+00 -3.874338998e+02 -3.874338998e+02
4352 0 +1.391037199e+00 -3.876189628e+02 -3.876189628e+02
4700 0 +1.255199082e+00 -3.877548009e+02 -3.877548009e+02
5429 0 +1.113514756e+00 -3.878964852e+02 -3.878964852e+02
100072 0 +1.105529935e+00 -3.879044701e+02 -3.879044701e+02
% f evaluations | g evaluations | best noise-free fitness - Fopt (-1.455800000000e+02) + sum g_i+ | measured fitness | best measured fitness or single-digit g-values | x1 | x2...
1 0 +2.196131058e+04 +2.181573058e+04 +2.181573058e+04
2 0 +4.697022446e+03 +4.551442446e+03 +4.551442446e+03
4 0 +3.500811081e+03 +3.355231081e+03 +3.355231081e+03
5 0 +2.989323927e+03 +2.843743927e+03 +2.843743927e+03
15 0 +2.804015201e+03 +2.658435201e+03 +2.658435201e+03
16 0 +2.397665930e+03 +2.252085930e+03 +2.252085930e+03
17 0 +4.887688641e+02 +3.431888641e+02 +3.431888641e+02
42 0 +2.124346910e+02 +6.685469097e+01 +6.685469097e+01
51 0 +4.839443332e+00 -1.407405567e+02 -1.407405567e+02
84 0 +4.380262347e+00 -1.411997377e+02 -1.411997377e+02
106 0 +3.803521085e+00 -1.417764789e+02 -1.417764789e+02
139 0 +3.434789703e+00 -1.421452103e+02 -1.421452103e+02
183 0 +3.090828535e+00 -1.424891715e+02 -1.424891715e+02
260 0 +2.748172397e+00 -1.428318276e+02 -1.428318276e+02
282 0 +2.492521332e+00 -1.430874787e+02 -1.430874787e+02
370 0 +2.233151124e+00 -1.433468489e+02 -1.433468489e+02
729 0 +1.925122142e+00 -1.436548779e+02 -1.436548779e+02
4830 0 +1.766508433e+00 -1.438134916e+02 -1.438134916e+02
100362 0 +1.756981844e+00 -1.438230182e+02 -1.438230182e+02
