% f evaluations | g evaluations | best noise-free fitness - Fopt (1.491500000000e+02) + sum g_i+ | measured fitness | best measured fitness or single-digit g-values | x1 | x2...
1 0 +6.124438163e+04 +6.139353163e+04 +6.139353163e+04
2 0 +5.304286173e+04 +5.319201173e+04 +5.319201173e+04
3 0 +1.274765382e+04 +1.289680382e+04 +1.289680382e+04
24 0 +8.898811063e+03 +9.047961063e+03 +9.047961063e+03
33 0 +4.071147010e+03 +4.220297010e+03 +4.220297010e+03
52 0 +2.852775319e+03 +3.001925319e+03 +3.001925319e+03
63 0 +2.164058333e+03 +2.313208333e+03 +2.313208333e+03
79 0 +1.632969722e+03 +1.782119722e+03 +1.782119722e+03
81 0 +6.903709956e+02 +8.395209956e+02 +8.395209956e+02
85 0 +4.011490544e+02 +5.502990544e+02 +5.502990544e+02
141 0 +3.789036348e+02 +5.280536348e+02 +5.280536348e+02
181 0 +1.747567225e+02 +3.239067225e+02 +3.239067225e+02
253 0 +1.411288035e+02 +2.902788035e+02 +2.902788035e+02
272 0 +1.231641952e+02 +2.723141952e+02 +2.723141952e+02
287 0 +1.041100853e+02 +2.532600853e+02 +2.532600853e+02
291 0 +6.696994263e+01 +2.161199426e+02 +2.161199426e+02
323 0 +5.428250585e+01 +2.034325059e+02 +2.034325059e+02
345 0 +4.650812257e+01 +1.956581226e+02 +1.956581226e+02
356 0 +3.415236883e+01 +1.833023688e+02 +1.833023688e+02
367 0 +1.432466938e+01 +1.634746694e+02 +1.634746694e+02
389 0 +1.372041543e+01 +1.628704154e+02 +1.628704154e+02
422 0 +1.171954396e+01 +1.608695440e+02 +1.608695440e+02
433 0 +1.115929874e+01 +1.603092987e+02 +1.603092987e+02
466 0 +9.686496125e+00 +1.588364961e+02 +1.588364961e+02
477 0 +8.899757934e+00 +1.580497579e+02 +1.580497579e+02
488 0 +7.524709746e+00 +1.566747097e+02 +1.566747097e+02
499 0 +5.744192500e+00 +1.548941925e+02 +1.548941925e+02
510 0 +5.347402662e+00 +1.544974027e+02 +1.544974027e+02
543 0 +4.748616708e+00 +1.538986167e+02 +1.538986167e+02
554 0 +4.270692842e+00 +1.534206928e+02 +1.534206928e+02
576 0 +3.659251307e+00 +1.528092513e+02 +1.528092513e+02
598 0 +3.498360911e+00 +1.526483609e+02 +1.526483609e+02
620 0 +3.004259919e+00 +1.521542599e+02 +1.521542599e+02
642 0 +2.762253114e+00 +1.519122531e+02 +1.519122531e+02
653 0 +2.473784824e+00 +1.516237848e+02 +1.516237848e+02
664 0 +2.054738964e+00 +1.512047390e+02 +1.512047390e+02
675 0 +1.788350486e+00 +1.509383505e+02 +1.509383505e+02
686 0 +1.726702076e+00 +1.508767021e+02 +1.508767021e+02
697 0 +1.452784411e+00 +1.506027844e+02 +1.506027844e+02
708 0 +1.251185887e+00 +1.504011859e+02 +1.504011859e+02
730 0 +1.071658834e+00 +1.502216588e+02 +1.502216588e+02
741 0 +8.699011826e-01 +1.500199012e+02 +1.500199012e+02
752 0 +6.609714629e-01 +1.498109715e+02 +1.498109715e+02
774 0 +6.001382461e-01 +1.497501382e+02 +1.497501382e+02
785 0 +5.078729096e-01 +1.496578729e+02 +1.496578729e+02
796 0 +3.704289675e-01 +1.495204290e+02 +1.495204290e+02
807 0 +2.419780917e-01 +1.493919781e+02 +1.493919781e+02
818 0 +1.626248866e-01 +1.493126249e+02 +1.493126249e+02
829 0 +1.430866302e-01 +1.492930866e+02 +1.492930866e+02
840 0 +1.054542593e-01 +1.492554543e+02 +1.492554543e+02
851 0 +4.615351917e-02 +1.491961535e+02 +1.491961535e+02
873 0 +3.478781225e-02 +1.491847878e+02 +1.491847878e+02
884 0 +2.990598381e-02 +1.491799060e+02 +1.491799060e+02
895 0 +2.547334325e-02 +1.491754733e+02 +1.491754733e+02
906 0 +1.809632576e-02 +1.491680963e+02 +1.491680963e+02
917 0 +7.483960425e-03 +1.491574840e+02 +1.491574840e+02
928 0 +1.858020978e-03 +1.491518580e+02 +1.491518580e+02
939 0 +5.434454793e-04 +1.491505434e+02 +1.491505434e+02
950 0 +4.035055278e-04 +1.491504035e+02 +1.491504035e+02
961 0 +1.711663258e-04 +1.491501712e+02 +1.491501712e+02
972 0 +2.364382169e-06 +1.491500024e+02 +1.491500024e+02
983 0 +2.174093083e-07 +1.491500002e+02 +1.491500002e+02
994 0 +3.845201491e-09 +1.491500000e+02 +1.491500000e+02
22700 0 +8.526512829e-13 +1.491500000e+02 +1.491500000e+02
100234 0 +2.842170943e-14 +1.491500000e+02 +1.491500000e+02
% f evaluations | g evaluations | best noise-free fitness - Fopt (-1.000000000000e+03) + sum g_i+ | measured fitness | best measured fitness or single-digit g-values | x1 | x2...
1 0 +7.566039691e+04 +7.466039691e+04 +7.466039691e+04
3 0 +1.305000434e+04 +1.205000434e+04 +1.205000434e+04
15 0 +1.087224641e+04 +9.872246406e+03 +9.872246406e+03
21 0 +6.448308128e+03 +5.448308128e+03 +5.448308128e+03
24 0 +6.242705586e+03 +5.242705586e+03 +5.242705586e+03
30 0 +4.680053872e+03 +3.680053872e+03 +3.680053872e+03
31 0 +3.537425215e+03 +2.537425215e+03 +2.537425215e+03
61 0 +2.143793952e+03 +1.143793952e+03 +1.143793952e+03
69 0 +1.955272767e+03 +9.552727675e+02 +9.552727675e+02
98 0 +1.599716246e+03 +5.997162464e+02 +5.997162464e+02
126 0 +1.283128073e+03 +2.831280726e+02 +2.831280726e+02
132 0 +5.986480847e+02 -4.013519153e+02 -4.013519153e+02
154 0 +2.324381340e+02 -7.675618660e+02 -7.675618660e+02
238 0 +2.119927459e+02 -7.880072541e+02 -7.880072541e+02
246 0 +6.490112623e+01 -9.350988738e+02 -9.350988738e+02
263 0 +4.782744463e+01 -9.521725554e+02 -9.521725554e+02
301 0 +2.369981741e+01 -9.763001826e+02 -9.763001826e+02
323 0 +9.995007644e+00 -9.900049924e+02 -9.900049924e+02
345 0 +8.598197802e+00 -9.914018022e+02 -9.914018022e+02
411 0 +7.858521378e+00 -9.921414786e+02 -9.921414786e+02
488 0 +7.065122683e+00 -9.929348773e+02 -9.929348773e+02
565 0 +6.218307801e+00 -9.937816922e+02 -9.937816922e+02
609 0 +5.586328562e+00 -9.944136714e+02 -9.944136714e+02
642 0 +4.771047463e+00 -9.952289525e+02 -9.952289525e+02
664 0 +4.375807585e+00 -9.956241924e+02 -9.956241924e+02
686 0 +3.901590257e+00 -9.960984097e+02 -9.960984097e+02
708 0 +3.307518597e+00 -9.966924814e+02 -9.966924814e+02
730 0 +3.157645165e+00 -9.968423548e+02 -9.968423548e+02
752 0 +2.551552294e+00 -9.974484477e+02 -9.974484477e+02
763 0 +2.108942018e+00 -9.978910580e+02 -9.978910580e+02
796 0 +1.803508387e+00 -9.981964916e+02 -9.981964916e+02
807 0 +1.486794190e+00 -9.985132058e+02 -9.985132058e+02
818 0 +1.196221866e+00 -9.988037781e+02 -9.988037781e+02
829 0 +9.356497014e-01 -9.990643503e+02 -9.990643503e+02
840 0 +7.051866361e-01 -9.992948134e+02 -9.992948134e+02
862 0 +5.909570158e-01 -9.994090430e+02 -9.994090430e+02
873 0 +4.374682444e-01 -9.995625318e+02 -9.995625318e+02
884 0 +2.889986797e-01 -9.997110013e+02 -9.997110013e+02
895 0 +2.000457075e-01 -9.997999543e+02 -9.997999543e+02
906 0 +1.888849621e-01 -9.998111150e+02 -9.998111150e+02
917 0 +1.637678581e-01 -9.998362321e+02 -9.998362321e+02
928 0 +1.153087101e-01 -9.998846913e+02 -9.998846913e+02
939 0 +9.388920710e-02 -9.999061108e+02 -9.999061108e+02
950 0 +6.297244557e-02 -9.999370276e+02 -9.999370276e+02
961 0 +3.358885463e-02 -9.999664111e+02 -9.999664111e+02
972 0 +1.494203308e-02 -9.999850580e+02 -9.999850580e+02
983 0 +9.898452999e-03 -9.999901015e+02 -9.999901015e+02
994 0 +3.760356343e-03 -9.999962396e+02 -9.999962396e+02
1005 0 +1.226983109e-03 -9.999987730e+02 -9.999987730e+02
1016 0 +1.250556472e-04 -9.999998749e+02 -9.999998749e+02
1027 0 +1.912220125e-05 -9.999999809e+02 -9.999999809e+02
1038 0 +8.032524192e-07 -9.999999992e+02 -9.999999992e+02
1049 0 +1.401258487e-08 -1.000000000e+03 -1.000000000e+03
1060 0 +1.670855454e-09 -1.000000000e+03 -1.000000000e+03
17704 0 +9.094947018e-13 -1.000000000e+03 -1.000000000e+03
25582 0 +0.000000000e+00 -1.000000000e+03 -1.000000000e+03
100002 0 +0.000000000e+00 -1.000000000e+03 -1.000000000e+03
% f evaluations | g evaluations | best noise-free fitness - Fopt (9.862000000000e+01) + sum g_i+ | measured fitness | best measured fitness or single-digit g-values | x1 | x2...
1 0 +6.158280700e+04 +6.168142700e+04 +6.168142700e+04
3 0 +4.197161892e+04 +4.207023892e+04 +4.207023892e+04
10 0 +1.963189717e+04 +1.973051717e+04 +1.973051717e+04
16 0 +1.307977718e+04 +1.317839718e+04 +1.317839718e+04
45 0 +4.713243379e+03 +4.811863379e+03 +4.811863379e+03
56 0 +3.263005084e+03 +3.361625084e+03 +3.361625084e+03
62 0 +2.239123952e+03 +2.337743952e+03 +2.337743952e+03
87 0 +1.935006924e+03 +2.033626924e+03 +2.033626924e+03
126 0 +1.711783241e+03 +1.810403241e+03 +1.810403241e+03
137 0 +1.125919656e+03 +1.224539656e+03 +1.224539656e+03
147 0 +7.529686730e+02 +8.515886730e+02 +8.515886730e+02
177 0 +7.070294680e+02 +8.056494680e+02 +8.056494680e+02
179 0 +3.360248073e+02 +4.346448073e+02 +4.346448073e+02
184 0 +3.114005193e+02 +4.100205193e+02 +4.100205193e+02
215 0 +2.792073356e+02 +3.778273356e+02 +3.778273356e+02
220 0 +2.021244629e+02 +3.007444629e+02 +3.007444629e+02
229 0 +1.828342395e+02 +2.814542395e+02 +2.814542395e+02
232 0 +4.637709519e+01 +1.449970952e+02 +1.449970952e+02
312 0 +3.559110522e+01 +1.342111052e+02 +1.342111052e+02
334 0 +2.949615309e+01 +1.281161531e+02 +1.281161531e+02
367 0 +2.723373351e+01 +1.258537335e+02 +1.258537335e+02
378 0 +2.451690651e+01 +1.231369065e+02 +1.231369065e+02
389 0 +1.974629537e+01 +1.183662954e+02 +1.183662954e+02
422 0 +1.708760029e+01 +1.157076003e+02 +1.157076003e+02
444 0 +1.366812453e+01 +1.122881245e+02 +1.122881245e+02
466 0 +1.235179801e+01 +1.109717980e+02 +1.109717980e+02
477 0 +1.114989438e+01 +1.097698944e+02 +1.097698944e+02
488 0 +9.078479972e+00 +1.076984800e+02 +1.076984800e+02
499 0 +6.763722604e+00 +1.053837226e+02 +1.053837226e+02
532 0 +6.257855900e+00 +1.048778559e+02 +1.048778559e+02
576 0 +5.530402404e+00 +1.041504024e+02 +1.041504024e+02
598 0 +4.726763100e+00 +1.033467631e+02 +1.033467631e+02
631 0 +4.078912227e+00 +1.026989122e+02 +1.026989122e+02
642 0 +3.910236894e+00 +1.025302369e+02 +1.025302369e+02
686 0 +3.469452883e+00 +1.020894529e+02 +1.020894529e+02
697 0 +3.133051343e+00 +1.017530513e+02 +1.017530513e+02
730 0 +2.624703444e+00 +1.012447034e+02 +1.012447034e+02
741 0 +2.387322295e+00 +1.010073223e+02 +1.010073223e+02
752 0 +2.062783190e+00 +1.006827832e+02 +1.006827832e+02
763 0 +1.949877042e+00 +1.005698770e+02 +1.005698770e+02
785 0 +1.549584730e+00 +1.001695847e+02 +1.001695847e+02
796 0 +1.205335060e+00 +9.982533506e+01 +9.982533506e+01
818 0 +1.033536911e+00 +9.965353691e+01 +9.965353691e+01
829 0 +7.861240365e-01 +9.940612404e+01 +9.940612404e+01
840 0 +6.121172422e-01 +9.923211724e+01 +9.923211724e+01
851 0 +4.790075811e-01 +9.909900758e+01 +9.909900758e+01
862 0 +4.083959825e-01 +9.902839598e+01 +9.902839598e+01
873 0 +3.786055908e-01 +9.899860559e+01 +9.899860559e+01
884 0 +2.769571787e-01 +9.889695718e+01 +9.889695718e+01
895 0 +2.298833337e-01 +9.884988333e+01 +9.884988333e+01
906 0 +1.681792264e-01 +9.878817923e+01 +9.878817923e+01
917 0 +1.242070039e-01 +9.874420700e+01 +9.874420700e+01
928 0 +8.530755950e-02 +9.870530756e+01 +9.870530756e+01
939 0 +6.599384831e-02 +9.868599385e+01 +9.868599385e+01
950 0 +3.807560205e-02 +9.865807560e+01 +9.865807560e+01
961 0 +1.837574806e-02 +9.863837575e+01 +9.863837575e+01
972 0 +8.394622657e-03 +9.862839462e+01 +9.862839462e+01
994 0 +4.451280168e-03 +9.862445128e+01 +9.862445128e+01
1005 0 +1.159997435e-03 +9.862116000e+01 +9.862116000e+01
1016 0 +2.377096586e-04 +9.862023771e+01 +9.862023771e+01
1027 0 +4.038598124e-05 +9.862004039e+01 +9.862004039e+01
1038 0 +6.647550833e-06 +9.862000665e+01 +9.862000665e+01
1049 0 +3.082889464e-07 +9.862000031e+01 +9.862000031e+01
1060 0 +6.088366433e-08 +9.862000006e+01 +9.862000006e+01
1071 0 +1.464421473e-08 +9.862000001e+01 +9.862000001e+01
1082 0 +1.807492822e-09 +9.862000000e+01 +9.862000000e+01
25897 0 +7.247535905e-13 +9.862000000e+01 +9.862000000e+01
26253 0 +0.000000000e+00 +9.862000000e+01 +9.862000000e+01
100009 0 +0.000000000e+00 +9.862000000e+01 +9.862000000e+01
% f evaluations | g evaluations | best noise-free fitness - Fopt (-4.715000000000e+01) + sum g_i+ | measured fitness | best measured fitness or single-digit g-values | x1 | x2...
1 0 +3.932861034e+04 +3.928146034e+04 +3.928146034e+04
3 0 +1.849295147e+04 +1.844580147e+04 +1.844580147e+04
11 0 +1.413069690e+04 +1.408354690e+04 +1.408354690e+04
12 0 +9.874506237e+03 +9.827356237e+03 +9.827356237e+03
21 0 +3.974095294e+03 +3.926945294e+03 +3.926945294e+03
49 0 +3.053604322e+03 +3.006454322e+03 +3.006454322e+03
81 0 +6.247242025e+02 +5.775742025e+02 +5.775742025e+02
191 0 +5.181429697e+02 +4.709929697e+02 +4.709929697e+02
213 0 +4.605465126e+02 +4.133965126e+02 +4.133965126e+02
232 0 +2.257081506e+02 +1.785581506e+02 +1.785581506e+02
280 0 +2.236587742e+02 +1.765087742e+02 +1.765087742e+02
298 0 +1.701824899e+02 +1.230324899e+02 +1.230324899e+02
323 0 +1.225905856e+02 +7.544058562e+01 +7.544058562e+01
345 0 +1.016827306e+02 +5.453273064e+01 +5.453273064e+01
367 0 +8.953157356e+01 +4.238157356e+01 +4.238157356e+01
378 0 +8.783284277e+01 +4.068284277e+01 +4.068284277e+01
411 0 +7.721447554e+01 +3.006447554e+01 +3.006447554e+01
433 0 +6.232477101e+01 +1.517477101e+01 +1.517477101e+01
488 0 +5.547985299e+01 +8.329852994e+00 +8.329852994e+00
510 0 +4.653269409e+01 -6.173059117e-01 -6.173059117e-01
521 0 +2.986138977e+01 -1.728861023e+01 -1.728861023e+01
543 0 +2.578535894e+01 -2.136464106e+01 -2.136464106e+01
554 0 +1.915241045e+01 -2.799758955e+01 -2.799758955e+01
565 0 +1.065876102e+01 -3.649123898e+01 -3.649123898e+01
576 0 +9.496736664e+00 -3.765326334e+01 -3.765326334e+01
587 0 +8.042810618e+00 -3.910718938e+01 -3.910718938e+01
598 0 +6.902219611e+00 -4.024778039e+01 -4.024778039e+01
609 0 +6.194285659e+00 -4.095571434e+01 -4.095571434e+01
664 0 +5.332085194e+00 -4.181791481e+01 -4.181791481e+01
697 0 +4.962590372e+00 -4.218740963e+01 -4.218740963e+01
719 0 +4.373548060e+00 -4.277645194e+01 -4.277645194e+01
763 0 +3.649201627e+00 -4.350079837e+01 -4.350079837e+01
774 0 +3.168860242e+00 -4.398113976e+01 -4.398113976e+01
785 0 +3.057827100e+00 -4.409217290e+01 -4.409217290e+01
818 0 +2.629138391e+00 -4.452086161e+01 -4.452086161e+01
829 0 +2.275477714e+00 -4.487452229e+01 -4.487452229e+01
840 0 +1.902681550e+00 -4.524731845e+01 -4.524731845e+01
862 0 +1.744069959e+00 -4.540593004e+01 -4.540593004e+01
873 0 +1.568715772e+00 -4.558128423e+01 -4.558128423e+01
884 0 +1.362228242e+00 -4.578777176e+01 -4.578777176e+01
906 0 +1.090316053e+00 -4.605968395e+01 -4.605968395e+01
917 0 +8.223356821e-01 -4.632766432e+01 -4.632766432e+01
928 0 +6.532879245e-01 -4.649671208e+01 -4.649671208e+01
939 0 +5.516377295e-01 -4.659836227e+01 -4.659836227e+01
950 0 +4.216583282e-01 -4.672834167e+01 -4.672834167e+01
961 0 +3.564796604e-01 -4.679352034e+01 -4.679352034e+01
972 0 +2.683939128e-01 -4.688160609e+01 -4.688160609e+01
983 0 +1.820676404e-01 -4.696793236e+01 -4.696793236e+01
994 0 +1.173728520e-01 -4.703262715e+01 -4.703262715e+01
1005 0 +6.550483681e-02 -4.708449516e+01 -4.708449516e+01
1016 0 +4.108377805e-02 -4.710891622e+01 -4.710891622e+01
1027 0 +2.206836612e-02 -4.712793163e+01 -4.712793163e+01
1038 0 +8.600095317e-03 -4.714139990e+01 -4.714139990e+01
1049 0 +5.462170918e-03 -4.714453783e+01 -4.714453783e+01
1060 0 +2.198493866e-03 -4.714780151e+01 -4.714780151e+01
1071 0 +1.011962586e-03 -4.714898804e+01 -4.714898804e+01
1082 0 +2.817470305e-04 -4.714971825e+01 -4.714971825e+01
1093 0 +1.952779534e-05 -4.714998047e+01 -4.714998047e+01
1104 0 +5.735131957e-06 -4.714999426e+01 -4.714999426e+01
1115 0 +1.209378127e-07 -4.714999988e+01 -4.714999988e+01
1126 0 +2.174904523e-08 -4.714999998e+01 -4.714999998e+01
1137 0 +5.671267900e-10 -4.715000000e+01 -4.715000000e+01
32784 0 +5.400124792e-13 -4.715000000e+01 -4.715000000e+01
34087 0 +0.000000000e+00 -4.715000000e+01 -4.715000000e+01
100217 0 +0.000000000e+00 -4.715000000e+01 -4.715000000e+01
% f evaluations | g evaluations | best noise-free fitness - Fopt (3.752000000000e+01) + sum g_i+ | measured fitness | best measured fitness or single-digit g-values | x1 | x2...
1 0 +2.668996667e+04 +2.672748667e+04 +2.672748667e+04
4 0 +2.455093065e+04 +2.458845065e+04 +2.458845065e+04
6 0 +1.071151437e+04 +1.074903437e+04 +1.074903437e+04
20 0 +8.450939212e+03 +8.488459212e+03 +8.488459212e+03
49 0 +5.709075499e+03 +5.746595499e+03 +5.746595499e+03
75 0 +4.981706762e+03 +5.019226762e+03 +5.019226762e+03
83 0 +1.063763879e+03 +1.101283879e+03 +1.101283879e+03
84 0 +6.723435463e+02 +7.098635463e+02 +7.098635463e+02
126 0 +5.984203852e+02 +6.359403852e+02 +6.359403852e+02
152 0 +5.420271174e+02 +5.795471174e+02 +5.795471174e+02
192 0 +2.411896968e+02 +2.787096968e+02 +2.787096968e+02
206 0 +1.974274253e+02 +2.349474253e+02 +2.349474253e+02
218 0 +1.586586425e+02 +1.961786425e+02 +1.961786425e+02
233 0 +1.547859577e+02 +1.923059577e+02 +1.923059577e+02
238 0 +1.412056136e+02 +1.787256136e+02 +1.787256136e+02
244 0 +1.088014859e+02 +1.463214859e+02 +1.463214859e+02
261 0 +7.229856360e+01 +1.098185636e+02 +1.098185636e+02
276 0 +5.000550213e+01 +8.752550213e+01 +8.752550213e+01
284 0 +3.833829085e+01 +7.585829085e+01 +7.585829085e+01
301 0 +3.520081885e+01 +7.272081885e+01 +7.272081885e+01
323 0 +1.284693585e+01 +5.036693585e+01 +5.036693585e+01
345 0 +9.381399230e+00 +4.690139923e+01 +4.690139923e+01
400 0 +8.891673375e+00 +4.641167337e+01 +4.641167337e+01
631 0 +7.784019562e+00 +4.530401956e+01 +4.530401956e+01
675 0 +6.940429376e+00 +4.446042938e+01 +4.446042938e+01
708 0 +6.043262910e+00 +4.356326291e+01 +4.356326291e+01
730 0 +5.558337072e+00 +4.307833707e+01 +4.307833707e+01
774 0 +4.927191984e+00 +4.244719198e+01 +4.244719198e+01
796 0 +4.317843588e+00 +4.183784359e+01 +4.183784359e+01
807 0 +3.939474775e+00 +4.145947478e+01 +4.145947478e+01
829 0 +3.142896006e+00 +4.066289601e+01 +4.066289601e+01
851 0 +2.722169628e+00 +4.024216963e+01 +4.024216963e+01
884 0 +2.423979093e+00 +3.994397909e+01 +3.994397909e+01
895 0 +2.176615305e+00 +3.969661530e+01 +3.969661530e+01
917 0 +1.782186433e+00 +3.930218643e+01 +3.930218643e+01
928 0 +1.409356927e+00 +3.892935693e+01 +3.892935693e+01
939 0 +1.145703271e+00 +3.866570327e+01 +3.866570327e+01
961 0 +1.012199331e+00 +3.853219933e+01 +3.853219933e+01
972 0 +8.068863458e-01 +3.832688635e+01 +3.832688635e+01
983 0 +5.718802372e-01 +3.809188024e+01 +3.809188024e+01
994 0 +5.501409831e-01 +3.807014098e+01 +3.807014098e+01
1016 0 +3.670447094e-01 +3.788704471e+01 +3.788704471e+01
1038 0 +2.536145401e-01 +3.777361454e+01 +3.777361454e+01
1049 0 +2.142422979e-01 +3.773424230e+01 +3.773424230e+01
1060 0 +1.935749410e-01 +3.771357494e+01 +3.771357494e+01
1071 0 +1.611295225e-01 +3.768112952e+01 +3.768112952e+01
1082 0 +1.086569902e-01 +3.762865699e+01 +3.762865699e+01
1093 0 +6.745021173e-02 +3.758745021e+01 +3.758745021e+01
1104 0 +3.176645619e-02 +3.755176646e+01 +3.755176646e+01
1115 0 +1.575323699e-02 +3.753575324e+01 +3.753575324e+01
1126 0 +8.073921147e-03 +3.752807392e+01 +3.752807392e+01
1137 0 +3.936139249e-03 +3.752393614e+01 +3.752393614e+01
1148 0 +6.836676604e-04 +3.752068367e+01 +3.752068367e+01
1159 0 +2.953828243e-04 +3.752029538e+01 +3.752029538e+01
1170 0 +1.527101436e-04 +3.752015271e+01 +3.752015271e+01
1181 0 +2.977278932e-06 +3.752000298e+01 +3.752000298e+01
1192 0 +2.678284190e-07 +3.752000027e+01 +3.752000027e+01
1203 0 +5.294793937e-09 +3.752000001e+01 +3.752000001e+01
27025 0 +5.968558980e-13 +3.752000000e+01 +3.752000000e+01
28596 0 +0.000000000e+00 +3.752000000e+01 +3.752000000e+01
100005 0 +0.000000000e+00 +3.752000000e+01 +3.752000000e+01
% f evaluations | g evaluations | best noise-free fitness - Fopt (6.740000000000e+00) + sum g_i+ | measured fitness | best measured fitness or single-digit g-values | x1 | x2...
1 0 +5.577864792e+04 +5.578538792e+04 +5.578538792e+04
3 0 +1.194669360e+04 +1.195343360e+04 +1.195343360e+04
22 0 +8.930730681e+03 +8.937470681e+03 +8.937470681e+03
29 0 +8.419192494e+03 +8.425932494e+03 +8.425932494e+03
31 0 +4.965083172e+03 +4.971823172e+03 +4.971823172e+03
42 0 +3.688421953e+03 +3.695161953e+03 +3.695161953e+03
57 0 +3.242467735e+03 +3.249207735e+03 +3.249207735e+03
65 0 +2.989813764e+03 +2.996553764e+03 +2.996553764e+03
87 0 +1.373606613e+03 +1.380346613e+03 +1.380346613e+03
143 0 +8.568411106e+02 +8.635811106e+02 +8.635811106e+02
208 0 +7.602873767e+02 +7.670273767e+02 +7.670273767e+02
230 0 +6.714894370e+02 +6.782294370e+02 +6.782294370e+02
272 0 +6.167490315e+02 +6.234890315e+02 +6.234890315e+02
289 0 +5.617637128e+02 +5.685037128e+02 +5.685037128e+02
301 0 +4.873801295e+02 +4.941201295e+02 +4.941201295e+02
323 0 +4.289775682e+02 +4.357175682e+02 +4.357175682e+02
356 0 +3.648276039e+02 +3.715676039e+02 +3.715676039e+02
367 0 +2.910754496e+02 +2.978154496e+02 +2.978154496e+02
378 0 +1.666241324e+02 +1.733641324e+02 +1.733641324e+02
400 0 +1.001846490e+02 +1.069246490e+02 +1.069246490e+02
422 0 +9.360024190e+01 +1.003402419e+02 +1.003402419e+02
444 0 +8.881957181e+01 +9.555957181e+01 +9.555957181e+01
488 0 +7.149718407e+01 +7.823718407e+01 +7.823718407e+01
499 0 +5.657753285e+01 +6.331753285e+01 +6.331753285e+01
510 0 +3.357116015e+01 +4.031116015e+01 +4.031116015e+01
521 0 +1.729624559e+01 +2.403624559e+01 +2.403624559e+01
532 0 +1.342773400e+01 +2.016773400e+01 +2.016773400e+01
543 0 +9.948439360e+00 +1.668843936e+01 +1.668843936e+01
565 0 +8.732217743e+00 +1.547221774e+01 +1.547221774e+01
620 0 +7.808838328e+00 +1.454883833e+01 +1.454883833e+01
664 0 +6.944046743e+00 +1.368404674e+01 +1.368404674e+01
686 0 +6.193554205e+00 +1.293355420e+01 +1.293355420e+01
719 0 +5.510644007e+00 +1.225064401e+01 +1.225064401e+01
741 0 +4.935532025e+00 +1.167553203e+01 +1.167553203e+01
774 0 +4.436037816e+00 +1.117603782e+01 +1.117603782e+01
796 0 +3.861131493e+00 +1.060113149e+01 +1.060113149e+01
829 0 +3.264250625e+00 +1.000425063e+01 +1.000425063e+01
840 0 +2.864998935e+00 +9.604998935e+00 +9.604998935e+00
851 0 +2.324768754e+00 +9.064768754e+00 +9.064768754e+00
862 0 +2.127242113e+00 +8.867242113e+00 +8.867242113e+00
884 0 +1.931386992e+00 +8.671386992e+00 +8.671386992e+00
895 0 +1.705195568e+00 +8.445195568e+00 +8.445195568e+00
906 0 +1.433730091e+00 +8.173730091e+00 +8.173730091e+00
917 0 +1.337668838e+00 +8.077668838e+00 +8.077668838e+00
928 0 +1.171867667e+00 +7.911867667e+00 +7.911867667e+00
939 0 +9.467062038e-01 +7.686706204e+00 +7.686706204e+00
950 0 +8.016637763e-01 +7.541663776e+00 +7.541663776e+00
961 0 +6.501817874e-01 +7.390181787e+00 +7.390181787e+00
972 0 +5.317041771e-01 +7.271704177e+00 +7.271704177e+00
983 0 +4.274988375e-01 +7.167498838e+00 +7.167498838e+00
994 0 +3.304791819e-01 +7.070479182e+00 +7.070479182e+00
1005 0 +2.472300361e-01 +6.987230036e+00 +6.987230036e+00
1016 0 +1.638212605e-01 +6.903821261e+00 +6.903821261e+00
1027 0 +1.150254310e-01 +6.855025431e+00 +6.855025431e+00
1038 0 +7.920154082e-02 +6.819201541e+00 +6.819201541e+00
1049 0 +4.553037922e-02 +6.785530379e+00 +6.785530379e+00
1060 0 +3.197904488e-02 +6.771979045e+00 +6.771979045e+00
1071 0 +1.392408278e-02 +6.753924083e+00 +6.753924083e+00
1082 0 +9.959451333e-03 +6.749959451e+00 +6.749959451e+00
1093 0 +5.055045934e-03 +6.745055046e+00 +6.745055046e+00
1104 0 +2.476865482e-03 +6.742476865e+00 +6.742476865e+00
1115 0 +6.035504870e-04 +6.740603550e+00 +6.740603550e+00
1126 0 +1.249721135e-04 +6.740124972e+00 +6.740124972e+00
1137 0 +2.366704404e-05 +6.740023667e+00 +6.740023667e+00
1148 0 +5.748532250e-06 +6.740005749e+00 +6.740005749e+00
1159 0 +1.821872839e-07 +6.740000182e+00 +6.740000182e+00
1170 0 +1.985122910e-08 +6.740000020e+00 +6.740000020e+00
1181 0 +1.750221301e-09 +6.740000002e+00 +6.740000002e+00
23129 0 +8.899547765e-13 +6.740000000e+00 +6.740000000e+00
25745 0 +0.000000000e+00 +6.740000000e+00 +6.740000000e+00
100007 0 +0.000000000e+00 +6.740000000e+00 +6.740000000e+00
% f evaluations | g evaluations | best noise-free fitness - Fopt (-1.897900000000e+02) + sum g_i+ | measured fitness | best measured fitness or single-digit g-values | x1 | x2...
1 0 +3.140722399e+04 +3.121743399e+04 +3.121743399e+04
3 0 +8.363416360e+03 +8.173626360e+03 +8.173626360e+03
5 0 +6.381132355e+03 +6.191342355e+03 +6.191342355e+03
12 0 +2.433998369e+03 +2.244208369e+03 +2.244208369e+03
17 0 +1.754861244e+03 +1.565071244e+03 +1.565071244e+03
28 0 +1.202337298e+03 +1.012547298e+03 +1.012547298e+03
31 0 +7.768009303e+02 +5.870109303e+02 +5.870109303e+02
65 0 +5.788039858e+02 +3.890139858e+02 +3.890139858e+02
69 0 +3.380219616e+02 +1.482319616e+02 +1.482319616e+02
108 0 +1.995155703e+02 +9.725570347e+00 +9.725570347e+00
154 0 +1.329943478e+02 -5.679565220e+01 -5.679565220e+01
217 0 +4.889945385e+01 -1.408905461e+02 -1.408905461e+02
267 0 +2.843289820e+01 -1.613571018e+02 -1.613571018e+02
301 0 +2.158085287e+01 -1.682091471e+02 -1.682091471e+02
323 0 +9.727155396e+00 -1.800628446e+02 -1.800628446e+02
389 0 +8.857723741e+00 -1.809322763e+02 -1.809322763e+02
477 0 +7.694808360e+00 -1.820951916e+02 -1.820951916e+02
554 0 +6.932305437e+00 -1.828576946e+02 -1.828576946e+02
587 0 +5.953736580e+00 -1.838362634e+02 -1.838362634e+02
620 0 +5.529288264e+00 -1.842607117e+02 -1.842607117e+02
642 0 +4.915910824e+00 -1.848740892e+02 -1.848740892e+02
664 0 +4.219659574e+00 -1.855703404e+02 -1.855703404e+02
675 0 +3.901352969e+00 -1.858886470e+02 -1.858886470e+02
686 0 +3.488403683e+00 -1.863015963e+02 -1.863015963e+02
697 0 +3.161299468e+00 -1.866287005e+02 -1.866287005e+02
708 0 +2.792289462e+00 -1.869977105e+02 -1.869977105e+02
719 0 +2.497285804e+00 -1.872927142e+02 -1.872927142e+02
752 0 +2.125255933e+00 -1.876647441e+02 -1.876647441e+02
763 0 +1.822744890e+00 -1.879672551e+02 -1.879672551e+02
774 0 +1.675572316e+00 -1.881144277e+02 -1.881144277e+02
796 0 +1.335850353e+00 -1.884541496e+02 -1.884541496e+02
818 0 +1.190839353e+00 -1.885991606e+02 -1.885991606e+02
829 0 +9.618514600e-01 -1.888281485e+02 -1.888281485e+02
840 0 +6.790697543e-01 -1.891109302e+02 -1.891109302e+02
851 0 +4.516428748e-01 -1.893383571e+02 -1.893383571e+02
862 0 +3.885388956e-01 -1.894014611e+02 -1.894014611e+02
873 0 +2.880745767e-01 -1.895019254e+02 -1.895019254e+02
884 0 +1.626881708e-01 -1.896273118e+02 -1.896273118e+02
895 0 +1.123184303e-01 -1.896776816e+02 -1.896776816e+02
906 0 +8.947344295e-02 -1.897005266e+02 -1.897005266e+02
917 0 +5.385665703e-02 -1.897361433e+02 -1.897361433e+02
939 0 +3.160465821e-02 -1.897583953e+02 -1.897583953e+02
950 0 +1.988681660e-02 -1.897701132e+02 -1.897701132e+02
961 0 +1.195367632e-02 -1.897780463e+02 -1.897780463e+02
972 0 +3.188689786e-03 -1.897868113e+02 -1.897868113e+02
994 0 +1.181480533e-03 -1.897888185e+02 -1.897888185e+02
1005 0 +3.369739517e-04 -1.897896630e+02 -1.897896630e+02
1016 0 +2.325054453e-05 -1.897899767e+02 -1.897899767e+02
1027 0 +1.502658392e-06 -1.897899985e+02 -1.897899985e+02
1038 0 +3.723904456e-07 -1.897899996e+02 -1.897899996e+02
1049 0 +6.895845672e-09 -1.897900000e+02 -1.897900000e+02
25483 0 +6.821210263e-13 -1.897900000e+02 -1.897900000e+02
26099 0 +0.000000000e+00 -1.897900000e+02 -1.897900000e+02
100004 0 +0.000000000e+00 -1.897900000e+02 -1.897900000e+02
% f evaluations | g evaluations | best noise-free fitness - Fopt (-2.774000000000e+01) + sum g_i+ | measured fitness | best measured fitness or single-digit g-values | x1 | x2...
1 0 +3.399560041e+04 +3.396786041e+04 +3.396786041e+04
4 0 +1.745793121e+04 +1.743019121e+04 +1.743019121e+04
12 0 +1.244661822e+04 +1.241887822e+04 +1.241887822e+04
13 0 +5.709598612e+03 +5.681858612e+03 +5.681858612e+03
28 0 +4.749431828e+03 +4.721691828e+03 +4.721691828e+03
31 0 +1.643029645e+03 +1.615289645e+03 +1.615289645e+03
96 0 +1.373535380e+03 +1.345795380e+03 +1.345795380e+03
109 0 +8.625808743e+02 +8.348408743e+02 +8.348408743e+02
126 0 +7.201751432e+02 +6.924351432e+02 +6.924351432e+02
132 0 +2.475897192e+02 +2.198497192e+02 +2.198497192e+02
216 0 +1.688720912e+02 +1.411320912e+02 +1.411320912e+02
226 0 +1.357331831e+02 +1.079931831e+02 +1.079931831e+02
233 0 +1.187320116e+02 +9.099201161e+01 +9.099201161e+01
237 0 +7.757201708e+01 +4.983201708e+01 +4.983201708e+01
276 0 +4.098379215e+01 +1.324379215e+01 +1.324379215e+01
301 0 +3.799719446e+01 +1.025719446e+01 +1.025719446e+01
312 0 +2.941646781e+01 +1.676467812e+00 +1.676467812e+00
334 0 +2.642672143e+01 -1.313278575e+00 -1.313278575e+00
345 0 +2.185505374e+01 -5.884946257e+00 -5.884946257e+00
367 0 +1.885212964e+01 -8.887870364e+00 -8.887870364e+00
389 0 +1.733667307e+01 -1.040332693e+01 -1.040332693e+01
422 0 +1.519548293e+01 -1.254451707e+01 -1.254451707e+01
433 0 +1.297838576e+01 -1.476161424e+01 -1.476161424e+01
444 0 +1.158680153e+01 -1.615319847e+01 -1.615319847e+01
455 0 +9.852722337e+00 -1.788727766e+01 -1.788727766e+01
466 0 +7.790712738e+00 -1.994928726e+01 -1.994928726e+01
510 0 +7.034098683e+00 -2.070590132e+01 -2.070590132e+01
543 0 +6.292011795e+00 -2.144798821e+01 -2.144798821e+01
576 0 +5.529745038e+00 -2.221025496e+01 -2.221025496e+01
620 0 +4.877192769e+00 -2.286280723e+01 -2.286280723e+01
642 0 +4.254261609e+00 -2.348573839e+01 -2.348573839e+01
653 0 +3.901215693e+00 -2.383878431e+01 -2.383878431e+01
675 0 +3.091819497e+00 -2.464818050e+01 -2.464818050e+01
697 0 +2.737172212e+00 -2.500282779e+01 -2.500282779e+01
719 0 +2.368545777e+00 -2.537145422e+01 -2.537145422e+01
730 0 +2.080269226e+00 -2.565973077e+01 -2.565973077e+01
741 0 +1.804361432e+00 -2.593563857e+01 -2.593563857e+01
752 0 +1.542355506e+00 -2.619764449e+01 -2.619764449e+01
763 0 +1.171022178e+00 -2.656897782e+01 -2.656897782e+01
774 0 +9.259855080e-01 -2.681401449e+01 -2.681401449e+01
785 0 +7.621034536e-01 -2.697789655e+01 -2.697789655e+01
796 0 +5.753361016e-01 -2.716466390e+01 -2.716466390e+01
807 0 +4.102052478e-01 -2.732979475e+01 -2.732979475e+01
818 0 +3.176919208e-01 -2.742230808e+01 -2.742230808e+01
829 0 +1.954222011e-01 -2.754457780e+01 -2.754457780e+01
851 0 +1.726527025e-01 -2.756734730e+01 -2.756734730e+01
862 0 +1.362365123e-01 -2.760376349e+01 -2.760376349e+01
873 0 +9.151274623e-02 -2.764848725e+01 -2.764848725e+01
884 0 +4.193561112e-02 -2.769806439e+01 -2.769806439e+01
895 0 +3.363423715e-02 -2.770636576e+01 -2.770636576e+01
906 0 +2.716798787e-02 -2.771283201e+01 -2.771283201e+01
917 0 +1.493446828e-02 -2.772506553e+01 -2.772506553e+01
928 0 +5.931359160e-03 -2.773406864e+01 -2.773406864e+01
939 0 +2.218413886e-03 -2.773778159e+01 -2.773778159e+01
950 0 +2.844356869e-04 -2.773971556e+01 -2.773971556e+01
972 0 +1.357258319e-04 -2.773986427e+01 -2.773986427e+01
983 0 +1.321055517e-05 -2.773998679e+01 -2.773998679e+01
994 0 +1.046465467e-06 -2.773999895e+01 -2.773999895e+01
1005 0 +5.513424384e-09 -2.773999999e+01 -2.773999999e+01
26034 0 +8.348877145e-13 -2.774000000e+01 -2.774000000e+01
28053 0 +0.000000000e+00 -2.774000000e+01 -2.774000000e+01
100399 0 +0.000000000e+00 -2.774000000e+01 -2.774000000e+01
% f evaluations | g evaluations | best noise-free fitness - Fopt (6.930000000000e+00) + sum g_i+ | measured fitness | best measured fitness or single-digit g-values | x1 | x2...
1 0 +4.029589843e+04 +4.030282843e+04 +4.030282843e+04
3 0 +7.971468285e+03 +7.978398285e+03 +7.978398285e+03
12 0 +7.914462848e+03 +7.921392848e+03 +7.921392848e+03
16 0 +6.401843988e+03 +6.408773988e+03 +6.408773988e+03
31 0 +5.354120729e+03 +5.361050729e+03 +5.361050729e+03
35 0 +4.734310862e+03 +4.741240862e+03 +4.741240862e+03
38 0 +3.078244498e+03 +3.085174498e+03 +3.085174498e+03
39 0 +2.307396185e+03 +2.314326185e+03 +2.314326185e+03
56 0 +1.555331870e+03 +1.562261870e+03 +1.562261870e+03
69 0 +1.285590549e+03 +1.292520549e+03 +1.292520549e+03
83 0 +1.018410783e+03 +1.025340783e+03 +1.025340783e+03
98 0 +7.521623278e+02 +7.590923278e+02 +7.590923278e+02
109 0 +5.838093167e+02 +5.907393167e+02 +5.907393167e+02
132 0 +2.649635290e+02 +2.718935290e+02 +2.718935290e+02
193 0 +1.843668242e+02 +1.912968242e+02 +1.912968242e+02
210 0 +6.495413186e+01 +7.188413186e+01 +7.188413186e+01
252 0 +3.597178285e+01 +4.290178285e+01 +4.290178285e+01
284 0 +3.313824951e+01 +4.006824951e+01 +4.006824951e+01
296 0 +3.012857174e+01 +3.705857174e+01 +3.705857174e+01
301 0 +2.048273553e+01 +2.741273553e+01 +2.741273553e+01
323 0 +1.021727109e+01 +1.714727109e+01 +1.714727109e+01
345 0 +9.422309755e+00 +1.635230975e+01 +1.635230975e+01
510 0 +8.839888039e+00 +1.576988804e+01 +1.576988804e+01
609 0 +7.782754631e+00 +1.471275463e+01 +1.471275463e+01
653 0 +6.710604716e+00 +1.364060472e+01 +1.364060472e+01
675 0 +6.238865467e+00 +1.316886547e+01 +1.316886547e+01
697 0 +5.594980642e+00 +1.252498064e+01 +1.252498064e+01
741 0 +4.678840738e+00 +1.160884074e+01 +1.160884074e+01
774 0 +4.196703832e+00 +1.112670383e+01 +1.112670383e+01
785 0 +3.785655417e+00 +1.071565542e+01 +1.071565542e+01
796 0 +3.446851427e+00 +1.037685143e+01 +1.037685143e+01
829 0 +2.852888436e+00 +9.782888436e+00 +9.782888436e+00
840 0 +2.511622983e+00 +9.441622983e+00 +9.441622983e+00
851 0 +1.982747107e+00 +8.912747107e+00 +8.912747107e+00
884 0 +1.611509705e+00 +8.541509705e+00 +8.541509705e+00
895 0 +1.376174558e+00 +8.306174558e+00 +8.306174558e+00
906 0 +1.154447756e+00 +8.084447756e+00 +8.084447756e+00
917 0 +9.800661400e-01 +7.910066140e+00 +7.910066140e+00
928 0 +7.466593514e-01 +7.676659351e+00 +7.676659351e+00
939 0 +5.681877211e-01 +7.498187721e+00 +7.498187721e+00
950 0 +4.555078228e-01 +7.385507823e+00 +7.385507823e+00
961 0 +3.089030714e-01 +7.238903071e+00 +7.238903071e+00
972 0 +2.394186920e-01 +7.169418692e+00 +7.169418692e+00
983 0 +1.507904025e-01 +7.080790402e+00 +7.080790402e+00
994 0 +1.127246692e-01 +7.042724669e+00 +7.042724669e+00
1005 0 +7.065319611e-02 +7.000653196e+00 +7.000653196e+00
1016 0 +4.830412473e-02 +6.978304125e+00 +6.978304125e+00
1027 0 +2.490627867e-02 +6.954906279e+00 +6.954906279e+00
1038 0 +1.381882940e-02 +6.943818829e+00 +6.943818829e+00
1049 0 +7.931675789e-03 +6.937931676e+00 +6.937931676e+00
1060 0 +4.201730206e-03 +6.934201730e+00 +6.934201730e+00
1071 0 +1.159714843e-03 +6.931159715e+00 +6.931159715e+00
1082 0 +3.089908313e-04 +6.930308991e+00 +6.930308991e+00
1093 0 +5.307739790e-05 +6.930053077e+00 +6.930053077e+00
1104 0 +2.181145280e-06 +6.930002181e+00 +6.930002181e+00
1115 0 +1.107059768e-06 +6.930001107e+00 +6.930001107e+00
1126 0 +3.496591283e-08 +6.930000035e+00 +6.930000035e+00
1137 0 +7.521752998e-09 +6.930000008e+00 +6.930000008e+00
28873 0 +9.574563364e-13 +6.930000000e+00 +6.930000000e+00
32327 0 +0.000000000e+00 +6.930000000e+00 +6.930000000e+00
100464 0 +0.000000000e+00 +6.930000000e+00 +6.930000000e+00
% f evaluations | g evaluations | best noise-free fitness - Fopt (-4.456000000000e+01) + sum g_i+ | measured fitness | best measured fitness or single-digit g-values | x1 | x2...
1 0 +3.957782809e+04 +3.953326809e+04 +3.953326809e+04
3 0 +3.385403630e+04 +3.380947630e+04 +3.380947630e+04
4 0 +2.014477540e+04 +2.010021540e+04 +2.010021540e+04
6 0 +1.691428901e+04 +1.686972901e+04 +1.686972901e+04
11 0 +1.468855847e+04 +1.464399847e+04 +1.464399847e+04
14 0 +1.312330635e+04 +1.307874635e+04 +1.307874635e+04
15 0 +6.448078315e+03 +6.403518315e+03 +6.403518315e+03
23 0 +6.203136551e+03 +6.158576551e+03 +6.158576551e+03
30 0 +2.641027637e+03 +2.596467637e+03 +2.596467637e+03
47 0 +1.228598224e+03 +1.184038224e+03 +1.184038224e+03
75 0 +8.768375482e+02 +8.322775482e+02 +8.322775482e+02
124 0 +3.864732317e+02 +3.419132317e+02 +3.419132317e+02
136 0 +3.169534506e+02 +2.723934506e+02 +2.723934506e+02
154 0 +1.364401443e+02 +9.188014432e+01 +9.188014432e+01
173 0 +1.206458248e+02 +7.608582484e+01 +7.608582484e+01
208 0 +1.005389625e+02 +5.597896249e+01 +5.597896249e+01
244 0 +9.623597992e+01 +5.167597992e+01 +5.167597992e+01
249 0 +7.411011056e+01 +2.955011056e+01 +2.955011056e+01
280 0 +5.471703616e+01 +1.015703616e+01 +1.015703616e+01
323 0 +3.122662261e+01 -1.333337739e+01 -1.333337739e+01
345 0 +1.702538418e+01 -2.753461582e+01 -2.753461582e+01
367 0 +1.151322709e+01 -3.304677291e+01 -3.304677291e+01
400 0 +1.091166877e+01 -3.364833123e+01 -3.364833123e+01
422 0 +9.655487032e+00 -3.490451297e+01 -3.490451297e+01
466 0 +7.950931941e+00 -3.660906806e+01 -3.660906806e+01
488 0 +7.732308471e+00 -3.682769153e+01 -3.682769153e+01
510 0 +7.039399229e+00 -3.752060077e+01 -3.752060077e+01
576 0 +6.118508997e+00 -3.844149100e+01 -3.844149100e+01
598 0 +5.466041226e+00 -3.909395877e+01 -3.909395877e+01
631 0 +4.758055852e+00 -3.980194415e+01 -3.980194415e+01
642 0 +4.413520856e+00 -4.014647914e+01 -4.014647914e+01
675 0 +3.819526979e+00 -4.074047302e+01 -4.074047302e+01
686 0 +3.365483049e+00 -4.119451695e+01 -4.119451695e+01
708 0 +3.107704757e+00 -4.145229524e+01 -4.145229524e+01
719 0 +2.687291895e+00 -4.187270811e+01 -4.187270811e+01
730 0 +2.289819339e+00 -4.227018066e+01 -4.227018066e+01
752 0 +2.155760191e+00 -4.240423981e+01 -4.240423981e+01
763 0 +1.952956400e+00 -4.260704360e+01 -4.260704360e+01
774 0 +1.608124766e+00 -4.295187523e+01 -4.295187523e+01
796 0 +1.398434904e+00 -4.316156510e+01 -4.316156510e+01
807 0 +1.185337193e+00 -4.337466281e+01 -4.337466281e+01
818 0 +9.825084642e-01 -4.357749154e+01 -4.357749154e+01
829 0 +8.580428662e-01 -4.370195713e+01 -4.370195713e+01
840 0 +6.747198984e-01 -4.388528010e+01 -4.388528010e+01
851 0 +4.563434503e-01 -4.410365655e+01 -4.410365655e+01
862 0 +2.946001027e-01 -4.426539990e+01 -4.426539990e+01
873 0 +2.085331180e-01 -4.435146688e+01 -4.435146688e+01
884 0 +1.736559457e-01 -4.438634405e+01 -4.438634405e+01
895 0 +1.480954222e-01 -4.441190458e+01 -4.441190458e+01
906 0 +1.170042020e-01 -4.444299580e+01 -4.444299580e+01
917 0 +8.440855378e-02 -4.447559145e+01 -4.447559145e+01
928 0 +6.832743909e-02 -4.449167256e+01 -4.449167256e+01
939 0 +4.446289662e-02 -4.451553710e+01 -4.451553710e+01
950 0 +2.327465467e-02 -4.453672535e+01 -4.453672535e+01
961 0 +1.214205205e-02 -4.454785795e+01 -4.454785795e+01
972 0 +5.669440045e-03 -4.455433056e+01 -4.455433056e+01
983 0 +1.211099954e-03 -4.455878890e+01 -4.455878890e+01
994 0 +1.400803325e-04 -4.455985992e+01 -4.455985992e+01
1005 0 +2.738092645e-05 -4.455997262e+01 -4.455997262e+01
1016 0 +1.823395958e-05 -4.455998177e+01 -4.455998177e+01
1027 0 +4.688104838e-06 -4.455999531e+01 -4.455999531e+01
1038 0 +1.843341053e-07 -4.455999982e+01 -4.455999982e+01
1049 0 +1.892827584e-08 -4.455999998e+01 -4.455999998e+01
1060 0 +4.086331273e-10 -4.456000000e+01 -4.456000000e+01
25628 0 +4.405364962e-13 -4.456000000e+01 -4.456000000e+01
26610 0 +0.000000000e+00 -4.456000000e+01 -4.456000000e+01
100559 0 +0.000000000e+00 -4.456000000e+01 -4.456000000e+01
% f evaluations | g evaluations | best noise-free fitness - Fopt (1.000000000000e+03) + sum g_i+ | measured fitness | best measured fitness or single-digit g-values | x1 | x2...
1 0 +1.203585648e+05 +1.213585648e+05 +1.213585648e+05
3 0 +2.702305659e+04 +2.802305659e+04 +2.802305659e+04
22 0 +1.843740597e+04 +1.943740597e+04 +1.943740597e+04
34 0 +1.763250735e+04 +1.863250735e+04 +1.863250735e+04
35 0 +1.355446589e+04 +1.455446589e+04 +1.455446589e+04
49 0 +8.474992228e+03 +9.474992228e+03 +9.474992228e+03
63 0 +3.673783654e+03 +4.673783654e+03 +4.673783654e+03
65 0 +3.517220201e+03 +4.517220201e+03 +4.517220201e+03
71 0 +2.850387493e+03 +3.850387493e+03 +3.850387493e+03
75 0 +1.685022227e+03 +2.685022227e+03 +2.685022227e+03
85 0 +1.548924521e+03 +2.548924521e+03 +2.548924521e+03
87 0 +1.181082187e+03 +2.181082187e+03 +2.181082187e+03
157 0 +5.693724832e+02 +1.569372483e+03 +1.569372483e+03
206 0 +5.017580190e+02 +1.501758019e+03 +1.501758019e+03
241 0 +2.912590991e+02 +1.291259099e+03 +1.291259099e+03
291 0 +2.650238829e+02 +1.265023883e+03 +1.265023883e+03
299 0 +2.071653649e+02 +1.207165365e+03 +1.207165365e+03
301 0 +1.759500961e+02 +1.175950096e+03 +1.175950096e+03
345 0 +1.425395439e+02 +1.142539544e+03 +1.142539544e+03
356 0 +5.767659266e+01 +1.057676593e+03 +1.057676593e+03
378 0 +3.527670515e+01 +1.035276705e+03 +1.035276705e+03
433 0 +3.067673679e+01 +1.030676737e+03 +1.030676737e+03
466 0 +2.801905450e+01 +1.028019054e+03 +1.028019054e+03
510 0 +2.456138213e+01 +1.024561382e+03 +1.024561382e+03
543 0 +2.209002009e+01 +1.022090020e+03 +1.022090020e+03
554 0 +1.702084819e+01 +1.017020848e+03 +1.017020848e+03
565 0 +1.151962778e+01 +1.011519628e+03 +1.011519628e+03
576 0 +9.356765545e+00 +1.009356766e+03 +1.009356766e+03
587 0 +8.246932199e+00 +1.008246932e+03 +1.008246932e+03
598 0 +7.673960187e+00 +1.007673960e+03 +1.007673960e+03
664 0 +6.952819939e+00 +1.006952820e+03 +1.006952820e+03
697 0 +5.996904351e+00 +1.005996904e+03 +1.005996904e+03
719 0 +5.340316760e+00 +1.005340317e+03 +1.005340317e+03
741 0 +4.970116095e+00 +1.004970116e+03 +1.004970116e+03
763 0 +4.280772000e+00 +1.004280772e+03 +1.004280772e+03
807 0 +3.897046209e+00 +1.003897046e+03 +1.003897046e+03
829 0 +3.246618921e+00 +1.003246619e+03 +1.003246619e+03
840 0 +2.894383227e+00 +1.002894383e+03 +1.002894383e+03
862 0 +2.695172058e+00 +1.002695172e+03 +1.002695172e+03
873 0 +2.410411571e+00 +1.002410412e+03 +1.002410412e+03
884 0 +2.180963315e+00 +1.002180963e+03 +1.002180963e+03
895 0 +1.862983789e+00 +1.001862984e+03 +1.001862984e+03
906 0 +1.484972611e+00 +1.001484973e+03 +1.001484973e+03
928 0 +1.307624618e+00 +1.001307625e+03 +1.001307625e+03
939 0 +1.055941188e+00 +1.001055941e+03 +1.001055941e+03
950 0 +8.424863072e-01 +1.000842486e+03 +1.000842486e+03
961 0 +6.896524873e-01 +1.000689652e+03 +1.000689652e+03
983 0 +5.626051941e-01 +1.000562605e+03 +1.000562605e+03
994 0 +4.178082106e-01 +1.000417808e+03 +1.000417808e+03
1016 0 +3.470607720e-01 +1.000347061e+03 +1.000347061e+03
1027 0 +3.105491182e-01 +1.000310549e+03 +1.000310549e+03
1038 0 +2.662304986e-01 +1.000266230e+03 +1.000266230e+03
1049 0 +1.939291833e-01 +1.000193929e+03 +1.000193929e+03
1060 0 +1.195068336e-01 +1.000119507e+03 +1.000119507e+03
1071 0 +8.345711860e-02 +1.000083457e+03 +1.000083457e+03
1082 0 +3.499590846e-02 +1.000034996e+03 +1.000034996e+03
1104 0 +2.410479067e-02 +1.000024105e+03 +1.000024105e+03
1115 0 +1.652115883e-02 +1.000016521e+03 +1.000016521e+03
1126 0 +9.707372187e-03 +1.000009707e+03 +1.000009707e+03
1137 0 +3.402341402e-03 +1.000003402e+03 +1.000003402e+03
1148 0 +9.793907434e-04 +1.000000979e+03 +1.000000979e+03
1159 0 +2.986830323e-04 +1.000000299e+03 +1.000000299e+03
1170 0 +2.552091291e-05 +1.000000026e+03 +1.000000026e+03
1181 0 +3.447287099e-06 +1.000000003e+03 +1.000000003e+03
1192 0 +1.276796411e-07 +1.000000000e+03 +1.000000000e+03
1203 0 +1.597231858e-08 +1.000000000e+03 +1.000000000e+03
1214 0 +2.155502443e-10 +1.000000000e+03 +1.000000000e+03
100022 0 +7.844391803e-12 +1.000000000e+03 +1.000000000e+03
% f evaluations | g evaluations | best noise-free fitness - Fopt (-6.797100000000e+02) + sum g_i+ | measured fitness | best measured fitness or single-digit g-values | x1 | x2...
1 0 +3.887321776e+04 +3.819350776e+04 +3.819350776e+04
4 0 +2.320408915e+04 +2.252437915e+04 +2.252437915e+04
6 0 +1.800335874e+04 +1.732364874e+04 +1.732364874e+04
11 0 +5.039881006e+03 +4.360171006e+03 +4.360171006e+03
21 0 +4.863682302e+03 +4.183972302e+03 +4.183972302e+03
31 0 +1.802651339e+03 +1.122941339e+03 +1.122941339e+03
39 0 +1.667934290e+03 +9.882242901e+02 +9.882242901e+02
48 0 +6.921862697e+02 +1.247626972e+01 +1.247626972e+01
74 0 +4.686913602e+02 -2.110186398e+02 -2.110186398e+02
81 0 +3.882870888e+02 -2.914229112e+02 -2.914229112e+02
90 0 +3.514762145e+02 -3.282337855e+02 -3.282337855e+02
147 0 +1.245514611e+02 -5.551585389e+02 -5.551585389e+02
163 0 +9.798093886e+01 -5.817290611e+02 -5.817290611e+02
239 0 +7.464523004e+01 -6.050647700e+02 -6.050647700e+02
248 0 +5.600424105e+01 -6.237057590e+02 -6.237057590e+02
261 0 +4.548311500e+01 -6.342268850e+02 -6.342268850e+02
280 0 +4.322684080e+01 -6.364831592e+02 -6.364831592e+02
281 0 +2.403490905e+01 -6.556750910e+02 -6.556750910e+02
323 0 +1.208058671e+01 -6.676294133e+02 -6.676294133e+02
345 0 +9.038615502e+00 -6.706713845e+02 -6.706713845e+02
378 0 +8.795382400e+00 -6.709146176e+02 -6.709146176e+02
455 0 +7.834477252e+00 -6.718755227e+02 -6.718755227e+02
576 0 +7.052090880e+00 -6.726579091e+02 -6.726579091e+02
620 0 +6.089285082e+00 -6.736207149e+02 -6.736207149e+02
642 0 +5.323816612e+00 -6.743861834e+02 -6.743861834e+02
653 0 +4.842905459e+00 -6.748670945e+02 -6.748670945e+02
686 0 +4.392289099e+00 -6.753177109e+02 -6.753177109e+02
708 0 +3.709108132e+00 -6.760008919e+02 -6.760008919e+02
719 0 +3.324178390e+00 -6.763858216e+02 -6.763858216e+02
730 0 +2.978997750e+00 -6.767310023e+02 -6.767310023e+02
763 0 +2.562136520e+00 -6.771478635e+02 -6.771478635e+02
774 0 +2.175558526e+00 -6.775344415e+02 -6.775344415e+02
785 0 +1.828203829e+00 -6.778817962e+02 -6.778817962e+02
796 0 +1.564149617e+00 -6.781458504e+02 -6.781458504e+02
807 0 +1.313263447e+00 -6.783967366e+02 -6.783967366e+02
818 0 +1.044388112e+00 -6.786656119e+02 -6.786656119e+02
829 0 +8.706926377e-01 -6.788393074e+02 -6.788393074e+02
840 0 +6.817410899e-01 -6.790282589e+02 -6.790282589e+02
851 0 +5.658304688e-01 -6.791441695e+02 -6.791441695e+02
862 0 +4.109501377e-01 -6.792990499e+02 -6.792990499e+02
873 0 +2.879590134e-01 -6.794220410e+02 -6.794220410e+02
884 0 +1.930460373e-01 -6.795169540e+02 -6.795169540e+02
895 0 +1.739518277e-01 -6.795360482e+02 -6.795360482e+02
906 0 +1.400558714e-01 -6.795699441e+02 -6.795699441e+02
917 0 +9.068507652e-02 -6.796193149e+02 -6.796193149e+02
928 0 +6.392016272e-02 -6.796460798e+02 -6.796460798e+02
939 0 +4.997814954e-02 -6.796600219e+02 -6.796600219e+02
950 0 +3.499719632e-02 -6.796750028e+02 -6.796750028e+02
961 0 +2.120823061e-02 -6.796887918e+02 -6.796887918e+02
972 0 +9.296971381e-03 -6.797007030e+02 -6.797007030e+02
983 0 +3.439299973e-03 -6.797065607e+02 -6.797065607e+02
994 0 +7.888085404e-04 -6.797092112e+02 -6.797092112e+02
1005 0 +2.352237860e-04 -6.797097648e+02 -6.797097648e+02
1016 0 +3.742542083e-05 -6.797099626e+02 -6.797099626e+02
1027 0 +4.537029554e-06 -6.797099955e+02 -6.797099955e+02
1038 0 +3.459127811e-07 -6.797099997e+02 -6.797099997e+02
1049 0 +1.679427442e-08 -6.797100000e+02 -6.797100000e+02
1060 0 +5.152287486e-10 -6.797100000e+02 -6.797100000e+02
15330 0 +5.684341886e-13 -6.797100000e+02 -6.797100000e+02
25958 0 +0.000000000e+00 -6.797100000e+02 -6.797100000e+02
100583 0 +0.000000000e+00 -6.797100000e+02 -6.797100000e+02
% f evaluations | g evaluations | best noise-free fitness - Fopt (1.000000000000e+03) + sum g_i+ | measured fitness | best measured fitness or single-digit g-values | x1 | x2...
1 0 +1.507579393e+04 +1.607579393e+04 +1.607579393e+04
3 0 +8.249775709e+03 +9.249775709e+03 +9.249775709e+03
17 0 +2.228272033e+03 +3.228272033e+03 +3.228272033e+03
39 0 +1.770776782e+03 +2.770776782e+03 +2.770776782e+03
47 0 +9.715959389e+02 +1.971595939e+03 +1.971595939e+03
78 0 +8.487478845e+02 +1.848747884e+03 +1.848747884e+03
87 0 +5.834415380e+02 +1.583441538e+03 +1.583441538e+03
96 0 +3.711594543e+02 +1.371159454e+03 +1.371159454e+03
108 0 +3.326486729e+02 +1.332648673e+03 +1.332648673e+03
126 0 +2.336399053e+02 +1.233639905e+03 +1.233639905e+03
173 0 +1.216559426e+02 +1.121655943e+03 +1.121655943e+03
181 0 +8.960882556e+01 +1.089608826e+03 +1.089608826e+03
183 0 +6.584695726e+01 +1.065846957e+03 +1.065846957e+03
233 0 +5.938359356e+01 +1.059383594e+03 +1.059383594e+03
247 0 +4.401515028e+01 +1.044015150e+03 +1.044015150e+03
252 0 +3.398198880e+01 +1.033981989e+03 +1.033981989e+03
282 0 +2.318615325e+01 +1.023186153e+03 +1.023186153e+03
301 0 +1.479402525e+01 +1.014794025e+03 +1.014794025e+03
323 0 +8.627673729e+00 +1.008627674e+03 +1.008627674e+03
400 0 +7.928773325e+00 +1.007928773e+03 +1.007928773e+03
521 0 +7.039299203e+00 +1.007039299e+03 +1.007039299e+03
598 0 +6.239330074e+00 +1.006239330e+03 +1.006239330e+03
642 0 +5.590626080e+00 +1.005590626e+03 +1.005590626e+03
664 0 +4.881101803e+00 +1.004881102e+03 +1.004881102e+03
686 0 +4.431106062e+00 +1.004431106e+03 +1.004431106e+03
708 0 +3.870081913e+00 +1.003870082e+03 +1.003870082e+03
730 0 +3.321978416e+00 +1.003321978e+03 +1.003321978e+03
741 0 +3.004710049e+00 +1.003004710e+03 +1.003004710e+03
752 0 +2.747267861e+00 +1.002747268e+03 +1.002747268e+03
763 0 +2.443626938e+00 +1.002443627e+03 +1.002443627e+03
774 0 +2.141840309e+00 +1.002141840e+03 +1.002141840e+03
785 0 +1.785305324e+00 +1.001785305e+03 +1.001785305e+03
796 0 +1.395987526e+00 +1.001395988e+03 +1.001395988e+03
807 0 +1.066889929e+00 +1.001066890e+03 +1.001066890e+03
829 0 +9.527735169e-01 +1.000952774e+03 +1.000952774e+03
840 0 +7.880207014e-01 +1.000788021e+03 +1.000788021e+03
851 0 +5.748951062e-01 +1.000574895e+03 +1.000574895e+03
862 0 +4.165215874e-01 +1.000416522e+03 +1.000416522e+03
873 0 +3.656321843e-01 +1.000365632e+03 +1.000365632e+03
884 0 +2.740250896e-01 +1.000274025e+03 +1.000274025e+03
895 0 +1.692161284e-01 +1.000169216e+03 +1.000169216e+03
906 0 +1.488973890e-01 +1.000148897e+03 +1.000148897e+03
917 0 +1.206346982e-01 +1.000120635e+03 +1.000120635e+03
928 0 +9.592978947e-02 +1.000095930e+03 +1.000095930e+03
939 0 +7.294497328e-02 +1.000072945e+03 +1.000072945e+03
950 0 +4.048443485e-02 +1.000040484e+03 +1.000040484e+03
961 0 +1.633527928e-02 +1.000016335e+03 +1.000016335e+03
972 0 +8.152496928e-03 +1.000008152e+03 +1.000008152e+03
983 0 +5.307589404e-03 +1.000005308e+03 +1.000005308e+03
994 0 +1.264032171e-03 +1.000001264e+03 +1.000001264e+03
1005 0 +3.527109142e-04 +1.000000353e+03 +1.000000353e+03
1016 0 +4.210605903e-05 +1.000000042e+03 +1.000000042e+03
1027 0 +1.272922316e-05 +1.000000013e+03 +1.000000013e+03
1038 0 +1.938348532e-06 +1.000000002e+03 +1.000000002e+03
1049 0 +5.380854873e-08 +1.000000000e+03 +1.000000000e+03
1060 0 +1.736680133e-09 +1.000000000e+03 +1.000000000e+03
13308 0 +3.410605132e-13 +1.000000000e+03 +1.000000000e+03
24992 0 +0.000000000e+00 +1.000000000e+03 +1.000000000e+03
100006 0 +0.000000000e+00 +1.000000000e+03 +1.000000000e+03
% f evaluations | g evaluations | best noise-free fitness - Fopt (1.007000000000e+01) + sum g_i+ | measured fitness | best measured fitness or single-digit g-values | x1 | x2...
1 0 +2.715793590e+04 +2.716800590e+04 +2.716800590e+04
3 0 +1.743136023e+04 +1.744143023e+04 +1.744143023e+04
4 0 +9.921699423e+03 +9.931769423e+03 +9.931769423e+03
6 0 +5.766024533e+03 +5.776094533e+03 +5.776094533e+03
11 0 +2.272832261e+03 +2.282902261e+03 +2.282902261e+03
30 0 +1.948820159e+03 +1.958890159e+03 +1.958890159e+03
31 0 +1.754071238e+03 +1.764141238e+03 +1.764141238e+03
33 0 +3.533636117e+02 +3.634336117e+02 +3.634336117e+02
140 0 +2.986290022e+02 +3.086990022e+02 +3.086990022e+02
147 0 +2.145835723e+02 +2.246535723e+02 +2.246535723e+02
150 0 +1.731588378e+02 +1.832288378e+02 +1.832288378e+02
156 0 +1.330737239e+02 +1.431437239e+02 +1.431437239e+02
187 0 +1.034947684e+02 +1.135647684e+02 +1.135647684e+02
224 0 +8.782928768e+01 +9.789928768e+01 +9.789928768e+01
232 0 +5.800173399e+01 +6.807173399e+01 +6.807173399e+01
280 0 +5.494371088e+01 +6.501371088e+01 +6.501371088e+01
282 0 +2.988627548e+01 +3.995627548e+01 +3.995627548e+01
301 0 +2.656442209e+01 +3.663442209e+01 +3.663442209e+01
323 0 +1.730823890e+01 +2.737823890e+01 +2.737823890e+01
345 0 +1.199407374e+01 +2.206407374e+01 +2.206407374e+01
367 0 +9.761903609e+00 +1.983190361e+01 +1.983190361e+01
466 0 +8.889207118e+00 +1.895920712e+01 +1.895920712e+01
587 0 +7.914276465e+00 +1.798427647e+01 +1.798427647e+01
642 0 +6.893777059e+00 +1.696377706e+01 +1.696377706e+01
664 0 +6.102125561e+00 +1.617212556e+01 +1.617212556e+01
708 0 +5.585417743e+00 +1.565541774e+01 +1.565541774e+01
741 0 +4.828310945e+00 +1.489831094e+01 +1.489831094e+01
763 0 +4.458896323e+00 +1.452889632e+01 +1.452889632e+01
100006 0 +3.986579112e+00 +1.405657911e+01 +1.405657911e+01
% f evaluations | g evaluations | best noise-free fitness - Fopt (-7.540000000000e+00) + sum g_i+ | measured fitness | best measured fitness or single-digit g-values | x1 | x2...
1 0 +2.609757434e+04 +2.609003434e+04 +2.609003434e+04
2 0 +2.467577880e+04 +2.466823880e+04 +2.466823880e+04
10 0 +1.275791999e+04 +1.275037999e+04 +1.275037999e+04
17 0 +7.401041306e+03 +7.393501306e+03 +7.393501306e+03
27 0 +3.136715587e+03 +3.129175587e+03 +3.129175587e+03
60 0 +2.244824305e+03 +2.237284305e+03 +2.237284305e+03
79 0 +6.812560110e+02 +6.737160110e+02 +6.737160110e+02
198 0 +5.248162740e+02 +5.172762740e+02 +5.172762740e+02
201 0 +4.709422764e+02 +4.634022764e+02 +4.634022764e+02
216 0 +3.366811257e+02 +3.291411257e+02 +3.291411257e+02
238 0 +2.545955553e+02 +2.470555553e+02 +2.470555553e+02
248 0 +1.311893552e+02 +1.236493552e+02 +1.236493552e+02
281 0 +1.013104336e+02 +9.377043358e+01 +9.377043358e+01
301 0 +8.008612848e+01 +7.254612848e+01 +7.254612848e+01
323 0 +4.646838878e+01 +3.892838878e+01 +3.892838878e+01
345 0 +3.688496298e+01 +2.934496298e+01 +2.934496298e+01
356 0 +1.896816116e+01 +1.142816116e+01 +1.142816116e+01
378 0 +1.254292555e+01 +5.002925554e+00 +5.002925554e+00
433 0 +1.087187032e+01 +3.331870319e+00 +3.331870319e+00
444 0 +9.899306578e+00 +2.359306578e+00 +2.359306578e+00
455 0 +8.843175096e+00 +1.303175096e+00 +1.303175096e+00
499 0 +7.918678177e+00 +3.786781770e-01 +3.786781770e-01
554 0 +6.801615824e+00 -7.383841763e-01 -7.383841763e-01
587 0 +6.249430936e+00 -1.290569064e+00 -1.290569064e+00
609 0 +5.552116478e+00 -1.987883522e+00 -1.987883522e+00
642 0 +4.903190608e+00 -2.636809392e+00 -2.636809392e+00
675 0 +4.142120971e+00 -3.397879029e+00 -3.397879029e+00
686 0 +3.713682667e+00 -3.826317333e+00 -3.826317333e+00
719 0 +3.418732896e+00 -4.121267104e+00 -4.121267104e+00
730 0 +3.089290045e+00 -4.450709955e+00 -4.450709955e+00
741 0 +2.672291079e+00 -4.867708921e+00 -4.867708921e+00
763 0 +2.358348940e+00 -5.181651060e+00 -5.181651060e+00
774 0 +2.054944234e+00 -5.485055766e+00 -5.485055766e+00
796 0 +1.874040641e+00 -5.665959359e+00 -5.665959359e+00
807 0 +1.634804346e+00 -5.905195654e+00 -5.905195654e+00
818 0 +1.564488183e+00 -5.975511817e+00 -5.975511817e+00
840 0 +1.220439422e+00 -6.319560578e+00 -6.319560578e+00
851 0 +8.757384796e-01 -6.664261520e+00 -6.664261520e+00
862 0 +7.513946463e-01 -6.788605354e+00 -6.788605354e+00
873 0 +5.592086068e-01 -6.980791393e+00 -6.980791393e+00
884 0 +4.461997990e-01 -7.093800201e+00 -7.093800201e+00
895 0 +3.486287091e-01 -7.191371291e+00 -7.191371291e+00
917 0 +2.957062815e-01 -7.244293718e+00 -7.244293718e+00
928 0 +2.317995893e-01 -7.308200411e+00 -7.308200411e+00
939 0 +1.961358936e-01 -7.343864106e+00 -7.343864106e+00
950 0 +1.386588298e-01 -7.401341170e+00 -7.401341170e+00
961 0 +6.396225466e-02 -7.476037745e+00 -7.476037745e+00
972 0 +3.723556225e-02 -7.502764438e+00 -7.502764438e+00
983 0 +1.778996178e-02 -7.522210038e+00 -7.522210038e+00
994 0 +8.556225978e-03 -7.531443774e+00 -7.531443774e+00
1005 0 +3.648522575e-03 -7.536351477e+00 -7.536351477e+00
1016 0 +6.192182223e-04 -7.539380782e+00 -7.539380782e+00
1027 0 +1.770039404e-04 -7.539822996e+00 -7.539822996e+00
1038 0 +2.795139646e-05 -7.539972049e+00 -7.539972049e+00
1049 0 +1.169752204e-06 -7.539998830e+00 -7.539998830e+00
1060 0 +2.336571683e-07 -7.539999766e+00 -7.539999766e+00
1071 0 +9.122832267e-09 -7.539999991e+00 -7.539999991e+00
23909 0 +4.742872761e-13 -7.540000000e+00 -7.540000000e+00
100412 0 +8.881784197e-16 -7.540000000e+00 -7.540000000e+00
