% f evaluations | g evaluations | best noise-free fitness - Fopt (-4.620900000000e+02) + sum g_i+ | measured fitness | best measured fitness or single-digit g-values | x1 | x2...
1 0 +2.556880682e+02 -2.064019318e+02 -2.064019318e+02
8 0 +2.096904648e+02 -2.523995352e+02 -2.523995352e+02
15 0 +1.943062954e+02 -2.677837046e+02 -2.677837046e+02
16 0 +1.765723034e+02 -2.855176966e+02 -2.855176966e+02
22 0 +1.519581916e+02 -3.101318084e+02 -3.101318084e+02
38 0 +1.234473921e+02 -3.386426079e+02 -3.386426079e+02
354 0 +1.113187383e+02 -3.507712617e+02 -3.507712617e+02
387 0 +9.798661023e+01 -3.641033898e+02 -3.641033898e+02
398 0 +8.695924841e+01 -3.751307516e+02 -3.751307516e+02
431 0 +7.800853123e+01 -3.840814688e+02 -3.840814688e+02
453 0 +7.016710433e+01 -3.919228957e+02 -3.919228957e+02
464 0 +5.893998997e+01 -4.031500100e+02 -4.031500100e+02
497 0 +5.535793443e+01 -4.067320656e+02 -4.067320656e+02
1799 0 +4.999160766e+01 -4.120983923e+02 -4.120983923e+02
2516 0 +4.397894003e+01 -4.181110600e+02 -4.181110600e+02
2582 0 +3.347476425e+01 -4.286152358e+02 -4.286152358e+02
2604 0 +3.011543666e+01 -4.319745633e+02 -4.319745633e+02
2615 0 +2.606096463e+01 -4.360290354e+02 -4.360290354e+02
2626 0 +2.455327213e+01 -4.375367279e+02 -4.375367279e+02
2714 0 +2.237977180e+01 -4.397102282e+02 -4.397102282e+02
100001 0 +2.188905891e+01 -4.402009411e+02 -4.402009411e+02
% f evaluations | g evaluations | best noise-free fitness - Fopt (7.766000000000e+01) + sum g_i+ | measured fitness | best measured fitness or single-digit g-values | x1 | x2...
1 0 +2.440883441e+02 +3.217483441e+02 +3.217483441e+02
4 0 +1.942677850e+02 +2.719277850e+02 +2.719277850e+02
36 0 +1.596045175e+02 +2.372645175e+02 +2.372645175e+02
85 0 +1.567838408e+02 +2.344438408e+02 +2.344438408e+02
96 0 +1.358140173e+02 +2.134740173e+02 +2.134740173e+02
123 0 +1.118245084e+02 +1.894845084e+02 +1.894845084e+02
178 0 +9.976749851e+01 +1.774274985e+02 +1.774274985e+02
277 0 +8.544863988e+01 +1.631086399e+02 +1.631086399e+02
288 0 +7.932612432e+01 +1.569861243e+02 +1.569861243e+02
343 0 +6.790436730e+01 +1.455643673e+02 +1.455643673e+02
376 0 +6.189086559e+01 +1.395508656e+02 +1.395508656e+02
453 0 +5.454086927e+01 +1.322008693e+02 +1.322008693e+02
994 0 +4.587899272e+01 +1.235389927e+02 +1.235389927e+02
1348 0 +4.216126382e+01 +1.198212638e+02 +1.198212638e+02
1370 0 +3.829540169e+01 +1.159554017e+02 +1.159554017e+02
1447 0 +3.473306399e+01 +1.123930640e+02 +1.123930640e+02
1458 0 +3.153731216e+01 +1.091973122e+02 +1.091973122e+02
1535 0 +2.598583959e+01 +1.036458396e+02 +1.036458396e+02
1612 0 +2.502181207e+01 +1.026818121e+02 +1.026818121e+02
100047 0 +2.487393104e+01 +1.025339310e+02 +1.025339310e+02
% f evaluations | g evaluations | best noise-free fitness - Fopt (1.156800000000e+02) + sum g_i+ | measured fitness | best measured fitness or single-digit g-values | x1 | x2...
1 0 +4.765049687e+02 +5.921849687e+02 +5.921849687e+02
2 0 +4.461193732e+02 +5.617993732e+02 +5.617993732e+02
8 0 +3.529676487e+02 +4.686476487e+02 +4.686476487e+02
12 0 +3.022503638e+02 +4.179303638e+02 +4.179303638e+02
31 0 +2.506382071e+02 +3.663182071e+02 +3.663182071e+02
58 0 +2.211038247e+02 +3.367838247e+02 +3.367838247e+02
68 0 +1.796570254e+02 +2.953370254e+02 +2.953370254e+02
83 0 +1.720537256e+02 +2.877337256e+02 +2.877337256e+02
92 0 +1.572302807e+02 +2.729102807e+02 +2.729102807e+02
101 0 +1.318651368e+02 +2.475451368e+02 +2.475451368e+02
123 0 +1.109150267e+02 +2.265950267e+02 +2.265950267e+02
134 0 +8.802761537e+01 +2.037076154e+02 +2.037076154e+02
167 0 +7.707570319e+01 +1.927557032e+02 +1.927557032e+02
266 0 +6.909764580e+01 +1.847776458e+02 +1.847776458e+02
321 0 +6.184126354e+01 +1.775212635e+02 +1.775212635e+02
1335 0 +5.310561283e+01 +1.687856128e+02 +1.687856128e+02
2174 0 +4.970160588e+01 +1.653816059e+02 +1.653816059e+02
2561 0 +4.297246019e+01 +1.586524602e+02 +1.586524602e+02
2583 0 +3.933521549e+01 +1.550152155e+02 +1.550152155e+02
2627 0 +3.432665418e+01 +1.500066542e+02 +1.500066542e+02
2638 0 +2.712682207e+01 +1.428068221e+02 +1.428068221e+02
2693 0 +2.484074741e+01 +1.405207474e+02 +1.405207474e+02
2715 0 +1.929231492e+01 +1.349723149e+02 +1.349723149e+02
2726 0 +1.647661217e+01 +1.321566122e+02 +1.321566122e+02
2759 0 +1.561295066e+01 +1.312929507e+02 +1.312929507e+02
4655 0 +1.397968152e+01 +1.296596815e+02 +1.296596815e+02
100004 0 +1.392941672e+01 +1.296094167e+02 +1.296094167e+02
% f evaluations | g evaluations | best noise-free fitness - Fopt (-3.710000000000e+00) + sum g_i+ | measured fitness | best measured fitness or single-digit g-values | x1 | x2...
1 0 +2.505468647e+02 +2.468368647e+02 +2.468368647e+02
22 0 +2.200340958e+02 +2.163240958e+02 +2.163240958e+02
31 0 +1.652966026e+02 +1.615866026e+02 +1.615866026e+02
40 0 +1.322145938e+02 +1.285045938e+02 +1.285045938e+02
85 0 +1.082706252e+02 +1.045606252e+02 +1.045606252e+02
112 0 +9.458650942e+01 +9.087650942e+01 +9.087650942e+01
145 0 +7.903167057e+01 +7.532167057e+01 +7.532167057e+01
211 0 +6.837219507e+01 +6.466219507e+01 +6.466219507e+01
222 0 +6.178956992e+01 +5.807956992e+01 +5.807956992e+01
321 0 +5.492895498e+01 +5.121895498e+01 +5.121895498e+01
365 0 +4.639109919e+01 +4.268109919e+01 +4.268109919e+01
376 0 +4.179902194e+01 +3.808902194e+01 +3.808902194e+01
1093 0 +3.880726524e+01 +3.509726524e+01 +3.509726524e+01
1148 0 +3.448440376e+01 +3.077440376e+01 +3.077440376e+01
1159 0 +3.023797493e+01 +2.652797493e+01 +2.652797493e+01
1192 0 +2.788203614e+01 +2.417203614e+01 +2.417203614e+01
100332 0 +2.586889010e+01 +2.215889010e+01 +2.215889010e+01
% f evaluations | g evaluations | best noise-free fitness - Fopt (1.321800000000e+02) + sum g_i+ | measured fitness | best measured fitness or single-digit g-values | x1 | x2...
1 0 +2.607326168e+02 +3.929126168e+02 +3.929126168e+02
2 0 +2.295257396e+02 +3.617057396e+02 +3.617057396e+02
5 0 +2.146916367e+02 +3.468716367e+02 +3.468716367e+02
13 0 +1.740016920e+02 +3.061816920e+02 +3.061816920e+02
58 0 +1.433301117e+02 +2.755101117e+02 +2.755101117e+02
81 0 +1.340938508e+02 +2.662738508e+02 +2.662738508e+02
87 0 +1.130852670e+02 +2.452652670e+02 +2.452652670e+02
89 0 +9.240937380e+01 +2.245893738e+02 +2.245893738e+02
321 0 +8.657741944e+01 +2.187574194e+02 +2.187574194e+02
332 0 +7.942935303e+01 +2.116093530e+02 +2.116093530e+02
365 0 +6.967183676e+01 +2.018518368e+02 +2.018518368e+02
376 0 +6.019464375e+01 +1.923746437e+02 +1.923746437e+02
387 0 +5.042668342e+01 +1.826066834e+02 +1.826066834e+02
398 0 +4.762110097e+01 +1.798011010e+02 +1.798011010e+02
475 0 +4.459235624e+01 +1.767723562e+02 +1.767723562e+02
1723 0 +3.920415196e+01 +1.713841520e+02 +1.713841520e+02
1789 0 +3.251236684e+01 +1.646923668e+02 +1.646923668e+02
100005 0 +3.183857359e+01 +1.640185736e+02 +1.640185736e+02
% f evaluations | g evaluations | best noise-free fitness - Fopt (-3.930000000000e+01) + sum g_i+ | measured fitness | best measured fitness or single-digit g-values | x1 | x2...
1 0 +3.933062118e+02 +3.540062118e+02 +3.540062118e+02
2 0 +3.706527337e+02 +3.313527337e+02 +3.313527337e+02
4 0 +3.179435420e+02 +2.786435420e+02 +2.786435420e+02
14 0 +3.157634636e+02 +2.764634636e+02 +2.764634636e+02
22 0 +2.727014775e+02 +2.334014775e+02 +2.334014775e+02
29 0 +2.012623849e+02 +1.619623849e+02 +1.619623849e+02
47 0 +1.986103926e+02 +1.593103926e+02 +1.593103926e+02
93 0 +1.415155604e+02 +1.022155604e+02 +1.022155604e+02
112 0 +1.282400030e+02 +8.894000297e+01 +8.894000297e+01
134 0 +1.178982089e+02 +7.859820885e+01 +7.859820885e+01
167 0 +1.088747666e+02 +6.957476663e+01 +6.957476663e+01
178 0 +9.802164626e+01 +5.872164626e+01 +5.872164626e+01
200 0 +8.847539731e+01 +4.917539731e+01 +4.917539731e+01
255 0 +7.906455235e+01 +3.976455235e+01 +3.976455235e+01
299 0 +6.214873819e+01 +2.284873819e+01 +2.284873819e+01
343 0 +5.622958017e+01 +1.692958017e+01 +1.692958017e+01
961 0 +4.928705447e+01 +9.987054471e+00 +9.987054471e+00
1016 0 +4.133091056e+01 +2.030910557e+00 +2.030910557e+00
1027 0 +3.668360082e+01 -2.616399179e+00 -2.616399179e+00
1038 0 +3.387762915e+01 -5.422370855e+00 -5.422370855e+00
1049 0 +3.021801734e+01 -9.081982662e+00 -9.081982662e+00
2914 0 +2.659060605e+01 -1.270939395e+01 -1.270939395e+01
3013 0 +2.494055437e+01 -1.435944563e+01 -1.435944563e+01
5801 0 +2.110716952e+01 -1.819283048e+01 -1.819283048e+01
100447 0 +2.089410489e+01 -1.840589511e+01 -1.840589511e+01
% f evaluations | g evaluations | best noise-free fitness - Fopt (4.296000000000e+01) + sum g_i+ | measured fitness | best measured fitness or single-digit g-values | x1 | x2...
1 0 +2.273065839e+02 +2.702665839e+02 +2.702665839e+02
17 0 +2.100928703e+02 +2.530528703e+02 +2.530528703e+02
34 0 +1.730528561e+02 +2.160128561e+02 +2.160128561e+02
43 0 +1.453672270e+02 +1.883272270e+02 +1.883272270e+02
53 0 +1.379034343e+02 +1.808634343e+02 +1.808634343e+02
61 0 +1.153758420e+02 +1.583358420e+02 +1.583358420e+02
65 0 +8.784808784e+01 +1.308080878e+02 +1.308080878e+02
244 0 +7.512833961e+01 +1.180883396e+02 +1.180883396e+02
299 0 +6.953640822e+01 +1.124964082e+02 +1.124964082e+02
310 0 +5.903773133e+01 +1.019977313e+02 +1.019977313e+02
332 0 +5.381734949e+01 +9.677734949e+01 +9.677734949e+01
387 0 +4.655342939e+01 +8.951342939e+01 +8.951342939e+01
398 0 +4.189997294e+01 +8.485997294e+01 +8.485997294e+01
431 0 +3.928583132e+01 +8.224583132e+01 +8.224583132e+01
2682 0 +3.265892369e+01 +7.561892369e+01 +7.561892369e+01
2693 0 +3.027720027e+01 +7.323720027e+01 +7.323720027e+01
2726 0 +2.799076683e+01 +7.095076683e+01 +7.095076683e+01
3708 0 +2.379910535e+01 +6.675910535e+01 +6.675910535e+01
3719 0 +2.181008368e+01 +6.477008368e+01 +6.477008368e+01
4746 0 +1.892439167e+01 +6.188439167e+01 +6.188439167e+01
4779 0 +1.763458877e+01 +6.059458877e+01 +6.059458877e+01
4834 0 +1.581050268e+01 +5.877050268e+01 +5.877050268e+01
4944 0 +1.409091760e+01 +5.705091760e+01 +5.705091760e+01
100101 0 +1.392941672e+01 +5.688941672e+01 +5.688941672e+01
% f evaluations | g evaluations | best noise-free fitness - Fopt (2.842200000000e+02) + sum g_i+ | measured fitness | best measured fitness or single-digit g-values | x1 | x2...
1 0 +3.618890152e+02 +6.461090152e+02 +6.461090152e+02
2 0 +3.229357629e+02 +6.071557629e+02 +6.071557629e+02
4 0 +2.232147424e+02 +5.074347424e+02 +5.074347424e+02
28 0 +1.939592555e+02 +4.781792555e+02 +4.781792555e+02
79 0 +1.514422195e+02 +4.356622195e+02 +4.356622195e+02
145 0 +1.290818973e+02 +4.133018973e+02 +4.133018973e+02
167 0 +1.185208716e+02 +4.027408716e+02 +4.027408716e+02
211 0 +1.116481608e+02 +3.958681608e+02 +3.958681608e+02
310 0 +9.784207775e+01 +3.820620777e+02 +3.820620777e+02
332 0 +8.065386745e+01 +3.648738675e+02 +3.648738675e+02
343 0 +7.862368002e+01 +3.628436800e+02 +3.628436800e+02
1049 0 +7.005380152e+01 +3.542738015e+02 +3.542738015e+02
1082 0 +5.983590215e+01 +3.440559022e+02 +3.440559022e+02
1093 0 +5.518606060e+01 +3.394060606e+02 +3.394060606e+02
1159 0 +4.924723857e+01 +3.334672386e+02 +3.334672386e+02
1722 0 +4.382411393e+01 +3.280441139e+02 +3.280441139e+02
1799 0 +3.591884893e+01 +3.201388489e+02 +3.201388489e+02
1810 0 +2.960045748e+01 +3.138204575e+02 +3.138204575e+02
1832 0 +2.653734000e+01 +3.107573400e+02 +3.107573400e+02
1854 0 +2.493684132e+01 +3.091568413e+02 +3.091568413e+02
2384 0 +1.881489328e+01 +3.030348933e+02 +3.030348933e+02
2428 0 +1.767955340e+01 +3.018995534e+02 +3.018995534e+02
3706 0 +1.575053892e+01 +2.999705389e+02 +2.999705389e+02
4841 0 +1.342686936e+01 +2.976468694e+02 +2.976468694e+02
4852 0 +1.220064873e+01 +2.964206487e+02 +2.964206487e+02
4863 0 +1.097783303e+01 +2.951978330e+02 +2.951978330e+02
4896 0 +9.967459184e+00 +2.941874592e+02 +2.941874592e+02
100027 0 +9.949585533e+00 +2.941695855e+02 +2.941695855e+02
% f evaluations | g evaluations | best noise-free fitness - Fopt (-3.217000000000e+01) + sum g_i+ | measured fitness | best measured fitness or single-digit g-values | x1 | x2...
1 0 +2.699864876e+02 +2.378164876e+02 +2.378164876e+02
4 0 +2.687044200e+02 +2.365344200e+02 +2.365344200e+02
6 0 +2.385146008e+02 +2.063446008e+02 +2.063446008e+02
8 0 +1.883470211e+02 +1.561770211e+02 +1.561770211e+02
30 0 +1.308457751e+02 +9.867577505e+01 +9.867577505e+01
31 0 +1.181456380e+02 +8.597563804e+01 +8.597563804e+01
98 0 +9.501067208e+01 +6.284067208e+01 +6.284067208e+01
145 0 +7.821672855e+01 +4.604672855e+01 +4.604672855e+01
178 0 +6.927923064e+01 +3.710923064e+01 +3.710923064e+01
189 0 +6.221309148e+01 +3.004309148e+01 +3.004309148e+01
332 0 +5.541964621e+01 +2.324964621e+01 +2.324964621e+01
354 0 +4.698078524e+01 +1.481078524e+01 +1.481078524e+01
961 0 +4.459969021e+01 +1.242969021e+01 +1.242969021e+01
983 0 +3.938952264e+01 +7.219522641e+00 +7.219522641e+00
1016 0 +3.461044755e+01 +2.440447553e+00 +2.440447553e+00
1038 0 +2.703882376e+01 -5.131176243e+00 -5.131176243e+00
1049 0 +2.215436583e+01 -1.001563417e+01 -1.001563417e+01
1060 0 +1.979287035e+01 -1.237712965e+01 -1.237712965e+01
1104 0 +1.772739475e+01 -1.444260525e+01 -1.444260525e+01
100005 0 +1.591932980e+01 -1.625067020e+01 -1.625067020e+01
% f evaluations | g evaluations | best noise-free fitness - Fopt (-5.858000000000e+01) + sum g_i+ | measured fitness | best measured fitness or single-digit g-values | x1 | x2...
1 0 +4.118963602e+02 +3.533163602e+02 +3.533163602e+02
2 0 +4.069280215e+02 +3.483480215e+02 +3.483480215e+02
7 0 +3.781568802e+02 +3.195768802e+02 +3.195768802e+02
11 0 +3.502651560e+02 +2.916851560e+02 +2.916851560e+02
12 0 +2.962213049e+02 +2.376413049e+02 +2.376413049e+02
17 0 +2.590779837e+02 +2.004979837e+02 +2.004979837e+02
22 0 +2.191976363e+02 +1.606176363e+02 +1.606176363e+02
52 0 +1.923196409e+02 +1.337396409e+02 +1.337396409e+02
55 0 +1.262916173e+02 +6.771161733e+01 +6.771161733e+01
112 0 +1.239153441e+02 +6.533534413e+01 +6.533534413e+01
134 0 +1.055771821e+02 +4.699718210e+01 +4.699718210e+01
156 0 +9.743151728e+01 +3.885151728e+01 +3.885151728e+01
211 0 +8.312366163e+01 +2.454366163e+01 +2.454366163e+01
244 0 +7.843083317e+01 +1.985083317e+01 +1.985083317e+01
299 0 +6.667081345e+01 +8.090813452e+00 +8.090813452e+00
310 0 +4.819474985e+01 -1.038525015e+01 -1.038525015e+01
1248 0 +4.358211881e+01 -1.499788119e+01 -1.499788119e+01
1292 0 +3.937165840e+01 -1.920834160e+01 -1.920834160e+01
1325 0 +3.349601984e+01 -2.508398016e+01 -2.508398016e+01
2307 0 +3.156157339e+01 -2.701842661e+01 -2.701842661e+01
100108 0 +2.885376223e+01 -2.972623777e+01 -2.972623777e+01
% f evaluations | g evaluations | best noise-free fitness - Fopt (-6.049200000000e+02) + sum g_i+ | measured fitness | best measured fitness or single-digit g-values | x1 | x2...
1 0 +3.519799320e+02 -2.529400680e+02 -2.529400680e+02
3 0 +2.171098109e+02 -3.878101891e+02 -3.878101891e+02
36 0 +1.760578641e+02 -4.288621359e+02 -4.288621359e+02
55 0 +1.359726331e+02 -4.689473669e+02 -4.689473669e+02
101 0 +1.131134508e+02 -4.918065492e+02 -4.918065492e+02
112 0 +8.836354234e+01 -5.165564577e+02 -5.165564577e+02
156 0 +7.535695425e+01 -5.295630458e+02 -5.295630458e+02
233 0 +6.983147814e+01 -5.350885219e+02 -5.350885219e+02
266 0 +6.287749155e+01 -5.420425084e+02 -5.420425084e+02
288 0 +5.536907956e+01 -5.495509204e+02 -5.495509204e+02
1852 0 +4.668702926e+01 -5.582329707e+02 -5.582329707e+02
1874 0 +4.242447788e+01 -5.624955221e+02 -5.624955221e+02
1962 0 +3.981044617e+01 -5.651095538e+02 -5.651095538e+02
3077 0 +3.181266851e+01 -5.731073315e+02 -5.731073315e+02
3088 0 +3.072229421e+01 -5.741977058e+02 -5.741977058e+02
3684 0 +2.812547393e+01 -5.767945261e+02 -5.767945261e+02
3695 0 +2.015979670e+01 -5.847602033e+02 -5.847602033e+02
3706 0 +1.890552601e+01 -5.860144740e+02 -5.860144740e+02
4269 0 +1.649279872e+01 -5.884272013e+02 -5.884272013e+02
4887 0 +1.500604927e+01 -5.899139507e+02 -5.899139507e+02
4898 0 +1.321765692e+01 -5.917023431e+02 -5.917023431e+02
4909 0 +1.168667023e+01 -5.932333298e+02 -5.932333298e+02
4920 0 +1.112016034e+01 -5.937998397e+02 -5.937998397e+02
5461 0 +9.987941805e+00 -5.949320582e+02 -5.949320582e+02
100060 0 +8.954626476e+00 -5.959653735e+02 -5.959653735e+02
% f evaluations | g evaluations | best noise-free fitness - Fopt (1.337000000000e+02) + sum g_i+ | measured fitness | best measured fitness or single-digit g-values | x1 | x2...
1 0 +2.204571112e+02 +3.541571112e+02 +3.541571112e+02
8 0 +2.140510053e+02 +3.477510053e+02 +3.477510053e+02
17 0 +1.754778201e+02 +3.091778201e+02 +3.091778201e+02
25 0 +1.517860867e+02 +2.854860867e+02 +2.854860867e+02
31 0 +1.241238382e+02 +2.578238382e+02 +2.578238382e+02
63 0 +9.421068173e+01 +2.279106817e+02 +2.279106817e+02
123 0 +8.317188646e+01 +2.168718865e+02 +2.168718865e+02
145 0 +7.799410987e+01 +2.116941099e+02 +2.116941099e+02
167 0 +6.395808163e+01 +1.976580816e+02 +1.976580816e+02
200 0 +6.186578753e+01 +1.955657875e+02 +1.955657875e+02
310 0 +5.592285600e+01 +1.896228560e+02 +1.896228560e+02
332 0 +4.828633225e+01 +1.819863322e+02 +1.819863322e+02
343 0 +4.109050590e+01 +1.747905059e+02 +1.747905059e+02
354 0 +3.901825232e+01 +1.727182523e+02 +1.727182523e+02
1511 0 +3.539243788e+01 +1.690924379e+02 +1.690924379e+02
1621 0 +3.128200633e+01 +1.649820063e+02 +1.649820063e+02
3440 0 +2.812789695e+01 +1.618278970e+02 +1.618278970e+02
3462 0 +2.363567324e+01 +1.573356732e+02 +1.573356732e+02
3473 0 +2.072420301e+01 +1.544242030e+02 +1.544242030e+02
3484 0 +1.993181310e+01 +1.536318131e+02 +1.536318131e+02
