% f evaluations | g evaluations | best noise-free fitness - Fopt (-5.494000000000e+01) + sum g_i+ | measured fitness | best measured fitness or single-digit g-values | x1 | x2...
1 0 +4.317792701e+06 +4.317737761e+06 +4.317737761e+06
17 0 +2.355490862e+06 +2.355435922e+06 +2.355435922e+06
25 0 +1.052914080e+06 +1.052859140e+06 +1.052859140e+06
28 0 +8.420902989e+05 +8.420353589e+05 +8.420353589e+05
31 0 +2.632626122e+05 +2.632076722e+05 +2.632076722e+05
74 0 +1.817443429e+05 +1.816894029e+05 +1.816894029e+05
76 0 +1.697779820e+05 +1.697230420e+05 +1.697230420e+05
77 0 +1.469302309e+05 +1.468752909e+05 +1.468752909e+05
123 0 +1.210970572e+05 +1.210421172e+05 +1.210421172e+05
145 0 +1.009914775e+05 +1.009365375e+05 +1.009365375e+05
156 0 +7.320976036e+04 +7.315482036e+04 +7.315482036e+04
167 0 +4.623647456e+04 +4.618153456e+04 +4.618153456e+04
189 0 +4.305089373e+04 +4.299595373e+04 +4.299595373e+04
377 0 +2.127865072e+04 +2.122371072e+04 +2.122371072e+04
399 0 +1.923292286e+04 +1.917798286e+04 +1.917798286e+04
443 0 +1.717396616e+04 +1.711902616e+04 +1.711902616e+04
454 0 +1.163723300e+04 +1.158229300e+04 +1.158229300e+04
465 0 +5.662174787e+03 +5.607234787e+03 +5.607234787e+03
476 0 +5.451511980e+03 +5.396571980e+03 +5.396571980e+03
487 0 +2.513715595e+03 +2.458775595e+03 +2.458775595e+03
509 0 +2.170198392e+03 +2.115258392e+03 +2.115258392e+03
1205 0 +1.977955936e+03 +1.923015936e+03 +1.923015936e+03
1415 0 +1.389415787e+03 +1.334475787e+03 +1.334475787e+03
1426 0 +4.795108796e+02 +4.245708796e+02 +4.245708796e+02
1448 0 +1.521260475e+02 +9.718604754e+01 +9.718604754e+01
1470 0 +9.584880738e+01 +4.090880738e+01 +4.090880738e+01
1481 0 +7.584731925e+01 +2.090731925e+01 +2.090731925e+01
1492 0 +4.293394653e+01 -1.200605347e+01 -1.200605347e+01
1503 0 +1.397385820e+01 -4.096614180e+01 -4.096614180e+01
1514 0 +1.809550929e+00 -5.313044907e+01 -5.313044907e+01
1525 0 +3.865651420e-01 -5.455343486e+01 -5.455343486e+01
1536 0 +1.052718080e-01 -5.483472819e+01 -5.483472819e+01
1547 0 +2.205267081e-02 -5.491794733e+01 -5.491794733e+01
1558 0 +6.494709225e-03 -5.493350529e+01 -5.493350529e+01
1569 0 +1.812311548e-03 -5.493818769e+01 -5.493818769e+01
1580 0 +3.229661606e-04 -5.493967703e+01 -5.493967703e+01
1591 0 +1.368548351e-04 -5.493986315e+01 -5.493986315e+01
1602 0 +8.067510930e-05 -5.493991932e+01 -5.493991932e+01
1613 0 +3.345618766e-05 -5.493996654e+01 -5.493996654e+01
1635 0 +1.245840806e-05 -5.493998754e+01 -5.493998754e+01
1646 0 +7.484098020e-06 -5.493999252e+01 -5.493999252e+01
1657 0 +6.288772369e-06 -5.493999371e+01 -5.493999371e+01
1668 0 +4.598751467e-06 -5.493999540e+01 -5.493999540e+01
1679 0 +2.799983832e-06 -5.493999720e+01 -5.493999720e+01
19495 0 +2.070746319e-06 -5.493999793e+01 -5.493999793e+01
19506 0 +1.855837610e-06 -5.493999814e+01 -5.493999814e+01
19550 0 +1.702091446e-06 -5.493999830e+01 -5.493999830e+01
19561 0 +1.579719623e-06 -5.493999842e+01 -5.493999842e+01
19583 0 +1.395940814e-06 -5.493999860e+01 -5.493999860e+01
19594 0 +1.118163354e-06 -5.493999888e+01 -5.493999888e+01
100016 0 +1.117470617e-06 -5.493999888e+01 -5.493999888e+01
% f evaluations | g evaluations | best noise-free fitness - Fopt (5.913000000000e+01) + sum g_i+ | measured fitness | best measured fitness or single-digit g-values | x1 | x2...
1 0 +2.335307066e+07 +2.335312979e+07 +2.335312979e+07
2 0 +3.165344115e+06 +3.165403245e+06 +3.165403245e+06
23 0 +1.979438471e+06 +1.979497601e+06 +1.979497601e+06
32 0 +1.773304181e+06 +1.773363311e+06 +1.773363311e+06
33 0 +9.457414682e+05 +9.458005982e+05 +9.458005982e+05
37 0 +7.915749007e+05 +7.916340307e+05 +7.916340307e+05
42 0 +5.254536700e+05 +5.255128000e+05 +5.255128000e+05
48 0 +2.673918899e+05 +2.674510199e+05 +2.674510199e+05
73 0 +1.816666410e+05 +1.817257710e+05 +1.817257710e+05
89 0 +1.599159934e+05 +1.599751234e+05 +1.599751234e+05
112 0 +1.084419653e+05 +1.085010953e+05 +1.085010953e+05
134 0 +7.353004390e+04 +7.358917390e+04 +7.358917390e+04
145 0 +3.721648869e+04 +3.727561869e+04 +3.727561869e+04
167 0 +3.279157290e+04 +3.285070290e+04 +3.285070290e+04
189 0 +2.632011799e+04 +2.637924799e+04 +2.637924799e+04
266 0 +2.477858050e+04 +2.483771050e+04 +2.483771050e+04
288 0 +2.035945983e+04 +2.041858983e+04 +2.041858983e+04
299 0 +1.332584764e+04 +1.338497764e+04 +1.338497764e+04
321 0 +1.053645185e+04 +1.059558185e+04 +1.059558185e+04
520 0 +9.275263077e+03 +9.334393077e+03 +9.334393077e+03
531 0 +6.892124247e+03 +6.951254247e+03 +6.951254247e+03
796 0 +3.156803542e+03 +3.215933542e+03 +3.215933542e+03
1150 0 +2.656543199e+03 +2.715673199e+03 +2.715673199e+03
1172 0 +2.179629247e+03 +2.238759247e+03 +2.238759247e+03
1183 0 +1.913159301e+03 +1.972289301e+03 +1.972289301e+03
1227 0 +1.632594373e+03 +1.691724373e+03 +1.691724373e+03
1238 0 +1.370461878e+03 +1.429591878e+03 +1.429591878e+03
1249 0 +1.171854218e+03 +1.230984218e+03 +1.230984218e+03
1260 0 +9.041818041e+02 +9.633118041e+02 +9.633118041e+02
1271 0 +3.551921324e+02 +4.143221324e+02 +4.143221324e+02
1282 0 +1.615256919e+02 +2.206556919e+02 +2.206556919e+02
1293 0 +1.198486247e+02 +1.789786247e+02 +1.789786247e+02
1304 0 +7.056396711e+01 +1.296939671e+02 +1.296939671e+02
1315 0 +3.514911203e+01 +9.427911203e+01 +9.427911203e+01
1326 0 +2.975492163e+01 +8.888492163e+01 +8.888492163e+01
1337 0 +1.991419110e+01 +7.904419110e+01 +7.904419110e+01
1348 0 +1.139745418e+01 +7.052745418e+01 +7.052745418e+01
1359 0 +5.387328218e+00 +6.451732822e+01 +6.451732822e+01
1381 0 +3.401480286e+00 +6.253148029e+01 +6.253148029e+01
1392 0 +2.216521200e+00 +6.134652120e+01 +6.134652120e+01
1403 0 +1.722946749e+00 +6.085294675e+01 +6.085294675e+01
1414 0 +1.444026446e+00 +6.057402645e+01 +6.057402645e+01
1425 0 +8.827033143e-01 +6.001270331e+01 +6.001270331e+01
1436 0 +6.634360528e-01 +5.979343605e+01 +5.979343605e+01
1447 0 +5.174169899e-01 +5.964741699e+01 +5.964741699e+01
1458 0 +2.943004293e-01 +5.942430043e+01 +5.942430043e+01
1469 0 +1.196380242e-01 +5.924963802e+01 +5.924963802e+01
1480 0 +4.222260156e-02 +5.917222260e+01 +5.917222260e+01
1502 0 +1.399485424e-02 +5.914399485e+01 +5.914399485e+01
1513 0 +8.673667451e-03 +5.913867367e+01 +5.913867367e+01
1524 0 +4.610994842e-03 +5.913461099e+01 +5.913461099e+01
1535 0 +3.423911318e-03 +5.913342391e+01 +5.913342391e+01
1546 0 +1.551750422e-03 +5.913155175e+01 +5.913155175e+01
1557 0 +1.212806916e-03 +5.913121281e+01 +5.913121281e+01
1568 0 +8.422480495e-04 +5.913084225e+01 +5.913084225e+01
1579 0 +6.887627608e-04 +5.913068876e+01 +5.913068876e+01
1590 0 +4.579944241e-04 +5.913045799e+01 +5.913045799e+01
1612 0 +4.326625421e-04 +5.913043266e+01 +5.913043266e+01
1623 0 +3.808131897e-04 +5.913038081e+01 +5.913038081e+01
1634 0 +2.926116860e-04 +5.913029261e+01 +5.913029261e+01
1645 0 +2.626743269e-04 +5.913026267e+01 +5.913026267e+01
1667 0 +2.426332078e-04 +5.913024263e+01 +5.913024263e+01
1678 0 +2.104774553e-04 +5.913021048e+01 +5.913021048e+01
1689 0 +1.898522896e-04 +5.913018985e+01 +5.913018985e+01
1700 0 +1.774487619e-04 +5.913017745e+01 +5.913017745e+01
1722 0 +1.518127087e-04 +5.913015181e+01 +5.913015181e+01
1744 0 +1.399001277e-04 +5.913013990e+01 +5.913013990e+01
1755 0 +7.309740678e-05 +5.913007310e+01 +5.913007310e+01
1777 0 +7.048752566e-05 +5.913007049e+01 +5.913007049e+01
1788 0 +5.729185351e-05 +5.913005729e+01 +5.913005729e+01
1799 0 +5.351439795e-05 +5.913005351e+01 +5.913005351e+01
1810 0 +4.770077903e-05 +5.913004770e+01 +5.913004770e+01
1821 0 +4.073090912e-05 +5.913004073e+01 +5.913004073e+01
1832 0 +3.533759826e-05 +5.913003534e+01 +5.913003534e+01
1843 0 +2.198496184e-05 +5.913002198e+01 +5.913002198e+01
1865 0 +1.673437021e-05 +5.913001673e+01 +5.913001673e+01
1876 0 +1.170139085e-05 +5.913001170e+01 +5.913001170e+01
1887 0 +9.713267474e-06 +5.913000971e+01 +5.913000971e+01
1898 0 +6.615731635e-06 +5.913000662e+01 +5.913000662e+01
1909 0 +4.529769541e-06 +5.913000453e+01 +5.913000453e+01
1920 0 +4.173467104e-06 +5.913000417e+01 +5.913000417e+01
1942 0 +3.978164600e-06 +5.913000398e+01 +5.913000398e+01
3837 0 +2.215209818e-06 +5.913000222e+01 +5.913000222e+01
3848 0 +1.468407618e-06 +5.913000147e+01 +5.913000147e+01
5006 0 +1.289807521e-06 +5.913000129e+01 +5.913000129e+01
5017 0 +5.799231602e-07 +5.913000058e+01 +5.913000058e+01
6329 0 +5.150011262e-07 +5.913000052e+01 +5.913000052e+01
6340 0 +4.449526756e-07 +5.913000044e+01 +5.913000044e+01
6362 0 +3.743428962e-07 +5.913000037e+01 +5.913000037e+01
6395 0 +3.038375809e-07 +5.913000030e+01 +5.913000030e+01
6406 0 +2.578618137e-07 +5.913000026e+01 +5.913000026e+01
14197 0 +2.429332397e-07 +5.913000024e+01 +5.913000024e+01
24182 0 +2.200172275e-07 +5.913000022e+01 +5.913000022e+01
24248 0 +1.948743815e-07 +5.913000019e+01 +5.913000019e+01
38139 0 +1.776621232e-07 +5.913000018e+01 +5.913000018e+01
38149 0 +3.481363819e-08 +5.913000003e+01 +5.913000003e+01
39208 0 +2.608403804e-08 +5.913000003e+01 +5.913000003e+01
39222 0 +2.007948297e-08 +5.913000002e+01 +5.913000002e+01
39249 0 +1.485836520e-08 +5.913000001e+01 +5.913000001e+01
39265 0 +1.147967055e-08 +5.913000001e+01 +5.913000001e+01
39275 0 +6.080682624e-09 +5.913000001e+01 +5.913000001e+01
42904 0 +5.826450433e-13 +5.913000000e+01 +5.913000000e+01
45651 0 +0.000000000e+00 +5.913000000e+01 +5.913000000e+01
100250 0 +0.000000000e+00 +5.913000000e+01 +5.913000000e+01
% f evaluations | g evaluations | best noise-free fitness - Fopt (-4.915300000000e+02) + sum g_i+ | measured fitness | best measured fitness or single-digit g-values | x1 | x2...
1 0 +5.384630752e+06 +5.384139222e+06 +5.384139222e+06
2 0 +5.295537492e+06 +5.295045962e+06 +5.295045962e+06
3 0 +1.510046194e+06 +1.509554664e+06 +1.509554664e+06
12 0 +6.007350628e+05 +6.002435328e+05 +6.002435328e+05
27 0 +2.928852953e+05 +2.923937653e+05 +2.923937653e+05
31 0 +1.843327092e+05 +1.838411792e+05 +1.838411792e+05
48 0 +1.494485146e+05 +1.489569846e+05 +1.489569846e+05
63 0 +9.871569451e+04 +9.822416451e+04 +9.822416451e+04
134 0 +7.999670124e+04 +7.950517124e+04 +7.950517124e+04
145 0 +5.113456759e+04 +5.064303759e+04 +5.064303759e+04
189 0 +4.959028385e+04 +4.909875385e+04 +4.909875385e+04
222 0 +3.998388777e+04 +3.949235777e+04 +3.949235777e+04
233 0 +2.165146311e+04 +2.115993311e+04 +2.115993311e+04
244 0 +1.229031820e+04 +1.179878820e+04 +1.179878820e+04
443 0 +9.001430824e+03 +8.509900824e+03 +8.509900824e+03
465 0 +7.975759601e+03 +7.484229601e+03 +7.484229601e+03
476 0 +6.215265476e+03 +5.723735476e+03 +5.723735476e+03
487 0 +5.607666173e+03 +5.116136173e+03 +5.116136173e+03
509 0 +3.751014490e+03 +3.259484490e+03 +3.259484490e+03
520 0 +1.514194911e+03 +1.022664911e+03 +1.022664911e+03
542 0 +5.190424918e+02 +2.751249183e+01 +2.751249183e+01
553 0 +3.452846255e+02 -1.462453745e+02 -1.462453745e+02
564 0 +2.174798484e+02 -2.740501516e+02 -2.740501516e+02
575 0 +1.297257862e+02 -3.618042138e+02 -3.618042138e+02
597 0 +6.572714122e+01 -4.258028588e+02 -4.258028588e+02
608 0 +4.614394261e+01 -4.453860574e+02 -4.453860574e+02
619 0 +3.918905584e+01 -4.523409442e+02 -4.523409442e+02
630 0 +3.457840683e+01 -4.569515932e+02 -4.569515932e+02
641 0 +2.597220596e+01 -4.655577940e+02 -4.655577940e+02
652 0 +2.378321031e+01 -4.677467897e+02 -4.677467897e+02
674 0 +2.017630198e+01 -4.713536980e+02 -4.713536980e+02
685 0 +1.769895569e+01 -4.738310443e+02 -4.738310443e+02
696 0 +1.544933994e+01 -4.760806601e+02 -4.760806601e+02
707 0 +1.382166954e+01 -4.777083305e+02 -4.777083305e+02
718 0 +1.159683012e+01 -4.799331699e+02 -4.799331699e+02
729 0 +1.055418210e+01 -4.809758179e+02 -4.809758179e+02
740 0 +8.439091057e+00 -4.830909089e+02 -4.830909089e+02
751 0 +5.877127700e+00 -4.856528723e+02 -4.856528723e+02
762 0 +5.021366157e+00 -4.865086338e+02 -4.865086338e+02
773 0 +3.784577215e+00 -4.877454228e+02 -4.877454228e+02
784 0 +3.394010022e+00 -4.881359900e+02 -4.881359900e+02
795 0 +2.881353327e+00 -4.886486467e+02 -4.886486467e+02
806 0 +1.993102072e+00 -4.895368979e+02 -4.895368979e+02
817 0 +1.025781749e+00 -4.905042183e+02 -4.905042183e+02
828 0 +6.140487809e-01 -4.909159512e+02 -4.909159512e+02
839 0 +3.079713463e-01 -4.912220287e+02 -4.912220287e+02
850 0 +1.601291461e-01 -4.913698709e+02 -4.913698709e+02
861 0 +1.035611716e-01 -4.914264388e+02 -4.914264388e+02
872 0 +7.812694584e-02 -4.914518731e+02 -4.914518731e+02
883 0 +4.185835292e-02 -4.914881416e+02 -4.914881416e+02
905 0 +3.256650722e-02 -4.914974335e+02 -4.914974335e+02
916 0 +2.508244141e-02 -4.915049176e+02 -4.915049176e+02
938 0 +2.081595698e-02 -4.915091840e+02 -4.915091840e+02
949 0 +1.038776493e-02 -4.915196122e+02 -4.915196122e+02
971 0 +8.623656570e-03 -4.915213763e+02 -4.915213763e+02
982 0 +5.926363348e-03 -4.915240736e+02 -4.915240736e+02
993 0 +5.121095683e-03 -4.915248789e+02 -4.915248789e+02
1004 0 +2.041492623e-03 -4.915279585e+02 -4.915279585e+02
1015 0 +1.157560050e-03 -4.915288424e+02 -4.915288424e+02
1037 0 +9.217703832e-04 -4.915290782e+02 -4.915290782e+02
1048 0 +6.894425761e-04 -4.915293106e+02 -4.915293106e+02
1059 0 +4.407668557e-04 -4.915295592e+02 -4.915295592e+02
1081 0 +2.990589102e-04 -4.915297009e+02 -4.915297009e+02
1092 0 +1.777163625e-04 -4.915298223e+02 -4.915298223e+02
1103 0 +5.632822524e-05 -4.915299437e+02 -4.915299437e+02
1114 0 +1.807551405e-05 -4.915299819e+02 -4.915299819e+02
2040 0 +6.172439839e-06 -4.915299938e+02 -4.915299938e+02
2051 0 +1.340574784e-06 -4.915299987e+02 -4.915299987e+02
2073 0 +1.130859062e-06 -4.915299989e+02 -4.915299989e+02
2106 0 +1.120199045e-06 -4.915299989e+02 -4.915299989e+02
2150 0 +9.653876418e-07 -4.915299990e+02 -4.915299990e+02
2161 0 +8.772407796e-07 -4.915299991e+02 -4.915299991e+02
5852 0 +4.880902225e-07 -4.915299995e+02 -4.915299995e+02
5863 0 +4.619937499e-08 -4.915300000e+02 -4.915300000e+02
5869 0 +4.451152336e-08 -4.915300000e+02 -4.915300000e+02
5885 0 +3.577747520e-08 -4.915300000e+02 -4.915300000e+02
5889 0 +3.514105629e-08 -4.915300000e+02 -4.915300000e+02
5900 0 +3.128957360e-08 -4.915300000e+02 -4.915300000e+02
5918 0 +2.454487458e-08 -4.915300000e+02 -4.915300000e+02
5929 0 +1.757030077e-08 -4.915300000e+02 -4.915300000e+02
5940 0 +1.334092303e-08 -4.915300000e+02 -4.915300000e+02
51249 0 +7.117876066e-09 -4.915300000e+02 -4.915300000e+02
54743 0 +7.958078641e-13 -4.915300000e+02 -4.915300000e+02
56542 0 +0.000000000e+00 -4.915300000e+02 -4.915300000e+02
100442 0 +0.000000000e+00 -4.915300000e+02 -4.915300000e+02
% f evaluations | g evaluations | best noise-free fitness - Fopt (-1.702000000000e+02) + sum g_i+ | measured fitness | best measured fitness or single-digit g-values | x1 | x2...
1 0 +1.180551295e+07 +1.180534275e+07 +1.180534275e+07
8 0 +1.082259474e+07 +1.082242454e+07 +1.082242454e+07
10 0 +1.045858766e+07 +1.045841746e+07 +1.045841746e+07
12 0 +1.032477016e+07 +1.032459996e+07 +1.032459996e+07
15 0 +4.881307677e+06 +4.881137477e+06 +4.881137477e+06
25 0 +2.546188926e+06 +2.546018726e+06 +2.546018726e+06
35 0 +2.058291039e+06 +2.058120839e+06 +2.058120839e+06
36 0 +8.047244510e+05 +8.045542510e+05 +8.045542510e+05
46 0 +6.428778448e+05 +6.427076448e+05 +6.427076448e+05
53 0 +4.158292812e+05 +4.156590812e+05 +4.156590812e+05
55 0 +2.103127011e+05 +2.101425011e+05 +2.101425011e+05
65 0 +1.750913954e+05 +1.749211954e+05 +1.749211954e+05
100 0 +1.081211055e+05 +1.079509055e+05 +1.079509055e+05
101 0 +9.888855803e+04 +9.871835803e+04 +9.871835803e+04
123 0 +5.523512387e+04 +5.506492387e+04 +5.506492387e+04
145 0 +4.335594017e+04 +4.318574017e+04 +4.318574017e+04
178 0 +3.937361880e+04 +3.920341880e+04 +3.920341880e+04
222 0 +3.518593390e+04 +3.501573390e+04 +3.501573390e+04
233 0 +2.726427830e+04 +2.709407830e+04 +2.709407830e+04
366 0 +1.406012703e+04 +1.388992703e+04 +1.388992703e+04
388 0 +1.035274658e+04 +1.018254658e+04 +1.018254658e+04
410 0 +8.888228203e+03 +8.718028203e+03 +8.718028203e+03
421 0 +6.653631930e+03 +6.483431930e+03 +6.483431930e+03
443 0 +6.173345311e+03 +6.003145311e+03 +6.003145311e+03
454 0 +5.114445710e+03 +4.944245710e+03 +4.944245710e+03
465 0 +3.495568905e+03 +3.325368905e+03 +3.325368905e+03
487 0 +2.506889863e+03 +2.336689863e+03 +2.336689863e+03
498 0 +1.475882909e+03 +1.305682909e+03 +1.305682909e+03
1868 0 +1.332496317e+03 +1.162296317e+03 +1.162296317e+03
1879 0 +1.220706817e+03 +1.050506817e+03 +1.050506817e+03
2023 0 +1.095837060e+03 +9.256370600e+02 +9.256370600e+02
2056 0 +9.958490532e+02 +8.256490532e+02 +8.256490532e+02
2133 0 +8.893250461e+02 +7.191250461e+02 +7.191250461e+02
2144 0 +7.643732018e+02 +5.941732018e+02 +5.941732018e+02
2155 0 +5.620055945e+02 +3.918055945e+02 +3.918055945e+02
2188 0 +4.576807733e+02 +2.874807733e+02 +2.874807733e+02
2199 0 +2.812523513e+02 +1.110523513e+02 +1.110523513e+02
2210 0 +2.472554033e+02 +7.705540334e+01 +7.705540334e+01
2232 0 +2.054607358e+02 +3.526073584e+01 +3.526073584e+01
2243 0 +1.809001728e+02 +1.070017275e+01 +1.070017275e+01
2254 0 +1.423843754e+02 -2.781562457e+01 -2.781562457e+01
2265 0 +1.296247092e+02 -4.057529078e+01 -4.057529078e+01
2287 0 +1.152555487e+02 -5.494445126e+01 -5.494445126e+01
2298 0 +1.078902266e+02 -6.230977338e+01 -6.230977338e+01
2320 0 +9.082593018e+01 -7.937406982e+01 -7.937406982e+01
2342 0 +7.906301791e+01 -9.113698209e+01 -9.113698209e+01
2353 0 +6.936017142e+01 -1.008398286e+02 -1.008398286e+02
2364 0 +5.703005340e+01 -1.131699466e+02 -1.131699466e+02
2375 0 +5.199757739e+01 -1.182024226e+02 -1.182024226e+02
2386 0 +5.003457930e+01 -1.201654207e+02 -1.201654207e+02
2408 0 +3.912110832e+01 -1.310788917e+02 -1.310788917e+02
2463 0 +3.294079664e+01 -1.372592034e+02 -1.372592034e+02
2474 0 +2.881049073e+01 -1.413895093e+02 -1.413895093e+02
2485 0 +2.266770278e+01 -1.475322972e+02 -1.475322972e+02
2496 0 +1.543424022e+01 -1.547657598e+02 -1.547657598e+02
2507 0 +1.229695176e+01 -1.579030482e+02 -1.579030482e+02
2518 0 +9.383450582e+00 -1.608165494e+02 -1.608165494e+02
2529 0 +6.901832992e+00 -1.632981670e+02 -1.632981670e+02
2540 0 +3.399567027e+00 -1.668004330e+02 -1.668004330e+02
2551 0 +1.529502909e+00 -1.686704971e+02 -1.686704971e+02
2562 0 +8.829116228e-01 -1.693170884e+02 -1.693170884e+02
2573 0 +3.557632865e-01 -1.698442367e+02 -1.698442367e+02
2584 0 +3.122573512e-01 -1.698877426e+02 -1.698877426e+02
2595 0 +2.458781691e-01 -1.699541218e+02 -1.699541218e+02
2606 0 +1.174668798e-01 -1.700825331e+02 -1.700825331e+02
2617 0 +3.763317128e-02 -1.701623668e+02 -1.701623668e+02
2628 0 +2.321803007e-02 -1.701767820e+02 -1.701767820e+02
2650 0 +1.884262078e-02 -1.701811574e+02 -1.701811574e+02
2661 0 +1.685911959e-02 -1.701831409e+02 -1.701831409e+02
2672 0 +1.331160848e-02 -1.701866884e+02 -1.701866884e+02
2683 0 +1.232670059e-02 -1.701876733e+02 -1.701876733e+02
2705 0 +1.099403643e-02 -1.701890060e+02 -1.701890060e+02
2716 0 +6.123580072e-03 -1.701938764e+02 -1.701938764e+02
2727 0 +3.255531341e-03 -1.701967445e+02 -1.701967445e+02
2738 0 +1.977417053e-03 -1.701980226e+02 -1.701980226e+02
2760 0 +4.752675994e-04 -1.701995247e+02 -1.701995247e+02
2771 0 +3.446855190e-04 -1.701996553e+02 -1.701996553e+02
2782 0 +2.305922469e-04 -1.701997694e+02 -1.701997694e+02
2793 0 +2.001666226e-04 -1.701997998e+02 -1.701997998e+02
2804 0 +1.775161465e-04 -1.701998225e+02 -1.701998225e+02
2826 0 +1.542378422e-04 -1.701998458e+02 -1.701998458e+02
2859 0 +1.309679651e-04 -1.701998690e+02 -1.701998690e+02
2870 0 +8.728874329e-05 -1.701999127e+02 -1.701999127e+02
2892 0 +7.639034513e-05 -1.701999236e+02 -1.701999236e+02
2958 0 +6.977434555e-05 -1.701999302e+02 -1.701999302e+02
2969 0 +6.198804380e-05 -1.701999380e+02 -1.701999380e+02
2980 0 +4.931558450e-05 -1.701999507e+02 -1.701999507e+02
2991 0 +3.836872594e-05 -1.701999616e+02 -1.701999616e+02
3002 0 +3.462588799e-05 -1.701999654e+02 -1.701999654e+02
3013 0 +2.492543942e-05 -1.701999751e+02 -1.701999751e+02
3035 0 +1.901287345e-05 -1.701999810e+02 -1.701999810e+02
3046 0 +1.071016942e-05 -1.701999893e+02 -1.701999893e+02
3057 0 +6.919096620e-06 -1.701999931e+02 -1.701999931e+02
3068 0 +4.830884109e-06 -1.701999952e+02 -1.701999952e+02
3079 0 +3.963294944e-06 -1.701999960e+02 -1.701999960e+02
3112 0 +3.496232949e-06 -1.701999965e+02 -1.701999965e+02
3123 0 +3.100256123e-06 -1.701999969e+02 -1.701999969e+02
3134 0 +2.682677319e-06 -1.701999973e+02 -1.701999973e+02
3189 0 +2.436234524e-06 -1.701999976e+02 -1.701999976e+02
7918 0 +1.606089512e-06 -1.701999984e+02 -1.701999984e+02
7940 0 +1.426427076e-06 -1.701999986e+02 -1.701999986e+02
10575 0 +8.155877538e-07 -1.701999992e+02 -1.701999992e+02
10586 0 +7.165416207e-07 -1.701999993e+02 -1.701999993e+02
11612 0 +6.732071540e-07 -1.701999993e+02 -1.701999993e+02
11623 0 +6.006464730e-07 -1.701999994e+02 -1.701999994e+02
11645 0 +5.604017588e-07 -1.701999994e+02 -1.701999994e+02
11667 0 +4.863448169e-07 -1.701999995e+02 -1.701999995e+02
11689 0 +4.433549918e-07 -1.701999996e+02 -1.701999996e+02
12715 0 +3.509412068e-07 -1.701999996e+02 -1.701999996e+02
12781 0 +2.944676396e-07 -1.701999997e+02 -1.701999997e+02
12792 0 +2.574892903e-07 -1.701999997e+02 -1.701999997e+02
16342 0 +2.419313603e-07 -1.701999998e+02 -1.701999998e+02
16364 0 +1.513863594e-07 -1.701999998e+02 -1.701999998e+02
16375 0 +9.352072539e-08 -1.701999999e+02 -1.701999999e+02
16386 0 +5.404427839e-08 -1.701999999e+02 -1.701999999e+02
16397 0 +3.796944270e-08 -1.702000000e+02 -1.702000000e+02
16408 0 +2.165987212e-08 -1.702000000e+02 -1.702000000e+02
16430 0 +1.872734856e-08 -1.702000000e+02 -1.702000000e+02
41189 0 +6.161599231e-09 -1.702000000e+02 -1.702000000e+02
45538 0 +9.379164112e-13 -1.702000000e+02 -1.702000000e+02
47442 0 +0.000000000e+00 -1.702000000e+02 -1.702000000e+02
100529 0 +0.000000000e+00 -1.702000000e+02 -1.702000000e+02
% f evaluations | g evaluations | best noise-free fitness - Fopt (-4.697500000000e+02) + sum g_i+ | measured fitness | best measured fitness or single-digit g-values | x1 | x2...
1 0 +4.665243982e+05 +4.660546482e+05 +4.660546482e+05
28 0 +4.327297181e+05 +4.322599681e+05 +4.322599681e+05
59 0 +1.833332708e+05 +1.828635208e+05 +1.828635208e+05
86 0 +1.735197340e+05 +1.730499840e+05 +1.730499840e+05
123 0 +1.263442635e+05 +1.258745135e+05 +1.258745135e+05
134 0 +7.907214519e+04 +7.860239519e+04 +7.860239519e+04
145 0 +4.717025572e+04 +4.670050572e+04 +4.670050572e+04
156 0 +2.200718365e+04 +2.153743365e+04 +2.153743365e+04
178 0 +1.901437682e+04 +1.854462682e+04 +1.854462682e+04
189 0 +1.729376064e+04 +1.682401064e+04 +1.682401064e+04
476 0 +1.458798363e+04 +1.411823363e+04 +1.411823363e+04
587 0 +1.200005514e+04 +1.153030514e+04 +1.153030514e+04
609 0 +7.786304489e+03 +7.316554489e+03 +7.316554489e+03
642 0 +6.411713666e+03 +5.941963666e+03 +5.941963666e+03
653 0 +5.537643060e+03 +5.067893060e+03 +5.067893060e+03
675 0 +4.990782113e+03 +4.521032113e+03 +4.521032113e+03
686 0 +4.099947995e+03 +3.630197995e+03 +3.630197995e+03
697 0 +3.251700992e+03 +2.781950992e+03 +2.781950992e+03
708 0 +2.399931637e+03 +1.930181637e+03 +1.930181637e+03
719 0 +1.256903661e+03 +7.871536612e+02 +7.871536612e+02
730 0 +5.595176131e+02 +8.976761312e+01 +8.976761312e+01
752 0 +2.613143280e+02 -2.084356720e+02 -2.084356720e+02
763 0 +1.062625514e+02 -3.634874486e+02 -3.634874486e+02
774 0 +3.796294031e+01 -4.317870597e+02 -4.317870597e+02
785 0 +1.959857979e+01 -4.501514202e+02 -4.501514202e+02
796 0 +3.549419562e+00 -4.662005804e+02 -4.662005804e+02
807 0 +1.629669811e+00 -4.681203302e+02 -4.681203302e+02
818 0 +1.429410364e-01 -4.696070590e+02 -4.696070590e+02
829 0 +4.439693842e-02 -4.697056031e+02 -4.697056031e+02
840 0 +8.917406026e-03 -4.697410826e+02 -4.697410826e+02
851 0 +4.540991491e-03 -4.697454590e+02 -4.697454590e+02
862 0 +3.068334790e-04 -4.697496932e+02 -4.697496932e+02
884 0 +2.765981748e-04 -4.697497234e+02 -4.697497234e+02
895 0 +1.963768528e-04 -4.697498036e+02 -4.697498036e+02
906 0 +1.197887917e-05 -4.697499880e+02 -4.697499880e+02
917 0 +6.958754966e-06 -4.697499930e+02 -4.697499930e+02
928 0 +3.911552085e-06 -4.697499961e+02 -4.697499961e+02
2230 0 +3.132050608e-06 -4.697499969e+02 -4.697499969e+02
2241 0 +1.498028269e-06 -4.697499985e+02 -4.697499985e+02
3311 0 +1.271550161e-06 -4.697499987e+02 -4.697499987e+02
3322 0 +1.105283900e-06 -4.697499989e+02 -4.697499989e+02
12506 0 +6.461311273e-07 -4.697499994e+02 -4.697499994e+02
12517 0 +2.917311122e-07 -4.697499997e+02 -4.697499997e+02
12528 0 +1.713955839e-07 -4.697499998e+02 -4.697499998e+02
12539 0 +1.015934004e-07 -4.697499999e+02 -4.697499999e+02
12542 0 +9.923172684e-08 -4.697499999e+02 -4.697499999e+02
12550 0 +7.842612604e-08 -4.697499999e+02 -4.697499999e+02
12561 0 +6.539659125e-08 -4.697499999e+02 -4.697499999e+02
20770 0 +5.394633718e-08 -4.697499999e+02 -4.697499999e+02
34194 0 +4.928904218e-08 -4.697500000e+02 -4.697500000e+02
44484 0 +3.484296940e-08 -4.697500000e+02 -4.697500000e+02
44512 0 +3.118907443e-08 -4.697500000e+02 -4.697500000e+02
45260 0 +1.236031721e-08 -4.697500000e+02 -4.697500000e+02
46094 0 +9.003031209e-09 -4.697500000e+02 -4.697500000e+02
50025 0 +9.094947018e-13 -4.697500000e+02 -4.697500000e+02
51568 0 +0.000000000e+00 -4.697500000e+02 -4.697500000e+02
100000 0 +0.000000000e+00 -4.697500000e+02 -4.697500000e+02
% f evaluations | g evaluations | best noise-free fitness - Fopt (-5.191000000000e+01) + sum g_i+ | measured fitness | best measured fitness or single-digit g-values | x1 | x2...
1 0 +8.807458690e+06 +8.807406780e+06 +8.807406780e+06
2 0 +2.023823556e+06 +2.023771646e+06 +2.023771646e+06
3 0 +1.362965090e+06 +1.362913180e+06 +1.362913180e+06
5 0 +4.016603371e+05 +4.016084271e+05 +4.016084271e+05
33 0 +3.746221802e+05 +3.745702702e+05 +3.745702702e+05
51 0 +2.632168167e+05 +2.631649067e+05 +2.631649067e+05
69 0 +2.113014061e+05 +2.112494961e+05 +2.112494961e+05
71 0 +1.898829807e+05 +1.898310707e+05 +1.898310707e+05
123 0 +1.475121238e+05 +1.474602138e+05 +1.474602138e+05
134 0 +1.380019084e+05 +1.379499984e+05 +1.379499984e+05
145 0 +1.220150375e+05 +1.219631275e+05 +1.219631275e+05
244 0 +1.031072258e+05 +1.030553158e+05 +1.030553158e+05
255 0 +6.570559794e+04 +6.565368794e+04 +6.565368794e+04
266 0 +5.127165904e+04 +5.121974904e+04 +5.121974904e+04
277 0 +3.340494438e+04 +3.335303438e+04 +3.335303438e+04
410 0 +1.530311330e+04 +1.525120330e+04 +1.525120330e+04
443 0 +1.354794223e+04 +1.349603223e+04 +1.349603223e+04
454 0 +8.018515144e+03 +7.966605144e+03 +7.966605144e+03
476 0 +5.803335013e+03 +5.751425013e+03 +5.751425013e+03
509 0 +5.565117118e+03 +5.513207118e+03 +5.513207118e+03
531 0 +4.354565448e+03 +4.302655448e+03 +4.302655448e+03
553 0 +3.861649784e+03 +3.809739784e+03 +3.809739784e+03
564 0 +3.386531830e+03 +3.334621830e+03 +3.334621830e+03
575 0 +2.549244884e+03 +2.497334884e+03 +2.497334884e+03
586 0 +1.435997622e+03 +1.384087622e+03 +1.384087622e+03
597 0 +8.224343775e+02 +7.705243775e+02 +7.705243775e+02
884 0 +3.441471623e+02 +2.922371623e+02 +2.922371623e+02
1535 0 +3.024746775e+02 +2.505646775e+02 +2.505646775e+02
1546 0 +1.834519701e+02 +1.315419701e+02 +1.315419701e+02
1557 0 +1.131207695e+02 +6.121076951e+01 +6.121076951e+01
1568 0 +7.782104827e+01 +2.591104827e+01 +2.591104827e+01
1579 0 +3.852321132e+01 -1.338678868e+01 -1.338678868e+01
1590 0 +1.557338303e+01 -3.633661697e+01 -3.633661697e+01
1601 0 +1.001986322e+01 -4.189013678e+01 -4.189013678e+01
1612 0 +4.808840441e+00 -4.710115956e+01 -4.710115956e+01
1623 0 +2.472941985e+00 -4.943705802e+01 -4.943705802e+01
1634 0 +1.836052778e+00 -5.007394722e+01 -5.007394722e+01
1645 0 +1.176562355e+00 -5.073343765e+01 -5.073343765e+01
1656 0 +7.037167122e-01 -5.120628329e+01 -5.120628329e+01
1667 0 +4.166941033e-01 -5.149330590e+01 -5.149330590e+01
1678 0 +3.631999010e-01 -5.154680010e+01 -5.154680010e+01
1689 0 +3.013700923e-01 -5.160862991e+01 -5.160862991e+01
1700 0 +2.157749552e-01 -5.169422504e+01 -5.169422504e+01
1711 0 +1.315034106e-01 -5.177849659e+01 -5.177849659e+01
1722 0 +8.907250057e-02 -5.182092750e+01 -5.182092750e+01
1733 0 +4.969320323e-02 -5.186030680e+01 -5.186030680e+01
1744 0 +2.534756552e-02 -5.188465243e+01 -5.188465243e+01
1755 0 +7.905085268e-03 -5.190209491e+01 -5.190209491e+01
1766 0 +2.552328484e-03 -5.190744767e+01 -5.190744767e+01
1777 0 +1.307553918e-03 -5.190869245e+01 -5.190869245e+01
1788 0 +8.863382344e-04 -5.190911366e+01 -5.190911366e+01
1799 0 +3.638066571e-04 -5.190963619e+01 -5.190963619e+01
1810 0 +1.235998317e-04 -5.190987640e+01 -5.190987640e+01
1821 0 +2.813320622e-05 -5.190997187e+01 -5.190997187e+01
1843 0 +2.345983224e-05 -5.190997654e+01 -5.190997654e+01
1854 0 +1.192870899e-05 -5.190998807e+01 -5.190998807e+01
1865 0 +6.890354705e-06 -5.190999311e+01 -5.190999311e+01
1876 0 +5.392927527e-06 -5.190999461e+01 -5.190999461e+01
1887 0 +4.548874109e-06 -5.190999545e+01 -5.190999545e+01
1898 0 +3.984072407e-06 -5.190999602e+01 -5.190999602e+01
1900 0 +3.976603608e-06 -5.190999602e+01 -5.190999602e+01
1920 0 +1.689665169e-06 -5.190999831e+01 -5.190999831e+01
1931 0 +1.275093624e-06 -5.190999872e+01 -5.190999872e+01
1942 0 +1.168957418e-06 -5.190999883e+01 -5.190999883e+01
1953 0 +9.904838265e-07 -5.190999901e+01 -5.190999901e+01
1964 0 +8.155610232e-07 -5.190999918e+01 -5.190999918e+01
1975 0 +5.665366913e-07 -5.190999943e+01 -5.190999943e+01
1986 0 +5.444295326e-07 -5.190999946e+01 -5.190999946e+01
1997 0 +4.415778960e-07 -5.190999956e+01 -5.190999956e+01
2008 0 +3.522961691e-07 -5.190999965e+01 -5.190999965e+01
2019 0 +3.042881787e-07 -5.190999970e+01 -5.190999970e+01
2030 0 +2.731392499e-07 -5.190999973e+01 -5.190999973e+01
2052 0 +2.483827046e-07 -5.190999975e+01 -5.190999975e+01
16178 0 +2.054432926e-07 -5.190999979e+01 -5.190999979e+01
30671 0 +1.550122235e-07 -5.190999984e+01 -5.190999984e+01
30682 0 +7.740970887e-08 -5.190999992e+01 -5.190999992e+01
30693 0 +6.779470851e-08 -5.190999993e+01 -5.190999993e+01
30712 0 +6.247309869e-08 -5.190999994e+01 -5.190999994e+01
30726 0 +5.602837660e-08 -5.190999994e+01 -5.190999994e+01
30748 0 +3.628225187e-08 -5.190999996e+01 -5.190999996e+01
30756 0 +3.542466231e-08 -5.190999996e+01 -5.190999996e+01
49798 0 +2.865886017e-08 -5.190999997e+01 -5.190999997e+01
49809 0 +2.606120120e-08 -5.190999997e+01 -5.190999997e+01
50361 0 +1.621845769e-08 -5.190999998e+01 -5.190999998e+01
50372 0 +1.421120288e-08 -5.190999999e+01 -5.190999999e+01
50373 0 +1.401158300e-08 -5.190999999e+01 -5.190999999e+01
50416 0 +1.171967057e-08 -5.190999999e+01 -5.190999999e+01
51141 0 +8.013522290e-09 -5.190999999e+01 -5.190999999e+01
55174 0 +9.521272659e-13 -5.191000000e+01 -5.191000000e+01
58782 0 +0.000000000e+00 -5.191000000e+01 -5.191000000e+01
100225 0 +0.000000000e+00 -5.191000000e+01 -5.191000000e+01
% f evaluations | g evaluations | best noise-free fitness - Fopt (4.808000000000e+01) + sum g_i+ | measured fitness | best measured fitness or single-digit g-values | x1 | x2...
1 0 +6.062810033e+06 +6.062858113e+06 +6.062858113e+06
2 0 +2.671683255e+06 +2.671731335e+06 +2.671731335e+06
6 0 +9.659660966e+05 +9.660141766e+05 +9.660141766e+05
21 0 +3.286581088e+05 +3.287061888e+05 +3.287061888e+05
54 0 +1.728755545e+05 +1.729236345e+05 +1.729236345e+05
58 0 +1.562231686e+05 +1.562712486e+05 +1.562712486e+05
68 0 +1.024612278e+05 +1.025093078e+05 +1.025093078e+05
167 0 +9.283052383e+04 +9.287860383e+04 +9.287860383e+04
211 0 +8.874366016e+04 +8.879174016e+04 +8.879174016e+04
255 0 +7.588137049e+04 +7.592945049e+04 +7.592945049e+04
266 0 +5.165363035e+04 +5.170171035e+04 +5.170171035e+04
288 0 +3.150557149e+04 +3.155365149e+04 +3.155365149e+04
443 0 +2.629514602e+04 +2.634322602e+04 +2.634322602e+04
465 0 +2.036447861e+04 +2.041255861e+04 +2.041255861e+04
476 0 +1.133952719e+04 +1.138760719e+04 +1.138760719e+04
498 0 +1.029208949e+04 +1.034016949e+04 +1.034016949e+04
509 0 +8.124257711e+03 +8.172337711e+03 +8.172337711e+03
531 0 +7.439347263e+03 +7.487427263e+03 +7.487427263e+03
542 0 +6.302232212e+03 +6.350312212e+03 +6.350312212e+03
553 0 +4.208907163e+03 +4.256987163e+03 +4.256987163e+03
575 0 +3.451152302e+03 +3.499232302e+03 +3.499232302e+03
763 0 +2.422156216e+03 +2.470236216e+03 +2.470236216e+03
796 0 +2.212933875e+03 +2.261013875e+03 +2.261013875e+03
807 0 +1.939218427e+03 +1.987298427e+03 +1.987298427e+03
818 0 +1.482382418e+03 +1.530462418e+03 +1.530462418e+03
829 0 +1.009378839e+03 +1.057458839e+03 +1.057458839e+03
840 0 +6.368800120e+02 +6.849600120e+02 +6.849600120e+02
851 0 +4.417996185e+02 +4.898796185e+02 +4.898796185e+02
862 0 +2.122251447e+02 +2.603051447e+02 +2.603051447e+02
873 0 +9.205408283e+01 +1.401340828e+02 +1.401340828e+02
884 0 +6.242960494e+01 +1.105096049e+02 +1.105096049e+02
895 0 +9.215984001e+00 +5.729598400e+01 +5.729598400e+01
917 0 +3.023222547e+00 +5.110322255e+01 +5.110322255e+01
928 0 +4.545933281e-01 +4.853459333e+01 +4.853459333e+01
939 0 +5.355409095e-02 +4.813355409e+01 +4.813355409e+01
950 0 +1.269223506e-02 +4.809269224e+01 +4.809269224e+01
961 0 +1.861345117e-03 +4.808186135e+01 +4.808186135e+01
972 0 +7.441947927e-04 +4.808074419e+01 +4.808074419e+01
983 0 +1.863281943e-04 +4.808018633e+01 +4.808018633e+01
994 0 +1.691926293e-04 +4.808016919e+01 +4.808016919e+01
1005 0 +1.395936415e-04 +4.808013959e+01 +4.808013959e+01
1016 0 +8.349014685e-05 +4.808008349e+01 +4.808008349e+01
1027 0 +1.568024989e-05 +4.808001568e+01 +4.808001568e+01
1038 0 +8.533960731e-06 +4.808000853e+01 +4.808000853e+01
2572 0 +4.405370937e-06 +4.808000441e+01 +4.808000441e+01
2583 0 +9.907684273e-07 +4.808000099e+01 +4.808000099e+01
2594 0 +7.191730234e-07 +4.808000072e+01 +4.808000072e+01
2605 0 +4.318333353e-07 +4.808000043e+01 +4.808000043e+01
2616 0 +1.374638501e-07 +4.808000014e+01 +4.808000014e+01
2693 0 +1.238034812e-07 +4.808000012e+01 +4.808000012e+01
2704 0 +1.007249821e-07 +4.808000010e+01 +4.808000010e+01
2708 0 +9.968253067e-08 +4.808000010e+01 +4.808000010e+01
2715 0 +7.027388449e-08 +4.808000007e+01 +4.808000007e+01
2803 0 +5.987219254e-08 +4.808000006e+01 +4.808000006e+01
46599 0 +3.427933848e-08 +4.808000003e+01 +4.808000003e+01
46625 0 +1.972734509e-08 +4.808000002e+01 +4.808000002e+01
47436 0 +1.268261940e-08 +4.808000001e+01 +4.808000001e+01
47442 0 +9.562427294e-09 +4.808000001e+01 +4.808000001e+01
52174 0 +6.679101716e-13 +4.808000000e+01 +4.808000000e+01
55800 0 +0.000000000e+00 +4.808000000e+01 +4.808000000e+01
100254 0 +0.000000000e+00 +4.808000000e+01 +4.808000000e+01
% f evaluations | g evaluations | best noise-free fitness - Fopt (3.058000000000e+01) + sum g_i+ | measured fitness | best measured fitness or single-digit g-values | x1 | x2...
1 0 +2.073450691e+07 +2.073453749e+07 +2.073453749e+07
2 0 +1.752331744e+07 +1.752334802e+07 +1.752334802e+07
3 0 +2.116669009e+06 +2.116699589e+06 +2.116699589e+06
17 0 +1.366436204e+06 +1.366466784e+06 +1.366466784e+06
30 0 +6.639653859e+05 +6.639959659e+05 +6.639959659e+05
51 0 +2.806008837e+05 +2.806314637e+05 +2.806314637e+05
98 0 +2.082057519e+05 +2.082363319e+05 +2.082363319e+05
101 0 +1.798889607e+05 +1.799195407e+05 +1.799195407e+05
112 0 +9.018933403e+04 +9.021991403e+04 +9.021991403e+04
123 0 +8.157769517e+04 +8.160827517e+04 +8.160827517e+04
134 0 +3.865243648e+04 +3.868301648e+04 +3.868301648e+04
156 0 +2.945600983e+04 +2.948658983e+04 +2.948658983e+04
167 0 +2.077958917e+04 +2.081016917e+04 +2.081016917e+04
178 0 +9.898883898e+03 +9.929463898e+03 +9.929463898e+03
200 0 +8.775284442e+03 +8.805864442e+03 +8.805864442e+03
211 0 +6.949012639e+03 +6.979592639e+03 +6.979592639e+03
222 0 +5.697731932e+03 +5.728311932e+03 +5.728311932e+03
752 0 +4.405676981e+03 +4.436256981e+03 +4.436256981e+03
763 0 +3.551822845e+03 +3.582402845e+03 +3.582402845e+03
774 0 +2.787865788e+03 +2.818445788e+03 +2.818445788e+03
1072 0 +2.441188272e+03 +2.471768272e+03 +2.471768272e+03
1602 0 +1.865150884e+03 +1.895730884e+03 +1.895730884e+03
1613 0 +1.639607686e+03 +1.670187686e+03 +1.670187686e+03
2111 0 +1.388106300e+03 +1.418686300e+03 +1.418686300e+03
2144 0 +1.205734938e+03 +1.236314938e+03 +1.236314938e+03
2166 0 +1.100837996e+03 +1.131417996e+03 +1.131417996e+03
2177 0 +8.257796684e+02 +8.563596684e+02 +8.563596684e+02
2188 0 +3.624769970e+02 +3.930569970e+02 +3.930569970e+02
2199 0 +1.843196804e+02 +2.148996804e+02 +2.148996804e+02
2453 0 +7.025611271e+01 +1.008361127e+02 +1.008361127e+02
2464 0 +4.182743133e+01 +7.240743133e+01 +7.240743133e+01
2475 0 +1.483843008e+01 +4.541843008e+01 +4.541843008e+01
2497 0 +9.968948651e+00 +4.054894865e+01 +4.054894865e+01
2508 0 +6.483959080e+00 +3.706395908e+01 +3.706395908e+01
2519 0 +3.110693645e+00 +3.369069365e+01 +3.369069365e+01
2530 0 +2.266124840e+00 +3.284612484e+01 +3.284612484e+01
2541 0 +8.753873339e-01 +3.145538733e+01 +3.145538733e+01
2552 0 +5.791130368e-01 +3.115911304e+01 +3.115911304e+01
2563 0 +3.193641005e-01 +3.089936410e+01 +3.089936410e+01
2574 0 +2.767885156e-01 +3.085678852e+01 +3.085678852e+01
2585 0 +2.033828491e-01 +3.078338285e+01 +3.078338285e+01
2596 0 +9.988102729e-02 +3.067988103e+01 +3.067988103e+01
2607 0 +6.492169952e-02 +3.064492170e+01 +3.064492170e+01
2618 0 +4.642906872e-02 +3.062642907e+01 +3.062642907e+01
2629 0 +2.749004728e-02 +3.060749005e+01 +3.060749005e+01
2640 0 +1.318970180e-02 +3.059318970e+01 +3.059318970e+01
2651 0 +9.181890174e-03 +3.058918189e+01 +3.058918189e+01
2662 0 +4.762252823e-03 +3.058476225e+01 +3.058476225e+01
2673 0 +9.703728250e-04 +3.058097037e+01 +3.058097037e+01
2684 0 +3.177186376e-04 +3.058031772e+01 +3.058031772e+01
2706 0 +1.645535164e-04 +3.058016455e+01 +3.058016455e+01
2717 0 +5.582747007e-05 +3.058005583e+01 +3.058005583e+01
2728 0 +3.931147273e-05 +3.058003931e+01 +3.058003931e+01
2739 0 +1.600477748e-05 +3.058001600e+01 +3.058001600e+01
2750 0 +6.562380662e-06 +3.058000656e+01 +3.058000656e+01
2761 0 +4.703045594e-06 +3.058000470e+01 +3.058000470e+01
2772 0 +3.789362459e-06 +3.058000379e+01 +3.058000379e+01
2783 0 +2.702333148e-06 +3.058000270e+01 +3.058000270e+01
2794 0 +2.507539133e-06 +3.058000251e+01 +3.058000251e+01
2882 0 +2.171125011e-06 +3.058000217e+01 +3.058000217e+01
2915 0 +1.775199348e-06 +3.058000178e+01 +3.058000178e+01
3025 0 +1.581872937e-06 +3.058000158e+01 +3.058000158e+01
6653 0 +7.130664486e-07 +3.058000071e+01 +3.058000071e+01
6663 0 +7.072538502e-07 +3.058000071e+01 +3.058000071e+01
6675 0 +4.174009298e-07 +3.058000042e+01 +3.058000042e+01
6686 0 +3.744299200e-07 +3.058000037e+01 +3.058000037e+01
6697 0 +3.000943565e-07 +3.058000030e+01 +3.058000030e+01
6708 0 +2.132521928e-07 +3.058000021e+01 +3.058000021e+01
6719 0 +1.479591418e-07 +3.058000015e+01 +3.058000015e+01
6730 0 +1.334119375e-07 +3.058000013e+01 +3.058000013e+01
22636 0 +1.258352036e-07 +3.058000013e+01 +3.058000013e+01
64969 0 +1.045078406e-07 +3.058000010e+01 +3.058000010e+01
64980 0 +9.442323545e-08 +3.058000009e+01 +3.058000009e+01
65016 0 +8.891221626e-08 +3.058000009e+01 +3.058000009e+01
65035 0 +7.695291515e-08 +3.058000008e+01 +3.058000008e+01
65079 0 +6.991044188e-08 +3.058000007e+01 +3.058000007e+01
65101 0 +6.097858574e-08 +3.058000006e+01 +3.058000006e+01
65167 0 +5.608568188e-08 +3.058000006e+01 +3.058000006e+01
82094 0 +4.985441393e-08 +3.058000005e+01 +3.058000005e+01
82302 0 +4.465828596e-08 +3.058000004e+01 +3.058000004e+01
82422 0 +3.979842589e-08 +3.058000004e+01 +3.058000004e+01
82456 0 +3.542274385e-08 +3.058000004e+01 +3.058000004e+01
84521 0 +2.587072956e-08 +3.058000003e+01 +3.058000003e+01
84565 0 +2.101549867e-08 +3.058000002e+01 +3.058000002e+01
84576 0 +1.940410499e-08 +3.058000002e+01 +3.058000002e+01
84955 0 +1.374138137e-08 +3.058000001e+01 +3.058000001e+01
84985 0 +9.586880623e-09 +3.058000001e+01 +3.058000001e+01
88476 0 +9.237055565e-13 +3.058000000e+01 +3.058000000e+01
91650 0 +0.000000000e+00 +3.058000000e+01 +3.058000000e+01
100020 0 +0.000000000e+00 +3.058000000e+01 +3.058000000e+01
% f evaluations | g evaluations | best noise-free fitness - Fopt (1.000000000000e+03) + sum g_i+ | measured fitness | best measured fitness or single-digit g-values | x1 | x2...
1 0 +5.043619511e+06 +5.044619511e+06 +5.044619511e+06
7 0 +2.033792700e+06 +2.034792700e+06 +2.034792700e+06
13 0 +7.984044281e+05 +7.994044281e+05 +7.994044281e+05
22 0 +6.950119046e+05 +6.960119046e+05 +6.960119046e+05
31 0 +5.175851482e+05 +5.185851482e+05 +5.185851482e+05
41 0 +2.820835314e+05 +2.830835314e+05 +2.830835314e+05
53 0 +2.715779280e+05 +2.725779280e+05 +2.725779280e+05
58 0 +2.214928176e+05 +2.224928176e+05 +2.224928176e+05
254 0 +1.825926731e+05 +1.835926731e+05 +1.835926731e+05
287 0 +1.565283386e+05 +1.575283386e+05 +1.575283386e+05
293 0 +6.427448986e+04 +6.527448986e+04 +6.527448986e+04
295 0 +3.252777646e+04 +3.352777646e+04 +3.352777646e+04
299 0 +3.139157942e+04 +3.239157942e+04 +3.239157942e+04
366 0 +1.645202160e+04 +1.745202160e+04 +1.745202160e+04
388 0 +1.142859071e+04 +1.242859071e+04 +1.242859071e+04
410 0 +1.053606490e+04 +1.153606490e+04 +1.153606490e+04
421 0 +9.328625029e+03 +1.032862503e+04 +1.032862503e+04
432 0 +6.722976940e+03 +7.722976940e+03 +7.722976940e+03
443 0 +1.722478300e+03 +2.722478300e+03 +2.722478300e+03
465 0 +1.520163938e+03 +2.520163938e+03 +2.520163938e+03
476 0 +1.396279868e+03 +2.396279868e+03 +2.396279868e+03
487 0 +1.170905415e+03 +2.170905415e+03 +2.170905415e+03
498 0 +8.804048171e+02 +1.880404817e+03 +1.880404817e+03
509 0 +6.930230034e+02 +1.693023003e+03 +1.693023003e+03
531 0 +5.036855604e+02 +1.503685560e+03 +1.503685560e+03
564 0 +4.782887361e+02 +1.478288736e+03 +1.478288736e+03
575 0 +4.350205070e+02 +1.435020507e+03 +1.435020507e+03
586 0 +3.705974378e+02 +1.370597438e+03 +1.370597438e+03
597 0 +2.584711228e+02 +1.258471123e+03 +1.258471123e+03
608 0 +2.503889029e+02 +1.250388903e+03 +1.250388903e+03
619 0 +2.074735930e+02 +1.207473593e+03 +1.207473593e+03
630 0 +1.979129948e+02 +1.197912995e+03 +1.197912995e+03
652 0 +1.063659680e+02 +1.106365968e+03 +1.106365968e+03
674 0 +4.616762431e+01 +1.046167624e+03 +1.046167624e+03
696 0 +3.797930193e+01 +1.037979302e+03 +1.037979302e+03
707 0 +2.579206999e+01 +1.025792070e+03 +1.025792070e+03
718 0 +1.109242588e+01 +1.011092426e+03 +1.011092426e+03
729 0 +5.186156076e+00 +1.005186156e+03 +1.005186156e+03
740 0 +2.306485842e+00 +1.002306486e+03 +1.002306486e+03
751 0 +1.557835135e+00 +1.001557835e+03 +1.001557835e+03
762 0 +4.768160458e-01 +1.000476816e+03 +1.000476816e+03
784 0 +1.927080627e-01 +1.000192708e+03 +1.000192708e+03
795 0 +1.133785258e-01 +1.000113379e+03 +1.000113379e+03
806 0 +5.141521139e-02 +1.000051415e+03 +1.000051415e+03
817 0 +1.374206174e-02 +1.000013742e+03 +1.000013742e+03
828 0 +6.618042328e-03 +1.000006618e+03 +1.000006618e+03
839 0 +2.386917127e-03 +1.000002387e+03 +1.000002387e+03
861 0 +9.795993706e-04 +1.000000980e+03 +1.000000980e+03
872 0 +5.849619174e-04 +1.000000585e+03 +1.000000585e+03
883 0 +1.429299451e-04 +1.000000143e+03 +1.000000143e+03
894 0 +1.140147517e-04 +1.000000114e+03 +1.000000114e+03
905 0 +7.882760451e-05 +1.000000079e+03 +1.000000079e+03
916 0 +5.862264265e-05 +1.000000059e+03 +1.000000059e+03
927 0 +4.741981320e-05 +1.000000047e+03 +1.000000047e+03
938 0 +3.702137678e-05 +1.000000037e+03 +1.000000037e+03
960 0 +3.525365025e-05 +1.000000035e+03 +1.000000035e+03
971 0 +3.121281554e-05 +1.000000031e+03 +1.000000031e+03
982 0 +2.688875088e-05 +1.000000027e+03 +1.000000027e+03
1007 0 +2.511721971e-05 +1.000000025e+03 +1.000000025e+03
1015 0 +2.207135140e-05 +1.000000022e+03 +1.000000022e+03
1037 0 +1.655207950e-05 +1.000000017e+03 +1.000000017e+03
1070 0 +1.558312010e-05 +1.000000016e+03 +1.000000016e+03
1092 0 +1.295345191e-05 +1.000000013e+03 +1.000000013e+03
1103 0 +9.603334092e-06 +1.000000010e+03 +1.000000010e+03
1114 0 +7.929695130e-06 +1.000000008e+03 +1.000000008e+03
1125 0 +5.543958309e-06 +1.000000006e+03 +1.000000006e+03
1136 0 +2.813374067e-06 +1.000000003e+03 +1.000000003e+03
1158 0 +2.388998951e-06 +1.000000002e+03 +1.000000002e+03
3981 0 +2.040918048e-06 +1.000000002e+03 +1.000000002e+03
3992 0 +1.259660394e-06 +1.000000001e+03 +1.000000001e+03
3993 0 +1.258868906e-06 +1.000000001e+03 +1.000000001e+03
4003 0 +1.112108635e-06 +1.000000001e+03 +1.000000001e+03
4014 0 +9.453937082e-07 +1.000000001e+03 +1.000000001e+03
4025 0 +7.951169891e-07 +1.000000001e+03 +1.000000001e+03
4035 0 +7.942670663e-07 +1.000000001e+03 +1.000000001e+03
8710 0 +7.069966159e-07 +1.000000001e+03 +1.000000001e+03
8808 0 +6.294260402e-07 +1.000000001e+03 +1.000000001e+03
8841 0 +5.002085572e-07 +1.000000001e+03 +1.000000001e+03
8896 0 +4.229785873e-07 +1.000000000e+03 +1.000000000e+03
8984 0 +3.977698952e-07 +1.000000000e+03 +1.000000000e+03
14144 0 +3.165530416e-07 +1.000000000e+03 +1.000000000e+03
14145 0 +3.149034455e-07 +1.000000000e+03 +1.000000000e+03
14155 0 +2.644046617e-07 +1.000000000e+03 +1.000000000e+03
14166 0 +2.433826012e-07 +1.000000000e+03 +1.000000000e+03
14232 0 +2.232334282e-07 +1.000000000e+03 +1.000000000e+03
14364 0 +1.918383532e-07 +1.000000000e+03 +1.000000000e+03
44028 0 +1.597614983e-07 +1.000000000e+03 +1.000000000e+03
44037 0 +9.977304671e-08 +1.000000000e+03 +1.000000000e+03
44236 0 +8.905180948e-08 +1.000000000e+03 +1.000000000e+03
44268 0 +6.781226602e-08 +1.000000000e+03 +1.000000000e+03
44279 0 +4.802518561e-08 +1.000000000e+03 +1.000000000e+03
44301 0 +4.441938017e-08 +1.000000000e+03 +1.000000000e+03
44323 0 +3.919171832e-08 +1.000000000e+03 +1.000000000e+03
45483 0 +2.925332865e-08 +1.000000000e+03 +1.000000000e+03
45500 0 +2.406852673e-08 +1.000000000e+03 +1.000000000e+03
45562 0 +1.976513886e-08 +1.000000000e+03 +1.000000000e+03
45563 0 +1.761804924e-08 +1.000000000e+03 +1.000000000e+03
45572 0 +7.109974831e-09 +1.000000000e+03 +1.000000000e+03
50143 0 +9.094947018e-13 +1.000000000e+03 +1.000000000e+03
51577 0 +0.000000000e+00 +1.000000000e+03 +1.000000000e+03
100687 0 +0.000000000e+00 +1.000000000e+03 +1.000000000e+03
% f evaluations | g evaluations | best noise-free fitness - Fopt (-4.236000000000e+01) + sum g_i+ | measured fitness | best measured fitness or single-digit g-values | x1 | x2...
1 0 +2.576356264e+06 +2.576313904e+06 +2.576313904e+06
5 0 +1.073303581e+06 +1.073261221e+06 +1.073261221e+06
10 0 +9.471383612e+05 +9.470960012e+05 +9.470960012e+05
14 0 +6.674711718e+05 +6.674288118e+05 +6.674288118e+05
19 0 +6.300563916e+05 +6.300140316e+05 +6.300140316e+05
26 0 +4.806096657e+05 +4.805673057e+05 +4.805673057e+05
42 0 +1.616641692e+05 +1.616218092e+05 +1.616218092e+05
57 0 +1.562330432e+05 +1.561906832e+05 +1.561906832e+05
63 0 +1.141200384e+05 +1.140776784e+05 +1.140776784e+05
69 0 +4.283974169e+04 +4.279738169e+04 +4.279738169e+04
134 0 +2.832078811e+04 +2.827842811e+04 +2.827842811e+04
156 0 +2.749125397e+04 +2.744889397e+04 +2.744889397e+04
178 0 +2.046967072e+04 +2.042731072e+04 +2.042731072e+04
200 0 +1.644318426e+04 +1.640082426e+04 +1.640082426e+04
233 0 +1.558149462e+04 +1.553913462e+04 +1.553913462e+04
255 0 +1.330533413e+04 +1.326297413e+04 +1.326297413e+04
266 0 +1.057385356e+04 +1.053149356e+04 +1.053149356e+04
277 0 +7.109165450e+03 +7.066805450e+03 +7.066805450e+03
288 0 +5.689840739e+03 +5.647480739e+03 +5.647480739e+03
310 0 +5.090662747e+03 +5.048302747e+03 +5.048302747e+03
332 0 +4.908610144e+03 +4.866250144e+03 +4.866250144e+03
354 0 +4.101343237e+03 +4.058983237e+03 +4.058983237e+03
376 0 +3.293754851e+03 +3.251394851e+03 +3.251394851e+03
387 0 +3.127709187e+03 +3.085349187e+03 +3.085349187e+03
398 0 +2.510637880e+03 +2.468277880e+03 +2.468277880e+03
409 0 +1.816892571e+03 +1.774532571e+03 +1.774532571e+03
420 0 +1.496888962e+03 +1.454528962e+03 +1.454528962e+03
431 0 +1.181151474e+03 +1.138791474e+03 +1.138791474e+03
453 0 +1.073224078e+03 +1.030864078e+03 +1.030864078e+03
475 0 +7.362295051e+02 +6.938695051e+02 +6.938695051e+02
530 0 +6.954716469e+02 +6.531116469e+02 +6.531116469e+02
552 0 +5.764618255e+02 +5.341018255e+02 +5.341018255e+02
563 0 +4.419488824e+02 +3.995888824e+02 +3.995888824e+02
574 0 +3.212601492e+02 +2.789001492e+02 +2.789001492e+02
585 0 +1.760105151e+02 +1.336505151e+02 +1.336505151e+02
596 0 +1.178909976e+02 +7.553099757e+01 +7.553099757e+01
607 0 +4.148739349e+01 -8.726065116e-01 -8.726065116e-01
629 0 +2.256435760e+01 -1.979564240e+01 -1.979564240e+01
640 0 +1.051360746e+01 -3.184639254e+01 -3.184639254e+01
651 0 +4.580843298e+00 -3.777915670e+01 -3.777915670e+01
662 0 +2.283153472e+00 -4.007684653e+01 -4.007684653e+01
673 0 +1.635631286e+00 -4.072436871e+01 -4.072436871e+01
684 0 +1.393090543e+00 -4.096690946e+01 -4.096690946e+01
695 0 +7.215164327e-01 -4.163848357e+01 -4.163848357e+01
717 0 +5.338880152e-01 -4.182611198e+01 -4.182611198e+01
728 0 +4.080404905e-01 -4.195195951e+01 -4.195195951e+01
739 0 +3.716803695e-01 -4.198831963e+01 -4.198831963e+01
750 0 +3.423394169e-01 -4.201766058e+01 -4.201766058e+01
772 0 +2.896149536e-01 -4.207038505e+01 -4.207038505e+01
783 0 +2.764498706e-01 -4.208355013e+01 -4.208355013e+01
805 0 +2.205493133e-01 -4.213945069e+01 -4.213945069e+01
816 0 +1.828926077e-01 -4.217710739e+01 -4.217710739e+01
827 0 +1.671693183e-01 -4.219283068e+01 -4.219283068e+01
838 0 +1.577633373e-01 -4.220223666e+01 -4.220223666e+01
860 0 +8.423722919e-02 -4.227576277e+01 -4.227576277e+01
893 0 +7.665077020e-02 -4.228334923e+01 -4.228334923e+01
904 0 +6.451360494e-02 -4.229548640e+01 -4.229548640e+01
915 0 +5.126336973e-02 -4.230873663e+01 -4.230873663e+01
926 0 +4.164005644e-02 -4.231835994e+01 -4.231835994e+01
937 0 +2.215398639e-02 -4.233784601e+01 -4.233784601e+01
948 0 +1.383603453e-02 -4.234616397e+01 -4.234616397e+01
959 0 +1.017656060e-02 -4.234982344e+01 -4.234982344e+01
970 0 +7.899569146e-03 -4.235210043e+01 -4.235210043e+01
981 0 +6.116509384e-03 -4.235388349e+01 -4.235388349e+01
1003 0 +3.492372479e-03 -4.235650763e+01 -4.235650763e+01
1014 0 +2.552222621e-03 -4.235744778e+01 -4.235744778e+01
1025 0 +2.010420077e-03 -4.235798958e+01 -4.235798958e+01
1036 0 +1.720044328e-03 -4.235827996e+01 -4.235827996e+01
1047 0 +1.523473953e-03 -4.235847653e+01 -4.235847653e+01
1069 0 +1.239635329e-03 -4.235876036e+01 -4.235876036e+01
1080 0 +7.758628630e-04 -4.235922414e+01 -4.235922414e+01
1113 0 +6.294307087e-04 -4.235937057e+01 -4.235937057e+01
1124 0 +4.801377106e-04 -4.235951986e+01 -4.235951986e+01
1135 0 +3.112618953e-04 -4.235968874e+01 -4.235968874e+01
1146 0 +1.791642612e-04 -4.235982084e+01 -4.235982084e+01
1157 0 +1.358505928e-04 -4.235986415e+01 -4.235986415e+01
1168 0 +7.353916411e-05 -4.235992646e+01 -4.235992646e+01
1179 0 +4.539652527e-05 -4.235995460e+01 -4.235995460e+01
1190 0 +3.044882238e-05 -4.235996955e+01 -4.235996955e+01
1201 0 +4.443860149e-06 -4.235999556e+01 -4.235999556e+01
1223 0 +3.884535587e-06 -4.235999612e+01 -4.235999612e+01
1234 0 +2.994428499e-06 -4.235999701e+01 -4.235999701e+01
1245 0 +1.089837951e-06 -4.235999891e+01 -4.235999891e+01
1256 0 +7.616402726e-07 -4.235999924e+01 -4.235999924e+01
1267 0 +4.953278818e-07 -4.235999950e+01 -4.235999950e+01
1278 0 +2.986735836e-07 -4.235999970e+01 -4.235999970e+01
1289 0 +2.668453192e-07 -4.235999973e+01 -4.235999973e+01
8402 0 +2.411926232e-07 -4.235999976e+01 -4.235999976e+01
20674 0 +1.971578243e-07 -4.235999980e+01 -4.235999980e+01
20729 0 +1.696540153e-07 -4.235999983e+01 -4.235999983e+01
20751 0 +1.536025991e-07 -4.235999985e+01 -4.235999985e+01
36540 0 +1.318935645e-07 -4.235999987e+01 -4.235999987e+01
36551 0 +1.112174743e-07 -4.235999989e+01 -4.235999989e+01
36592 0 +9.996540484e-08 -4.235999990e+01 -4.235999990e+01
47460 0 +8.753038117e-08 -4.235999991e+01 -4.235999991e+01
57489 0 +7.425614257e-08 -4.235999993e+01 -4.235999993e+01
57511 0 +5.078864262e-08 -4.235999995e+01 -4.235999995e+01
57518 0 +4.976619294e-08 -4.235999995e+01 -4.235999995e+01
57522 0 +4.430201272e-08 -4.235999996e+01 -4.235999996e+01
57533 0 +3.480077737e-08 -4.235999997e+01 -4.235999997e+01
57544 0 +2.259758247e-08 -4.235999998e+01 -4.235999998e+01
57546 0 +2.229266016e-08 -4.235999998e+01 -4.235999998e+01
57555 0 +8.686001252e-09 -4.235999999e+01 -4.235999999e+01
100000 0 +3.759495826e-09 -4.236000000e+01 -4.236000000e+01
% f evaluations | g evaluations | best noise-free fitness - Fopt (-7.187000000000e+01) + sum g_i+ | measured fitness | best measured fitness or single-digit g-values | x1 | x2...
1 0 +2.444676698e+07 +2.444669511e+07 +2.444669511e+07
3 0 +1.414996433e+07 +1.414989246e+07 +1.414989246e+07
5 0 +9.407243296e+06 +9.407171426e+06 +9.407171426e+06
12 0 +6.569443585e+06 +6.569371715e+06 +6.569371715e+06
13 0 +4.676546742e+06 +4.676474872e+06 +4.676474872e+06
21 0 +1.614497537e+06 +1.614425667e+06 +1.614425667e+06
31 0 +7.965963946e+05 +7.965245246e+05 +7.965245246e+05
49 0 +4.168414038e+05 +4.167695338e+05 +4.167695338e+05
54 0 +3.547311981e+05 +3.546593281e+05 +3.546593281e+05
59 0 +1.619174170e+05 +1.618455470e+05 +1.618455470e+05
98 0 +7.528638537e+04 +7.521451537e+04 +7.521451537e+04
134 0 +5.728785301e+04 +5.721598301e+04 +5.721598301e+04
145 0 +4.898119753e+04 +4.890932753e+04 +4.890932753e+04
156 0 +4.189845843e+04 +4.182658843e+04 +4.182658843e+04
167 0 +2.661356971e+04 +2.654169971e+04 +2.654169971e+04
178 0 +2.038947547e+04 +2.031760547e+04 +2.031760547e+04
189 0 +1.562943437e+04 +1.555756437e+04 +1.555756437e+04
211 0 +1.246197404e+04 +1.239010404e+04 +1.239010404e+04
222 0 +1.019192691e+04 +1.012005691e+04 +1.012005691e+04
233 0 +6.686190766e+03 +6.614320766e+03 +6.614320766e+03
719 0 +5.854015668e+03 +5.782145668e+03 +5.782145668e+03
730 0 +4.023152361e+03 +3.951282361e+03 +3.951282361e+03
752 0 +3.863559137e+03 +3.791689137e+03 +3.791689137e+03
774 0 +3.113716489e+03 +3.041846489e+03 +3.041846489e+03
785 0 +2.323380590e+03 +2.251510590e+03 +2.251510590e+03
796 0 +1.230904886e+03 +1.159034886e+03 +1.159034886e+03
807 0 +8.525402052e+02 +7.806702052e+02 +7.806702052e+02
2510 0 +7.599802212e+02 +6.881102212e+02 +6.881102212e+02
2621 0 +6.965565816e+02 +6.246865816e+02 +6.246865816e+02
2643 0 +3.913621169e+02 +3.194921169e+02 +3.194921169e+02
2740 0 +2.710763781e+02 +1.992063781e+02 +1.992063781e+02
2776 0 +1.266117621e+02 +5.474176206e+01 +5.474176206e+01
2798 0 +9.615438437e+01 +2.428438437e+01 +2.428438437e+01
2831 0 +8.806178612e+01 +1.619178612e+01 +1.619178612e+01
2941 0 +6.324804938e+01 -8.621950617e+00 -8.621950617e+00
2952 0 +3.682694667e+01 -3.504305333e+01 -3.504305333e+01
3206 0 +3.017402207e+01 -4.169597793e+01 -4.169597793e+01
3217 0 +1.859983862e+01 -5.327016138e+01 -5.327016138e+01
3228 0 +1.398889535e+01 -5.788110465e+01 -5.788110465e+01
3261 0 +1.169296526e+01 -6.017703474e+01 -6.017703474e+01
3272 0 +1.005607942e+01 -6.181392058e+01 -6.181392058e+01
3294 0 +8.066413618e+00 -6.380358638e+01 -6.380358638e+01
3316 0 +7.829997447e+00 -6.404000255e+01 -6.404000255e+01
3338 0 +5.772098015e+00 -6.609790198e+01 -6.609790198e+01
3349 0 +3.259571507e+00 -6.861042849e+01 -6.861042849e+01
3360 0 +2.648339064e+00 -6.922166094e+01 -6.922166094e+01
3371 0 +2.277616071e+00 -6.959238393e+01 -6.959238393e+01
3382 0 +1.995468922e+00 -6.987453108e+01 -6.987453108e+01
3393 0 +1.703574704e+00 -7.016642530e+01 -7.016642530e+01
3404 0 +1.499975757e+00 -7.037002424e+01 -7.037002424e+01
3437 0 +1.355408867e+00 -7.051459113e+01 -7.051459113e+01
3448 0 +1.213892191e+00 -7.065610781e+01 -7.065610781e+01
3459 0 +9.766491284e-01 -7.089335087e+01 -7.089335087e+01
3470 0 +7.705820441e-01 -7.109941796e+01 -7.109941796e+01
3481 0 +7.017979657e-01 -7.116820203e+01 -7.116820203e+01
3492 0 +5.600756288e-01 -7.130992437e+01 -7.130992437e+01
3503 0 +3.880552808e-01 -7.148194472e+01 -7.148194472e+01
3514 0 +2.555840823e-01 -7.161441592e+01 -7.161441592e+01
3525 0 +1.972016074e-01 -7.167279839e+01 -7.167279839e+01
3536 0 +1.377564657e-01 -7.173224353e+01 -7.173224353e+01
3547 0 +8.142646781e-02 -7.178857353e+01 -7.178857353e+01
3558 0 +6.110157064e-02 -7.180889843e+01 -7.180889843e+01
3580 0 +3.810258052e-02 -7.183189742e+01 -7.183189742e+01
3613 0 +3.146405173e-02 -7.183853595e+01 -7.183853595e+01
3624 0 +2.557475368e-02 -7.184442525e+01 -7.184442525e+01
3635 0 +1.442256523e-02 -7.185557743e+01 -7.185557743e+01
3657 0 +1.274877591e-02 -7.185725122e+01 -7.185725122e+01
3668 0 +1.015497106e-02 -7.185984503e+01 -7.185984503e+01
3679 0 +4.467951763e-03 -7.186553205e+01 -7.186553205e+01
3690 0 +4.237954720e-03 -7.186576205e+01 -7.186576205e+01
3701 0 +3.821244350e-03 -7.186617876e+01 -7.186617876e+01
3712 0 +2.983716916e-03 -7.186701628e+01 -7.186701628e+01
3723 0 +8.336897488e-04 -7.186916631e+01 -7.186916631e+01
3734 0 +6.608599828e-04 -7.186933914e+01 -7.186933914e+01
3745 0 +2.910205243e-04 -7.186970898e+01 -7.186970898e+01
3756 0 +2.155484558e-04 -7.186978445e+01 -7.186978445e+01
3767 0 +1.835533554e-04 -7.186981645e+01 -7.186981645e+01
3778 0 +1.492009888e-04 -7.186985080e+01 -7.186985080e+01
3789 0 +1.293741082e-04 -7.186987063e+01 -7.186987063e+01
3800 0 +1.220602138e-04 -7.186987794e+01 -7.186987794e+01
3822 0 +1.076043819e-04 -7.186989240e+01 -7.186989240e+01
3833 0 +4.758285603e-05 -7.186995242e+01 -7.186995242e+01
3855 0 +2.882724259e-05 -7.186997117e+01 -7.186997117e+01
3877 0 +2.776142775e-05 -7.186997224e+01 -7.186997224e+01
3899 0 +1.952446486e-05 -7.186998048e+01 -7.186998048e+01
3910 0 +1.144958584e-05 -7.186998855e+01 -7.186998855e+01
3921 0 +9.439249453e-06 -7.186999056e+01 -7.186999056e+01
3932 0 +7.900288637e-06 -7.186999210e+01 -7.186999210e+01
3943 0 +5.761004829e-06 -7.186999424e+01 -7.186999424e+01
3954 0 +4.030912365e-06 -7.186999597e+01 -7.186999597e+01
3965 0 +2.254083867e-06 -7.186999775e+01 -7.186999775e+01
3976 0 +1.369271487e-06 -7.186999863e+01 -7.186999863e+01
5221 0 +8.273740661e-07 -7.186999917e+01 -7.186999917e+01
5232 0 +1.462543935e-07 -7.186999985e+01 -7.186999985e+01
5254 0 +1.320748169e-07 -7.186999987e+01 -7.186999987e+01
30394 0 +1.241921126e-07 -7.186999988e+01 -7.186999988e+01
30405 0 +5.938912295e-08 -7.186999994e+01 -7.186999994e+01
30427 0 +5.167120776e-08 -7.186999995e+01 -7.186999995e+01
30438 0 +4.899867179e-08 -7.186999995e+01 -7.186999995e+01
31200 0 +4.350118843e-08 -7.186999996e+01 -7.186999996e+01
31212 0 +3.932774462e-08 -7.186999996e+01 -7.186999996e+01
31233 0 +3.137927251e-08 -7.186999997e+01 -7.186999997e+01
32415 0 +2.396794230e-08 -7.186999998e+01 -7.186999998e+01
32539 0 +2.231676888e-08 -7.186999998e+01 -7.186999998e+01
32571 0 +1.963094576e-08 -7.186999998e+01 -7.186999998e+01
32580 0 +1.436023922e-08 -7.186999999e+01 -7.186999999e+01
32583 0 +1.406471029e-08 -7.186999999e+01 -7.186999999e+01
32591 0 +1.057523491e-08 -7.186999999e+01 -7.186999999e+01
33551 0 +9.334371498e-09 -7.186999999e+01 -7.186999999e+01
37692 0 +9.379164112e-13 -7.187000000e+01 -7.187000000e+01
39721 0 +0.000000000e+00 -7.187000000e+01 -7.187000000e+01
100114 0 +0.000000000e+00 -7.187000000e+01 -7.187000000e+01
% f evaluations | g evaluations | best noise-free fitness - Fopt (-1.650000000000e+01) + sum g_i+ | measured fitness | best measured fitness or single-digit g-values | x1 | x2...
1 0 +2.694286653e+07 +2.694285003e+07 +2.694285003e+07
2 0 +3.271666422e+06 +3.271649922e+06 +3.271649922e+06
14 0 +2.980141724e+06 +2.980125224e+06 +2.980125224e+06
18 0 +2.055713691e+06 +2.055697191e+06 +2.055697191e+06
24 0 +6.952049512e+05 +6.951884512e+05 +6.951884512e+05
34 0 +3.532269760e+05 +3.532104760e+05 +3.532104760e+05
99 0 +2.774801737e+05 +2.774636737e+05 +2.774636737e+05
101 0 +2.442438148e+05 +2.442273148e+05 +2.442273148e+05
123 0 +2.136259364e+05 +2.136094364e+05 +2.136094364e+05
134 0 +1.560457861e+05 +1.560292861e+05 +1.560292861e+05
156 0 +1.329182936e+05 +1.329017936e+05 +1.329017936e+05
167 0 +9.742422641e+04 +9.740772641e+04 +9.740772641e+04
189 0 +8.276103069e+04 +8.274453069e+04 +8.274453069e+04
244 0 +7.873250256e+04 +7.871600256e+04 +7.871600256e+04
255 0 +6.937301042e+04 +6.935651042e+04 +6.935651042e+04
266 0 +4.564895196e+04 +4.563245196e+04 +4.563245196e+04
288 0 +3.476475788e+04 +3.474825788e+04 +3.474825788e+04
465 0 +2.478083210e+04 +2.476433210e+04 +2.476433210e+04
476 0 +1.110451035e+04 +1.108801035e+04 +1.108801035e+04
531 0 +8.552740033e+03 +8.536240033e+03 +8.536240033e+03
542 0 +4.212852824e+03 +4.196352824e+03 +4.196352824e+03
564 0 +2.524599670e+03 +2.508099670e+03 +2.508099670e+03
586 0 +1.952678890e+03 +1.936178890e+03 +1.936178890e+03
597 0 +1.470108294e+03 +1.453608294e+03 +1.453608294e+03
608 0 +9.776515435e+02 +9.611515435e+02 +9.611515435e+02
619 0 +8.394650911e+02 +8.229650911e+02 +8.229650911e+02
630 0 +5.475002359e+02 +5.310002359e+02 +5.310002359e+02
641 0 +3.590618734e+02 +3.425618734e+02 +3.425618734e+02
652 0 +1.869753701e+02 +1.704753701e+02 +1.704753701e+02
663 0 +6.108652149e+01 +4.458652149e+01 +4.458652149e+01
674 0 +5.620617991e+01 +3.970617991e+01 +3.970617991e+01
685 0 +4.753141990e+01 +3.103141990e+01 +3.103141990e+01
696 0 +2.582145823e+01 +9.321458230e+00 +9.321458230e+00
707 0 +6.862697509e+00 -9.637302491e+00 -9.637302491e+00
718 0 +2.453834336e+00 -1.404616566e+01 -1.404616566e+01
729 0 +1.756595371e+00 -1.474340463e+01 -1.474340463e+01
740 0 +1.127965985e+00 -1.537203402e+01 -1.537203402e+01
751 0 +7.042102540e-01 -1.579578975e+01 -1.579578975e+01
762 0 +5.470210436e-01 -1.595297896e+01 -1.595297896e+01
773 0 +3.809646307e-01 -1.611903537e+01 -1.611903537e+01
784 0 +2.331594412e-01 -1.626684056e+01 -1.626684056e+01
806 0 +1.441350001e-01 -1.635586500e+01 -1.635586500e+01
817 0 +1.165346467e-01 -1.638346535e+01 -1.638346535e+01
828 0 +9.886082307e-02 -1.640113918e+01 -1.640113918e+01
839 0 +6.782752055e-02 -1.643217248e+01 -1.643217248e+01
861 0 +3.983629673e-02 -1.646016370e+01 -1.646016370e+01
872 0 +2.573531289e-02 -1.647426469e+01 -1.647426469e+01
883 0 +1.015192999e-02 -1.648984807e+01 -1.648984807e+01
894 0 +1.706944002e-03 -1.649829306e+01 -1.649829306e+01
905 0 +2.647281091e-04 -1.649973527e+01 -1.649973527e+01
916 0 +2.933962076e-05 -1.649997066e+01 -1.649997066e+01
927 0 +1.092100428e-05 -1.649998908e+01 -1.649998908e+01
993 0 +8.811602591e-06 -1.649999119e+01 -1.649999119e+01
1015 0 +7.646297167e-06 -1.649999235e+01 -1.649999235e+01
1070 0 +6.919613899e-06 -1.649999308e+01 -1.649999308e+01
1169 0 +6.302089531e-06 -1.649999370e+01 -1.649999370e+01
7864 0 +4.297527013e-06 -1.649999570e+01 -1.649999570e+01
7875 0 +3.473501188e-06 -1.649999653e+01 -1.649999653e+01
11194 0 +2.439013350e-06 -1.649999756e+01 -1.649999756e+01
11205 0 +1.651314509e-06 -1.649999835e+01 -1.649999835e+01
34314 0 +1.271812803e-06 -1.649999873e+01 -1.649999873e+01
34340 0 +1.258846666e-06 -1.649999874e+01 -1.649999874e+01
34966 0 +1.091565384e-06 -1.649999891e+01 -1.649999891e+01
34977 0 +4.644754377e-07 -1.649999954e+01 -1.649999954e+01
34999 0 +3.846892369e-07 -1.649999962e+01 -1.649999962e+01
35043 0 +3.526063814e-07 -1.649999965e+01 -1.649999965e+01
35076 0 +3.114495186e-07 -1.649999969e+01 -1.649999969e+01
38189 0 +2.471116254e-07 -1.649999975e+01 -1.649999975e+01
38200 0 +2.013246920e-07 -1.649999980e+01 -1.649999980e+01
38222 0 +1.838012054e-07 -1.649999982e+01 -1.649999982e+01
38233 0 +1.686938091e-07 -1.649999983e+01 -1.649999983e+01
38244 0 +1.559137388e-07 -1.649999984e+01 -1.649999984e+01
39492 0 +1.366845304e-07 -1.649999986e+01 -1.649999986e+01
39496 0 +1.190175354e-07 -1.649999988e+01 -1.649999988e+01
39502 0 +8.870541635e-08 -1.649999991e+01 -1.649999991e+01
39512 0 +7.047632522e-08 -1.649999993e+01 -1.649999993e+01
39521 0 +5.179614604e-08 -1.649999995e+01 -1.649999995e+01
39522 0 +1.317537723e-08 -1.649999999e+01 -1.649999999e+01
40143 0 +1.207279610e-08 -1.649999999e+01 -1.649999999e+01
40163 0 +6.673932518e-09 -1.649999999e+01 -1.649999999e+01
43830 0 +6.750155990e-13 -1.650000000e+01 -1.650000000e+01
46950 0 +0.000000000e+00 -1.650000000e+01 -1.650000000e+01
100541 0 +0.000000000e+00 -1.650000000e+01 -1.650000000e+01
% f evaluations | g evaluations | best noise-free fitness - Fopt (1.000000000000e+03) + sum g_i+ | measured fitness | best measured fitness or single-digit g-values | x1 | x2...
1 0 +6.467629317e+06 +6.468629317e+06 +6.468629317e+06
2 0 +3.035801172e+06 +3.036801172e+06 +3.036801172e+06
9 0 +2.140706265e+06 +2.141706265e+06 +2.141706265e+06
12 0 +1.653485919e+06 +1.654485919e+06 +1.654485919e+06
18 0 +1.585292935e+06 +1.586292935e+06 +1.586292935e+06
19 0 +7.061264666e+05 +7.071264666e+05 +7.071264666e+05
29 0 +5.306547320e+05 +5.316547320e+05 +5.316547320e+05
47 0 +4.108572462e+05 +4.118572462e+05 +4.118572462e+05
61 0 +1.532465724e+05 +1.542465724e+05 +1.542465724e+05
97 0 +8.064076085e+04 +8.164076085e+04 +8.164076085e+04
112 0 +1.895658752e+04 +1.995658752e+04 +1.995658752e+04
134 0 +1.297721872e+04 +1.397721872e+04 +1.397721872e+04
145 0 +8.618401913e+03 +9.618401913e+03 +9.618401913e+03
156 0 +5.199402583e+03 +6.199402583e+03 +6.199402583e+03
366 0 +3.099831246e+03 +4.099831246e+03 +4.099831246e+03
653 0 +2.131059255e+03 +3.131059255e+03 +3.131059255e+03
892 0 +1.739252067e+03 +2.739252067e+03 +2.739252067e+03
930 0 +1.149187671e+03 +2.149187671e+03 +2.149187671e+03
952 0 +9.027466854e+02 +1.902746685e+03 +1.902746685e+03
985 0 +8.789897934e+02 +1.878989793e+03 +1.878989793e+03
1007 0 +7.568115808e+02 +1.756811581e+03 +1.756811581e+03
1089 0 +6.766268358e+02 +1.676626836e+03 +1.676626836e+03
1162 0 +3.897856208e+02 +1.389785621e+03 +1.389785621e+03
1328 0 +3.304718321e+02 +1.330471832e+03 +1.330471832e+03
1461 0 +3.082165340e+02 +1.308216534e+03 +1.308216534e+03
1582 0 +2.715530553e+02 +1.271553055e+03 +1.271553055e+03
1627 0 +2.504739907e+02 +1.250473991e+03 +1.250473991e+03
1804 0 +2.096349404e+02 +1.209634940e+03 +1.209634940e+03
1815 0 +1.583675103e+02 +1.158367510e+03 +1.158367510e+03
2125 0 +1.402347407e+02 +1.140234741e+03 +1.140234741e+03
4403 0 +9.899213382e+01 +1.098992134e+03 +1.098992134e+03
4414 0 +6.180941625e+01 +1.061809416e+03 +1.061809416e+03
4425 0 +2.382352489e+01 +1.023823525e+03 +1.023823525e+03
4436 0 +1.230818050e+01 +1.012308181e+03 +1.012308181e+03
4447 0 +5.987482030e+00 +1.005987482e+03 +1.005987482e+03
4458 0 +2.821310217e+00 +1.002821310e+03 +1.002821310e+03
4469 0 +1.167299894e+00 +1.001167300e+03 +1.001167300e+03
4480 0 +4.922864737e-01 +1.000492286e+03 +1.000492286e+03
4491 0 +2.673548850e-01 +1.000267355e+03 +1.000267355e+03
4502 0 +1.298332125e-01 +1.000129833e+03 +1.000129833e+03
4513 0 +9.805772201e-02 +1.000098058e+03 +1.000098058e+03
4524 0 +5.224250227e-02 +1.000052243e+03 +1.000052243e+03
4546 0 +3.786577320e-02 +1.000037866e+03 +1.000037866e+03
4557 0 +3.292924339e-02 +1.000032929e+03 +1.000032929e+03
4568 0 +3.073565572e-02 +1.000030736e+03 +1.000030736e+03
4579 0 +2.572523555e-02 +1.000025725e+03 +1.000025725e+03
4601 0 +2.363070839e-02 +1.000023631e+03 +1.000023631e+03
4612 0 +2.156991994e-02 +1.000021570e+03 +1.000021570e+03
4623 0 +1.779111795e-02 +1.000017791e+03 +1.000017791e+03
4634 0 +1.181035354e-02 +1.000011810e+03 +1.000011810e+03
4645 0 +9.918888012e-03 +1.000009919e+03 +1.000009919e+03
4656 0 +7.905931124e-03 +1.000007906e+03 +1.000007906e+03
4667 0 +6.245341416e-03 +1.000006245e+03 +1.000006245e+03
4678 0 +4.890177131e-03 +1.000004890e+03 +1.000004890e+03
4689 0 +3.160611695e-03 +1.000003161e+03 +1.000003161e+03
4700 0 +2.583573975e-03 +1.000002584e+03 +1.000002584e+03
4711 0 +1.686724516e-03 +1.000001687e+03 +1.000001687e+03
4722 0 +9.310621645e-04 +1.000000931e+03 +1.000000931e+03
4733 0 +5.455518501e-04 +1.000000546e+03 +1.000000546e+03
4744 0 +2.428278846e-04 +1.000000243e+03 +1.000000243e+03
4755 0 +1.293267135e-04 +1.000000129e+03 +1.000000129e+03
4766 0 +4.700497561e-05 +1.000000047e+03 +1.000000047e+03
4777 0 +3.351748796e-05 +1.000000034e+03 +1.000000034e+03
4788 0 +2.222274020e-05 +1.000000022e+03 +1.000000022e+03
4799 0 +1.941797780e-05 +1.000000019e+03 +1.000000019e+03
4810 0 +1.492162266e-05 +1.000000015e+03 +1.000000015e+03
4821 0 +1.257345241e-05 +1.000000013e+03 +1.000000013e+03
4832 0 +1.007068033e-05 +1.000000010e+03 +1.000000010e+03
4843 0 +7.462936765e-06 +1.000000007e+03 +1.000000007e+03
4942 0 +7.062863006e-06 +1.000000007e+03 +1.000000007e+03
10268 0 +5.655479526e-06 +1.000000006e+03 +1.000000006e+03
10279 0 +3.218755865e-06 +1.000000003e+03 +1.000000003e+03
10290 0 +1.716227075e-06 +1.000000002e+03 +1.000000002e+03
10301 0 +1.088253498e-06 +1.000000001e+03 +1.000000001e+03
10312 0 +6.999707693e-07 +1.000000001e+03 +1.000000001e+03
10323 0 +4.052755003e-07 +1.000000000e+03 +1.000000000e+03
10334 0 +2.832981636e-07 +1.000000000e+03 +1.000000000e+03
10356 0 +2.359204245e-07 +1.000000000e+03 +1.000000000e+03
10367 0 +1.316174121e-07 +1.000000000e+03 +1.000000000e+03
10378 0 +7.257438028e-08 +1.000000000e+03 +1.000000000e+03
10383 0 +6.921129625e-08 +1.000000000e+03 +1.000000000e+03
10433 0 +6.120933449e-08 +1.000000000e+03 +1.000000000e+03
10444 0 +5.218680599e-08 +1.000000000e+03 +1.000000000e+03
10455 0 +4.609432835e-08 +1.000000000e+03 +1.000000000e+03
10466 0 +4.074115623e-08 +1.000000000e+03 +1.000000000e+03
10477 0 +3.834247764e-08 +1.000000000e+03 +1.000000000e+03
10503 0 +3.546779226e-08 +1.000000000e+03 +1.000000000e+03
10521 0 +3.000786819e-08 +1.000000000e+03 +1.000000000e+03
10565 0 +2.696424417e-08 +1.000000000e+03 +1.000000000e+03
26281 0 +2.350293471e-08 +1.000000000e+03 +1.000000000e+03
26292 0 +2.215415407e-08 +1.000000000e+03 +1.000000000e+03
100010 0 +2.206104455e-08 +1.000000000e+03 +1.000000000e+03
% f evaluations | g evaluations | best noise-free fitness - Fopt (-1.000000000000e+03) + sum g_i+ | measured fitness | best measured fitness or single-digit g-values | x1 | x2...
1 0 +5.191052267e+06 +5.190052267e+06 +5.190052267e+06
2 0 +4.782041106e+06 +4.781041106e+06 +4.781041106e+06
3 0 +2.196025091e+06 +2.195025091e+06 +2.195025091e+06
6 0 +1.484113230e+06 +1.483113230e+06 +1.483113230e+06
14 0 +1.181695869e+06 +1.180695869e+06 +1.180695869e+06
18 0 +8.707845982e+05 +8.697845982e+05 +8.697845982e+05
19 0 +5.183743874e+05 +5.173743874e+05 +5.173743874e+05
22 0 +1.586352924e+05 +1.576352924e+05 +1.576352924e+05
30 0 +8.156821671e+04 +8.056821671e+04 +8.056821671e+04
36 0 +5.408258848e+04 +5.308258848e+04 +5.308258848e+04
77 0 +4.171569573e+04 +4.071569573e+04 +4.071569573e+04
123 0 +2.538664950e+04 +2.438664950e+04 +2.438664950e+04
145 0 +2.185217576e+04 +2.085217576e+04 +2.085217576e+04
156 0 +1.562917840e+04 +1.462917840e+04 +1.462917840e+04
233 0 +1.393621125e+04 +1.293621125e+04 +1.293621125e+04
266 0 +1.189487119e+04 +1.089487119e+04 +1.089487119e+04
277 0 +1.062830262e+04 +9.628302621e+03 +9.628302621e+03
796 0 +9.037943093e+03 +8.037943093e+03 +8.037943093e+03
818 0 +8.882758491e+03 +7.882758491e+03 +7.882758491e+03
851 0 +7.732515046e+03 +6.732515046e+03 +6.732515046e+03
862 0 +6.787464438e+03 +5.787464438e+03 +5.787464438e+03
873 0 +5.387427855e+03 +4.387427855e+03 +4.387427855e+03
895 0 +3.495960077e+03 +2.495960077e+03 +2.495960077e+03
917 0 +2.486450278e+03 +1.486450278e+03 +1.486450278e+03
928 0 +2.126160064e+03 +1.126160064e+03 +1.126160064e+03
939 0 +1.728482537e+03 +7.284825373e+02 +7.284825373e+02
950 0 +1.472241239e+03 +4.722412394e+02 +4.722412394e+02
961 0 +1.094495843e+03 +9.449584292e+01 +9.449584292e+01
972 0 +9.614537668e+02 -3.854623324e+01 -3.854623324e+01
983 0 +8.110613677e+02 -1.889386323e+02 -1.889386323e+02
994 0 +5.927544815e+02 -4.072455185e+02 -4.072455185e+02
1005 0 +4.379957120e+02 -5.620042880e+02 -5.620042880e+02
1016 0 +2.963956496e+02 -7.036043504e+02 -7.036043504e+02
1038 0 +2.602224521e+02 -7.397775479e+02 -7.397775479e+02
1049 0 +2.140601155e+02 -7.859398845e+02 -7.859398845e+02
1060 0 +1.708454640e+02 -8.291545360e+02 -8.291545360e+02
1071 0 +8.920920799e+01 -9.107907920e+02 -9.107907920e+02
1093 0 +4.786969969e+01 -9.521303003e+02 -9.521303003e+02
1104 0 +3.497636965e+01 -9.650236304e+02 -9.650236304e+02
1115 0 +1.872912423e+01 -9.812708758e+02 -9.812708758e+02
1126 0 +1.390080402e+01 -9.860991960e+02 -9.860991960e+02
1137 0 +1.122106249e+01 -9.887789375e+02 -9.887789375e+02
1148 0 +7.595319453e+00 -9.924046805e+02 -9.924046805e+02
1159 0 +4.658388371e+00 -9.953416116e+02 -9.953416116e+02
1170 0 +3.865714953e+00 -9.961342850e+02 -9.961342850e+02
1181 0 +2.909150541e+00 -9.970908495e+02 -9.970908495e+02
1192 0 +2.310206712e+00 -9.976897933e+02 -9.976897933e+02
1203 0 +1.388143181e+00 -9.986118568e+02 -9.986118568e+02
1214 0 +8.881174558e-01 -9.991118825e+02 -9.991118825e+02
1225 0 +4.788868710e-01 -9.995211131e+02 -9.995211131e+02
1247 0 +2.992677373e-01 -9.997007323e+02 -9.997007323e+02
1258 0 +1.728770262e-01 -9.998271230e+02 -9.998271230e+02
1269 0 +9.888105065e-02 -9.999011189e+02 -9.999011189e+02
1280 0 +5.930070183e-02 -9.999406993e+02 -9.999406993e+02
1302 0 +4.310190660e-02 -9.999568981e+02 -9.999568981e+02
1313 0 +3.789133523e-02 -9.999621087e+02 -9.999621087e+02
1324 0 +3.154271321e-02 -9.999684573e+02 -9.999684573e+02
1335 0 +2.632729909e-02 -9.999736727e+02 -9.999736727e+02
1346 0 +2.006500690e-02 -9.999799350e+02 -9.999799350e+02
1357 0 +1.837573695e-02 -9.999816243e+02 -9.999816243e+02
1368 0 +1.717691367e-02 -9.999828231e+02 -9.999828231e+02
1390 0 +1.466433234e-02 -9.999853357e+02 -9.999853357e+02
1423 0 +1.390699167e-02 -9.999860930e+02 -9.999860930e+02
1434 0 +1.059771869e-02 -9.999894023e+02 -9.999894023e+02
1456 0 +8.209732215e-03 -9.999917903e+02 -9.999917903e+02
1511 0 +7.886819539e-03 -9.999921132e+02 -9.999921132e+02
1533 0 +5.991292961e-03 -9.999940087e+02 -9.999940087e+02
1544 0 +4.288272668e-03 -9.999957117e+02 -9.999957117e+02
1555 0 +3.674091772e-03 -9.999963259e+02 -9.999963259e+02
1566 0 +3.484486872e-03 -9.999965155e+02 -9.999965155e+02
1577 0 +2.794869257e-03 -9.999972051e+02 -9.999972051e+02
1588 0 +4.626677737e-04 -9.999995373e+02 -9.999995373e+02
1621 0 +3.495721569e-04 -9.999996504e+02 -9.999996504e+02
1632 0 +2.423936162e-04 -9.999997576e+02 -9.999997576e+02
1643 0 +1.387776947e-04 -9.999998612e+02 -9.999998612e+02
1654 0 +6.955226479e-05 -9.999999304e+02 -9.999999304e+02
1665 0 +2.779592796e-05 -9.999999722e+02 -9.999999722e+02
1676 0 +9.139668919e-06 -9.999999909e+02 -9.999999909e+02
1687 0 +8.399895478e-06 -9.999999916e+02 -9.999999916e+02
1698 0 +6.977969633e-06 -9.999999930e+02 -9.999999930e+02
1709 0 +2.822925239e-06 -9.999999972e+02 -9.999999972e+02
1714 0 +2.817276027e-06 -9.999999972e+02 -9.999999972e+02
1720 0 +1.910911692e-06 -9.999999981e+02 -9.999999981e+02
1731 0 +1.716211955e-06 -9.999999983e+02 -9.999999983e+02
1742 0 +1.387702014e-06 -9.999999986e+02 -9.999999986e+02
1753 0 +9.182958820e-07 -9.999999991e+02 -9.999999991e+02
2977 0 +1.930313829e-07 -9.999999998e+02 -9.999999998e+02
2988 0 +1.173898454e-07 -9.999999999e+02 -9.999999999e+02
2999 0 +5.112894996e-08 -9.999999999e+02 -9.999999999e+02
3021 0 +3.848742836e-08 -1.000000000e+03 -1.000000000e+03
3032 0 +3.070442745e-08 -1.000000000e+03 -1.000000000e+03
3043 0 +2.686806511e-08 -1.000000000e+03 -1.000000000e+03
14190 0 +1.987837095e-08 -1.000000000e+03 -1.000000000e+03
14201 0 +1.221587809e-08 -1.000000000e+03 -1.000000000e+03
14212 0 +1.054945642e-08 -1.000000000e+03 -1.000000000e+03
14223 0 +9.266045709e-09 -1.000000000e+03 -1.000000000e+03
50042 0 +9.094947018e-13 -1.000000000e+03 -1.000000000e+03
51519 0 +0.000000000e+00 -1.000000000e+03 -1.000000000e+03
100334 0 +0.000000000e+00 -1.000000000e+03 -1.000000000e+03
% f evaluations | g evaluations | best noise-free fitness - Fopt (-1.527400000000e+02) + sum g_i+ | measured fitness | best measured fitness or single-digit g-values | x1 | x2...
1 0 +3.938415106e+06 +3.938262366e+06 +3.938262366e+06
2 0 +1.133148319e+06 +1.132995579e+06 +1.132995579e+06
5 0 +1.084205977e+06 +1.084053237e+06 +1.084053237e+06
22 0 +8.214903508e+05 +8.213376108e+05 +8.213376108e+05
35 0 +7.540450743e+05 +7.538923343e+05 +7.538923343e+05
59 0 +6.750681117e+05 +6.749153717e+05 +6.749153717e+05
63 0 +5.902808950e+05 +5.901281550e+05 +5.901281550e+05
96 0 +5.497714760e+05 +5.496187360e+05 +5.496187360e+05
97 0 +3.941781865e+05 +3.940254465e+05 +3.940254465e+05
134 0 +3.241322473e+05 +3.239795073e+05 +3.239795073e+05
145 0 +3.076469983e+05 +3.074942583e+05 +3.074942583e+05
156 0 +2.987620489e+05 +2.986093089e+05 +2.986093089e+05
167 0 +2.707153571e+05 +2.705626171e+05 +2.705626171e+05
178 0 +2.315290632e+05 +2.313763232e+05 +2.313763232e+05
200 0 +2.212344577e+05 +2.210817177e+05 +2.210817177e+05
293 0 +1.700581155e+05 +1.699053755e+05 +1.699053755e+05
307 0 +1.542164341e+05 +1.540636941e+05 +1.540636941e+05
366 0 +1.327590899e+05 +1.326063499e+05 +1.326063499e+05
377 0 +9.297569707e+04 +9.282295707e+04 +9.282295707e+04
388 0 +8.417793567e+04 +8.402519567e+04 +8.402519567e+04
450 0 +7.441083434e+04 +7.425809434e+04 +7.425809434e+04
452 0 +5.823771361e+04 +5.808497361e+04 +5.808497361e+04
474 0 +4.147667681e+04 +4.132393681e+04 +4.132393681e+04
476 0 +2.954269886e+04 +2.938995886e+04 +2.938995886e+04
532 0 +2.524934937e+04 +2.509660937e+04 +2.509660937e+04
554 0 +2.135572902e+04 +2.120298902e+04 +2.120298902e+04
587 0 +1.886729009e+04 +1.871455009e+04 +1.871455009e+04
598 0 +1.672830904e+04 +1.657556904e+04 +1.657556904e+04
609 0 +1.201716374e+04 +1.186442374e+04 +1.186442374e+04
675 0 +7.242683747e+03 +7.089943747e+03 +7.089943747e+03
686 0 +6.854990554e+03 +6.702250554e+03 +6.702250554e+03
830 0 +4.764683243e+03 +4.611943243e+03 +4.611943243e+03
841 0 +2.406480424e+03 +2.253740424e+03 +2.253740424e+03
974 0 +1.613401870e+03 +1.460661870e+03 +1.460661870e+03
996 0 +1.296727376e+03 +1.143987376e+03 +1.143987376e+03
1018 0 +1.255861660e+03 +1.103121660e+03 +1.103121660e+03
1073 0 +9.597934572e+02 +8.070534572e+02 +8.070534572e+02
1095 0 +8.545192924e+02 +7.017792924e+02 +7.017792924e+02
1106 0 +6.719798586e+02 +5.192398586e+02 +5.192398586e+02
1117 0 +4.062877349e+02 +2.535477349e+02 +2.535477349e+02
1128 0 +8.973810555e+01 -6.300189445e+01 -6.300189445e+01
1150 0 +4.534882212e+01 -1.073911779e+02 -1.073911779e+02
1161 0 +3.857805999e+01 -1.141619400e+02 -1.141619400e+02
1183 0 +3.128522058e+01 -1.214547794e+02 -1.214547794e+02
1194 0 +2.735647384e+01 -1.253835262e+02 -1.253835262e+02
1205 0 +1.993594973e+01 -1.328040503e+02 -1.328040503e+02
1260 0 +1.630859697e+01 -1.364314030e+02 -1.364314030e+02
1271 0 +1.475924045e+01 -1.379807596e+02 -1.379807596e+02
1282 0 +1.259479369e+01 -1.401452063e+02 -1.401452063e+02
1293 0 +1.063025731e+01 -1.421097427e+02 -1.421097427e+02
1304 0 +7.037767238e+00 -1.457022328e+02 -1.457022328e+02
1326 0 +4.777804892e+00 -1.479621951e+02 -1.479621951e+02
1337 0 +3.459419367e+00 -1.492805806e+02 -1.492805806e+02
1348 0 +2.421354380e+00 -1.503186456e+02 -1.503186456e+02
1359 0 +1.035063341e+00 -1.517049367e+02 -1.517049367e+02
1370 0 +9.599920625e-01 -1.517800079e+02 -1.517800079e+02
1381 0 +8.039869789e-01 -1.519360130e+02 -1.519360130e+02
1392 0 +3.329676161e-01 -1.524070324e+02 -1.524070324e+02
1414 0 +2.301270377e-01 -1.525098730e+02 -1.525098730e+02
1425 0 +1.330973304e-01 -1.526069027e+02 -1.526069027e+02
1436 0 +6.644774346e-02 -1.526735523e+02 -1.526735523e+02
1447 0 +2.750269305e-02 -1.527124973e+02 -1.527124973e+02
1458 0 +1.454728635e-02 -1.527254527e+02 -1.527254527e+02
1469 0 +8.251987208e-03 -1.527317480e+02 -1.527317480e+02
1480 0 +4.340271451e-03 -1.527356597e+02 -1.527356597e+02
1491 0 +3.171630059e-03 -1.527368284e+02 -1.527368284e+02
1513 0 +2.610057719e-03 -1.527373899e+02 -1.527373899e+02
1524 0 +1.946654539e-03 -1.527380533e+02 -1.527380533e+02
1535 0 +1.387762638e-03 -1.527386122e+02 -1.527386122e+02
1557 0 +1.252906643e-03 -1.527387471e+02 -1.527387471e+02
1568 0 +1.118207777e-03 -1.527388818e+02 -1.527388818e+02
1579 0 +8.561282338e-04 -1.527391439e+02 -1.527391439e+02
1601 0 +5.922909885e-04 -1.527394077e+02 -1.527394077e+02
1612 0 +4.160632041e-04 -1.527395839e+02 -1.527395839e+02
1623 0 +3.274930137e-04 -1.527396725e+02 -1.527396725e+02
1634 0 +2.108189497e-04 -1.527397892e+02 -1.527397892e+02
1645 0 +1.539459711e-04 -1.527398461e+02 -1.527398461e+02
1656 0 +1.052838822e-04 -1.527398947e+02 -1.527398947e+02
1667 0 +7.596239317e-05 -1.527399240e+02 -1.527399240e+02
1678 0 +5.919787344e-05 -1.527399408e+02 -1.527399408e+02
1689 0 +4.989868921e-05 -1.527399501e+02 -1.527399501e+02
1700 0 +2.115248768e-05 -1.527399788e+02 -1.527399788e+02
1744 0 +1.863836073e-05 -1.527399814e+02 -1.527399814e+02
1755 0 +1.404590458e-05 -1.527399860e+02 -1.527399860e+02
1766 0 +7.506714581e-06 -1.527399925e+02 -1.527399925e+02
1777 0 +6.209038133e-06 -1.527399938e+02 -1.527399938e+02
1788 0 +4.058200062e-06 -1.527399959e+02 -1.527399959e+02
1799 0 +2.593970436e-06 -1.527399974e+02 -1.527399974e+02
1810 0 +1.370509153e-06 -1.527399986e+02 -1.527399986e+02
1832 0 +9.199127931e-07 -1.527399991e+02 -1.527399991e+02
1843 0 +5.452841378e-07 -1.527399995e+02 -1.527399995e+02
1854 0 +2.050389867e-07 -1.527399998e+02 -1.527399998e+02
1876 0 +1.614259304e-07 -1.527399998e+02 -1.527399998e+02
1887 0 +1.490214458e-07 -1.527399999e+02 -1.527399999e+02
1898 0 +1.409185586e-07 -1.527399999e+02 -1.527399999e+02
25264 0 +1.074485283e-07 -1.527399999e+02 -1.527399999e+02
25289 0 +9.990770877e-08 -1.527399999e+02 -1.527399999e+02
25302 0 +8.903842286e-08 -1.527399999e+02 -1.527399999e+02
25311 0 +7.846045946e-08 -1.527399999e+02 -1.527399999e+02
25352 0 +6.762309113e-08 -1.527399999e+02 -1.527399999e+02
25365 0 +6.305654665e-08 -1.527399999e+02 -1.527399999e+02
27929 0 +5.511122936e-08 -1.527399999e+02 -1.527399999e+02
32352 0 +3.391537007e-08 -1.527400000e+02 -1.527400000e+02
42317 0 +1.797090476e-08 -1.527400000e+02 -1.527400000e+02
42318 0 +1.774762382e-08 -1.527400000e+02 -1.527400000e+02
42372 0 +1.523613946e-08 -1.527400000e+02 -1.527400000e+02
42387 0 +1.393775051e-08 -1.527400000e+02 -1.527400000e+02
42398 0 +1.228937663e-08 -1.527400000e+02 -1.527400000e+02
42427 0 +7.331493634e-09 -1.527400000e+02 -1.527400000e+02
47506 0 +8.810729923e-13 -1.527400000e+02 -1.527400000e+02
48941 0 +0.000000000e+00 -1.527400000e+02 -1.527400000e+02
100511 0 +0.000000000e+00 -1.527400000e+02 -1.527400000e+02
