% f evaluations | g evaluations | best noise-free fitness - Fopt (-1.694000000000e+01) + sum g_i+ | measured fitness | best measured fitness or single-digit g-values | x1 | x2...
1 0 +2.879304147e+01 +1.185304147e+01 +1.185304147e+01
5 0 +2.448683661e+01 +7.546836608e+00 +7.546836608e+00
14 0 +1.920852394e+01 +2.268523938e+00 +2.268523938e+00
17 0 +1.288606094e+01 -4.053939061e+00 -4.053939061e+00
31 0 +9.437840996e+00 -7.502159004e+00 -7.502159004e+00
71 0 +8.185452090e+00 -8.754547910e+00 -8.754547910e+00
108 0 +7.670338797e+00 -9.269661203e+00 -9.269661203e+00
118 0 +6.422348050e+00 -1.051765195e+01 -1.051765195e+01
139 0 +5.192839723e+00 -1.174716028e+01 -1.174716028e+01
218 0 +4.056295613e+00 -1.288370439e+01 -1.288370439e+01
241 0 +3.184167511e+00 -1.375583249e+01 -1.375583249e+01
283 0 +3.023300211e+00 -1.391669979e+01 -1.391669979e+01
346 0 +2.426229358e+00 -1.451377064e+01 -1.451377064e+01
409 0 +2.217930573e+00 -1.472206943e+01 -1.472206943e+01
535 0 +1.945077231e+00 -1.499492277e+01 -1.499492277e+01
682 0 +1.777610338e+00 -1.516238966e+01 -1.516238966e+01
4955 0 +1.325111662e+00 -1.561488834e+01 -1.561488834e+01
4997 0 +1.118101909e+00 -1.582189809e+01 -1.582189809e+01
5249 0 +9.936718771e-01 -1.594632812e+01 -1.594632812e+01
8799 0 +8.830211043e-01 -1.605697890e+01 -1.605697890e+01
8883 0 +7.330415024e-01 -1.620695850e+01 -1.620695850e+01
8925 0 +6.990882382e-01 -1.624091176e+01 -1.624091176e+01
9009 0 +6.273247134e-01 -1.631267529e+01 -1.631267529e+01
9198 0 +5.575040643e-01 -1.638249594e+01 -1.638249594e+01
12316 0 +3.510862864e-01 -1.658891371e+01 -1.658891371e+01
12379 0 +3.094144979e-01 -1.663058550e+01 -1.663058550e+01
12568 0 +2.813859119e-01 -1.665861409e+01 -1.665861409e+01
15635 0 +1.683750519e-01 -1.677162495e+01 -1.677162495e+01
15719 0 +1.466652194e-01 -1.679333478e+01 -1.679333478e+01
15824 0 +1.373454396e-01 -1.680265456e+01 -1.680265456e+01
15887 0 +1.185994223e-01 -1.682140058e+01 -1.682140058e+01
16139 0 +1.121701799e-01 -1.682782982e+01 -1.682782982e+01
16328 0 +9.852549179e-02 -1.684147451e+01 -1.684147451e+01
16433 0 +8.770284823e-02 -1.685229715e+01 -1.685229715e+01
16517 0 +7.873943616e-02 -1.686126056e+01 -1.686126056e+01
22576 0 +6.892163542e-02 -1.687107836e+01 -1.687107836e+01
22660 0 +6.149568878e-02 -1.687850431e+01 -1.687850431e+01
22702 0 +5.261889723e-02 -1.688738110e+01 -1.688738110e+01
22765 0 +4.992584727e-02 -1.689007415e+01 -1.689007415e+01
22933 0 +4.423646328e-02 -1.689576354e+01 -1.689576354e+01
23122 0 +3.981035646e-02 -1.690018964e+01 -1.690018964e+01
25747 0 +3.180276994e-02 -1.690819723e+01 -1.690819723e+01
25810 0 +3.160780650e-02 -1.690839219e+01 -1.690839219e+01
25894 0 +2.689437015e-02 -1.691310563e+01 -1.691310563e+01
25978 0 +2.371519787e-02 -1.691628480e+01 -1.691628480e+01
26083 0 +2.222115459e-02 -1.691777885e+01 -1.691777885e+01
29780 0 +1.871917975e-02 -1.692128082e+01 -1.692128082e+01
30032 0 +1.766879722e-02 -1.692233120e+01 -1.692233120e+01
32700 0 +1.580997501e-02 -1.692419002e+01 -1.692419002e+01
32910 0 +1.408639667e-02 -1.692591360e+01 -1.692591360e+01
38855 0 +1.185368055e-02 -1.692814632e+01 -1.692814632e+01
39065 0 +1.118538861e-02 -1.692881461e+01 -1.692881461e+01
50094 0 +9.996861749e-03 -1.693000314e+01 -1.693000314e+01
200711 0 +9.686866167e-03 -1.693031313e+01 -1.693031313e+01
% f evaluations | g evaluations | best noise-free fitness - Fopt (1.881000000000e+01) + sum g_i+ | measured fitness | best measured fitness or single-digit g-values | x1 | x2...
1 0 +2.198677347e+01 +4.079677347e+01 +4.079677347e+01
2 0 +1.950405479e+01 +3.831405479e+01 +3.831405479e+01
3 0 +1.233292538e+01 +3.114292538e+01 +3.114292538e+01
4 0 +1.117600194e+01 +2.998600194e+01 +2.998600194e+01
14 0 +7.329409766e+00 +2.613940977e+01 +2.613940977e+01
44 0 +7.055147382e+00 +2.586514738e+01 +2.586514738e+01
112 0 +5.947635321e+00 +2.475763532e+01 +2.475763532e+01
198 0 +5.186591580e+00 +2.399659158e+01 +2.399659158e+01
241 0 +4.358162368e+00 +2.316816237e+01 +2.316816237e+01
304 0 +3.899561803e+00 +2.270956180e+01 +2.270956180e+01
409 0 +3.510732837e+00 +2.232073284e+01 +2.232073284e+01
598 0 +2.978053507e+00 +2.178805351e+01 +2.178805351e+01
619 0 +2.749455785e+00 +2.155945579e+01 +2.155945579e+01
724 0 +2.448394648e+00 +2.125839465e+01 +2.125839465e+01
829 0 +2.216572601e+00 +2.102657260e+01 +2.102657260e+01
3401 0 +1.988621294e+00 +2.079862129e+01 +2.079862129e+01
3632 0 +1.756783365e+00 +2.056678337e+01 +2.056678337e+01
5889 0 +1.568096650e+00 +2.037809665e+01 +2.037809665e+01
7143 0 +1.374572230e+00 +2.018457223e+01 +2.018457223e+01
7191 0 +1.227230166e+00 +2.003723017e+01 +2.003723017e+01
7201 0 +1.022431396e+00 +1.983243140e+01 +1.983243140e+01
7264 0 +9.671138100e-01 +1.977711381e+01 +1.977711381e+01
7285 0 +8.578926251e-01 +1.966789263e+01 +1.966789263e+01
7306 0 +7.905330427e-01 +1.960053304e+01 +1.960053304e+01
7411 0 +7.079052700e-01 +1.951790527e+01 +1.951790527e+01
7474 0 +6.080626010e-01 +1.941806260e+01 +1.941806260e+01
8356 0 +5.622369608e-01 +1.937223696e+01 +1.937223696e+01
12893 0 +4.922059655e-01 +1.930220597e+01 +1.930220597e+01
15503 0 +4.201577920e-01 +1.923015779e+01 +1.923015779e+01
15654 0 +3.834917561e-01 +1.919349176e+01 +1.919349176e+01
15738 0 +3.420919639e-01 +1.915209196e+01 +1.915209196e+01
15822 0 +3.054655481e-01 +1.911546555e+01 +1.911546555e+01
15906 0 +2.780748210e-01 +1.908807482e+01 +1.908807482e+01
18091 0 +2.375933420e-01 +1.904759334e+01 +1.904759334e+01
18154 0 +2.130833383e-01 +1.902308334e+01 +1.902308334e+01
18343 0 +1.970678615e-01 +1.900706786e+01 +1.900706786e+01
18511 0 +1.749230255e-01 +1.898492303e+01 +1.898492303e+01
20969 0 +1.578195213e-01 +1.896781952e+01 +1.896781952e+01
21137 0 +1.398521675e-01 +1.894985217e+01 +1.894985217e+01
21368 0 +1.238742214e-01 +1.893387422e+01 +1.893387422e+01
26409 0 +1.111686598e-01 +1.892116866e+01 +1.892116866e+01
29035 0 +9.010038755e-02 +1.890010039e+01 +1.890010039e+01
29077 0 +8.734675555e-02 +1.889734676e+01 +1.889734676e+01
29560 0 +7.909974606e-02 +1.888909975e+01 +1.888909975e+01
32060 0 +7.059840307e-02 +1.888059840e+01 +1.888059840e+01
35001 0 +6.309461525e-02 +1.887309462e+01 +1.887309462e+01
37858 0 +5.592237025e-02 +1.886592237e+01 +1.886592237e+01
38446 0 +5.006845439e-02 +1.886006845e+01 +1.886006845e+01
200532 0 +4.603912501e-02 +1.885603913e+01 +1.885603913e+01
% f evaluations | g evaluations | best noise-free fitness - Fopt (2.731500000000e+02) + sum g_i+ | measured fitness | best measured fitness or single-digit g-values | x1 | x2...
1 0 +3.301060494e+01 +3.061606049e+02 +3.061606049e+02
2 0 +3.121827140e+01 +3.043682714e+02 +3.043682714e+02
15 0 +2.629380267e+01 +2.994438027e+02 +2.994438027e+02
25 0 +1.937591220e+01 +2.925259122e+02 +2.925259122e+02
38 0 +1.646005989e+01 +2.896100599e+02 +2.896100599e+02
43 0 +1.206389080e+01 +2.852138908e+02 +2.852138908e+02
74 0 +7.180924963e+00 +2.803309250e+02 +2.803309250e+02
77 0 +6.759517264e+00 +2.799095173e+02 +2.799095173e+02
175 0 +6.059625113e+00 +2.792096251e+02 +2.792096251e+02
241 0 +4.908201905e+00 +2.780582019e+02 +2.780582019e+02
262 0 +4.094270392e+00 +2.772442704e+02 +2.772442704e+02
283 0 +3.608327469e+00 +2.767583275e+02 +2.767583275e+02
346 0 +3.538283258e+00 +2.766882833e+02 +2.766882833e+02
430 0 +3.029394109e+00 +2.761793941e+02 +2.761793941e+02
472 0 +2.704955384e+00 +2.758549554e+02 +2.758549554e+02
577 0 +2.501286436e+00 +2.756512864e+02 +2.756512864e+02
2603 0 +2.201786395e+00 +2.753517864e+02 +2.753517864e+02
2645 0 +1.908246000e+00 +2.750582460e+02 +2.750582460e+02
2708 0 +1.746487642e+00 +2.748964876e+02 +2.748964876e+02
2750 0 +1.469893022e+00 +2.746198930e+02 +2.746198930e+02
2771 0 +1.357211005e+00 +2.745072110e+02 +2.745072110e+02
2876 0 +1.241419387e+00 +2.743914194e+02 +2.743914194e+02
4224 0 +1.079031656e+00 +2.742290317e+02 +2.742290317e+02
4251 0 +8.838761645e-01 +2.740338762e+02 +2.740338762e+02
4398 0 +7.859440165e-01 +2.739359440e+02 +2.739359440e+02
4461 0 +6.998717536e-01 +2.738498718e+02 +2.738498718e+02
4587 0 +6.281782675e-01 +2.737781783e+02 +2.737781783e+02
5070 0 +5.593838404e-01 +2.737093838e+02 +2.737093838e+02
8326 0 +4.904991371e-01 +2.736404991e+02 +2.736404991e+02
9974 0 +4.378189530e-01 +2.735878190e+02 +2.735878190e+02
10247 0 +3.928564861e-01 +2.735428565e+02 +2.735428565e+02
13191 0 +3.241178472e-01 +2.734741178e+02 +2.734741178e+02
13205 0 +2.756453994e-01 +2.734256454e+02 +2.734256454e+02
13407 0 +2.492684218e-01 +2.733992684e+02 +2.733992684e+02
13764 0 +2.237244446e-01 +2.733737244e+02 +2.733737244e+02
15853 0 +1.779317856e-01 +2.733279318e+02 +2.733279318e+02
15863 0 +1.579265176e-01 +2.733079265e+02 +2.733079265e+02
15875 0 +1.256352816e-01 +2.732756353e+02 +2.732756353e+02
15907 0 +1.042722989e-01 +2.732542723e+02 +2.732542723e+02
16012 0 +8.146770524e-02 +2.732314677e+02 +2.732314677e+02
16054 0 +7.142027090e-02 +2.732214203e+02 +2.732214203e+02
16096 0 +6.630456042e-02 +2.732163046e+02 +2.732163046e+02
16180 0 +6.218173503e-02 +2.732121817e+02 +2.732121817e+02
16873 0 +5.621241491e-02 +2.732062124e+02 +2.732062124e+02
19172 0 +4.772000583e-02 +2.731977200e+02 +2.731977200e+02
19193 0 +4.377743017e-02 +2.731937774e+02 +2.731937774e+02
19256 0 +3.827145441e-02 +2.731882715e+02 +2.731882715e+02
19277 0 +3.415963645e-02 +2.731841596e+02 +2.731841596e+02
19382 0 +3.109585352e-02 +2.731810959e+02 +2.731810959e+02
19592 0 +2.781633605e-02 +2.731778163e+02 +2.731778163e+02
19760 0 +2.500315922e-02 +2.731750032e+02 +2.731750032e+02
19823 0 +2.172692964e-02 +2.731717269e+02 +2.731717269e+02
21807 0 +1.991178268e-02 +2.731699118e+02 +2.731699118e+02
26848 0 +1.711544057e-02 +2.731671154e+02 +2.731671154e+02
27016 0 +1.575651475e-02 +2.731657565e+02 +2.731657565e+02
27205 0 +1.404380923e-02 +2.731640438e+02 +2.731640438e+02
27331 0 +1.232815859e-02 +2.731623282e+02 +2.731623282e+02
27373 0 +1.110172459e-02 +2.731611017e+02 +2.731611017e+02
27457 0 +9.953993933e-03 +2.731599540e+02 +2.731599540e+02
31763 0 +8.756382377e-03 +2.731587564e+02 +2.731587564e+02
31847 0 +7.906277919e-03 +2.731579063e+02 +2.731579063e+02
32015 0 +6.970050939e-03 +2.731569701e+02 +2.731569701e+02
34713 0 +5.926473857e-03 +2.731559265e+02 +2.731559265e+02
34776 0 +5.389990214e-03 +2.731553900e+02 +2.731553900e+02
34860 0 +4.762914980e-03 +2.731547629e+02 +2.731547629e+02
35007 0 +4.412454034e-03 +2.731544125e+02 +2.731544125e+02
35259 0 +3.793956984e-03 +2.731537940e+02 +2.731537940e+02
35385 0 +3.528986203e-03 +2.731535290e+02 +2.731535290e+02
35469 0 +3.139304518e-03 +2.731531393e+02 +2.731531393e+02
40027 0 +2.793642439e-03 +2.731527936e+02 +2.731527936e+02
42737 0 +2.223179891e-03 +2.731522232e+02 +2.731522232e+02
42926 0 +1.741563861e-03 +2.731517416e+02 +2.731517416e+02
43094 0 +1.567125145e-03 +2.731515671e+02 +2.731515671e+02
49165 0 +1.240164985e-03 +2.731512402e+02 +2.731512402e+02
49375 0 +1.121188226e-03 +2.731511212e+02 +2.731511212e+02
49417 0 +9.482194498e-04 +2.731509482e+02 +2.731509482e+02
49669 0 +8.681969988e-04 +2.731508682e+02 +2.731508682e+02
50173 0 +7.894501089e-04 +2.731507895e+02 +2.731507895e+02
200940 0 +7.792870034e-04 +2.731507793e+02 +2.731507793e+02
% f evaluations | g evaluations | best noise-free fitness - Fopt (3.718000000000e+01) + sum g_i+ | measured fitness | best measured fitness or single-digit g-values | x1 | x2...
1 0 +3.312281660e+01 +7.030281660e+01 +7.030281660e+01
2 0 +9.475720999e+00 +4.665572100e+01 +4.665572100e+01
39 0 +8.336685957e+00 +4.551668596e+01 +4.551668596e+01
88 0 +7.612528732e+00 +4.479252873e+01 +4.479252873e+01
95 0 +6.766384295e+00 +4.394638429e+01 +4.394638429e+01
101 0 +6.241663958e+00 +4.342166396e+01 +4.342166396e+01
102 0 +5.380715253e+00 +4.256071525e+01 +4.256071525e+01
158 0 +4.749083765e+00 +4.192908377e+01 +4.192908377e+01
217 0 +4.144244436e+00 +4.132424444e+01 +4.132424444e+01
231 0 +3.334398656e+00 +4.051439866e+01 +4.051439866e+01
283 0 +3.086294089e+00 +4.026629409e+01 +4.026629409e+01
325 0 +2.676836027e+00 +3.985683603e+01 +3.985683603e+01
367 0 +2.485797313e+00 +3.966579731e+01 +3.966579731e+01
535 0 +2.219948935e+00 +3.939994893e+01 +3.939994893e+01
829 0 +1.995115882e+00 +3.917511588e+01 +3.917511588e+01
4493 0 +1.347911664e+00 +3.852791166e+01 +3.852791166e+01
4556 0 +1.102256043e+00 +3.828225604e+01 +3.828225604e+01
4703 0 +9.961534889e-01 +3.817615349e+01 +3.817615349e+01
4787 0 +8.602093960e-01 +3.804020940e+01 +3.804020940e+01
4871 0 +7.934751970e-01 +3.797347520e+01 +3.797347520e+01
5018 0 +7.055190297e-01 +3.788551903e+01 +3.788551903e+01
9859 0 +5.635509770e-01 +3.774355098e+01 +3.774355098e+01
10078 0 +5.492469308e-01 +3.772924693e+01 +3.772924693e+01
10162 0 +4.913907654e-01 +3.767139077e+01 +3.767139077e+01
10225 0 +4.412252553e-01 +3.762122526e+01 +3.762122526e+01
10435 0 +3.976455314e-01 +3.757764553e+01 +3.757764553e+01
12672 0 +2.927001421e-01 +3.747270014e+01 +3.747270014e+01
12872 0 +2.748290444e-01 +3.745482904e+01 +3.745482904e+01
12893 0 +2.208181549e-01 +3.740081815e+01 +3.740081815e+01
12977 0 +1.936474281e-01 +3.737364743e+01 +3.737364743e+01
13187 0 +1.742932019e-01 +3.735429320e+01 +3.735429320e+01
13607 0 +1.584263021e-01 +3.733842630e+01 +3.733842630e+01
15843 0 +1.331525600e-01 +3.731315256e+01 +3.731315256e+01
15948 0 +1.245035003e-01 +3.730450350e+01 +3.730450350e+01
16158 0 +1.099910639e-01 +3.728999106e+01 +3.728999106e+01
16431 0 +9.981624684e-02 +3.727981625e+01 +3.727981625e+01
18701 0 +8.820998608e-02 +3.726820999e+01 +3.726820999e+01
18961 0 +7.560790334e-02 +3.725560790e+01 +3.725560790e+01
19045 0 +6.995669738e-02 +3.724995670e+01 +3.724995670e+01
19108 0 +6.125426650e-02 +3.724125427e+01 +3.724125427e+01
19192 0 +5.549196984e-02 +3.723549197e+01 +3.723549197e+01
19318 0 +4.929594253e-02 +3.722929594e+01 +3.722929594e+01
21575 0 +4.260984180e-02 +3.722260984e+01 +3.722260984e+01
21785 0 +3.952500866e-02 +3.721952501e+01 +3.721952501e+01
22121 0 +3.547381224e-02 +3.721547381e+01 +3.721547381e+01
25493 0 +3.011433970e-02 +3.721011434e+01 +3.721011434e+01
25650 0 +2.746306035e-02 +3.720746306e+01 +3.720746306e+01
25755 0 +2.479153217e-02 +3.720479153e+01 +3.720479153e+01
26007 0 +2.225222017e-02 +3.720225222e+01 +3.720225222e+01
26154 0 +1.962569702e-02 +3.719962570e+01 +3.719962570e+01
30040 0 +1.777623723e-02 +3.719777624e+01 +3.719777624e+01
30250 0 +1.583855961e-02 +3.719583856e+01 +3.719583856e+01
32855 0 +1.368174154e-02 +3.719368174e+01 +3.719368174e+01
32918 0 +1.252824642e-02 +3.719252825e+01 +3.719252825e+01
36594 0 +1.113021495e-02 +3.719113021e+01 +3.719113021e+01
38884 0 +9.929548953e-03 +3.718992955e+01 +3.718992955e+01
42014 0 +8.899484131e-03 +3.718889948e+01 +3.718889948e+01
45396 0 +7.929292525e-03 +3.718792929e+01 +3.718792929e+01
200915 0 +7.353413657e-03 +3.718735341e+01 +3.718735341e+01
% f evaluations | g evaluations | best noise-free fitness - Fopt (-1.479000000000e+02) + sum g_i+ | measured fitness | best measured fitness or single-digit g-values | x1 | x2...
1 0 +1.323337192e+01 -1.346666281e+02 -1.346666281e+02
13 0 +1.161663535e+01 -1.362833646e+02 -1.362833646e+02
28 0 +1.047496538e+01 -1.374250346e+02 -1.374250346e+02
42 0 +9.792253208e+00 -1.381077468e+02 -1.381077468e+02
72 0 +6.877534444e+00 -1.410224656e+02 -1.410224656e+02
122 0 +5.920938935e+00 -1.419790611e+02 -1.419790611e+02
148 0 +5.149160388e+00 -1.427508396e+02 -1.427508396e+02
183 0 +4.403370060e+00 -1.434966299e+02 -1.434966299e+02
409 0 +3.744081800e+00 -1.441559182e+02 -1.441559182e+02
451 0 +3.520812675e+00 -1.443791873e+02 -1.443791873e+02
514 0 +3.137345290e+00 -1.447626547e+02 -1.447626547e+02
640 0 +2.806058758e+00 -1.450939412e+02 -1.450939412e+02
2678 0 +2.356968425e+00 -1.455430316e+02 -1.455430316e+02
2699 0 +2.117212842e+00 -1.457827872e+02 -1.457827872e+02
2720 0 +1.954743742e+00 -1.459452563e+02 -1.459452563e+02
2846 0 +1.705559093e+00 -1.461944409e+02 -1.461944409e+02
2867 0 +1.577667995e+00 -1.463223320e+02 -1.463223320e+02
3098 0 +1.410274336e+00 -1.464897257e+02 -1.464897257e+02
8495 0 +1.229959794e+00 -1.466700402e+02 -1.466700402e+02
8768 0 +1.114978144e+00 -1.467850219e+02 -1.467850219e+02
10431 0 +9.954539421e-01 -1.469045461e+02 -1.469045461e+02
10457 0 +8.535663982e-01 -1.470464336e+02 -1.470464336e+02
10476 0 +7.623853209e-01 -1.471376147e+02 -1.471376147e+02
10605 0 +6.085998069e-01 -1.472914002e+02 -1.472914002e+02
10647 0 +5.281254773e-01 -1.473718745e+02 -1.473718745e+02
10689 0 +4.909420129e-01 -1.474090580e+02 -1.474090580e+02
10731 0 +4.427682154e-01 -1.474572318e+02 -1.474572318e+02
11403 0 +3.976532021e-01 -1.475023468e+02 -1.475023468e+02
13945 0 +3.137466655e-01 -1.475862533e+02 -1.475862533e+02
14050 0 +2.686250190e-01 -1.476313750e+02 -1.476313750e+02
14218 0 +2.507503095e-01 -1.476492497e+02 -1.476492497e+02
17852 0 +2.164638564e-01 -1.476835361e+02 -1.476835361e+02
17936 0 +1.915089299e-01 -1.477084911e+02 -1.477084911e+02
18020 0 +1.745515379e-01 -1.477254485e+02 -1.477254485e+02
18062 0 +1.500748988e-01 -1.477499251e+02 -1.477499251e+02
18083 0 +1.310360751e-01 -1.477689639e+02 -1.477689639e+02
18146 0 +1.254846998e-01 -1.477745153e+02 -1.477745153e+02
18335 0 +1.116720766e-01 -1.477883279e+02 -1.477883279e+02
23889 0 +9.279209227e-02 -1.478072079e+02 -1.478072079e+02
23931 0 +8.766638939e-02 -1.478123336e+02 -1.478123336e+02
24036 0 +7.897961223e-02 -1.478210204e+02 -1.478210204e+02
24078 0 +6.851088953e-02 -1.478314891e+02 -1.478314891e+02
24267 0 +6.286539828e-02 -1.478371346e+02 -1.478371346e+02
28105 0 +5.325508683e-02 -1.478467449e+02 -1.478467449e+02
28279 0 +5.000074482e-02 -1.478499993e+02 -1.478499993e+02
28447 0 +4.449279824e-02 -1.478555072e+02 -1.478555072e+02
28846 0 +3.976108855e-02 -1.478602389e+02 -1.478602389e+02
30620 0 +3.373989533e-02 -1.478662601e+02 -1.478662601e+02
30893 0 +3.160575946e-02 -1.478683942e+02 -1.478683942e+02
34169 0 +2.809453798e-02 -1.478719055e+02 -1.478719055e+02
36774 0 +2.471579682e-02 -1.478752842e+02 -1.478752842e+02
37299 0 +2.233258644e-02 -1.478776674e+02 -1.478776674e+02
42870 0 +1.992342903e-02 -1.478800766e+02 -1.478800766e+02
43076 0 +1.767970821e-02 -1.478823203e+02 -1.478823203e+02
46038 0 +1.584168513e-02 -1.478841583e+02 -1.478841583e+02
200231 0 +1.493583668e-02 -1.478850642e+02 -1.478850642e+02
% f evaluations | g evaluations | best noise-free fitness - Fopt (4.817100000000e+02) + sum g_i+ | measured fitness | best measured fitness or single-digit g-values | x1 | x2...
1 0 +1.880588563e+01 +5.005158856e+02 +5.005158856e+02
2 0 +1.798748655e+01 +4.996974866e+02 +4.996974866e+02
4 0 +9.462998088e+00 +4.911729981e+02 +4.911729981e+02
6 0 +8.125229015e+00 +4.898352290e+02 +4.898352290e+02
52 0 +7.200847605e+00 +4.889108476e+02 +4.889108476e+02
57 0 +6.819661336e+00 +4.885296613e+02 +4.885296613e+02
81 0 +6.098565603e+00 +4.878085656e+02 +4.878085656e+02
190 0 +5.507616393e+00 +4.872176164e+02 +4.872176164e+02
194 0 +4.620571528e+00 +4.863305715e+02 +4.863305715e+02
229 0 +3.852876016e+00 +4.855628760e+02 +4.855628760e+02
388 0 +3.414381764e+00 +4.851243818e+02 +4.851243818e+02
430 0 +3.087996099e+00 +4.847979961e+02 +4.847979961e+02
514 0 +2.742553735e+00 +4.844525537e+02 +4.844525537e+02
3607 0 +2.366826524e+00 +4.840768265e+02 +4.840768265e+02
3716 0 +2.114995583e+00 +4.838249956e+02 +4.838249956e+02
3758 0 +1.862366240e+00 +4.835723662e+02 +4.835723662e+02
3779 0 +1.743998911e+00 +4.834539989e+02 +4.834539989e+02
3842 0 +1.561054198e+00 +4.832710542e+02 +4.832710542e+02
3947 0 +1.384617211e+00 +4.830946172e+02 +4.830946172e+02
7590 0 +1.231995762e+00 +4.829419958e+02 +4.829419958e+02
7737 0 +1.109771974e+00 +4.828197720e+02 +4.828197720e+02
8073 0 +9.949667302e-01 +4.827049667e+02 +4.827049667e+02
10162 0 +5.698621331e-01 +4.822798621e+02 +4.822798621e+02
10225 0 +5.096787927e-01 +4.822196788e+02 +4.822196788e+02
10246 0 +4.482654968e-01 +4.821582655e+02 +4.821582655e+02
10267 0 +4.140681146e-01 +4.821240681e+02 +4.821240681e+02
10330 0 +3.866442259e-01 +4.820966442e+02 +4.820966442e+02
10435 0 +3.474745064e-01 +4.820574745e+02 +4.820574745e+02
16358 0 +3.110471285e-01 +4.820210471e+02 +4.820210471e+02
16421 0 +2.681324996e-01 +4.819781325e+02 +4.819781325e+02
16505 0 +2.476070432e-01 +4.819576070e+02 +4.819576070e+02
20369 0 +2.132875443e-01 +4.819232875e+02 +4.819232875e+02
20390 0 +1.925404372e-01 +4.819025404e+02 +4.819025404e+02
20411 0 +1.764644176e-01 +4.818864644e+02 +4.818864644e+02
20537 0 +1.577642853e-01 +4.818677643e+02 +4.818677643e+02
20579 0 +1.409615095e-01 +4.818509615e+02 +4.818509615e+02
20726 0 +1.242955993e-01 +4.818342956e+02 +4.818342956e+02
23382 0 +9.882064925e-02 +4.818088206e+02 +4.818088206e+02
23508 0 +8.890631914e-02 +4.817989063e+02 +4.817989063e+02
23634 0 +7.737131302e-02 +4.817873713e+02 +4.817873713e+02
23697 0 +6.899426281e-02 +4.817789943e+02 +4.817789943e+02
23949 0 +6.293951280e-02 +4.817729395e+02 +4.817729395e+02
31496 0 +5.342840670e-02 +4.817634284e+02 +4.817634284e+02
31686 0 +4.698483761e-02 +4.817569848e+02 +4.817569848e+02
31728 0 +4.420708336e-02 +4.817542071e+02 +4.817542071e+02
31770 0 +3.854769979e-02 +4.817485477e+02 +4.817485477e+02
31917 0 +3.512698640e-02 +4.817451270e+02 +4.817451270e+02
32232 0 +3.111414150e-02 +4.817411141e+02 +4.817411141e+02
39152 0 +2.808622200e-02 +4.817380862e+02 +4.817380862e+02
39530 0 +2.506696362e-02 +4.817350670e+02 +4.817350670e+02
42302 0 +2.063403465e-02 +4.817306340e+02 +4.817306340e+02
42429 0 +1.819221608e-02 +4.817281922e+02 +4.817281922e+02
42450 0 +1.320075783e-02 +4.817232008e+02 +4.817232008e+02
42471 0 +1.237982806e-02 +4.817223798e+02 +4.817223798e+02
42492 0 +1.092898997e-02 +4.817209290e+02 +4.817209290e+02
42513 0 +9.820691816e-03 +4.817198207e+02 +4.817198207e+02
42534 0 +8.756735267e-03 +4.817187567e+02 +4.817187567e+02
42702 0 +7.715196522e-03 +4.817177152e+02 +4.817177152e+02
42975 0 +6.964751276e-03 +4.817169648e+02 +4.817169648e+02
43038 0 +6.264832250e-03 +4.817162648e+02 +4.817162648e+02
200777 0 +5.773119239e-03 +4.817157731e+02 +4.817157731e+02
% f evaluations | g evaluations | best noise-free fitness - Fopt (-3.646000000000e+01) + sum g_i+ | measured fitness | best measured fitness or single-digit g-values | x1 | x2...
1 0 +1.412722186e+01 -2.233277814e+01 -2.233277814e+01
4 0 +1.393503512e+01 -2.252496488e+01 -2.252496488e+01
10 0 +1.223154028e+01 -2.422845972e+01 -2.422845972e+01
11 0 +1.069175672e+01 -2.576824328e+01 -2.576824328e+01
37 0 +9.821040138e+00 -2.663895986e+01 -2.663895986e+01
61 0 +8.494250745e+00 -2.796574925e+01 -2.796574925e+01
71 0 +7.563116469e+00 -2.889688353e+01 -2.889688353e+01
73 0 +6.742773819e+00 -2.971722618e+01 -2.971722618e+01
112 0 +6.231042053e+00 -3.022895795e+01 -3.022895795e+01
138 0 +5.549223051e+00 -3.091077695e+01 -3.091077695e+01
198 0 +4.866064349e+00 -3.159393565e+01 -3.159393565e+01
283 0 +4.056433010e+00 -3.240356699e+01 -3.240356699e+01
346 0 +3.942817658e+00 -3.251718234e+01 -3.251718234e+01
409 0 +3.196489893e+00 -3.326351011e+01 -3.326351011e+01
451 0 +3.021739895e+00 -3.343826011e+01 -3.343826011e+01
472 0 +2.739979010e+00 -3.372002099e+01 -3.372002099e+01
493 0 +2.476518557e+00 -3.398348144e+01 -3.398348144e+01
577 0 +2.163892086e+00 -3.429610791e+01 -3.429610791e+01
682 0 +1.992784479e+00 -3.446721552e+01 -3.446721552e+01
3622 0 +1.658768971e+00 -3.480123103e+01 -3.480123103e+01
3643 0 +1.577453219e+00 -3.488254678e+01 -3.488254678e+01
8174 0 +1.318287682e+00 -3.514171232e+01 -3.514171232e+01
8304 0 +1.212971686e+00 -3.524702831e+01 -3.524702831e+01
8378 0 +1.062019170e+00 -3.539798083e+01 -3.539798083e+01
8399 0 +9.448288884e-01 -3.551517111e+01 -3.551517111e+01
8462 0 +8.875348245e-01 -3.557246518e+01 -3.557246518e+01
8567 0 +7.841556856e-01 -3.567584431e+01 -3.567584431e+01
11540 0 +6.878897971e-01 -3.577211020e+01 -3.577211020e+01
11632 0 +5.771165004e-01 -3.588288350e+01 -3.588288350e+01
11643 0 +5.012705433e-01 -3.595872946e+01 -3.595872946e+01
11685 0 +4.327096424e-01 -3.602729036e+01 -3.602729036e+01
11706 0 +3.695865005e-01 -3.609041350e+01 -3.609041350e+01
11748 0 +3.531692432e-01 -3.610683076e+01 -3.610683076e+01
11874 0 +3.115891442e-01 -3.614841086e+01 -3.614841086e+01
11916 0 +2.785207288e-01 -3.618147927e+01 -3.618147927e+01
12063 0 +2.500622392e-01 -3.620993776e+01 -3.620993776e+01
14269 0 +2.237170210e-01 -3.623628298e+01 -3.623628298e+01
14437 0 +1.838744050e-01 -3.627612559e+01 -3.627612559e+01
14479 0 +1.772321944e-01 -3.628276781e+01 -3.628276781e+01
14668 0 +1.578520235e-01 -3.630214798e+01 -3.630214798e+01
17546 0 +1.340091748e-01 -3.632599083e+01 -3.632599083e+01
17609 0 +1.226097484e-01 -3.633739025e+01 -3.633739025e+01
17756 0 +1.116413783e-01 -3.634835862e+01 -3.634835862e+01
18092 0 +9.846664536e-02 -3.636153335e+01 -3.636153335e+01
20791 0 +8.351399957e-02 -3.637648600e+01 -3.637648600e+01
20823 0 +6.940107752e-02 -3.639059892e+01 -3.639059892e+01
20928 0 +5.979408479e-02 -3.640020592e+01 -3.640020592e+01
20970 0 +5.538336777e-02 -3.640461663e+01 -3.640461663e+01
21012 0 +4.921175775e-02 -3.641078824e+01 -3.641078824e+01
21201 0 +4.441141677e-02 -3.641558858e+01 -3.641558858e+01
25296 0 +3.742316807e-02 -3.642257683e+01 -3.642257683e+01
25485 0 +3.479757085e-02 -3.642520243e+01 -3.642520243e+01
25779 0 +3.133059992e-02 -3.642866940e+01 -3.642866940e+01
32585 0 +2.756441754e-02 -3.643243558e+01 -3.643243558e+01
32774 0 +2.508349417e-02 -3.643491651e+01 -3.643491651e+01
33026 0 +2.218292880e-02 -3.643781707e+01 -3.643781707e+01
35631 0 +1.961870214e-02 -3.644038130e+01 -3.644038130e+01
35736 0 +1.777531249e-02 -3.644222469e+01 -3.644222469e+01
36471 0 +1.583078204e-02 -3.644416922e+01 -3.644416922e+01
39768 0 +1.400087577e-02 -3.644599912e+01 -3.644599912e+01
40104 0 +1.256971768e-02 -3.644743028e+01 -3.644743028e+01
40314 0 +1.100939179e-02 -3.644899061e+01 -3.644899061e+01
46805 0 +9.988543796e-03 -3.645001146e+01 -3.645001146e+01
49095 0 +8.873194958e-03 -3.645112681e+01 -3.645112681e+01
52393 0 +7.892206281e-03 -3.645210779e+01 -3.645210779e+01
200572 0 +7.336943767e-03 -3.645266306e+01 -3.645266306e+01
% f evaluations | g evaluations | best noise-free fitness - Fopt (3.920000000000e+01) + sum g_i+ | measured fitness | best measured fitness or single-digit g-values | x1 | x2...
1 0 +3.767651363e+01 +7.687651363e+01 +7.687651363e+01
2 0 +2.320359657e+01 +6.240359657e+01 +6.240359657e+01
3 0 +2.038840924e+01 +5.958840924e+01 +5.958840924e+01
6 0 +1.669610034e+01 +5.589610034e+01 +5.589610034e+01
21 0 +1.532742988e+01 +5.452742988e+01 +5.452742988e+01
33 0 +1.373594514e+01 +5.293594514e+01 +5.293594514e+01
58 0 +1.126909289e+01 +5.046909289e+01 +5.046909289e+01
66 0 +9.954260138e+00 +4.915426014e+01 +4.915426014e+01
80 0 +8.650216565e+00 +4.785021657e+01 +4.785021657e+01
130 0 +7.671789608e+00 +4.687178961e+01 +4.687178961e+01
203 0 +6.771054033e+00 +4.597105403e+01 +4.597105403e+01
304 0 +5.746386344e+00 +4.494638634e+01 +4.494638634e+01
367 0 +5.549897266e+00 +4.474989727e+01 +4.474989727e+01
409 0 +4.998231367e+00 +4.419823137e+01 +4.419823137e+01
493 0 +4.447875824e+00 +4.364787582e+01 +4.364787582e+01
1953 0 +3.560054167e+00 +4.276005417e+01 +4.276005417e+01
2070 0 +3.128693047e+00 +4.232869305e+01 +4.232869305e+01
2112 0 +2.689133747e+00 +4.188913375e+01 +4.188913375e+01
2125 0 +2.304728499e+00 +4.150472850e+01 +4.150472850e+01
2126 0 +1.972098440e+00 +4.117209844e+01 +4.117209844e+01
2225 0 +1.744390129e+00 +4.094439013e+01 +4.094439013e+01
2246 0 +1.577644704e+00 +4.077764470e+01 +4.077764470e+01
2288 0 +1.399981781e+00 +4.059998178e+01 +4.059998178e+01
2351 0 +1.244296192e+00 +4.044429619e+01 +4.044429619e+01
2414 0 +1.072258864e+00 +4.027225886e+01 +4.027225886e+01
2498 0 +9.934143807e-01 +4.019341438e+01 +4.019341438e+01
2666 0 +8.837868936e-01 +4.008378689e+01 +4.008378689e+01
5763 0 +7.587675188e-01 +3.995876752e+01 +3.995876752e+01
5805 0 +6.993350269e-01 +3.989933503e+01 +3.989933503e+01
5931 0 +6.296151794e-01 +3.982961518e+01 +3.982961518e+01
7717 0 +5.464772165e-01 +3.974647722e+01 +3.974647722e+01
7780 0 +4.916001862e-01 +3.969160019e+01 +3.969160019e+01
7906 0 +4.416005198e-01 +3.964160052e+01 +3.964160052e+01
7948 0 +3.900019137e-01 +3.959000191e+01 +3.959000191e+01
8137 0 +3.503429034e-01 +3.955034290e+01 +3.955034290e+01
11036 0 +2.963584225e-01 +3.949635842e+01 +3.949635842e+01
11141 0 +2.793070303e-01 +3.947930703e+01 +3.947930703e+01
11267 0 +2.365569882e-01 +3.943655699e+01 +3.943655699e+01
11309 0 +2.212802707e-01 +3.942128027e+01 +3.942128027e+01
11456 0 +1.990182536e-01 +3.939901825e+01 +3.939901825e+01
15111 0 +1.777691622e-01 +3.937776916e+01 +3.937776916e+01
17527 0 +1.569960726e-01 +3.935699607e+01 +3.935699607e+01
17653 0 +1.384196444e-01 +3.933841964e+01 +3.933841964e+01
17968 0 +1.247041209e-01 +3.932470412e+01 +3.932470412e+01
19910 0 +1.084312429e-01 +3.930843124e+01 +3.930843124e+01
20162 0 +9.985840998e-02 +3.929985841e+01 +3.929985841e+01
20981 0 +8.909099396e-02 +3.928909099e+01 +3.928909099e+01
26170 0 +7.803365430e-02 +3.927803365e+01 +3.927803365e+01
28985 0 +7.037316500e-02 +3.927037317e+01 +3.927037317e+01
31463 0 +6.276523682e-02 +3.926276524e+01 +3.926276524e+01
37449 0 +5.618485879e-02 +3.925618486e+01 +3.925618486e+01
41924 0 +5.001968930e-02 +3.925001969e+01 +3.925001969e+01
200648 0 +4.648538743e-02 +3.924648539e+01 +3.924648539e+01
% f evaluations | g evaluations | best noise-free fitness - Fopt (-3.225000000000e+01) + sum g_i+ | measured fitness | best measured fitness or single-digit g-values | x1 | x2...
1 0 +1.428850385e+02 +1.106350385e+02 +1.106350385e+02
2 0 +7.585604705e+01 +4.360604705e+01 +4.360604705e+01
3 0 +5.199948037e+01 +1.974948037e+01 +1.974948037e+01
4 0 +1.863389584e+01 -1.361610416e+01 -1.361610416e+01
17 0 +1.586354066e+01 -1.638645934e+01 -1.638645934e+01
41 0 +1.506412471e+01 -1.718587529e+01 -1.718587529e+01
65 0 +1.395771498e+01 -1.829228502e+01 -1.829228502e+01
74 0 +1.242441963e+01 -1.982558037e+01 -1.982558037e+01
92 0 +1.121782910e+01 -2.103217090e+01 -2.103217090e+01
109 0 +9.909015680e+00 -2.234098432e+01 -2.234098432e+01
127 0 +8.238575945e+00 -2.401142405e+01 -2.401142405e+01
147 0 +6.962642979e+00 -2.528735702e+01 -2.528735702e+01
201 0 +5.585312268e+00 -2.666468773e+01 -2.666468773e+01
409 0 +4.928454496e+00 -2.732154550e+01 -2.732154550e+01
535 0 +4.456812948e+00 -2.779318705e+01 -2.779318705e+01
913 0 +3.967630121e+00 -2.828236988e+01 -2.828236988e+01
4085 0 +3.275497412e+00 -2.897450259e+01 -2.897450259e+01
4134 0 +2.932629355e+00 -2.931737064e+01 -2.931737064e+01
4148 0 +2.485398755e+00 -2.976460124e+01 -2.976460124e+01
4241 0 +2.153936054e+00 -3.009606395e+01 -3.009606395e+01
4388 0 +1.950504799e+00 -3.029949520e+01 -3.029949520e+01
4430 0 +1.732848056e+00 -3.051715194e+01 -3.051715194e+01
4451 0 +1.534983709e+00 -3.071501629e+01 -3.071501629e+01
4514 0 +1.399605995e+00 -3.085039400e+01 -3.085039400e+01
4556 0 +1.254901369e+00 -3.099509863e+01 -3.099509863e+01
4703 0 +1.076752459e+00 -3.117324754e+01 -3.117324754e+01
4745 0 +9.980741878e-01 -3.125192581e+01 -3.125192581e+01
4871 0 +8.780782108e-01 -3.137192179e+01 -3.137192179e+01
9471 0 +7.725706189e-01 -3.147742938e+01 -3.147742938e+01
9555 0 +6.976654319e-01 -3.155233457e+01 -3.155233457e+01
9597 0 +5.937144344e-01 -3.165628557e+01 -3.165628557e+01
9639 0 +5.534335745e-01 -3.169656643e+01 -3.169656643e+01
9765 0 +4.990367490e-01 -3.175096325e+01 -3.175096325e+01
12316 0 +4.441307619e-01 -3.180586924e+01 -3.180586924e+01
12505 0 +3.905761015e-01 -3.185942390e+01 -3.185942390e+01
12778 0 +3.534106026e-01 -3.189658940e+01 -3.189658940e+01
15362 0 +3.056279718e-01 -3.194437203e+01 -3.194437203e+01
15425 0 +2.746680001e-01 -3.197533200e+01 -3.197533200e+01
15467 0 +2.492518278e-01 -3.200074817e+01 -3.200074817e+01
15614 0 +2.173684525e-01 -3.203263155e+01 -3.203263155e+01
15761 0 +1.978030257e-01 -3.205219697e+01 -3.205219697e+01
18828 0 +1.724407804e-01 -3.207755922e+01 -3.207755922e+01
18891 0 +1.527423964e-01 -3.209725760e+01 -3.209725760e+01
19017 0 +1.407993960e-01 -3.210920060e+01 -3.210920060e+01
21988 0 +1.232616250e-01 -3.212673838e+01 -3.212673838e+01
22135 0 +1.113945872e-01 -3.213860541e+01 -3.213860541e+01
22177 0 +9.823739303e-02 -3.215176261e+01 -3.215176261e+01
22282 0 +8.767296241e-02 -3.216232704e+01 -3.216232704e+01
22345 0 +7.823118626e-02 -3.217176881e+01 -3.217176881e+01
22429 0 +6.780731772e-02 -3.218219268e+01 -3.218219268e+01
22534 0 +6.043967234e-02 -3.218956033e+01 -3.218956033e+01
26420 0 +5.452602470e-02 -3.219547398e+01 -3.219547398e+01
26462 0 +4.850335281e-02 -3.220149665e+01 -3.220149665e+01
26546 0 +4.394099481e-02 -3.220605901e+01 -3.220605901e+01
26840 0 +3.980784588e-02 -3.221019215e+01 -3.221019215e+01
29550 0 +3.510727811e-02 -3.221489272e+01 -3.221489272e+01
36125 0 +3.099196518e-02 -3.221900803e+01 -3.221900803e+01
36356 0 +2.812249118e-02 -3.222187751e+01 -3.222187751e+01
36650 0 +2.508081148e-02 -3.222491919e+01 -3.222491919e+01
38835 0 +2.167219576e-02 -3.222832780e+01 -3.222832780e+01
40978 0 +1.989483101e-02 -3.223010517e+01 -3.223010517e+01
41188 0 +1.769859004e-02 -3.223230141e+01 -3.223230141e+01
41608 0 +1.577800126e-02 -3.223422200e+01 -3.223422200e+01
50641 0 +1.407841418e-02 -3.223592159e+01 -3.223592159e+01
200485 0 +1.326388375e-02 -3.223673612e+01 -3.223673612e+01
% f evaluations | g evaluations | best noise-free fitness - Fopt (3.681200000000e+02) + sum g_i+ | measured fitness | best measured fitness or single-digit g-values | x1 | x2...
1 0 +1.350711103e+01 +3.816271110e+02 +3.816271110e+02
22 0 +1.332433085e+01 +3.814443308e+02 +3.814443308e+02
24 0 +1.027518224e+01 +3.783951822e+02 +3.783951822e+02
26 0 +9.278646723e+00 +3.773986467e+02 +3.773986467e+02
38 0 +8.214529219e+00 +3.763345292e+02 +3.763345292e+02
51 0 +7.847873435e+00 +3.759678734e+02 +3.759678734e+02
77 0 +6.319119783e+00 +3.744391198e+02 +3.744391198e+02
139 0 +6.148415273e+00 +3.742684153e+02 +3.742684153e+02
157 0 +5.480753131e+00 +3.736007531e+02 +3.736007531e+02
197 0 +4.172702495e+00 +3.722927025e+02 +3.722927025e+02
283 0 +3.368488402e+00 +3.714884884e+02 +3.714884884e+02
325 0 +2.930209651e+00 +3.710502097e+02 +3.710502097e+02
367 0 +2.733169118e+00 +3.708531691e+02 +3.708531691e+02
430 0 +2.474969090e+00 +3.705949691e+02 +3.705949691e+02
514 0 +2.227685325e+00 +3.703476853e+02 +3.703476853e+02
661 0 +1.993978557e+00 +3.701139786e+02 +3.701139786e+02
4156 0 +1.711335361e+00 +3.698313354e+02 +3.698313354e+02
4262 0 +1.524687356e+00 +3.696446874e+02 +3.696446874e+02
4283 0 +1.398835348e+00 +3.695188353e+02 +3.695188353e+02
4304 0 +1.229675598e+00 +3.693496756e+02 +3.693496756e+02
4472 0 +1.110310602e+00 +3.692303106e+02 +3.692303106e+02
4535 0 +9.595599788e-01 +3.690795600e+02 +3.690795600e+02
4598 0 +8.831724938e-01 +3.690031725e+02 +3.690031725e+02
6405 0 +7.930885343e-01 +3.689130885e+02 +3.689130885e+02
6447 0 +7.024482092e-01 +3.688224482e+02 +3.688224482e+02
6489 0 +6.190289486e-01 +3.687390289e+02 +3.687390289e+02
6552 0 +5.304747028e-01 +3.686504747e+02 +3.686504747e+02
6573 0 +4.997602660e-01 +3.686197603e+02 +3.686197603e+02
8404 0 +4.079350350e-01 +3.685279350e+02 +3.685279350e+02
8431 0 +3.567145964e-01 +3.684767146e+02 +3.684767146e+02
8494 0 +2.537743661e-01 +3.683737744e+02 +3.683737744e+02
8536 0 +2.091952310e-01 +3.683291952e+02 +3.683291952e+02
8578 0 +1.934716341e-01 +3.683134716e+02 +3.683134716e+02
8683 0 +1.706926394e-01 +3.682906926e+02 +3.682906926e+02
8788 0 +1.563128535e-01 +3.682763129e+02 +3.682763129e+02
9292 0 +1.412492262e-01 +3.682612492e+02 +3.682612492e+02
13136 0 +1.251374140e-01 +3.682451374e+02 +3.682451374e+02
13199 0 +1.090701350e-01 +3.682290701e+02 +3.682290701e+02
13493 0 +9.971456913e-02 +3.682197146e+02 +3.682197146e+02
17883 0 +8.700317274e-02 +3.682070032e+02 +3.682070032e+02
17946 0 +7.739984225e-02 +3.681973998e+02 +3.681973998e+02
17988 0 +6.976281581e-02 +3.681897628e+02 +3.681897628e+02
18093 0 +6.263902007e-02 +3.681826390e+02 +3.681826390e+02
22819 0 +5.424654767e-02 +3.681742465e+02 +3.681742465e+02
22840 0 +4.945464851e-02 +3.681694546e+02 +3.681694546e+02
22861 0 +4.421290342e-02 +3.681642129e+02 +3.681642129e+02
23029 0 +3.980637167e-02 +3.681598064e+02 +3.681598064e+02
23239 0 +3.547837093e-02 +3.681554784e+02 +3.681554784e+02
28941 0 +3.128011439e-02 +3.681512801e+02 +3.681512801e+02
31858 0 +2.761409092e-02 +3.681476141e+02 +3.681476141e+02
32374 0 +2.499206878e-02 +3.681449921e+02 +3.681449921e+02
35865 0 +2.151061129e-02 +3.681415106e+02 +3.681415106e+02
36029 0 +1.971450056e-02 +3.681397145e+02 +3.681397145e+02
36365 0 +1.770069172e-02 +3.681377007e+02 +3.681377007e+02
40734 0 +1.581750486e-02 +3.681358175e+02 +3.681358175e+02
42604 0 +1.401097737e-02 +3.681340110e+02 +3.681340110e+02
43297 0 +1.254694516e-02 +3.681325469e+02 +3.681325469e+02
47643 0 +1.120820757e-02 +3.681312082e+02 +3.681312082e+02
200150 0 +1.070382969e-02 +3.681307038e+02 +3.681307038e+02
% f evaluations | g evaluations | best noise-free fitness - Fopt (4.739000000000e+01) + sum g_i+ | measured fitness | best measured fitness or single-digit g-values | x1 | x2...
1 0 +3.139924408e+01 +7.878924408e+01 +7.878924408e+01
2 0 +2.505283805e+01 +7.244283805e+01 +7.244283805e+01
3 0 +1.064623639e+01 +5.803623639e+01 +5.803623639e+01
37 0 +9.980574255e+00 +5.737057426e+01 +5.737057426e+01
73 0 +8.517642546e+00 +5.590764255e+01 +5.590764255e+01
91 0 +7.819429998e+00 +5.520943000e+01 +5.520943000e+01
124 0 +6.317672368e+00 +5.370767237e+01 +5.370767237e+01
141 0 +5.735780145e+00 +5.312578015e+01 +5.312578015e+01
181 0 +5.448941438e+00 +5.283894144e+01 +5.283894144e+01
201 0 +4.976061560e+00 +5.236606156e+01 +5.236606156e+01
367 0 +4.311971942e+00 +5.170197194e+01 +5.170197194e+01
388 0 +3.945032872e+00 +5.133503287e+01 +5.133503287e+01
430 0 +3.377616880e+00 +5.076761688e+01 +5.076761688e+01
451 0 +3.076486713e+00 +5.046648671e+01 +5.046648671e+01
535 0 +2.814937058e+00 +5.020493706e+01 +5.020493706e+01
4241 0 +2.470228591e+00 +4.986022859e+01 +4.986022859e+01
4430 0 +2.228379277e+00 +4.961837928e+01 +4.961837928e+01
8955 0 +1.989704504e+00 +4.937970450e+01 +4.937970450e+01
9060 0 +1.727986774e+00 +4.911798677e+01 +4.911798677e+01
9144 0 +1.581878895e+00 +4.897187889e+01 +4.897187889e+01
9291 0 +1.393871757e+00 +4.878387176e+01 +4.878387176e+01
9501 0 +1.257401916e+00 +4.864740192e+01 +4.864740192e+01
11291 0 +1.119082212e+00 +4.850908221e+01 +4.850908221e+01
11380 0 +8.198512015e-01 +4.820985120e+01 +4.820985120e+01
11422 0 +7.622226603e-01 +4.815222266e+01 +4.815222266e+01
11506 0 +6.842863830e-01 +4.807428638e+01 +4.807428638e+01
11695 0 +6.246404051e-01 +4.801464041e+01 +4.801464041e+01
14918 0 +5.377013979e-01 +4.792770140e+01 +4.792770140e+01
14939 0 +4.627089910e-01 +4.785270899e+01 +4.785270899e+01
14960 0 +4.186402571e-01 +4.780864026e+01 +4.780864026e+01
15023 0 +3.775362391e-01 +4.776753624e+01 +4.776753624e+01
15170 0 +3.481551096e-01 +4.773815511e+01 +4.773815511e+01
15443 0 +3.158528562e-01 +4.770585286e+01 +4.770585286e+01
18258 0 +2.267517326e-01 +4.761675173e+01 +4.761675173e+01
18279 0 +2.231153859e-01 +4.761311539e+01 +4.761311539e+01
18405 0 +1.990365745e-01 +4.758903657e+01 +4.758903657e+01
18657 0 +1.778183986e-01 +4.756781840e+01 +4.756781840e+01
20695 0 +1.436866314e-01 +4.753368663e+01 +4.753368663e+01
20800 0 +1.401120289e-01 +4.753011203e+01 +4.753011203e+01
20989 0 +1.250986151e-01 +4.751509862e+01 +4.751509862e+01
21346 0 +1.114214389e-01 +4.750142144e+01 +4.750142144e+01
24539 0 +9.815058773e-02 +4.748815059e+01 +4.748815059e+01
24938 0 +8.894444587e-02 +4.747894445e+01 +4.747894445e+01
30736 0 +7.849919341e-02 +4.746849919e+01 +4.746849919e+01
35524 0 +7.068454899e-02 +4.746068455e+01 +4.746068455e+01
200364 0 +6.366673310e-02 +4.745366673e+01 +4.745366673e+01
% f evaluations | g evaluations | best noise-free fitness - Fopt (-3.428900000000e+02) + sum g_i+ | measured fitness | best measured fitness or single-digit g-values | x1 | x2...
1 0 +2.044609515e+01 -3.224439048e+02 -3.224439048e+02
5 0 +1.941168055e+01 -3.234783195e+02 -3.234783195e+02
10 0 +1.103901567e+01 -3.318509843e+02 -3.318509843e+02
51 0 +9.959173469e+00 -3.329308265e+02 -3.329308265e+02
76 0 +8.803814283e+00 -3.340861857e+02 -3.340861857e+02
79 0 +7.734181780e+00 -3.351558182e+02 -3.351558182e+02
121 0 +6.776280571e+00 -3.361137194e+02 -3.361137194e+02
130 0 +5.172349883e+00 -3.377176501e+02 -3.377176501e+02
138 0 +4.519350011e+00 -3.383706500e+02 -3.383706500e+02
180 0 +4.386204220e+00 -3.385037958e+02 -3.385037958e+02
198 0 +3.081109782e+00 -3.398088902e+02 -3.398088902e+02
346 0 +2.806326900e+00 -3.400836731e+02 -3.400836731e+02
430 0 +2.510996488e+00 -3.403790035e+02 -3.403790035e+02
619 0 +2.235861605e+00 -3.406541384e+02 -3.406541384e+02
3737 0 +1.869306368e+00 -3.410206936e+02 -3.410206936e+02
3758 0 +1.678690433e+00 -3.412113096e+02 -3.412113096e+02
3800 0 +1.565296850e+00 -3.413247031e+02 -3.413247031e+02
3863 0 +1.376195372e+00 -3.415138046e+02 -3.415138046e+02
3926 0 +1.175594283e+00 -3.417144057e+02 -3.417144057e+02
3947 0 +1.106777717e+00 -3.417832223e+02 -3.417832223e+02
6009 0 +9.896607415e-01 -3.419003393e+02 -3.419003393e+02
6099 0 +8.628646939e-01 -3.420271353e+02 -3.420271353e+02
6183 0 +7.333295358e-01 -3.421566705e+02 -3.421566705e+02
6225 0 +6.792921495e-01 -3.422107079e+02 -3.422107079e+02
6288 0 +6.219813601e-01 -3.422680186e+02 -3.422680186e+02
6435 0 +5.582822810e-01 -3.423317177e+02 -3.423317177e+02
7994 0 +4.941391236e-01 -3.423958609e+02 -3.423958609e+02
8062 0 +3.526558460e-01 -3.425373442e+02 -3.425373442e+02
8104 0 +3.115629846e-01 -3.425784370e+02 -3.425784370e+02
8167 0 +2.782115040e-01 -3.426117885e+02 -3.426117885e+02
8293 0 +2.408235841e-01 -3.426491764e+02 -3.426491764e+02
8440 0 +2.189849731e-01 -3.426710150e+02 -3.426710150e+02
12860 0 +1.993861448e-01 -3.426906139e+02 -3.426906139e+02
15097 0 +1.622430522e-01 -3.427277569e+02 -3.427277569e+02
15222 0 +1.565125783e-01 -3.427334874e+02 -3.427334874e+02
15306 0 +1.409807685e-01 -3.427490192e+02 -3.427490192e+02
15453 0 +1.246999345e-01 -3.427653001e+02 -3.427653001e+02
15558 0 +1.112367624e-01 -3.427787632e+02 -3.427787632e+02
18517 0 +9.996667940e-02 -3.427900333e+02 -3.427900333e+02
18688 0 +7.490986432e-02 -3.428150901e+02 -3.428150901e+02
18907 0 +6.338736759e-02 -3.428266126e+02 -3.428266126e+02
18949 0 +6.188171442e-02 -3.428281183e+02 -3.428281183e+02
18991 0 +5.324029874e-02 -3.428367597e+02 -3.428367597e+02
19033 0 +4.981439139e-02 -3.428401856e+02 -3.428401856e+02
19180 0 +4.465330898e-02 -3.428453467e+02 -3.428453467e+02
19327 0 +3.944723220e-02 -3.428505528e+02 -3.428505528e+02
19411 0 +3.502723935e-02 -3.428549728e+02 -3.428549728e+02
25197 0 +3.140078442e-02 -3.428585992e+02 -3.428585992e+02
25491 0 +2.780818369e-02 -3.428621918e+02 -3.428621918e+02
28411 0 +2.430080756e-02 -3.428656992e+02 -3.428656992e+02
28768 0 +2.229490211e-02 -3.428677051e+02 -3.428677051e+02
29020 0 +1.979306979e-02 -3.428702069e+02 -3.428702069e+02
32381 0 +1.765007940e-02 -3.428723499e+02 -3.428723499e+02
35322 0 +1.575949866e-02 -3.428742405e+02 -3.428742405e+02
35679 0 +1.391156290e-02 -3.428760884e+02 -3.428760884e+02
45573 0 +1.257930590e-02 -3.428774207e+02 -3.428774207e+02
200797 0 +1.133919496e-02 -3.428786608e+02 -3.428786608e+02
% f evaluations | g evaluations | best noise-free fitness - Fopt (9.102000000000e+01) + sum g_i+ | measured fitness | best measured fitness or single-digit g-values | x1 | x2...
1 0 +2.412945059e+01 +1.151494506e+02 +1.151494506e+02
3 0 +2.389657996e+01 +1.149165800e+02 +1.149165800e+02
4 0 +2.200395624e+01 +1.130239562e+02 +1.130239562e+02
5 0 +1.661211128e+01 +1.076321113e+02 +1.076321113e+02
24 0 +1.063626712e+01 +1.016562671e+02 +1.016562671e+02
43 0 +8.935304075e+00 +9.995530408e+01 +9.995530408e+01
94 0 +7.938673382e+00 +9.895867338e+01 +9.895867338e+01
124 0 +7.062373650e+00 +9.808237365e+01 +9.808237365e+01
137 0 +5.857780865e+00 +9.687778087e+01 +9.687778087e+01
159 0 +5.502072032e+00 +9.652207203e+01 +9.652207203e+01
192 0 +5.007829411e+00 +9.602782941e+01 +9.602782941e+01
194 0 +3.805918446e+00 +9.482591845e+01 +9.482591845e+01
304 0 +3.420500430e+00 +9.444050043e+01 +9.444050043e+01
367 0 +3.151718244e+00 +9.417171824e+01 +9.417171824e+01
493 0 +2.734666581e+00 +9.375466658e+01 +9.375466658e+01
598 0 +2.455890824e+00 +9.347589082e+01 +9.347589082e+01
682 0 +2.220398974e+00 +9.324039897e+01 +9.324039897e+01
1228 0 +1.994917828e+00 +9.301491783e+01 +9.301491783e+01
3191 0 +1.725457656e+00 +9.274545766e+01 +9.274545766e+01
3254 0 +1.541855386e+00 +9.256185539e+01 +9.256185539e+01
3338 0 +1.389854984e+00 +9.240985498e+01 +9.240985498e+01
3506 0 +1.258659688e+00 +9.227865969e+01 +9.227865969e+01
4734 0 +9.838990970e-01 +9.200389910e+01 +9.200389910e+01
4797 0 +8.651687792e-01 +9.188516878e+01 +9.188516878e+01
4860 0 +7.352730843e-01 +9.175527308e+01 +9.175527308e+01
4881 0 +6.892373385e-01 +9.170923734e+01 +9.170923734e+01
4902 0 +6.261194732e-01 +9.164611947e+01 +9.164611947e+01
5007 0 +5.499531547e-01 +9.156995315e+01 +9.156995315e+01
6655 0 +5.010287595e-01 +9.152102876e+01 +9.152102876e+01
8723 0 +4.435783380e-01 +9.146357834e+01 +9.146357834e+01
9080 0 +3.971030411e-01 +9.141710304e+01 +9.141710304e+01
12695 0 +2.690040364e-01 +9.128900404e+01 +9.128900404e+01
12756 0 +1.864384573e-01 +9.120643846e+01 +9.120643846e+01
12861 0 +1.716652195e-01 +9.119166522e+01 +9.119166522e+01
12966 0 +1.566641246e-01 +9.117666412e+01 +9.117666412e+01
13029 0 +1.314778614e-01 +9.115147786e+01 +9.115147786e+01
13176 0 +1.190472497e-01 +9.113904725e+01 +9.113904725e+01
13365 0 +1.121588311e-01 +9.113215883e+01 +9.113215883e+01
17113 0 +9.837014752e-02 +9.111837015e+01 +9.111837015e+01
17218 0 +8.811029280e-02 +9.110811029e+01 +9.110811029e+01
20369 0 +7.939023112e-02 +9.109939023e+01 +9.109939023e+01
24234 0 +6.705770207e-02 +9.108705770e+01 +9.108705770e+01
24255 0 +5.873622926e-02 +9.107873623e+01 +9.107873623e+01
24360 0 +5.590995134e-02 +9.107590995e+01 +9.107590995e+01
24717 0 +5.004816464e-02 +9.107004816e+01 +9.107004816e+01
27427 0 +4.426781724e-02 +9.106426782e+01 +9.106426782e+01
27931 0 +3.980113938e-02 +9.105980114e+01 +9.105980114e+01
30536 0 +3.532724692e-02 +9.105532725e+01 +9.105532725e+01
31019 0 +3.146982387e-02 +9.105146982e+01 +9.105146982e+01
36376 0 +2.804307739e-02 +9.104804308e+01 +9.104804308e+01
39506 0 +2.481418457e-02 +9.104481418e+01 +9.104481418e+01
50682 0 +2.236910498e-02 +9.104236910e+01 +9.104236910e+01
200863 0 +2.233895554e-02 +9.104233896e+01 +9.104233896e+01
% f evaluations | g evaluations | best noise-free fitness - Fopt (7.324200000000e+02) + sum g_i+ | measured fitness | best measured fitness or single-digit g-values | x1 | x2...
1 0 +2.674712454e+01 +7.591671245e+02 +7.591671245e+02
2 0 +1.635251521e+01 +7.487725152e+02 +7.487725152e+02
3 0 +1.348623262e+01 +7.459062326e+02 +7.459062326e+02
18 0 +1.068545448e+01 +7.431054545e+02 +7.431054545e+02
51 0 +8.764849384e+00 +7.411848494e+02 +7.411848494e+02
78 0 +7.178535373e+00 +7.395985354e+02 +7.395985354e+02
90 0 +5.633680365e+00 +7.380536804e+02 +7.380536804e+02
111 0 +5.207095704e+00 +7.376270957e+02 +7.376270957e+02
112 0 +4.910906343e+00 +7.373309063e+02 +7.373309063e+02
146 0 +4.426631676e+00 +7.368466317e+02 +7.368466317e+02
190 0 +3.394896909e+00 +7.358148969e+02 +7.358148969e+02
325 0 +2.932372825e+00 +7.353523728e+02 +7.353523728e+02
346 0 +2.686548571e+00 +7.351065486e+02 +7.351065486e+02
367 0 +2.445022979e+00 +7.348650230e+02 +7.348650230e+02
388 0 +2.189349948e+00 +7.346093499e+02 +7.346093499e+02
430 0 +1.912580207e+00 +7.343325802e+02 +7.343325802e+02
598 0 +1.775152484e+00 +7.341951525e+02 +7.341951525e+02
1811 0 +1.447863296e+00 +7.338678633e+02 +7.338678633e+02
1853 0 +1.323763453e+00 +7.337437635e+02 +7.337437635e+02
1868 0 +1.000562396e+00 +7.334205624e+02 +7.334205624e+02
1931 0 +9.638312922e-01 +7.333838313e+02 +7.333838313e+02
1973 0 +8.169749520e-01 +7.332369750e+02 +7.332369750e+02
2015 0 +7.696586541e-01 +7.331896587e+02 +7.331896587e+02
2036 0 +6.857494507e-01 +7.331057495e+02 +7.331057495e+02
2078 0 +6.253207990e-01 +7.330453208e+02 +7.330453208e+02
2183 0 +5.598810549e-01 +7.329798811e+02 +7.329798811e+02
2330 0 +5.001600909e-01 +7.329201601e+02 +7.329201601e+02
7842 0 +4.299914501e-01 +7.328499915e+02 +7.328499915e+02
7947 0 +3.955788123e-01 +7.328155788e+02 +7.328155788e+02
12388 0 +3.486994509e-01 +7.327686995e+02 +7.327686995e+02
12430 0 +3.148890436e-01 +7.327348890e+02 +7.327348890e+02
12598 0 +2.787263690e-01 +7.326987264e+02 +7.326987264e+02
12829 0 +2.509287929e-01 +7.326709288e+02 +7.326709288e+02
15240 0 +1.756827858e-01 +7.325956828e+02 +7.325956828e+02
15569 0 +1.546910369e-01 +7.325746910e+02 +7.325746910e+02
15632 0 +1.396967127e-01 +7.325596967e+02 +7.325596967e+02
15821 0 +1.252372272e-01 +7.325452372e+02 +7.325452372e+02
15989 0 +1.111149414e-01 +7.325311149e+02 +7.325311149e+02
21081 0 +8.933167564e-02 +7.325093317e+02 +7.325093317e+02
21165 0 +7.890509333e-02 +7.324989051e+02 +7.324989051e+02
21186 0 +6.784588028e-02 +7.324878459e+02 +7.324878459e+02
21270 0 +6.284402842e-02 +7.324828440e+02 +7.324828440e+02
24043 0 +5.174019272e-02 +7.324717402e+02 +7.324717402e+02
24085 0 +4.901029167e-02 +7.324690103e+02 +7.324690103e+02
24190 0 +4.419397653e-02 +7.324641940e+02 +7.324641940e+02
24526 0 +3.971394842e-02 +7.324597139e+02 +7.324597139e+02
26606 0 +3.535190436e-02 +7.324553519e+02 +7.324553519e+02
26753 0 +3.142914826e-02 +7.324514291e+02 +7.324514291e+02
27068 0 +2.809330783e-02 +7.324480933e+02 +7.324480933e+02
29598 0 +2.505508766e-02 +7.324450551e+02 +7.324450551e+02
29661 0 +2.229328418e-02 +7.324422933e+02 +7.324422933e+02
29829 0 +1.994400265e-02 +7.324399440e+02 +7.324399440e+02
33064 0 +1.773444007e-02 +7.324377344e+02 +7.324377344e+02
38672 0 +1.574135204e-02 +7.324357414e+02 +7.324357414e+02
40983 0 +1.406184676e-02 +7.324340618e+02 +7.324340618e+02
44449 0 +1.257356815e-02 +7.324325736e+02 +7.324325736e+02
46549 0 +1.121556444e-02 +7.324312156e+02 +7.324312156e+02
47242 0 +9.989989983e-03 +7.324299900e+02 +7.324299900e+02
200815 0 +9.541115110e-03 +7.324295411e+02 +7.324295411e+02
% f evaluations | g evaluations | best noise-free fitness - Fopt (3.542000000000e+01) + sum g_i+ | measured fitness | best measured fitness or single-digit g-values | x1 | x2...
1 0 +1.745953446e+01 +5.287953446e+01 +5.287953446e+01
2 0 +1.624362047e+01 +5.166362047e+01 +5.166362047e+01
3 0 +1.477420668e+01 +5.019420668e+01 +5.019420668e+01
6 0 +9.803852482e+00 +4.522385248e+01 +4.522385248e+01
52 0 +7.794690200e+00 +4.321469020e+01 +4.321469020e+01
66 0 +5.055659272e+00 +4.047565927e+01 +4.047565927e+01
227 0 +4.899374840e+00 +4.031937484e+01 +4.031937484e+01
283 0 +4.056044271e+00 +3.947604427e+01 +3.947604427e+01
325 0 +3.816250837e+00 +3.923625084e+01 +3.923625084e+01
388 0 +3.497916342e+00 +3.891791634e+01 +3.891791634e+01
472 0 +3.143615299e+00 +3.856361530e+01 +3.856361530e+01
514 0 +2.816473754e+00 +3.823647375e+01 +3.823647375e+01
3611 0 +2.439855268e+00 +3.785985527e+01 +3.785985527e+01
3632 0 +2.193366645e+00 +3.761336665e+01 +3.761336665e+01
3653 0 +1.850497367e+00 +3.727049737e+01 +3.727049737e+01
3716 0 +1.658325812e+00 +3.707832581e+01 +3.707832581e+01
3758 0 +1.574416744e+00 +3.699441674e+01 +3.699441674e+01
3842 0 +1.410481422e+00 +3.683048142e+01 +3.683048142e+01
3926 0 +1.257569787e+00 +3.667756979e+01 +3.667756979e+01
10426 0 +1.101137665e+00 +3.652113766e+01 +3.652113766e+01
10468 0 +9.106843056e-01 +3.633068431e+01 +3.633068431e+01
10510 0 +8.844768620e-01 +3.630447686e+01 +3.630447686e+01
10636 0 +7.761596181e-01 +3.619615962e+01 +3.619615962e+01
10699 0 +7.073665782e-01 +3.612736658e+01 +3.612736658e+01
14531 0 +6.289573680e-01 +3.604895737e+01 +3.604895737e+01
14720 0 +5.591745940e-01 +3.597917459e+01 +3.597917459e+01
17199 0 +4.938150343e-01 +3.591381503e+01 +3.591381503e+01
17346 0 +4.357403575e-01 +3.585574036e+01 +3.585574036e+01
17409 0 +3.963223270e-01 +3.581632233e+01 +3.581632233e+01
21421 0 +3.412106953e-01 +3.576121070e+01 +3.576121070e+01
21463 0 +3.148627430e-01 +3.573486274e+01 +3.573486274e+01
21505 0 +2.672732416e-01 +3.568727324e+01 +3.568727324e+01
21631 0 +2.494610858e-01 +3.566946109e+01 +3.566946109e+01
24110 0 +1.783675710e-01 +3.559836757e+01 +3.559836757e+01
24194 0 +1.393174292e-01 +3.555931743e+01 +3.555931743e+01
24257 0 +1.227361105e-01 +3.554273611e+01 +3.554273611e+01
24341 0 +1.106980864e-01 +3.553069809e+01 +3.553069809e+01
24551 0 +9.918898352e-02 +3.551918898e+01 +3.551918898e+01
24761 0 +8.889618944e-02 +3.550889619e+01 +3.550889619e+01
29665 0 +7.936966915e-02 +3.549936967e+01 +3.549936967e+01
32291 0 +6.903532488e-02 +3.548903532e+01 +3.548903532e+01
32480 0 +6.237195940e-02 +3.548237196e+01 +3.548237196e+01
32627 0 +5.604991382e-02 +3.547604991e+01 +3.547604991e+01
35337 0 +4.999326782e-02 +3.546999327e+01 +3.546999327e+01
37711 0 +4.455322820e-02 +3.546455323e+01 +3.546455323e+01
37774 0 +3.858674327e-02 +3.545858674e+01 +3.545858674e+01
42439 0 +3.409698153e-02 +3.545409698e+01 +3.545409698e+01
42857 0 +3.157591754e-02 +3.545157592e+01 +3.545157592e+01
48466 0 +2.753922807e-02 +3.544753923e+01 +3.544753923e+01
51218 0 +2.503915682e-02 +3.544503916e+01 +3.544503916e+01
200005 0 +2.320282383e-02 +3.544320282e+01 +3.544320282e+01
