% f evaluations | g evaluations | best noise-free fitness - Fopt (-6.211100000000e+02) + sum g_i+ | measured fitness | best measured fitness or single-digit g-values | x1 | x2...
1 0 +9.215940298e+07 +9.215878187e+07 +9.215878187e+07
3 0 +4.481810190e+07 +4.481748079e+07 +4.481748079e+07
5 0 +2.149056223e+07 +2.148994112e+07 +2.148994112e+07
12 0 +1.717994602e+07 +1.717932491e+07 +1.717932491e+07
13 0 +1.687364413e+07 +1.687302302e+07 +1.687302302e+07
16 0 +1.043142549e+07 +1.043080438e+07 +1.043080438e+07
38 0 +9.861113213e+06 +9.860492103e+06 +9.860492103e+06
41 0 +9.786446569e+06 +9.785825459e+06 +9.785825459e+06
64 0 +7.670673915e+06 +7.670052805e+06 +7.670052805e+06
65 0 +6.583001564e+06 +6.582380454e+06 +6.582380454e+06
74 0 +5.750570356e+06 +5.749949246e+06 +5.749949246e+06
85 0 +5.192841533e+06 +5.192220423e+06 +5.192220423e+06
87 0 +3.951096264e+06 +3.950475154e+06 +3.950475154e+06
96 0 +3.752609538e+06 +3.751988428e+06 +3.751988428e+06
101 0 +1.376464417e+06 +1.375843307e+06 +1.375843307e+06
112 0 +3.329387311e+04 +3.267276311e+04 +3.267276311e+04
145 0 +2.989019405e+04 +2.926908405e+04 +2.926908405e+04
211 0 +2.642823918e+04 +2.580712918e+04 +2.580712918e+04
255 0 +2.350760694e+04 +2.288649694e+04 +2.288649694e+04
354 0 +1.982053435e+04 +1.919942435e+04 +1.919942435e+04
442 0 +1.303575538e+04 +1.241464538e+04 +1.241464538e+04
519 0 +1.247835588e+04 +1.185724588e+04 +1.185724588e+04
530 0 +1.087990540e+04 +1.025879540e+04 +1.025879540e+04
541 0 +5.590107844e+03 +4.968997844e+03 +4.968997844e+03
552 0 +1.692772433e+02 -4.518327567e+02 -4.518327567e+02
563 0 +5.423300773e+01 -5.668769923e+02 -5.668769923e+02
574 0 +1.151620256e+01 -6.095937974e+02 -6.095937974e+02
585 0 +1.105459496e+01 -6.100554050e+02 -6.100554050e+02
717 0 +9.783130509e+00 -6.113268695e+02 -6.113268695e+02
772 0 +8.786785513e+00 -6.123232145e+02 -6.123232145e+02
827 0 +7.793307564e+00 -6.133166924e+02 -6.133166924e+02
860 0 +6.963090637e+00 -6.141469094e+02 -6.141469094e+02
904 0 +6.170021308e+00 -6.149399787e+02 -6.149399787e+02
948 0 +5.519106005e+00 -6.155908940e+02 -6.155908940e+02
981 0 +4.705340613e+00 -6.164046594e+02 -6.164046594e+02
1014 0 +4.408196447e+00 -6.167018036e+02 -6.167018036e+02
1058 0 +3.834064246e+00 -6.172759358e+02 -6.172759358e+02
1091 0 +3.447102811e+00 -6.176628972e+02 -6.176628972e+02
1146 0 +3.080686332e+00 -6.180293137e+02 -6.180293137e+02
1179 0 +2.693825252e+00 -6.184161747e+02 -6.184161747e+02
1223 0 +2.452869601e+00 -6.186571304e+02 -6.186571304e+02
1245 0 +2.115274373e+00 -6.189947256e+02 -6.189947256e+02
1300 0 +1.929437838e+00 -6.191805622e+02 -6.191805622e+02
1333 0 +1.766309427e+00 -6.193436906e+02 -6.193436906e+02
1355 0 +1.563874762e+00 -6.195461252e+02 -6.195461252e+02
1399 0 +1.355363363e+00 -6.197546366e+02 -6.197546366e+02
1421 0 +1.227121480e+00 -6.198828785e+02 -6.198828785e+02
1443 0 +1.048135512e+00 -6.200618645e+02 -6.200618645e+02
1454 0 +9.763048281e-01 -6.201336952e+02 -6.201336952e+02
1498 0 +8.665243704e-01 -6.202434756e+02 -6.202434756e+02
1509 0 +7.904238357e-01 -6.203195762e+02 -6.203195762e+02
1553 0 +6.823821334e-01 -6.204276179e+02 -6.204276179e+02
1575 0 +5.725188809e-01 -6.205374811e+02 -6.205374811e+02
1597 0 +5.390671771e-01 -6.205709328e+02 -6.205709328e+02
1641 0 +4.693926101e-01 -6.206406074e+02 -6.206406074e+02
1674 0 +4.241351329e-01 -6.206858649e+02 -6.206858649e+02
1685 0 +3.816309939e-01 -6.207283690e+02 -6.207283690e+02
1707 0 +3.246339337e-01 -6.207853661e+02 -6.207853661e+02
1718 0 +2.934860429e-01 -6.208165140e+02 -6.208165140e+02
1729 0 +2.676321908e-01 -6.208423678e+02 -6.208423678e+02
1740 0 +2.436811912e-01 -6.208663188e+02 -6.208663188e+02
1795 0 +2.151614581e-01 -6.208948385e+02 -6.208948385e+02
1806 0 +1.981926520e-01 -6.209118073e+02 -6.209118073e+02
1828 0 +1.731591549e-01 -6.209368408e+02 -6.209368408e+02
1839 0 +1.566438127e-01 -6.209533562e+02 -6.209533562e+02
1850 0 +1.331739653e-01 -6.209768260e+02 -6.209768260e+02
1872 0 +1.234645422e-01 -6.209865355e+02 -6.209865355e+02
1883 0 +1.097740879e-01 -6.210002259e+02 -6.210002259e+02
1894 0 +9.861163999e-02 -6.210113884e+02 -6.210113884e+02
1927 0 +8.245482063e-02 -6.210275452e+02 -6.210275452e+02
1938 0 +6.806627514e-02 -6.210419337e+02 -6.210419337e+02
1949 0 +5.950212729e-02 -6.210504979e+02 -6.210504979e+02
1960 0 +5.056691854e-02 -6.210594331e+02 -6.210594331e+02
1971 0 +4.429873757e-02 -6.210657013e+02 -6.210657013e+02
1982 0 +3.605930414e-02 -6.210739407e+02 -6.210739407e+02
1993 0 +2.565988807e-02 -6.210843401e+02 -6.210843401e+02
2004 0 +2.367035547e-02 -6.210863296e+02 -6.210863296e+02
2015 0 +2.000074138e-02 -6.210899993e+02 -6.210899993e+02
2026 0 +1.429171515e-02 -6.210957083e+02 -6.210957083e+02
2037 0 +9.230681180e-03 -6.211007693e+02 -6.211007693e+02
2059 0 +8.216488028e-03 -6.211017835e+02 -6.211017835e+02
2070 0 +6.454756664e-03 -6.211035452e+02 -6.211035452e+02
2092 0 +5.476851389e-03 -6.211045231e+02 -6.211045231e+02
2103 0 +4.677120651e-03 -6.211053229e+02 -6.211053229e+02
2114 0 +4.247324188e-03 -6.211057527e+02 -6.211057527e+02
2125 0 +3.625364669e-03 -6.211063746e+02 -6.211063746e+02
2136 0 +2.753465257e-03 -6.211072465e+02 -6.211072465e+02
2158 0 +2.448716361e-03 -6.211075513e+02 -6.211075513e+02
2169 0 +1.984826289e-03 -6.211080152e+02 -6.211080152e+02
2180 0 +1.526604545e-03 -6.211084734e+02 -6.211084734e+02
2202 0 +1.299964906e-03 -6.211087000e+02 -6.211087000e+02
2224 0 +1.216060718e-03 -6.211087839e+02 -6.211087839e+02
2235 0 +1.085516738e-03 -6.211089145e+02 -6.211089145e+02
2246 0 +8.866237740e-04 -6.211091134e+02 -6.211091134e+02
2257 0 +7.480982487e-04 -6.211092519e+02 -6.211092519e+02
2268 0 +5.674791886e-04 -6.211094325e+02 -6.211094325e+02
2290 0 +4.950491029e-04 -6.211095050e+02 -6.211095050e+02
2301 0 +4.337699818e-04 -6.211095662e+02 -6.211095662e+02
2312 0 +3.472150837e-04 -6.211096528e+02 -6.211096528e+02
2323 0 +2.761050607e-04 -6.211097239e+02 -6.211097239e+02
2334 0 +2.131591036e-04 -6.211097868e+02 -6.211097868e+02
2345 0 +1.733266510e-04 -6.211098267e+02 -6.211098267e+02
2356 0 +1.517867470e-04 -6.211098482e+02 -6.211098482e+02
2389 0 +1.313283750e-04 -6.211098687e+02 -6.211098687e+02
2400 0 +1.251584305e-04 -6.211098748e+02 -6.211098748e+02
2422 0 +9.884362476e-05 -6.211099012e+02 -6.211099012e+02
2433 0 +7.789382050e-05 -6.211099221e+02 -6.211099221e+02
2444 0 +5.608916592e-05 -6.211099439e+02 -6.211099439e+02
2466 0 +4.844498801e-05 -6.211099516e+02 -6.211099516e+02
2499 0 +4.117863057e-05 -6.211099588e+02 -6.211099588e+02
2510 0 +3.534838754e-05 -6.211099647e+02 -6.211099647e+02
2521 0 +2.776652445e-05 -6.211099722e+02 -6.211099722e+02
2532 0 +2.165409501e-05 -6.211099783e+02 -6.211099783e+02
2543 0 +1.503956412e-05 -6.211099850e+02 -6.211099850e+02
2565 0 +1.300113206e-05 -6.211099870e+02 -6.211099870e+02
2576 0 +1.228451515e-05 -6.211099877e+02 -6.211099877e+02
2587 0 +1.113536007e-05 -6.211099889e+02 -6.211099889e+02
2598 0 +9.583707083e-06 -6.211099904e+02 -6.211099904e+02
2609 0 +7.647609891e-06 -6.211099924e+02 -6.211099924e+02
2620 0 +6.843704796e-06 -6.211099932e+02 -6.211099932e+02
2631 0 +5.696584822e-06 -6.211099943e+02 -6.211099943e+02
2642 0 +4.459485353e-06 -6.211099955e+02 -6.211099955e+02
2653 0 +3.174844210e-06 -6.211099968e+02 -6.211099968e+02
2675 0 +2.975729899e-06 -6.211099970e+02 -6.211099970e+02
2686 0 +2.790854296e-06 -6.211099972e+02 -6.211099972e+02
2697 0 +2.448868941e-06 -6.211099976e+02 -6.211099976e+02
2708 0 +1.973197982e-06 -6.211099980e+02 -6.211099980e+02
2719 0 +1.503673843e-06 -6.211099985e+02 -6.211099985e+02
2730 0 +1.352904178e-06 -6.211099986e+02 -6.211099986e+02
2741 0 +1.204902787e-06 -6.211099988e+02 -6.211099988e+02
2752 0 +8.480675433e-07 -6.211099992e+02 -6.211099992e+02
2763 0 +5.701776900e-07 -6.211099994e+02 -6.211099994e+02
2774 0 +3.870179626e-07 -6.211099996e+02 -6.211099996e+02
2862 0 +3.196764737e-07 -6.211099997e+02 -6.211099997e+02
2873 0 +2.938779744e-07 -6.211099997e+02 -6.211099997e+02
2895 0 +2.712239393e-07 -6.211099997e+02 -6.211099997e+02
2906 0 +2.418354370e-07 -6.211099998e+02 -6.211099998e+02
2917 0 +2.106811507e-07 -6.211099998e+02 -6.211099998e+02
2928 0 +1.324187906e-07 -6.211099999e+02 -6.211099999e+02
2950 0 +1.255169764e-07 -6.211099999e+02 -6.211099999e+02
2972 0 +8.315328159e-08 -6.211099999e+02 -6.211099999e+02
3049 0 +7.522396572e-08 -6.211099999e+02 -6.211099999e+02
3060 0 +5.985612006e-08 -6.211099999e+02 -6.211099999e+02
3073 0 +5.617846455e-08 -6.211099999e+02 -6.211099999e+02
3137 0 +4.879007065e-08 -6.211100000e+02 -6.211100000e+02
3148 0 +3.805416782e-08 -6.211100000e+02 -6.211100000e+02
3216 0 +3.509012458e-08 -6.211100000e+02 -6.211100000e+02
3236 0 +2.433921509e-08 -6.211100000e+02 -6.211100000e+02
3258 0 +1.941884875e-08 -6.211100000e+02 -6.211100000e+02
100021 0 +1.906494163e-08 -6.211100000e+02 -6.211100000e+02
% f evaluations | g evaluations | best noise-free fitness - Fopt (-2.548200000000e+02) + sum g_i+ | measured fitness | best measured fitness or single-digit g-values | x1 | x2...
1 0 +2.752489674e+08 +2.752487126e+08 +2.752487126e+08
2 0 +1.106850589e+08 +1.106848040e+08 +1.106848040e+08
7 0 +9.508345251e+07 +9.508319769e+07 +9.508319769e+07
14 0 +7.557976925e+07 +7.557951443e+07 +7.557951443e+07
18 0 +6.463460083e+07 +6.463434601e+07 +6.463434601e+07
21 0 +3.982096110e+07 +3.982070628e+07 +3.982070628e+07
32 0 +2.634720415e+07 +2.634694933e+07 +2.634694933e+07
46 0 +2.580714305e+07 +2.580688823e+07 +2.580688823e+07
52 0 +1.742773218e+07 +1.742747736e+07 +1.742747736e+07
53 0 +9.481399241e+06 +9.481144421e+06 +9.481144421e+06
62 0 +3.016294795e+06 +3.016039975e+06 +3.016039975e+06
101 0 +1.974141926e+06 +1.973887106e+06 +1.973887106e+06
112 0 +1.632359329e+05 +1.629811129e+05 +1.629811129e+05
156 0 +1.528910498e+05 +1.526362298e+05 +1.526362298e+05
321 0 +1.300459483e+05 +1.297911283e+05 +1.297911283e+05
332 0 +8.867159316e+04 +8.841677316e+04 +8.841677316e+04
442 0 +6.203931019e+04 +6.178449019e+04 +6.178449019e+04
563 0 +4.461954983e+04 +4.436472983e+04 +4.436472983e+04
684 0 +3.149240149e+04 +3.123758149e+04 +3.123758149e+04
695 0 +1.085253936e+04 +1.059771936e+04 +1.059771936e+04
706 0 +2.016477820e+02 -5.317221804e+01 -5.317221804e+01
717 0 +4.815333692e+00 -2.500046663e+02 -2.500046663e+02
728 0 +4.968778320e-01 -2.543231222e+02 -2.543231222e+02
739 0 +2.346481754e-01 -2.545853518e+02 -2.545853518e+02
750 0 +2.274561058e-02 -2.547972544e+02 -2.547972544e+02
761 0 +4.250710284e-03 -2.548157493e+02 -2.548157493e+02
772 0 +1.214363277e-03 -2.548187856e+02 -2.548187856e+02
783 0 +5.118099115e-04 -2.548194882e+02 -2.548194882e+02
794 0 +1.202308695e-04 -2.548198798e+02 -2.548198798e+02
805 0 +9.468361404e-05 -2.548199053e+02 -2.548199053e+02
1069 0 +8.892271984e-05 -2.548199111e+02 -2.548199111e+02
1124 0 +7.678252479e-05 -2.548199232e+02 -2.548199232e+02
1135 0 +6.802610989e-05 -2.548199320e+02 -2.548199320e+02
1146 0 +5.513248561e-05 -2.548199449e+02 -2.548199449e+02
1157 0 +4.006444001e-05 -2.548199599e+02 -2.548199599e+02
1168 0 +2.530466847e-05 -2.548199747e+02 -2.548199747e+02
1190 0 +2.434751966e-05 -2.548199757e+02 -2.548199757e+02
1223 0 +2.074420755e-05 -2.548199793e+02 -2.548199793e+02
1234 0 +1.869358394e-05 -2.548199813e+02 -2.548199813e+02
1245 0 +1.681432281e-05 -2.548199832e+02 -2.548199832e+02
1256 0 +1.512504849e-05 -2.548199849e+02 -2.548199849e+02
1267 0 +1.344477292e-05 -2.548199866e+02 -2.548199866e+02
1278 0 +1.207637172e-05 -2.548199879e+02 -2.548199879e+02
1289 0 +1.065896308e-05 -2.548199893e+02 -2.548199893e+02
1300 0 +9.678313944e-06 -2.548199903e+02 -2.548199903e+02
1311 0 +8.790211382e-06 -2.548199912e+02 -2.548199912e+02
1322 0 +6.800077699e-06 -2.548199932e+02 -2.548199932e+02
1333 0 +4.980728818e-06 -2.548199950e+02 -2.548199950e+02
1344 0 +3.640156194e-06 -2.548199964e+02 -2.548199964e+02
1443 0 +3.355898542e-06 -2.548199966e+02 -2.548199966e+02
1454 0 +2.848275415e-06 -2.548199972e+02 -2.548199972e+02
1465 0 +2.394970466e-06 -2.548199976e+02 -2.548199976e+02
1476 0 +2.132553220e-06 -2.548199979e+02 -2.548199979e+02
1487 0 +1.796720113e-06 -2.548199982e+02 -2.548199982e+02
1498 0 +1.309438744e-06 -2.548199987e+02 -2.548199987e+02
1520 0 +1.247247013e-06 -2.548199988e+02 -2.548199988e+02
1542 0 +9.080720247e-07 -2.548199991e+02 -2.548199991e+02
1553 0 +7.915946867e-07 -2.548199992e+02 -2.548199992e+02
1575 0 +5.705681758e-07 -2.548199994e+02 -2.548199994e+02
1586 0 +5.225170696e-07 -2.548199995e+02 -2.548199995e+02
1616 0 +4.998809118e-07 -2.548199995e+02 -2.548199995e+02
1630 0 +3.607536030e-07 -2.548199996e+02 -2.548199996e+02
1660 0 +3.541548779e-07 -2.548199996e+02 -2.548199996e+02
3425 0 +2.964396515e-07 -2.548199997e+02 -2.548199997e+02
5749 0 +2.735857549e-07 -2.548199997e+02 -2.548199997e+02
5760 0 +1.273155021e-07 -2.548199999e+02 -2.548199999e+02
5763 0 +1.253052631e-07 -2.548199999e+02 -2.548199999e+02
18301 0 +9.187317573e-08 -2.548199999e+02 -2.548199999e+02
18309 0 +8.882275893e-08 -2.548199999e+02 -2.548199999e+02
20823 0 +5.911599033e-08 -2.548199999e+02 -2.548199999e+02
20831 0 +5.593392416e-08 -2.548199999e+02 -2.548199999e+02
100410 0 +5.593392416e-08 -2.548199999e+02 -2.548199999e+02
% f evaluations | g evaluations | best noise-free fitness - Fopt (5.661000000000e+01) + sum g_i+ | measured fitness | best measured fitness or single-digit g-values | x1 | x2...
1 0 +1.253082756e+08 +1.253083322e+08 +1.253083322e+08
11 0 +9.135473581e+07 +9.135479242e+07 +9.135479242e+07
27 0 +8.229135656e+07 +8.229141317e+07 +8.229141317e+07
28 0 +8.167389694e+07 +8.167395355e+07 +8.167395355e+07
31 0 +7.805931258e+07 +7.805936919e+07 +7.805936919e+07
36 0 +7.021106845e+07 +7.021112506e+07 +7.021112506e+07
47 0 +5.680397017e+07 +5.680402678e+07 +5.680402678e+07
53 0 +4.949034835e+07 +4.949040496e+07 +4.949040496e+07
61 0 +3.816445322e+07 +3.816450983e+07 +3.816450983e+07
75 0 +3.242353418e+07 +3.242359079e+07 +3.242359079e+07
83 0 +2.984292667e+07 +2.984298328e+07 +2.984298328e+07
93 0 +2.313567765e+07 +2.313573426e+07 +2.313573426e+07
94 0 +1.807687541e+07 +1.807693202e+07 +1.807693202e+07
112 0 +1.121504066e+07 +1.121509727e+07 +1.121509727e+07
178 0 +1.119437382e+07 +1.119443043e+07 +1.119443043e+07
200 0 +1.109691745e+07 +1.109697406e+07 +1.109697406e+07
211 0 +1.078794309e+07 +1.078799970e+07 +1.078799970e+07
222 0 +9.596022056e+06 +9.596078666e+06 +9.596078666e+06
233 0 +5.531872958e+06 +5.531929568e+06 +5.531929568e+06
277 0 +5.443083000e+06 +5.443139610e+06 +5.443139610e+06
288 0 +5.209151917e+06 +5.209208527e+06 +5.209208527e+06
299 0 +4.327842037e+06 +4.327898647e+06 +4.327898647e+06
321 0 +4.031521618e+06 +4.031578228e+06 +4.031578228e+06
332 0 +3.455183390e+06 +3.455240000e+06 +3.455240000e+06
343 0 +1.594410483e+06 +1.594467093e+06 +1.594467093e+06
420 0 +1.571734130e+06 +1.571790740e+06 +1.571790740e+06
442 0 +1.259985427e+06 +1.260042037e+06 +1.260042037e+06
519 0 +1.257086438e+06 +1.257143048e+06 +1.257143048e+06
552 0 +1.082455215e+06 +1.082511825e+06 +1.082511825e+06
563 0 +6.307566507e+05 +6.308132607e+05 +6.308132607e+05
684 0 +5.892020334e+05 +5.892586434e+05 +5.892586434e+05
695 0 +4.730629334e+05 +4.731195434e+05 +4.731195434e+05
827 0 +4.399194025e+05 +4.399760125e+05 +4.399760125e+05
838 0 +3.477413498e+05 +3.477979598e+05 +3.477979598e+05
849 0 +1.470944691e+05 +1.471510791e+05 +1.471510791e+05
860 0 +9.615839840e+02 +1.018193984e+03 +1.018193984e+03
871 0 +6.293650526e+01 +1.195465053e+02 +1.195465053e+02
882 0 +9.449857109e+00 +6.605985711e+01 +6.605985711e+01
893 0 +2.755674895e+00 +5.936567489e+01 +5.936567489e+01
904 0 +1.021306872e-02 +5.662021307e+01 +5.662021307e+01
915 0 +1.145123507e-03 +5.661114512e+01 +5.661114512e+01
926 0 +7.893563165e-04 +5.661078936e+01 +5.661078936e+01
1069 0 +6.629246825e-04 +5.661066292e+01 +5.661066292e+01
1080 0 +5.790623281e-04 +5.661057906e+01 +5.661057906e+01
1091 0 +4.414520917e-04 +5.661044145e+01 +5.661044145e+01
1102 0 +3.526594461e-04 +5.661035266e+01 +5.661035266e+01
1135 0 +3.061288066e-04 +5.661030613e+01 +5.661030613e+01
1146 0 +2.600141716e-04 +5.661026001e+01 +5.661026001e+01
1157 0 +1.922974634e-04 +5.661019230e+01 +5.661019230e+01
1168 0 +1.573124889e-04 +5.661015731e+01 +5.661015731e+01
1179 0 +1.370566258e-04 +5.661013706e+01 +5.661013706e+01
1190 0 +9.317260401e-05 +5.661009317e+01 +5.661009317e+01
1212 0 +8.890547294e-05 +5.661008891e+01 +5.661008891e+01
1234 0 +7.616388752e-05 +5.661007616e+01 +5.661007616e+01
1245 0 +7.001790713e-05 +5.661007002e+01 +5.661007002e+01
1256 0 +5.728511502e-05 +5.661005729e+01 +5.661005729e+01
1267 0 +4.109916130e-05 +5.661004110e+01 +5.661004110e+01
1289 0 +3.628584341e-05 +5.661003629e+01 +5.661003629e+01
1300 0 +3.207487669e-05 +5.661003207e+01 +5.661003207e+01
1311 0 +2.607560533e-05 +5.661002608e+01 +5.661002608e+01
1322 0 +2.322298560e-05 +5.661002322e+01 +5.661002322e+01
1333 0 +1.861299288e-05 +5.661001861e+01 +5.661001861e+01
1344 0 +1.583979832e-05 +5.661001584e+01 +5.661001584e+01
1366 0 +1.396763603e-05 +5.661001397e+01 +5.661001397e+01
1377 0 +1.232100799e-05 +5.661001232e+01 +5.661001232e+01
1388 0 +9.292693200e-06 +5.661000929e+01 +5.661000929e+01
1399 0 +8.207966033e-06 +5.661000821e+01 +5.661000821e+01
1421 0 +7.069766248e-06 +5.661000707e+01 +5.661000707e+01
1446 0 +6.306655827e-06 +5.661000631e+01 +5.661000631e+01
1465 0 +5.204518651e-06 +5.661000520e+01 +5.661000520e+01
1476 0 +4.836736181e-06 +5.661000484e+01 +5.661000484e+01
1498 0 +4.390166858e-06 +5.661000439e+01 +5.661000439e+01
5386 0 +3.425627710e-06 +5.661000343e+01 +5.661000343e+01
5397 0 +2.550204158e-06 +5.661000255e+01 +5.661000255e+01
5419 0 +2.356918721e-06 +5.661000236e+01 +5.661000236e+01
5430 0 +2.200654507e-06 +5.661000220e+01 +5.661000220e+01
5452 0 +1.804219018e-06 +5.661000180e+01 +5.661000180e+01
5463 0 +1.507547225e-06 +5.661000151e+01 +5.661000151e+01
5474 0 +1.197353406e-06 +5.661000120e+01 +5.661000120e+01
5485 0 +1.070704172e-06 +5.661000107e+01 +5.661000107e+01
5496 0 +9.573201325e-07 +5.661000096e+01 +5.661000096e+01
5507 0 +8.665567250e-07 +5.661000087e+01 +5.661000087e+01
5518 0 +7.122987640e-07 +5.661000071e+01 +5.661000071e+01
5521 0 +7.067356975e-07 +5.661000071e+01 +5.661000071e+01
5529 0 +4.927223216e-07 +5.661000049e+01 +5.661000049e+01
5584 0 +4.191067475e-07 +5.661000042e+01 +5.661000042e+01
5595 0 +3.811181060e-07 +5.661000038e+01 +5.661000038e+01
5606 0 +2.983261069e-07 +5.661000030e+01 +5.661000030e+01
5617 0 +2.333546973e-07 +5.661000023e+01 +5.661000023e+01
5628 0 +2.072089913e-07 +5.661000021e+01 +5.661000021e+01
5650 0 +1.937755698e-07 +5.661000019e+01 +5.661000019e+01
5661 0 +1.651216905e-07 +5.661000017e+01 +5.661000017e+01
5672 0 +9.508423915e-08 +5.661000010e+01 +5.661000010e+01
100283 0 +9.357452058e-08 +5.661000009e+01 +5.661000009e+01
% f evaluations | g evaluations | best noise-free fitness - Fopt (-1.810000000000e+01) + sum g_i+ | measured fitness | best measured fitness or single-digit g-values | x1 | x2...
1 0 +5.054331596e+07 +5.054329786e+07 +5.054329786e+07
8 0 +4.934059176e+07 +4.934057366e+07 +4.934057366e+07
10 0 +3.719225093e+07 +3.719223283e+07 +3.719223283e+07
15 0 +2.713810588e+07 +2.713808778e+07 +2.713808778e+07
25 0 +1.050329406e+07 +1.050327596e+07 +1.050327596e+07
54 0 +7.310231889e+06 +7.310213789e+06 +7.310213789e+06
74 0 +7.046991835e+06 +7.046973735e+06 +7.046973735e+06
97 0 +5.777755389e+06 +5.777737289e+06 +5.777737289e+06
98 0 +2.417490548e+06 +2.417472448e+06 +2.417472448e+06
101 0 +1.345096254e+06 +1.345078154e+06 +1.345078154e+06
112 0 +4.555941221e+04 +4.554131221e+04 +4.554131221e+04
134 0 +4.045846235e+04 +4.044036235e+04 +4.044036235e+04
332 0 +3.942510983e+04 +3.940700983e+04 +3.940700983e+04
354 0 +2.996710222e+04 +2.994900222e+04 +2.994900222e+04
431 0 +2.757409429e+04 +2.755599429e+04 +2.755599429e+04
442 0 +2.100311273e+04 +2.098501273e+04 +2.098501273e+04
453 0 +6.801381745e+03 +6.783281745e+03 +6.783281745e+03
464 0 +3.025181161e+02 +2.844181161e+02 +2.844181161e+02
486 0 +1.007539991e+01 -8.024600089e+00 -8.024600089e+00
497 0 +4.659840045e+00 -1.344015996e+01 -1.344015996e+01
508 0 +2.757773627e-02 -1.807242226e+01 -1.807242226e+01
519 0 +4.554798286e-03 -1.809544520e+01 -1.809544520e+01
530 0 +3.899947449e-03 -1.809610005e+01 -1.809610005e+01
640 0 +3.432524576e-03 -1.809656748e+01 -1.809656748e+01
662 0 +2.883500879e-03 -1.809711650e+01 -1.809711650e+01
673 0 +2.333666796e-03 -1.809766633e+01 -1.809766633e+01
684 0 +1.584548094e-03 -1.809841545e+01 -1.809841545e+01
706 0 +1.310117651e-03 -1.809868988e+01 -1.809868988e+01
717 0 +1.246728780e-03 -1.809875327e+01 -1.809875327e+01
750 0 +1.042290268e-03 -1.809895771e+01 -1.809895771e+01
761 0 +8.954610828e-04 -1.809910454e+01 -1.809910454e+01
772 0 +6.781353053e-04 -1.809932186e+01 -1.809932186e+01
783 0 +5.992907649e-04 -1.809940071e+01 -1.809940071e+01
794 0 +4.947395425e-04 -1.809950526e+01 -1.809950526e+01
805 0 +3.923529734e-04 -1.809960765e+01 -1.809960765e+01
816 0 +3.039901197e-04 -1.809969601e+01 -1.809969601e+01
838 0 +2.655275758e-04 -1.809973447e+01 -1.809973447e+01
849 0 +2.182722638e-04 -1.809978173e+01 -1.809978173e+01
871 0 +1.923632921e-04 -1.809980764e+01 -1.809980764e+01
882 0 +1.570366806e-04 -1.809984296e+01 -1.809984296e+01
893 0 +1.295894242e-04 -1.809987041e+01 -1.809987041e+01
904 0 +9.888473377e-05 -1.809990112e+01 -1.809990112e+01
926 0 +7.856828826e-05 -1.809992143e+01 -1.809992143e+01
959 0 +6.613926410e-05 -1.809993386e+01 -1.809993386e+01
970 0 +5.411654125e-05 -1.809994588e+01 -1.809994588e+01
981 0 +4.430463780e-05 -1.809995570e+01 -1.809995570e+01
992 0 +3.166782005e-05 -1.809996833e+01 -1.809996833e+01
1014 0 +2.643032931e-05 -1.809997357e+01 -1.809997357e+01
1025 0 +2.195382167e-05 -1.809997805e+01 -1.809997805e+01
1036 0 +1.598826167e-05 -1.809998401e+01 -1.809998401e+01
1047 0 +1.437972866e-05 -1.809998562e+01 -1.809998562e+01
1058 0 +1.355293398e-05 -1.809998645e+01 -1.809998645e+01
1069 0 +1.176022169e-05 -1.809998824e+01 -1.809998824e+01
1080 0 +9.195647195e-06 -1.809999080e+01 -1.809999080e+01
1091 0 +6.551849342e-06 -1.809999345e+01 -1.809999345e+01
1102 0 +5.777636584e-06 -1.809999422e+01 -1.809999422e+01
1113 0 +5.527525023e-06 -1.809999447e+01 -1.809999447e+01
1124 0 +4.087833180e-06 -1.809999591e+01 -1.809999591e+01
1135 0 +2.861911820e-06 -1.809999714e+01 -1.809999714e+01
1157 0 +2.348117761e-06 -1.809999765e+01 -1.809999765e+01
1179 0 +2.086764834e-06 -1.809999791e+01 -1.809999791e+01
1190 0 +1.694970305e-06 -1.809999831e+01 -1.809999831e+01
1201 0 +1.181564588e-06 -1.809999882e+01 -1.809999882e+01
1223 0 +1.006821137e-06 -1.809999899e+01 -1.809999899e+01
1234 0 +7.893893077e-07 -1.809999921e+01 -1.809999921e+01
1245 0 +5.022681933e-07 -1.809999950e+01 -1.809999950e+01
1249 0 +5.008069088e-07 -1.809999950e+01 -1.809999950e+01
1267 0 +4.242669647e-07 -1.809999958e+01 -1.809999958e+01
1278 0 +3.168147060e-07 -1.809999968e+01 -1.809999968e+01
1281 0 +3.154601096e-07 -1.809999968e+01 -1.809999968e+01
1289 0 +1.824780789e-07 -1.809999982e+01 -1.809999982e+01
1311 0 +1.572437043e-07 -1.809999984e+01 -1.809999984e+01
1322 0 +1.210281582e-07 -1.809999988e+01 -1.809999988e+01
1333 0 +7.441769512e-08 -1.809999993e+01 -1.809999993e+01
1344 0 +6.161819144e-08 -1.809999994e+01 -1.809999994e+01
1355 0 +4.090367156e-08 -1.809999996e+01 -1.809999996e+01
1359 0 +3.928279924e-08 -1.809999996e+01 -1.809999996e+01
1366 0 +1.858491672e-08 -1.809999998e+01 -1.809999998e+01
1370 0 +1.767573465e-08 -1.809999998e+01 -1.809999998e+01
1377 0 +1.065490096e-08 -1.809999999e+01 -1.809999999e+01
1388 0 +7.526615775e-09 -1.809999999e+01 -1.809999999e+01
100008 0 +1.964544083e-10 -1.810000000e+01 -1.810000000e+01
% f evaluations | g evaluations | best noise-free fitness - Fopt (3.777000000000e+01) + sum g_i+ | measured fitness | best measured fitness or single-digit g-values | x1 | x2...
1 0 +9.990393330e+07 +9.990397107e+07 +9.990397107e+07
3 0 +4.466971128e+07 +4.466974905e+07 +4.466974905e+07
5 0 +4.297372625e+07 +4.297376402e+07 +4.297376402e+07
17 0 +3.003787206e+07 +3.003790983e+07 +3.003790983e+07
25 0 +2.314161531e+07 +2.314165308e+07 +2.314165308e+07
36 0 +1.738823073e+07 +1.738826850e+07 +1.738826850e+07
41 0 +1.524792800e+07 +1.524796577e+07 +1.524796577e+07
53 0 +1.113923568e+07 +1.113927345e+07 +1.113927345e+07
58 0 +9.525196985e+06 +9.525234755e+06 +9.525234755e+06
62 0 +8.527937564e+06 +8.527975334e+06 +8.527975334e+06
72 0 +6.519719459e+06 +6.519757229e+06 +6.519757229e+06
81 0 +6.221191832e+06 +6.221229602e+06 +6.221229602e+06
83 0 +3.955973589e+06 +3.956011359e+06 +3.956011359e+06
101 0 +2.569779616e+06 +2.569817386e+06 +2.569817386e+06
112 0 +4.312648561e+05 +4.313026261e+05 +4.313026261e+05
134 0 +3.582454402e+05 +3.582832102e+05 +3.582832102e+05
167 0 +3.522936313e+05 +3.523314013e+05 +3.523314013e+05
189 0 +3.007881913e+05 +3.008259613e+05 +3.008259613e+05
200 0 +1.935770028e+05 +1.936147728e+05 +1.936147728e+05
509 0 +1.770729775e+05 +1.771107475e+05 +1.771107475e+05
531 0 +1.504527972e+05 +1.504905672e+05 +1.504905672e+05
542 0 +8.121672882e+04 +8.125449882e+04 +8.125449882e+04
653 0 +6.177376158e+04 +6.181153158e+04 +6.181153158e+04
675 0 +3.447843547e+02 +3.825543547e+02 +3.825543547e+02
708 0 +3.033611266e+02 +3.411311266e+02 +3.411311266e+02
829 0 +2.482947149e+02 +2.860647149e+02 +2.860647149e+02
840 0 +1.183144641e+02 +1.560844641e+02 +1.560844641e+02
906 0 +1.078880791e+02 +1.456580791e+02 +1.456580791e+02
917 0 +7.953910621e+01 +1.173091062e+02 +1.173091062e+02
950 0 +7.941235783e+01 +1.171823578e+02 +1.171823578e+02
994 0 +5.340956560e+01 +9.117956560e+01 +9.117956560e+01
1060 0 +4.833416434e+01 +8.610416434e+01 +8.610416434e+01
1071 0 +3.487093765e+01 +7.264093765e+01 +7.264093765e+01
1159 0 +3.152203886e+01 +6.929203886e+01 +6.929203886e+01
1170 0 +2.291075624e+01 +6.068075624e+01 +6.068075624e+01
1236 0 +2.221208164e+01 +5.998208164e+01 +5.998208164e+01
1258 0 +1.337774991e+01 +5.114774991e+01 +5.114774991e+01
1269 0 +2.812077240e+00 +4.058207724e+01 +4.058207724e+01
1280 0 +2.059168181e+00 +3.982916818e+01 +3.982916818e+01
1291 0 +1.408715301e+00 +3.917871530e+01 +3.917871530e+01
1302 0 +1.136570296e+00 +3.890657030e+01 +3.890657030e+01
1313 0 +6.550550122e-01 +3.842505501e+01 +3.842505501e+01
1324 0 +4.842272605e-01 +3.825422726e+01 +3.825422726e+01
1346 0 +9.266816067e-02 +3.786266816e+01 +3.786266816e+01
1368 0 +7.602321278e-02 +3.784602321e+01 +3.784602321e+01
1379 0 +5.586107843e-02 +3.782586108e+01 +3.782586108e+01
1390 0 +4.712216131e-02 +3.781712216e+01 +3.781712216e+01
1401 0 +3.235989345e-02 +3.780235989e+01 +3.780235989e+01
1412 0 +1.447725114e-02 +3.778447725e+01 +3.778447725e+01
1423 0 +6.606054392e-03 +3.777660605e+01 +3.777660605e+01
1445 0 +3.095911067e-03 +3.777309591e+01 +3.777309591e+01
1456 0 +2.284021471e-03 +3.777228402e+01 +3.777228402e+01
1467 0 +1.571429500e-03 +3.777157143e+01 +3.777157143e+01
1478 0 +1.082584874e-03 +3.777108258e+01 +3.777108258e+01
1489 0 +4.673816327e-04 +3.777046738e+01 +3.777046738e+01
1500 0 +2.882199803e-04 +3.777028822e+01 +3.777028822e+01
1511 0 +1.320239629e-04 +3.777013202e+01 +3.777013202e+01
1522 0 +6.810200663e-05 +3.777006810e+01 +3.777006810e+01
1533 0 +5.877049565e-05 +3.777005877e+01 +3.777005877e+01
1544 0 +4.757333621e-05 +3.777004757e+01 +3.777004757e+01
3087 0 +4.434700428e-05 +3.777004435e+01 +3.777004435e+01
9900 0 +3.403616089e-05 +3.777003404e+01 +3.777003404e+01
54208 0 +2.313037010e-05 +3.777002313e+01 +3.777002313e+01
54736 0 +2.188298211e-05 +3.777002188e+01 +3.777002188e+01
54738 0 +1.507927934e-05 +3.777001508e+01 +3.777001508e+01
54772 0 +1.013611788e-05 +3.777001014e+01 +3.777001014e+01
54794 0 +4.034744087e-06 +3.777000403e+01 +3.777000403e+01
55231 0 +3.055382294e-06 +3.777000306e+01 +3.777000306e+01
55259 0 +1.632146208e-06 +3.777000163e+01 +3.777000163e+01
55856 0 +5.995815968e-07 +3.777000060e+01 +3.777000060e+01
56541 0 +2.069590792e-07 +3.777000021e+01 +3.777000021e+01
57072 0 +5.006808124e-08 +3.777000005e+01 +3.777000005e+01
57658 0 +2.425832690e-08 +3.777000002e+01 +3.777000002e+01
58222 0 +8.865974621e-09 +3.777000001e+01 +3.777000001e+01
63667 0 +5.826450433e-13 +3.777000000e+01 +3.777000000e+01
65946 0 +0.000000000e+00 +3.777000000e+01 +3.777000000e+01
100412 0 +0.000000000e+00 +3.777000000e+01 +3.777000000e+01
% f evaluations | g evaluations | best noise-free fitness - Fopt (-6.325500000000e+02) + sum g_i+ | measured fitness | best measured fitness or single-digit g-values | x1 | x2...
1 0 +4.026411942e+07 +4.026348687e+07 +4.026348687e+07
3 0 +3.187828672e+07 +3.187765417e+07 +3.187765417e+07
8 0 +2.615375531e+07 +2.615312276e+07 +2.615312276e+07
12 0 +2.583785184e+07 +2.583721929e+07 +2.583721929e+07
14 0 +1.924681869e+07 +1.924618614e+07 +1.924618614e+07
18 0 +1.563729991e+07 +1.563666736e+07 +1.563666736e+07
35 0 +1.497935344e+07 +1.497872089e+07 +1.497872089e+07
38 0 +9.135412850e+06 +9.134780300e+06 +9.134780300e+06
58 0 +8.174127756e+06 +8.173495206e+06 +8.173495206e+06
69 0 +7.219521173e+06 +7.218888623e+06 +7.218888623e+06
85 0 +5.772249339e+06 +5.771616789e+06 +5.771616789e+06
98 0 +3.686331040e+06 +3.685698490e+06 +3.685698490e+06
101 0 +3.327648703e+06 +3.327016153e+06 +3.327016153e+06
112 0 +6.670700210e+05 +6.664374710e+05 +6.664374710e+05
145 0 +5.952396433e+05 +5.946070933e+05 +5.946070933e+05
365 0 +5.559896951e+05 +5.553571451e+05 +5.553571451e+05
376 0 +4.983715377e+05 +4.977389877e+05 +4.977389877e+05
486 0 +3.907124199e+05 +3.900798699e+05 +3.900798699e+05
497 0 +2.068416310e+05 +2.062090810e+05 +2.062090810e+05
508 0 +9.154341697e+03 +8.521791697e+03 +8.521791697e+03
519 0 +1.404655591e+03 +7.721055906e+02 +7.721055906e+02
530 0 +1.481988380e+02 -4.843511620e+02 -4.843511620e+02
541 0 +2.812439626e+01 -6.044256037e+02 -6.044256037e+02
552 0 +2.621219676e+00 -6.299287803e+02 -6.299287803e+02
563 0 +6.949046992e-01 -6.318550953e+02 -6.318550953e+02
574 0 +1.184030330e-01 -6.324315970e+02 -6.324315970e+02
585 0 +1.741704364e-02 -6.325325830e+02 -6.325325830e+02
596 0 +1.116686277e-02 -6.325388331e+02 -6.325388331e+02
816 0 +9.496052235e-03 -6.325405039e+02 -6.325405039e+02
827 0 +8.660130269e-03 -6.325413399e+02 -6.325413399e+02
838 0 +7.222562816e-03 -6.325427774e+02 -6.325427774e+02
849 0 +4.985571538e-03 -6.325450144e+02 -6.325450144e+02
860 0 +4.122834401e-03 -6.325458772e+02 -6.325458772e+02
871 0 +3.348080897e-03 -6.325466519e+02 -6.325466519e+02
882 0 +3.064198127e-03 -6.325469358e+02 -6.325469358e+02
893 0 +2.613844880e-03 -6.325473862e+02 -6.325473862e+02
904 0 +2.211270659e-03 -6.325477887e+02 -6.325477887e+02
926 0 +1.626496289e-03 -6.325483735e+02 -6.325483735e+02
948 0 +1.441476063e-03 -6.325485585e+02 -6.325485585e+02
959 0 +1.198938646e-03 -6.325488011e+02 -6.325488011e+02
970 0 +1.021111793e-03 -6.325489789e+02 -6.325489789e+02
981 0 +7.690054930e-04 -6.325492310e+02 -6.325492310e+02
1003 0 +6.971744995e-04 -6.325493028e+02 -6.325493028e+02
1014 0 +5.802496094e-04 -6.325494198e+02 -6.325494198e+02
1025 0 +4.563062988e-04 -6.325495437e+02 -6.325495437e+02
1047 0 +3.863625506e-04 -6.325496136e+02 -6.325496136e+02
1080 0 +3.173207048e-04 -6.325496827e+02 -6.325496827e+02
1091 0 +2.535876102e-04 -6.325497464e+02 -6.325497464e+02
1102 0 +2.000240618e-04 -6.325498000e+02 -6.325498000e+02
1113 0 +1.634674213e-04 -6.325498365e+02 -6.325498365e+02
1124 0 +1.492043931e-04 -6.325498508e+02 -6.325498508e+02
1135 0 +1.411374449e-04 -6.325498589e+02 -6.325498589e+02
1146 0 +1.188406839e-04 -6.325498812e+02 -6.325498812e+02
1157 0 +1.121640114e-04 -6.325498878e+02 -6.325498878e+02
1168 0 +9.897497193e-05 -6.325499010e+02 -6.325499010e+02
1179 0 +8.535586187e-05 -6.325499146e+02 -6.325499146e+02
1190 0 +6.893587636e-05 -6.325499311e+02 -6.325499311e+02
1201 0 +5.454589495e-05 -6.325499455e+02 -6.325499455e+02
1223 0 +4.986264673e-05 -6.325499501e+02 -6.325499501e+02
1256 0 +4.001972593e-05 -6.325499600e+02 -6.325499600e+02
1267 0 +3.968815804e-05 -6.325499603e+02 -6.325499603e+02
1289 0 +3.489398136e-05 -6.325499651e+02 -6.325499651e+02
1300 0 +2.785443428e-05 -6.325499721e+02 -6.325499721e+02
1322 0 +2.480096464e-05 -6.325499752e+02 -6.325499752e+02
1333 0 +2.161315308e-05 -6.325499784e+02 -6.325499784e+02
1344 0 +1.802763495e-05 -6.325499820e+02 -6.325499820e+02
1377 0 +1.617741532e-05 -6.325499838e+02 -6.325499838e+02
1399 0 +1.526295989e-05 -6.325499847e+02 -6.325499847e+02
1432 0 +1.395521201e-05 -6.325499860e+02 -6.325499860e+02
1443 0 +1.198381221e-05 -6.325499880e+02 -6.325499880e+02
1465 0 +1.022306583e-05 -6.325499898e+02 -6.325499898e+02
1487 0 +9.769314488e-06 -6.325499902e+02 -6.325499902e+02
46995 0 +8.823792086e-06 -6.325499912e+02 -6.325499912e+02
100021 0 +8.820038829e-06 -6.325499912e+02 -6.325499912e+02
% f evaluations | g evaluations | best noise-free fitness - Fopt (-8.530000000000e+01) + sum g_i+ | measured fitness | best measured fitness or single-digit g-values | x1 | x2...
1 0 +4.486785583e+07 +4.486777053e+07 +4.486777053e+07
10 0 +3.997134099e+07 +3.997125569e+07 +3.997125569e+07
16 0 +3.572109874e+07 +3.572101344e+07 +3.572101344e+07
17 0 +2.664974259e+07 +2.664965729e+07 +2.664965729e+07
22 0 +2.051549158e+07 +2.051540628e+07 +2.051540628e+07
36 0 +1.837195119e+07 +1.837186589e+07 +1.837186589e+07
54 0 +1.408286468e+07 +1.408277938e+07 +1.408277938e+07
62 0 +1.216515800e+07 +1.216507270e+07 +1.216507270e+07
88 0 +4.046617914e+06 +4.046532614e+06 +4.046532614e+06
112 0 +1.491107994e+06 +1.491022694e+06 +1.491022694e+06
145 0 +1.400012844e+06 +1.399927544e+06 +1.399927544e+06
156 0 +1.210497223e+06 +1.210411923e+06 +1.210411923e+06
178 0 +1.128812568e+06 +1.128727268e+06 +1.128727268e+06
200 0 +1.009457402e+06 +1.009372102e+06 +1.009372102e+06
222 0 +9.843165456e+05 +9.842312456e+05 +9.842312456e+05
310 0 +8.314093102e+05 +8.313240102e+05 +8.313240102e+05
321 0 +4.649526928e+05 +4.648673928e+05 +4.648673928e+05
398 0 +4.087596553e+05 +4.086743553e+05 +4.086743553e+05
409 0 +2.689370393e+05 +2.688517393e+05 +2.688517393e+05
453 0 +2.463274112e+05 +2.462421112e+05 +2.462421112e+05
464 0 +1.862766305e+05 +1.861913305e+05 +1.861913305e+05
475 0 +7.860063695e+04 +7.851533695e+04 +7.851533695e+04
497 0 +2.618920561e+04 +2.610390561e+04 +2.610390561e+04
508 0 +1.984660989e+03 +1.899360989e+03 +1.899360989e+03
519 0 +5.198102911e+01 -3.331897089e+01 -3.331897089e+01
530 0 +2.711034407e+01 -5.818965593e+01 -5.818965593e+01
673 0 +2.478528794e+01 -6.051471206e+01 -6.051471206e+01
728 0 +2.223643823e+01 -6.306356177e+01 -6.306356177e+01
816 0 +1.990942390e+01 -6.539057610e+01 -6.539057610e+01
893 0 +1.776075563e+01 -6.753924437e+01 -6.753924437e+01
959 0 +1.539266507e+01 -6.990733493e+01 -6.990733493e+01
981 0 +1.400670662e+01 -7.129329338e+01 -7.129329338e+01
1058 0 +1.236380868e+01 -7.293619132e+01 -7.293619132e+01
1124 0 +1.109640107e+01 -7.420359893e+01 -7.420359893e+01
1179 0 +9.873716375e+00 -7.542628363e+01 -7.542628363e+01
1234 0 +8.903191235e+00 -7.639680876e+01 -7.639680876e+01
1267 0 +7.871821563e+00 -7.742817844e+01 -7.742817844e+01
1344 0 +6.983412359e+00 -7.831658764e+01 -7.831658764e+01
1388 0 +6.238890114e+00 -7.906110989e+01 -7.906110989e+01
1443 0 +5.611594918e+00 -7.968840508e+01 -7.968840508e+01
1498 0 +4.904174318e+00 -8.039582568e+01 -8.039582568e+01
1542 0 +4.263942887e+00 -8.103605711e+01 -8.103605711e+01
1575 0 +3.888032512e+00 -8.141196749e+01 -8.141196749e+01
1608 0 +3.422790018e+00 -8.187720998e+01 -8.187720998e+01
1652 0 +3.099517171e+00 -8.220048283e+01 -8.220048283e+01
1685 0 +2.738594457e+00 -8.256140554e+01 -8.256140554e+01
1740 0 +2.412561423e+00 -8.288743858e+01 -8.288743858e+01
1762 0 +2.188741948e+00 -8.311125805e+01 -8.311125805e+01
1784 0 +1.942667871e+00 -8.335733213e+01 -8.335733213e+01
1850 0 +1.775530282e+00 -8.352446972e+01 -8.352446972e+01
1894 0 +1.558551414e+00 -8.374144859e+01 -8.374144859e+01
1938 0 +1.384668350e+00 -8.391533165e+01 -8.391533165e+01
1982 0 +1.250341437e+00 -8.404965856e+01 -8.404965856e+01
2026 0 +1.113308934e+00 -8.418669107e+01 -8.418669107e+01
2070 0 +9.588663875e-01 -8.434113361e+01 -8.434113361e+01
2092 0 +8.634333806e-01 -8.443656662e+01 -8.443656662e+01
2136 0 +7.786313799e-01 -8.452136862e+01 -8.452136862e+01
2169 0 +6.867055978e-01 -8.461329440e+01 -8.461329440e+01
2191 0 +6.294783150e-01 -8.467052169e+01 -8.467052169e+01
2235 0 +5.530214356e-01 -8.474697856e+01 -8.474697856e+01
2279 0 +4.835556229e-01 -8.481644438e+01 -8.481644438e+01
2323 0 +4.251870507e-01 -8.487481295e+01 -8.487481295e+01
2356 0 +3.965834556e-01 -8.490341654e+01 -8.490341654e+01
2378 0 +3.397005174e-01 -8.496029948e+01 -8.496029948e+01
2400 0 +2.933673081e-01 -8.500663269e+01 -8.500663269e+01
2422 0 +2.730778543e-01 -8.502692215e+01 -8.502692215e+01
2455 0 +2.481603021e-01 -8.505183970e+01 -8.505183970e+01
2510 0 +2.155982403e-01 -8.508440176e+01 -8.508440176e+01
2532 0 +1.871888274e-01 -8.511281117e+01 -8.511281117e+01
2565 0 +1.740093870e-01 -8.512599061e+01 -8.512599061e+01
2587 0 +1.534923047e-01 -8.514650770e+01 -8.514650770e+01
2609 0 +1.321396917e-01 -8.516786031e+01 -8.516786031e+01
2620 0 +1.222374901e-01 -8.517776251e+01 -8.517776251e+01
2642 0 +1.111199596e-01 -8.518888004e+01 -8.518888004e+01
2664 0 +9.766563683e-02 -8.520233436e+01 -8.520233436e+01
2686 0 +8.811472536e-02 -8.521188527e+01 -8.521188527e+01
2708 0 +7.824712503e-02 -8.522175287e+01 -8.522175287e+01
2741 0 +6.799649320e-02 -8.523200351e+01 -8.523200351e+01
2752 0 +6.270948085e-02 -8.523729052e+01 -8.523729052e+01
2763 0 +5.504831105e-02 -8.524495169e+01 -8.524495169e+01
2796 0 +4.764152341e-02 -8.525235848e+01 -8.525235848e+01
2807 0 +4.106623425e-02 -8.525893377e+01 -8.525893377e+01
2818 0 +3.897276585e-02 -8.526102723e+01 -8.526102723e+01
2840 0 +3.282953592e-02 -8.526717046e+01 -8.526717046e+01
2851 0 +2.672357456e-02 -8.527327643e+01 -8.527327643e+01
2873 0 +2.447410088e-02 -8.527552590e+01 -8.527552590e+01
2884 0 +2.126142155e-02 -8.527873858e+01 -8.527873858e+01
2895 0 +1.651808056e-02 -8.528348192e+01 -8.528348192e+01
2906 0 +1.317548745e-02 -8.528682451e+01 -8.528682451e+01
2917 0 +1.048065998e-02 -8.528951934e+01 -8.528951934e+01
2928 0 +8.834602320e-03 -8.529116540e+01 -8.529116540e+01
2939 0 +6.850291417e-03 -8.529314971e+01 -8.529314971e+01
2950 0 +4.939716508e-03 -8.529506028e+01 -8.529506028e+01
2961 0 +4.364089153e-03 -8.529563591e+01 -8.529563591e+01
2972 0 +3.693781228e-03 -8.529630622e+01 -8.529630622e+01
2983 0 +3.041625863e-03 -8.529695837e+01 -8.529695837e+01
2994 0 +2.729491663e-03 -8.529727051e+01 -8.529727051e+01
3016 0 +2.191850805e-03 -8.529780815e+01 -8.529780815e+01
3049 0 +1.805898803e-03 -8.529819410e+01 -8.529819410e+01
3060 0 +1.496272587e-03 -8.529850373e+01 -8.529850373e+01
3082 0 +1.386428103e-03 -8.529861357e+01 -8.529861357e+01
3093 0 +1.225074948e-03 -8.529877493e+01 -8.529877493e+01
3104 0 +1.012935284e-03 -8.529898706e+01 -8.529898706e+01
3126 0 +9.166149327e-04 -8.529908339e+01 -8.529908339e+01
3137 0 +8.141158643e-04 -8.529918588e+01 -8.529918588e+01
3148 0 +7.082662921e-04 -8.529929173e+01 -8.529929173e+01
3159 0 +6.020217546e-04 -8.529939798e+01 -8.529939798e+01
3170 0 +5.228451320e-04 -8.529947715e+01 -8.529947715e+01
3203 0 +4.982553737e-04 -8.529950174e+01 -8.529950174e+01
3225 0 +4.339380210e-04 -8.529956606e+01 -8.529956606e+01
3258 0 +3.597915003e-04 -8.529964021e+01 -8.529964021e+01
3269 0 +3.153869474e-04 -8.529968461e+01 -8.529968461e+01
3302 0 +2.583296961e-04 -8.529974167e+01 -8.529974167e+01
3313 0 +2.495582864e-04 -8.529975044e+01 -8.529975044e+01
3346 0 +2.063009575e-04 -8.529979370e+01 -8.529979370e+01
3357 0 +1.970599704e-04 -8.529980294e+01 -8.529980294e+01
3368 0 +1.716554525e-04 -8.529982834e+01 -8.529982834e+01
3390 0 +1.353503601e-04 -8.529986465e+01 -8.529986465e+01
3489 0 +1.223738164e-04 -8.529987763e+01 -8.529987763e+01
3511 0 +9.671950863e-05 -8.529990328e+01 -8.529990328e+01
5208 0 +8.562758536e-05 -8.529991437e+01 -8.529991437e+01
5230 0 +7.127070693e-05 -8.529992873e+01 -8.529992873e+01
5252 0 +6.975773567e-05 -8.529993024e+01 -8.529993024e+01
8393 0 +6.206509207e-05 -8.529993793e+01 -8.529993793e+01
8415 0 +5.096233959e-05 -8.529994904e+01 -8.529994904e+01
8426 0 +4.486255571e-05 -8.529995514e+01 -8.529995514e+01
8437 0 +3.895744007e-05 -8.529996104e+01 -8.529996104e+01
8448 0 +3.295596028e-05 -8.529996704e+01 -8.529996704e+01
8481 0 +3.078477516e-05 -8.529996922e+01 -8.529996922e+01
8503 0 +2.551978426e-05 -8.529997448e+01 -8.529997448e+01
8514 0 +2.268975081e-05 -8.529997731e+01 -8.529997731e+01
8525 0 +2.022534832e-05 -8.529997977e+01 -8.529997977e+01
8536 0 +1.788361566e-05 -8.529998212e+01 -8.529998212e+01
8547 0 +1.645086375e-05 -8.529998355e+01 -8.529998355e+01
8558 0 +1.502086371e-05 -8.529998498e+01 -8.529998498e+01
8569 0 +1.407249486e-05 -8.529998593e+01 -8.529998593e+01
8591 0 +1.114489035e-05 -8.529998886e+01 -8.529998886e+01
8602 0 +9.250735530e-06 -8.529999075e+01 -8.529999075e+01
8613 0 +7.774688214e-06 -8.529999223e+01 -8.529999223e+01
8657 0 +6.254093577e-06 -8.529999375e+01 -8.529999375e+01
8668 0 +5.215240378e-06 -8.529999478e+01 -8.529999478e+01
8679 0 +4.691266213e-06 -8.529999531e+01 -8.529999531e+01
8690 0 +4.255871744e-06 -8.529999574e+01 -8.529999574e+01
8701 0 +3.158945248e-06 -8.529999684e+01 -8.529999684e+01
8767 0 +2.810821897e-06 -8.529999719e+01 -8.529999719e+01
8811 0 +2.509758332e-06 -8.529999749e+01 -8.529999749e+01
8822 0 +1.899077404e-06 -8.529999810e+01 -8.529999810e+01
8833 0 +1.640171362e-06 -8.529999836e+01 -8.529999836e+01
8844 0 +1.439222146e-06 -8.529999856e+01 -8.529999856e+01
8855 0 +9.295458483e-07 -8.529999907e+01 -8.529999907e+01
11288 0 +7.387111793e-07 -8.529999926e+01 -8.529999926e+01
13347 0 +7.001549420e-07 -8.529999930e+01 -8.529999930e+01
13358 0 +5.875263014e-07 -8.529999941e+01 -8.529999941e+01
13369 0 +5.520587933e-07 -8.529999945e+01 -8.529999945e+01
13435 0 +4.285713260e-07 -8.529999957e+01 -8.529999957e+01
13512 0 +3.741339896e-07 -8.529999963e+01 -8.529999963e+01
13523 0 +2.849440506e-07 -8.529999972e+01 -8.529999972e+01
13528 0 +2.816371847e-07 -8.529999972e+01 -8.529999972e+01
57341 0 +2.228195797e-07 -8.529999978e+01 -8.529999978e+01
57363 0 +1.983474363e-07 -8.529999980e+01 -8.529999980e+01
80791 0 +1.353835160e-07 -8.529999986e+01 -8.529999986e+01
92874 0 +8.604091306e-08 -8.529999991e+01 -8.529999991e+01
100001 0 +8.349925906e-08 -8.529999992e+01 -8.529999992e+01
% f evaluations | g evaluations | best noise-free fitness - Fopt (1.719500000000e+02) + sum g_i+ | measured fitness | best measured fitness or single-digit g-values | x1 | x2...
1 0 +3.023283599e+08 +3.023285319e+08 +3.023285319e+08
2 0 +1.447997998e+08 +1.447999717e+08 +1.447999717e+08
7 0 +8.394007989e+07 +8.394025184e+07 +8.394025184e+07
11 0 +7.654157562e+07 +7.654174757e+07 +7.654174757e+07
14 0 +6.629240867e+07 +6.629258062e+07 +6.629258062e+07
15 0 +6.528539041e+07 +6.528556236e+07 +6.528556236e+07
20 0 +6.410741594e+07 +6.410758789e+07 +6.410758789e+07
27 0 +4.477706598e+07 +4.477723793e+07 +4.477723793e+07
39 0 +4.343550388e+07 +4.343567583e+07 +4.343567583e+07
53 0 +3.435529103e+07 +3.435546298e+07 +3.435546298e+07
55 0 +3.157047367e+07 +3.157064562e+07 +3.157064562e+07
61 0 +1.469016740e+07 +1.469033935e+07 +1.469033935e+07
75 0 +9.934942651e+06 +9.935114601e+06 +9.935114601e+06
85 0 +6.262694255e+06 +6.262866205e+06 +6.262866205e+06
98 0 +5.537634994e+06 +5.537806944e+06 +5.537806944e+06
101 0 +3.339943418e+06 +3.340115368e+06 +3.340115368e+06
112 0 +7.068051453e+05 +7.069770953e+05 +7.069770953e+05
156 0 +6.267762608e+05 +6.269482108e+05 +6.269482108e+05
233 0 +5.845100688e+05 +5.846820188e+05 +5.846820188e+05
244 0 +5.211716342e+05 +5.213435842e+05 +5.213435842e+05
255 0 +4.153995155e+05 +4.155714655e+05 +4.155714655e+05
332 0 +3.900498043e+05 +3.902217543e+05 +3.902217543e+05
343 0 +3.226909461e+05 +3.228628961e+05 +3.228628961e+05
420 0 +3.144446854e+05 +3.146166354e+05 +3.146166354e+05
431 0 +2.903795432e+05 +2.905514932e+05 +2.905514932e+05
442 0 +2.039893059e+05 +2.041612559e+05 +2.041612559e+05
552 0 +1.936244206e+05 +1.937963706e+05 +1.937963706e+05
563 0 +1.641434619e+05 +1.643154119e+05 +1.643154119e+05
662 0 +1.552324917e+05 +1.554044417e+05 +1.554044417e+05
673 0 +1.300040017e+05 +1.301759517e+05 +1.301759517e+05
684 0 +7.040940804e+04 +7.058135804e+04 +7.058135804e+04
695 0 +6.506229841e+03 +6.678179841e+03 +6.678179841e+03
706 0 +2.565764703e+03 +2.737714703e+03 +2.737714703e+03
717 0 +1.181126795e+03 +1.353076795e+03 +1.353076795e+03
728 0 +9.640414089e+01 +2.683541409e+02 +2.683541409e+02
739 0 +1.985568670e+01 +1.918056867e+02 +1.918056867e+02
750 0 +8.977339652e-01 +1.728477340e+02 +1.728477340e+02
761 0 +5.278248138e-01 +1.724778248e+02 +1.724778248e+02
904 0 +4.996678779e-01 +1.724496679e+02 +1.724496679e+02
937 0 +4.361946303e-01 +1.723861946e+02 +1.723861946e+02
948 0 +3.836356146e-01 +1.723336356e+02 +1.723336356e+02
959 0 +3.061682200e-01 +1.722561682e+02 +1.722561682e+02
981 0 +2.811824062e-01 +1.722311824e+02 +1.722311824e+02
992 0 +2.497345305e-01 +1.721997345e+02 +1.721997345e+02
1014 0 +2.056989120e-01 +1.721556989e+02 +1.721556989e+02
1025 0 +1.612978138e-01 +1.721112978e+02 +1.721112978e+02
1047 0 +1.411804969e-01 +1.720911805e+02 +1.720911805e+02
1058 0 +1.130887000e-01 +1.720630887e+02 +1.720630887e+02
1069 0 +9.483720970e-02 +1.720448372e+02 +1.720448372e+02
1080 0 +7.080926060e-02 +1.720208093e+02 +1.720208093e+02
1102 0 +6.023526903e-02 +1.720102353e+02 +1.720102353e+02
1113 0 +4.384138692e-02 +1.719938414e+02 +1.719938414e+02
1124 0 +2.484375538e-02 +1.719748438e+02 +1.719748438e+02
1146 0 +2.215760524e-02 +1.719721576e+02 +1.719721576e+02
1157 0 +1.791841135e-02 +1.719679184e+02 +1.719679184e+02
1168 0 +1.226037888e-02 +1.719622604e+02 +1.719622604e+02
1190 0 +1.098887030e-02 +1.719609889e+02 +1.719609889e+02
1201 0 +9.291601887e-03 +1.719592916e+02 +1.719592916e+02
1212 0 +6.896848431e-03 +1.719568968e+02 +1.719568968e+02
1234 0 +6.012241069e-03 +1.719560122e+02 +1.719560122e+02
1245 0 +4.719797420e-03 +1.719547198e+02 +1.719547198e+02
1256 0 +3.676435299e-03 +1.719536764e+02 +1.719536764e+02
1267 0 +2.649720419e-03 +1.719526497e+02 +1.719526497e+02
1289 0 +2.172492129e-03 +1.719521725e+02 +1.719521725e+02
1322 0 +1.873174182e-03 +1.719518732e+02 +1.719518732e+02
1333 0 +1.632858685e-03 +1.719516329e+02 +1.719516329e+02
1344 0 +1.298915346e-03 +1.719512989e+02 +1.719512989e+02
1355 0 +1.220811112e-03 +1.719512208e+02 +1.719512208e+02
1377 0 +8.945373202e-04 +1.719508945e+02 +1.719508945e+02
1388 0 +8.451140857e-04 +1.719508451e+02 +1.719508451e+02
1399 0 +7.743578863e-04 +1.719507744e+02 +1.719507744e+02
1410 0 +6.138372208e-04 +1.719506138e+02 +1.719506138e+02
1432 0 +5.411980950e-04 +1.719505412e+02 +1.719505412e+02
1443 0 +4.445516815e-04 +1.719504446e+02 +1.719504446e+02
1454 0 +3.445791192e-04 +1.719503446e+02 +1.719503446e+02
1465 0 +2.494435290e-04 +1.719502494e+02 +1.719502494e+02
1487 0 +2.044751560e-04 +1.719502045e+02 +1.719502045e+02
1509 0 +1.936467013e-04 +1.719501936e+02 +1.719501936e+02
1531 0 +1.718101990e-04 +1.719501718e+02 +1.719501718e+02
1542 0 +1.574097869e-04 +1.719501574e+02 +1.719501574e+02
1553 0 +1.402080398e-04 +1.719501402e+02 +1.719501402e+02
1564 0 +1.212846645e-04 +1.719501213e+02 +1.719501213e+02
1575 0 +1.018805357e-04 +1.719501019e+02 +1.719501019e+02
1586 0 +8.277050136e-05 +1.719500828e+02 +1.719500828e+02
1597 0 +6.583974650e-05 +1.719500658e+02 +1.719500658e+02
1608 0 +4.986586535e-05 +1.719500499e+02 +1.719500499e+02
1652 0 +4.065653275e-05 +1.719500407e+02 +1.719500407e+02
1663 0 +3.659783786e-05 +1.719500366e+02 +1.719500366e+02
1674 0 +3.268999194e-05 +1.719500327e+02 +1.719500327e+02
1685 0 +2.906886584e-05 +1.719500291e+02 +1.719500291e+02
1696 0 +2.599915072e-05 +1.719500260e+02 +1.719500260e+02
1707 0 +2.344745741e-05 +1.719500234e+02 +1.719500234e+02
1718 0 +1.889307367e-05 +1.719500189e+02 +1.719500189e+02
1729 0 +1.260795457e-05 +1.719500126e+02 +1.719500126e+02
1751 0 +1.212632606e-05 +1.719500121e+02 +1.719500121e+02
1773 0 +1.073322750e-05 +1.719500107e+02 +1.719500107e+02
1792 0 +9.994998322e-06 +1.719500100e+02 +1.719500100e+02
1795 0 +8.764491128e-06 +1.719500088e+02 +1.719500088e+02
1806 0 +7.602650498e-06 +1.719500076e+02 +1.719500076e+02
1817 0 +4.612744192e-06 +1.719500046e+02 +1.719500046e+02
1883 0 +4.407801157e-06 +1.719500044e+02 +1.719500044e+02
1899 0 +3.980682521e-06 +1.719500040e+02 +1.719500040e+02
1905 0 +3.223362029e-06 +1.719500032e+02 +1.719500032e+02
1916 0 +2.803722396e-06 +1.719500028e+02 +1.719500028e+02
1938 0 +1.979252630e-06 +1.719500020e+02 +1.719500020e+02
1982 0 +1.737772891e-06 +1.719500017e+02 +1.719500017e+02
1993 0 +1.431808244e-06 +1.719500014e+02 +1.719500014e+02
2004 0 +8.049593134e-07 +1.719500008e+02 +1.719500008e+02
6663 0 +5.442912254e-07 +1.719500005e+02 +1.719500005e+02
100002 0 +5.358218118e-07 +1.719500005e+02 +1.719500005e+02
% f evaluations | g evaluations | best noise-free fitness - Fopt (6.816000000000e+01) + sum g_i+ | measured fitness | best measured fitness or single-digit g-values | x1 | x2...
1 0 +8.547857245e+07 +8.547864061e+07 +8.547864061e+07
4 0 +8.212065334e+07 +8.212072150e+07 +8.212072150e+07
11 0 +8.011479047e+07 +8.011485863e+07 +8.011485863e+07
12 0 +6.753131370e+07 +6.753138186e+07 +6.753138186e+07
13 0 +5.804352120e+07 +5.804358936e+07 +5.804358936e+07
20 0 +5.350448511e+07 +5.350455327e+07 +5.350455327e+07
27 0 +3.608656865e+07 +3.608663681e+07 +3.608663681e+07
41 0 +3.259605697e+07 +3.259612513e+07 +3.259612513e+07
44 0 +3.128987081e+07 +3.128993897e+07 +3.128993897e+07
56 0 +2.519514346e+07 +2.519521162e+07 +2.519521162e+07
58 0 +2.435156906e+07 +2.435163722e+07 +2.435163722e+07
63 0 +1.908313220e+07 +1.908320036e+07 +1.908320036e+07
72 0 +1.182251720e+07 +1.182258536e+07 +1.182258536e+07
79 0 +1.161257466e+07 +1.161264282e+07 +1.161264282e+07
85 0 +7.565599985e+06 +7.565668145e+06 +7.565668145e+06
87 0 +7.405181917e+06 +7.405250077e+06 +7.405250077e+06
112 0 +3.127460659e+06 +3.127528819e+06 +3.127528819e+06
145 0 +2.572507339e+06 +2.572575499e+06 +2.572575499e+06
167 0 +2.346025049e+06 +2.346093209e+06 +2.346093209e+06
288 0 +2.298450611e+06 +2.298518771e+06 +2.298518771e+06
299 0 +2.158690357e+06 +2.158758517e+06 +2.158758517e+06
310 0 +1.643909947e+06 +1.643978107e+06 +1.643978107e+06
387 0 +1.553837442e+06 +1.553905602e+06 +1.553905602e+06
398 0 +1.299661623e+06 +1.299729783e+06 +1.299729783e+06
519 0 +1.173488221e+06 +1.173556381e+06 +1.173556381e+06
530 0 +8.399514469e+05 +8.400196069e+05 +8.400196069e+05
641 0 +7.939422303e+05 +7.940103903e+05 +7.940103903e+05
652 0 +2.362643693e+04 +2.369459693e+04 +2.369459693e+04
685 0 +1.204810935e+04 +1.211626935e+04 +1.211626935e+04
729 0 +1.062146960e+04 +1.068962960e+04 +1.068962960e+04
762 0 +8.937216061e+03 +9.005376061e+03 +9.005376061e+03
773 0 +5.249777555e+03 +5.317937555e+03 +5.317937555e+03
795 0 +3.998417018e+03 +4.066577018e+03 +4.066577018e+03
806 0 +1.870867454e+03 +1.939027454e+03 +1.939027454e+03
883 0 +1.719325326e+03 +1.787485326e+03 +1.787485326e+03
894 0 +1.303338157e+03 +1.371498157e+03 +1.371498157e+03
960 0 +1.210927270e+03 +1.279087270e+03 +1.279087270e+03
971 0 +9.545699935e+02 +1.022729994e+03 +1.022729994e+03
1070 0 +7.998442211e+02 +8.680042211e+02 +8.680042211e+02
1081 0 +4.178920782e+02 +4.860520782e+02 +4.860520782e+02
1169 0 +3.463048893e+02 +4.144648893e+02 +4.144648893e+02
1180 0 +1.720829820e+02 +2.402429820e+02 +2.402429820e+02
1191 0 +1.838367906e+00 +6.999836791e+01 +6.999836791e+01
1246 0 +1.769025940e+00 +6.992902594e+01 +6.992902594e+01
1301 0 +1.493361607e+00 +6.965336161e+01 +6.965336161e+01
1312 0 +1.328026583e+00 +6.948802658e+01 +6.948802658e+01
1323 0 +1.227825202e+00 +6.938782520e+01 +6.938782520e+01
1367 0 +1.097209052e+00 +6.925720905e+01 +6.925720905e+01
1389 0 +9.504563367e-01 +6.911045634e+01 +6.911045634e+01
1400 0 +8.907044389e-01 +6.905070444e+01 +6.905070444e+01
1433 0 +7.755324543e-01 +6.893553245e+01 +6.893553245e+01
1444 0 +6.825216779e-01 +6.884252168e+01 +6.884252168e+01
1466 0 +5.616488930e-01 +6.872164889e+01 +6.872164889e+01
1510 0 +4.940716061e-01 +6.865407161e+01 +6.865407161e+01
1543 0 +4.175930851e-01 +6.857759309e+01 +6.857759309e+01
1554 0 +3.612464070e-01 +6.852124641e+01 +6.852124641e+01
1576 0 +3.417406161e-01 +6.850174062e+01 +6.850174062e+01
1587 0 +3.102924800e-01 +6.847029248e+01 +6.847029248e+01
1598 0 +2.666494545e-01 +6.842664945e+01 +6.842664945e+01
1631 0 +2.342432967e-01 +6.839424330e+01 +6.839424330e+01
1642 0 +2.038690670e-01 +6.836386907e+01 +6.836386907e+01
1653 0 +1.722150333e-01 +6.833221503e+01 +6.833221503e+01
1686 0 +1.475037901e-01 +6.830750379e+01 +6.830750379e+01
1697 0 +1.231948316e-01 +6.828319483e+01 +6.828319483e+01
1719 0 +1.102712808e-01 +6.827027128e+01 +6.827027128e+01
1730 0 +9.002810240e-02 +6.825002810e+01 +6.825002810e+01
1741 0 +6.890163451e-02 +6.822890163e+01 +6.822890163e+01
1752 0 +4.719075188e-02 +6.820719075e+01 +6.820719075e+01
1774 0 +3.794368509e-02 +6.819794369e+01 +6.819794369e+01
1785 0 +2.724663404e-02 +6.818724663e+01 +6.818724663e+01
1796 0 +1.490984897e-02 +6.817490985e+01 +6.817490985e+01
1829 0 +1.288384742e-02 +6.817288385e+01 +6.817288385e+01
1840 0 +1.117829873e-02 +6.817117830e+01 +6.817117830e+01
1851 0 +9.231166009e-03 +6.816923117e+01 +6.816923117e+01
1862 0 +8.379626827e-03 +6.816837963e+01 +6.816837963e+01
1873 0 +7.083436447e-03 +6.816708344e+01 +6.816708344e+01
1884 0 +5.110942544e-03 +6.816511094e+01 +6.816511094e+01
1906 0 +4.426307281e-03 +6.816442631e+01 +6.816442631e+01
1917 0 +3.937404573e-03 +6.816393740e+01 +6.816393740e+01
1928 0 +3.166597238e-03 +6.816316660e+01 +6.816316660e+01
1939 0 +2.315431808e-03 +6.816231543e+01 +6.816231543e+01
1950 0 +1.742269266e-03 +6.816174227e+01 +6.816174227e+01
1972 0 +1.449509120e-03 +6.816144951e+01 +6.816144951e+01
1994 0 +1.339081016e-03 +6.816133908e+01 +6.816133908e+01
2005 0 +1.172255378e-03 +6.816117226e+01 +6.816117226e+01
2016 0 +9.262002063e-04 +6.816092620e+01 +6.816092620e+01
2038 0 +8.140275662e-04 +6.816081403e+01 +6.816081403e+01
2049 0 +6.468165806e-04 +6.816064682e+01 +6.816064682e+01
2060 0 +4.881790612e-04 +6.816048818e+01 +6.816048818e+01
2071 0 +3.796161313e-04 +6.816037962e+01 +6.816037962e+01
2082 0 +2.667411835e-04 +6.816026674e+01 +6.816026674e+01
2104 0 +2.223351015e-04 +6.816022234e+01 +6.816022234e+01
2137 0 +1.877432691e-04 +6.816018774e+01 +6.816018774e+01
2148 0 +1.575712830e-04 +6.816015757e+01 +6.816015757e+01
2159 0 +1.166103198e-04 +6.816011661e+01 +6.816011661e+01
2181 0 +1.039685437e-04 +6.816010397e+01 +6.816010397e+01
2192 0 +8.560929695e-05 +6.816008561e+01 +6.816008561e+01
2203 0 +6.170531429e-05 +6.816006171e+01 +6.816006171e+01
2236 0 +4.889146392e-05 +6.816004889e+01 +6.816004889e+01
2247 0 +3.851173352e-05 +6.816003851e+01 +6.816003851e+01
2258 0 +3.180433244e-05 +6.816003180e+01 +6.816003180e+01
2269 0 +2.236665044e-05 +6.816002237e+01 +6.816002237e+01
2291 0 +1.700666451e-05 +6.816001701e+01 +6.816001701e+01
2302 0 +1.220913431e-05 +6.816001221e+01 +6.816001221e+01
2313 0 +7.638406899e-06 +6.816000764e+01 +6.816000764e+01
2335 0 +6.635830033e-06 +6.816000664e+01 +6.816000664e+01
2346 0 +5.449463799e-06 +6.816000545e+01 +6.816000545e+01
2357 0 +4.259803148e-06 +6.816000426e+01 +6.816000426e+01
2368 0 +3.039131286e-06 +6.816000304e+01 +6.816000304e+01
2390 0 +2.813523665e-06 +6.816000281e+01 +6.816000281e+01
2412 0 +2.023046520e-06 +6.816000202e+01 +6.816000202e+01
2423 0 +1.379597620e-06 +6.816000138e+01 +6.816000138e+01
2434 0 +8.736553525e-07 +6.816000087e+01 +6.816000087e+01
2467 0 +7.572592295e-07 +6.816000076e+01 +6.816000076e+01
2478 0 +5.790758735e-07 +6.816000058e+01 +6.816000058e+01
2489 0 +5.081871564e-07 +6.816000051e+01 +6.816000051e+01
2496 0 +5.008196098e-07 +6.816000050e+01 +6.816000050e+01
2511 0 +4.028873661e-07 +6.816000040e+01 +6.816000040e+01
2518 0 +3.941714226e-07 +6.816000039e+01 +6.816000039e+01
2522 0 +3.288373733e-07 +6.816000033e+01 +6.816000033e+01
2533 0 +2.759403088e-07 +6.816000028e+01 +6.816000028e+01
2544 0 +1.873075064e-07 +6.816000019e+01 +6.816000019e+01
2555 0 +8.819064590e-08 +6.816000009e+01 +6.816000009e+01
5093 0 +7.909855526e-08 +6.816000008e+01 +6.816000008e+01
5097 0 +6.384640017e-08 +6.816000006e+01 +6.816000006e+01
5099 0 +6.299042354e-08 +6.816000006e+01 +6.816000006e+01
5108 0 +2.850158864e-08 +6.816000003e+01 +6.816000003e+01
5110 0 +2.791482245e-08 +6.816000003e+01 +6.816000003e+01
16418 0 +1.918307646e-08 +6.816000002e+01 +6.816000002e+01
16425 0 +1.654194648e-08 +6.816000002e+01 +6.816000002e+01
30262 0 +1.558433382e-08 +6.816000002e+01 +6.816000002e+01
30267 0 +1.381066284e-08 +6.816000001e+01 +6.816000001e+01
35040 0 +1.242602821e-08 +6.816000001e+01 +6.816000001e+01
35045 0 +1.078240075e-08 +6.816000001e+01 +6.816000001e+01
73715 0 +9.070745932e-09 +6.816000001e+01 +6.816000001e+01
100003 0 +7.188873496e-09 +6.816000001e+01 +6.816000001e+01
% f evaluations | g evaluations | best noise-free fitness - Fopt (1.000000000000e+03) + sum g_i+ | measured fitness | best measured fitness or single-digit g-values | x1 | x2...
1 0 +1.209458774e+08 +1.209468774e+08 +1.209468774e+08
3 0 +5.269025961e+07 +5.269125961e+07 +5.269125961e+07
12 0 +4.030704141e+07 +4.030804141e+07 +4.030804141e+07
13 0 +2.799083298e+07 +2.799183298e+07 +2.799183298e+07
31 0 +2.387261159e+07 +2.387361159e+07 +2.387361159e+07
61 0 +2.172375486e+07 +2.172475486e+07 +2.172475486e+07
65 0 +1.910987628e+07 +1.911087628e+07 +1.911087628e+07
74 0 +1.704614666e+07 +1.704714666e+07 +1.704714666e+07
77 0 +1.050135398e+07 +1.050235398e+07 +1.050235398e+07
82 0 +5.306658364e+06 +5.307658364e+06 +5.307658364e+06
101 0 +2.623188741e+06 +2.624188741e+06 +2.624188741e+06
112 0 +4.464411884e+05 +4.474411884e+05 +4.474411884e+05
145 0 +3.160339571e+05 +3.170339571e+05 +3.170339571e+05
222 0 +2.937756631e+05 +2.947756631e+05 +2.947756631e+05
255 0 +2.659786658e+05 +2.669786658e+05 +2.669786658e+05
266 0 +2.006003382e+05 +2.016003382e+05 +2.016003382e+05
277 0 +1.491193896e+05 +1.501193896e+05 +1.501193896e+05
288 0 +9.728286191e+04 +9.828286191e+04 +9.828286191e+04
387 0 +8.435843224e+04 +8.535843224e+04 +8.535843224e+04
398 0 +5.221248428e+04 +5.321248428e+04 +5.321248428e+04
497 0 +4.804337833e+04 +4.904337833e+04 +4.904337833e+04
508 0 +3.667423976e+04 +3.767423976e+04 +3.767423976e+04
519 0 +1.213639968e+04 +1.313639968e+04 +1.313639968e+04
530 0 +1.112660099e+02 +1.111266010e+03 +1.111266010e+03
541 0 +3.278797188e+01 +1.032787972e+03 +1.032787972e+03
552 0 +2.505994196e+01 +1.025059942e+03 +1.025059942e+03
695 0 +2.161370783e+01 +1.021613708e+03 +1.021613708e+03
739 0 +1.983318118e+01 +1.019833181e+03 +1.019833181e+03
794 0 +1.697546745e+01 +1.016975467e+03 +1.016975467e+03
849 0 +1.509187593e+01 +1.015091876e+03 +1.015091876e+03
882 0 +1.386550764e+01 +1.013865508e+03 +1.013865508e+03
937 0 +1.236631254e+01 +1.012366313e+03 +1.012366313e+03
981 0 +1.092192039e+01 +1.010921920e+03 +1.010921920e+03
1025 0 +9.968934054e+00 +1.009968934e+03 +1.009968934e+03
1058 0 +8.441588795e+00 +1.008441589e+03 +1.008441589e+03
1113 0 +7.836241931e+00 +1.007836242e+03 +1.007836242e+03
1146 0 +7.017686386e+00 +1.007017686e+03 +1.007017686e+03
1168 0 +6.170045479e+00 +1.006170045e+03 +1.006170045e+03
1201 0 +5.454775033e+00 +1.005454775e+03 +1.005454775e+03
1234 0 +4.976006093e+00 +1.004976006e+03 +1.004976006e+03
1267 0 +4.264565923e+00 +1.004264566e+03 +1.004264566e+03
1311 0 +3.930824581e+00 +1.003930825e+03 +1.003930825e+03
1344 0 +3.405369636e+00 +1.003405370e+03 +1.003405370e+03
1355 0 +3.140642435e+00 +1.003140642e+03 +1.003140642e+03
1399 0 +2.785696529e+00 +1.002785697e+03 +1.002785697e+03
1443 0 +2.440652586e+00 +1.002440653e+03 +1.002440653e+03
1487 0 +2.154336235e+00 +1.002154336e+03 +1.002154336e+03
1509 0 +1.888285467e+00 +1.001888285e+03 +1.001888285e+03
1520 0 +1.743136771e+00 +1.001743137e+03 +1.001743137e+03
1575 0 +1.567566549e+00 +1.001567567e+03 +1.001567567e+03
1608 0 +1.407909647e+00 +1.001407910e+03 +1.001407910e+03
1630 0 +1.242172444e+00 +1.001242172e+03 +1.001242172e+03
1663 0 +1.117156781e+00 +1.001117157e+03 +1.001117157e+03
1696 0 +9.848993504e-01 +1.000984899e+03 +1.000984899e+03
1718 0 +8.586828913e-01 +1.000858683e+03 +1.000858683e+03
1762 0 +7.917410444e-01 +1.000791741e+03 +1.000791741e+03
1784 0 +7.039322235e-01 +1.000703932e+03 +1.000703932e+03
1817 0 +5.727452839e-01 +1.000572745e+03 +1.000572745e+03
1839 0 +5.507930540e-01 +1.000550793e+03 +1.000550793e+03
1861 0 +4.820735378e-01 +1.000482074e+03 +1.000482074e+03
1883 0 +4.198634874e-01 +1.000419863e+03 +1.000419863e+03
1894 0 +3.937939533e-01 +1.000393794e+03 +1.000393794e+03
1916 0 +3.400447049e-01 +1.000340045e+03 +1.000340045e+03
1949 0 +3.067222509e-01 +1.000306722e+03 +1.000306722e+03
1982 0 +2.699694535e-01 +1.000269969e+03 +1.000269969e+03
1993 0 +2.470599618e-01 +1.000247060e+03 +1.000247060e+03
2004 0 +2.184934775e-01 +1.000218493e+03 +1.000218493e+03
2037 0 +1.949369446e-01 +1.000194937e+03 +1.000194937e+03
2048 0 +1.751608329e-01 +1.000175161e+03 +1.000175161e+03
2059 0 +1.516793195e-01 +1.000151679e+03 +1.000151679e+03
2070 0 +1.354613188e-01 +1.000135461e+03 +1.000135461e+03
2081 0 +1.188209035e-01 +1.000118821e+03 +1.000118821e+03
2092 0 +1.110077115e-01 +1.000111008e+03 +1.000111008e+03
2103 0 +9.912992213e-02 +1.000099130e+03 +1.000099130e+03
2136 0 +8.569598604e-02 +1.000085696e+03 +1.000085696e+03
2147 0 +7.697055438e-02 +1.000076971e+03 +1.000076971e+03
2158 0 +6.819259788e-02 +1.000068193e+03 +1.000068193e+03
2169 0 +5.764247599e-02 +1.000057642e+03 +1.000057642e+03
2180 0 +5.074226374e-02 +1.000050742e+03 +1.000050742e+03
2191 0 +4.119046988e-02 +1.000041190e+03 +1.000041190e+03
2202 0 +3.116879395e-02 +1.000031169e+03 +1.000031169e+03
2224 0 +2.545482757e-02 +1.000025455e+03 +1.000025455e+03
2235 0 +2.499153127e-02 +1.000024992e+03 +1.000024992e+03
2257 0 +2.080764067e-02 +1.000020808e+03 +1.000020808e+03
2268 0 +1.647493746e-02 +1.000016475e+03 +1.000016475e+03
2279 0 +1.365220584e-02 +1.000013652e+03 +1.000013652e+03
2290 0 +1.180348356e-02 +1.000011803e+03 +1.000011803e+03
2312 0 +1.057770631e-02 +1.000010578e+03 +1.000010578e+03
2323 0 +8.848972928e-03 +1.000008849e+03 +1.000008849e+03
2334 0 +6.927718172e-03 +1.000006928e+03 +1.000006928e+03
2345 0 +6.199232448e-03 +1.000006199e+03 +1.000006199e+03
2378 0 +5.596425501e-03 +1.000005596e+03 +1.000005596e+03
2389 0 +4.822442453e-03 +1.000004822e+03 +1.000004822e+03
2400 0 +3.887693284e-03 +1.000003888e+03 +1.000003888e+03
2422 0 +3.070965862e-03 +1.000003071e+03 +1.000003071e+03
2433 0 +2.337750610e-03 +1.000002338e+03 +1.000002338e+03
2444 0 +1.890190620e-03 +1.000001890e+03 +1.000001890e+03
2466 0 +1.748771783e-03 +1.000001749e+03 +1.000001749e+03
2477 0 +1.525734304e-03 +1.000001526e+03 +1.000001526e+03
2488 0 +1.193658600e-03 +1.000001194e+03 +1.000001194e+03
2510 0 +1.075726338e-03 +1.000001076e+03 +1.000001076e+03
2521 0 +8.880497076e-04 +1.000000888e+03 +1.000000888e+03
2532 0 +7.132402848e-04 +1.000000713e+03 +1.000000713e+03
2554 0 +6.539937843e-04 +1.000000654e+03 +1.000000654e+03
2565 0 +5.777409062e-04 +1.000000578e+03 +1.000000578e+03
2576 0 +4.637356966e-04 +1.000000464e+03 +1.000000464e+03
2587 0 +4.173985340e-04 +1.000000417e+03 +1.000000417e+03
2609 0 +3.314729628e-04 +1.000000331e+03 +1.000000331e+03
2620 0 +2.601237034e-04 +1.000000260e+03 +1.000000260e+03
2642 0 +2.203761264e-04 +1.000000220e+03 +1.000000220e+03
2675 0 +1.858988938e-04 +1.000000186e+03 +1.000000186e+03
2686 0 +1.524502909e-04 +1.000000152e+03 +1.000000152e+03
2708 0 +1.346560418e-04 +1.000000135e+03 +1.000000135e+03
2719 0 +1.063018134e-04 +1.000000106e+03 +1.000000106e+03
2730 0 +8.752351994e-05 +1.000000088e+03 +1.000000088e+03
2752 0 +7.306757607e-05 +1.000000073e+03 +1.000000073e+03
2774 0 +6.884024504e-05 +1.000000069e+03 +1.000000069e+03
2785 0 +6.084243057e-05 +1.000000061e+03 +1.000000061e+03
2796 0 +4.752713073e-05 +1.000000048e+03 +1.000000048e+03
2807 0 +3.938624116e-05 +1.000000039e+03 +1.000000039e+03
2818 0 +2.835072053e-05 +1.000000028e+03 +1.000000028e+03
2840 0 +2.512949743e-05 +1.000000025e+03 +1.000000025e+03
2850 0 +2.510562149e-05 +1.000000025e+03 +1.000000025e+03
2851 0 +2.162274370e-05 +1.000000022e+03 +1.000000022e+03
2862 0 +1.709919184e-05 +1.000000017e+03 +1.000000017e+03
2873 0 +1.428542112e-05 +1.000000014e+03 +1.000000014e+03
2884 0 +1.211655808e-05 +1.000000012e+03 +1.000000012e+03
2895 0 +9.735206277e-06 +1.000000010e+03 +1.000000010e+03
2917 0 +8.430346384e-06 +1.000000008e+03 +1.000000008e+03
2928 0 +7.246466453e-06 +1.000000007e+03 +1.000000007e+03
2939 0 +5.650051207e-06 +1.000000006e+03 +1.000000006e+03
2950 0 +4.717994784e-06 +1.000000005e+03 +1.000000005e+03
2961 0 +4.146222068e-06 +1.000000004e+03 +1.000000004e+03
2983 0 +3.219644100e-06 +1.000000003e+03 +1.000000003e+03
3027 0 +3.071313586e-06 +1.000000003e+03 +1.000000003e+03
3038 0 +2.671316906e-06 +1.000000003e+03 +1.000000003e+03
3049 0 +2.119975306e-06 +1.000000002e+03 +1.000000002e+03
3060 0 +1.734103648e-06 +1.000000002e+03 +1.000000002e+03
3093 0 +1.476215516e-06 +1.000000001e+03 +1.000000001e+03
3104 0 +1.192308218e-06 +1.000000001e+03 +1.000000001e+03
3148 0 +1.084749556e-06 +1.000000001e+03 +1.000000001e+03
100010 0 +1.026749828e-06 +1.000000001e+03 +1.000000001e+03
% f evaluations | g evaluations | best noise-free fitness - Fopt (-6.837000000000e+01) + sum g_i+ | measured fitness | best measured fitness or single-digit g-values | x1 | x2...
1 0 +9.818634605e+07 +9.818627768e+07 +9.818627768e+07
2 0 +3.118475722e+07 +3.118468885e+07 +3.118468885e+07
14 0 +3.072881300e+07 +3.072874463e+07 +3.072874463e+07
24 0 +1.911116211e+07 +1.911109374e+07 +1.911109374e+07
32 0 +9.885439645e+06 +9.885371275e+06 +9.885371275e+06
81 0 +8.098588711e+06 +8.098520341e+06 +8.098520341e+06
98 0 +6.041715749e+06 +6.041647379e+06 +6.041647379e+06
101 0 +3.532452805e+06 +3.532384435e+06 +3.532384435e+06
112 0 +7.530548709e+05 +7.529865009e+05 +7.529865009e+05
310 0 +7.020892543e+05 +7.020208843e+05 +7.020208843e+05
321 0 +6.473638256e+05 +6.472954556e+05 +6.472954556e+05
332 0 +4.546862429e+05 +4.546178729e+05 +4.546178729e+05
453 0 +4.306404171e+05 +4.305720471e+05 +4.305720471e+05
464 0 +3.627210091e+05 +3.626526391e+05 +3.626526391e+05
552 0 +3.531745834e+05 +3.531062134e+05 +3.531062134e+05
574 0 +2.256018109e+05 +2.255334409e+05 +2.255334409e+05
662 0 +2.204257993e+05 +2.203574293e+05 +2.203574293e+05
684 0 +1.498903689e+05 +1.498219989e+05 +1.498219989e+05
695 0 +3.501876383e+04 +3.495039383e+04 +3.495039383e+04
706 0 +2.230628106e+03 +2.162258106e+03 +2.162258106e+03
717 0 +9.959159310e+02 +9.275459310e+02 +9.275459310e+02
728 0 +4.685752068e+01 -2.151247932e+01 -2.151247932e+01
739 0 +1.035275442e+01 -5.801724558e+01 -5.801724558e+01
750 0 +9.464202001e+00 -5.890579800e+01 -5.890579800e+01
871 0 +8.676361185e+00 -5.969363881e+01 -5.969363881e+01
915 0 +7.598192631e+00 -6.077180737e+01 -6.077180737e+01
948 0 +6.992129962e+00 -6.137787004e+01 -6.137787004e+01
992 0 +6.277870203e+00 -6.209212980e+01 -6.209212980e+01
1036 0 +5.573308739e+00 -6.279669126e+01 -6.279669126e+01
1058 0 +4.870922992e+00 -6.349907701e+01 -6.349907701e+01
1113 0 +4.454687575e+00 -6.391531242e+01 -6.391531242e+01
1157 0 +3.935907927e+00 -6.443409207e+01 -6.443409207e+01
1179 0 +3.524905563e+00 -6.484509444e+01 -6.484509444e+01
1212 0 +2.985123366e+00 -6.538487663e+01 -6.538487663e+01
1234 0 +2.766010729e+00 -6.560398927e+01 -6.560398927e+01
1267 0 +2.459226543e+00 -6.591077346e+01 -6.591077346e+01
1311 0 +2.151483263e+00 -6.621851674e+01 -6.621851674e+01
1355 0 +1.912313213e+00 -6.645768679e+01 -6.645768679e+01
1388 0 +1.751407628e+00 -6.661859237e+01 -6.661859237e+01
1421 0 +1.575592599e+00 -6.679440740e+01 -6.679440740e+01
1465 0 +1.368170579e+00 -6.700182942e+01 -6.700182942e+01
1509 0 +1.185022317e+00 -6.718497768e+01 -6.718497768e+01
1542 0 +1.069016543e+00 -6.730098346e+01 -6.730098346e+01
1553 0 +9.899740180e-01 -6.738002598e+01 -6.738002598e+01
1597 0 +8.708452284e-01 -6.749915477e+01 -6.749915477e+01
1619 0 +7.299497982e-01 -6.764005020e+01 -6.764005020e+01
1641 0 +6.866106950e-01 -6.768338931e+01 -6.768338931e+01
1685 0 +6.108432348e-01 -6.775915677e+01 -6.775915677e+01
1707 0 +5.453526405e-01 -6.782464736e+01 -6.782464736e+01
1729 0 +4.614809219e-01 -6.790851908e+01 -6.790851908e+01
1740 0 +4.465701589e-01 -6.792342984e+01 -6.792342984e+01
1773 0 +3.866395418e-01 -6.798336046e+01 -6.798336046e+01
1784 0 +3.540307490e-01 -6.801596925e+01 -6.801596925e+01
1806 0 +3.062818377e-01 -6.806371816e+01 -6.806371816e+01
1828 0 +2.628285592e-01 -6.810717144e+01 -6.810717144e+01
1839 0 +2.320984139e-01 -6.813790159e+01 -6.813790159e+01
1872 0 +2.101310341e-01 -6.815986897e+01 -6.815986897e+01
1883 0 +1.884254750e-01 -6.818157453e+01 -6.818157453e+01
1916 0 +1.643872783e-01 -6.820561272e+01 -6.820561272e+01
1927 0 +1.445173247e-01 -6.822548268e+01 -6.822548268e+01
1949 0 +1.376668585e-01 -6.823233314e+01 -6.823233314e+01
1971 0 +1.135004614e-01 -6.825649954e+01 -6.825649954e+01
1982 0 +9.884327026e-02 -6.827115673e+01 -6.827115673e+01
1993 0 +8.864239852e-02 -6.828135760e+01 -6.828135760e+01
2015 0 +7.914215436e-02 -6.829085785e+01 -6.829085785e+01
2059 0 +6.492071928e-02 -6.830507928e+01 -6.830507928e+01
2070 0 +6.007444859e-02 -6.830992555e+01 -6.830992555e+01
2081 0 +5.361306728e-02 -6.831638693e+01 -6.831638693e+01
2092 0 +4.365478023e-02 -6.832634522e+01 -6.832634522e+01
2125 0 +3.593635910e-02 -6.833406364e+01 -6.833406364e+01
2136 0 +2.908427177e-02 -6.834091573e+01 -6.834091573e+01
2147 0 +2.526350417e-02 -6.834473650e+01 -6.834473650e+01
2169 0 +2.344748049e-02 -6.834655252e+01 -6.834655252e+01
2180 0 +2.037464875e-02 -6.834962535e+01 -6.834962535e+01
2191 0 +1.556891884e-02 -6.835443108e+01 -6.835443108e+01
2213 0 +1.351232575e-02 -6.835648767e+01 -6.835648767e+01
2224 0 +1.026030231e-02 -6.835973970e+01 -6.835973970e+01
2235 0 +8.264050969e-03 -6.836173595e+01 -6.836173595e+01
2246 0 +5.909741793e-03 -6.836409026e+01 -6.836409026e+01
2257 0 +5.245612810e-03 -6.836475439e+01 -6.836475439e+01
2279 0 +4.140078969e-03 -6.836585992e+01 -6.836585992e+01
2290 0 +3.129013356e-03 -6.836687099e+01 -6.836687099e+01
2312 0 +2.568754593e-03 -6.836743125e+01 -6.836743125e+01
2323 0 +2.356536616e-03 -6.836764346e+01 -6.836764346e+01
2334 0 +2.042664938e-03 -6.836795734e+01 -6.836795734e+01
2345 0 +1.691509223e-03 -6.836830849e+01 -6.836830849e+01
2356 0 +1.354407921e-03 -6.836864559e+01 -6.836864559e+01
2378 0 +1.137378423e-03 -6.836886262e+01 -6.836886262e+01
2389 0 +9.403386471e-04 -6.836905966e+01 -6.836905966e+01
2411 0 +8.630581676e-04 -6.836913694e+01 -6.836913694e+01
2422 0 +7.320717275e-04 -6.836926793e+01 -6.836926793e+01
2433 0 +6.247958921e-04 -6.836937520e+01 -6.836937520e+01
2455 0 +4.984194206e-04 -6.836950158e+01 -6.836950158e+01
2466 0 +3.822639143e-04 -6.836961774e+01 -6.836961774e+01
2477 0 +3.099067865e-04 -6.836969009e+01 -6.836969009e+01
2499 0 +2.805522843e-04 -6.836971945e+01 -6.836971945e+01
2510 0 +2.263608523e-04 -6.836977364e+01 -6.836977364e+01
2521 0 +1.901030816e-04 -6.836980990e+01 -6.836980990e+01
2543 0 +1.538744369e-04 -6.836984613e+01 -6.836984613e+01
2576 0 +1.231860990e-04 -6.836987681e+01 -6.836987681e+01
2587 0 +1.021575455e-04 -6.836989784e+01 -6.836989784e+01
2609 0 +8.996691417e-05 -6.836991003e+01 -6.836991003e+01
2620 0 +7.544150880e-05 -6.836992456e+01 -6.836992456e+01
2631 0 +6.219028303e-05 -6.836993781e+01 -6.836993781e+01
2642 0 +5.338126488e-05 -6.836994662e+01 -6.836994662e+01
2653 0 +4.361882107e-05 -6.836995638e+01 -6.836995638e+01
2664 0 +3.913825478e-05 -6.836996086e+01 -6.836996086e+01
2675 0 +3.247724844e-05 -6.836996752e+01 -6.836996752e+01
2686 0 +2.760671435e-05 -6.836997239e+01 -6.836997239e+01
2708 0 +2.505485372e-05 -6.836997495e+01 -6.836997495e+01
2730 0 +2.180832477e-05 -6.836997819e+01 -6.836997819e+01
2741 0 +1.782113547e-05 -6.836998218e+01 -6.836998218e+01
2763 0 +1.776268964e-05 -6.836998224e+01 -6.836998224e+01
2796 0 +1.473059740e-05 -6.836998527e+01 -6.836998527e+01
2807 0 +1.376062556e-05 -6.836998624e+01 -6.836998624e+01
4636 0 +1.158569124e-05 -6.836998841e+01 -6.836998841e+01
4647 0 +9.173151497e-06 -6.836999083e+01 -6.836999083e+01
4658 0 +7.045679325e-06 -6.836999295e+01 -6.836999295e+01
4669 0 +5.144636361e-06 -6.836999486e+01 -6.836999486e+01
4691 0 +4.889311356e-06 -6.836999511e+01 -6.836999511e+01
4713 0 +4.238917626e-06 -6.836999576e+01 -6.836999576e+01
4724 0 +3.871409049e-06 -6.836999613e+01 -6.836999613e+01
4736 0 +3.546432893e-06 -6.836999645e+01 -6.836999645e+01
4746 0 +2.970661541e-06 -6.836999703e+01 -6.836999703e+01
4757 0 +2.188476131e-06 -6.836999781e+01 -6.836999781e+01
4768 0 +1.715102655e-06 -6.836999828e+01 -6.836999828e+01
4779 0 +1.310805686e-06 -6.836999869e+01 -6.836999869e+01
4801 0 +1.233464758e-06 -6.836999877e+01 -6.836999877e+01
4815 0 +1.119554639e-06 -6.836999888e+01 -6.836999888e+01
4823 0 +9.645248724e-07 -6.836999904e+01 -6.836999904e+01
4834 0 +7.679401648e-07 -6.836999923e+01 -6.836999923e+01
4845 0 +6.614501302e-07 -6.836999934e+01 -6.836999934e+01
4856 0 +6.273340460e-07 -6.836999937e+01 -6.836999937e+01
4867 0 +4.786685111e-07 -6.836999952e+01 -6.836999952e+01
4878 0 +4.434459981e-07 -6.836999956e+01 -6.836999956e+01
4900 0 +3.356690570e-07 -6.836999966e+01 -6.836999966e+01
4911 0 +2.999038031e-07 -6.836999970e+01 -6.836999970e+01
4934 0 +2.802965184e-07 -6.836999972e+01 -6.836999972e+01
4947 0 +2.505701673e-07 -6.836999975e+01 -6.836999975e+01
4955 0 +1.839414665e-07 -6.836999982e+01 -6.836999982e+01
4966 0 +1.684826003e-07 -6.836999983e+01 -6.836999983e+01
5002 0 +1.574120319e-07 -6.836999984e+01 -6.836999984e+01
5010 0 +1.307279547e-07 -6.836999987e+01 -6.836999987e+01
5021 0 +6.560509291e-08 -6.836999993e+01 -6.836999993e+01
100005 0 +6.333260671e-08 -6.836999994e+01 -6.836999994e+01
% f evaluations | g evaluations | best noise-free fitness - Fopt (-5.548000000000e+01) + sum g_i+ | measured fitness | best measured fitness or single-digit g-values | x1 | x2...
1 0 +2.965346246e+08 +2.965345691e+08 +2.965345691e+08
4 0 +2.580843718e+08 +2.580843164e+08 +2.580843164e+08
11 0 +2.333043266e+08 +2.333042711e+08 +2.333042711e+08
12 0 +2.233658474e+08 +2.233657919e+08 +2.233657919e+08
15 0 +1.658220686e+08 +1.658220131e+08 +1.658220131e+08
17 0 +1.323923575e+08 +1.323923020e+08 +1.323923020e+08
25 0 +9.380696465e+07 +9.380690917e+07 +9.380690917e+07
28 0 +6.740527229e+07 +6.740521681e+07 +6.740521681e+07
45 0 +4.439593844e+07 +4.439588296e+07 +4.439588296e+07
47 0 +4.387914647e+07 +4.387909099e+07 +4.387909099e+07
78 0 +4.306078192e+07 +4.306072644e+07 +4.306072644e+07
85 0 +2.257977304e+07 +2.257971756e+07 +2.257971756e+07
101 0 +1.711484816e+07 +1.711479268e+07 +1.711479268e+07
112 0 +8.712227252e+06 +8.712171772e+06 +8.712171772e+06
123 0 +7.913712313e+06 +7.913656833e+06 +7.913656833e+06
134 0 +4.257295458e+06 +4.257239978e+06 +4.257239978e+06
167 0 +4.035132268e+06 +4.035076788e+06 +4.035076788e+06
200 0 +3.939487741e+06 +3.939432261e+06 +3.939432261e+06
222 0 +3.879823313e+06 +3.879767833e+06 +3.879767833e+06
354 0 +3.764758175e+06 +3.764702695e+06 +3.764702695e+06
365 0 +3.498680719e+06 +3.498625239e+06 +3.498625239e+06
376 0 +2.567511240e+06 +2.567455760e+06 +2.567455760e+06
497 0 +2.500650038e+06 +2.500594558e+06 +2.500594558e+06
508 0 +2.307933842e+06 +2.307878362e+06 +2.307878362e+06
519 0 +1.647994843e+06 +1.647939363e+06 +1.647939363e+06
530 0 +5.111383979e+05 +5.110829179e+05 +5.110829179e+05
541 0 +9.473007577e+04 +9.467459577e+04 +9.467459577e+04
552 0 +1.079705337e+04 +1.074157337e+04 +1.074157337e+04
563 0 +1.196166602e+03 +1.140686602e+03 +1.140686602e+03
574 0 +2.995009802e+01 -2.552990198e+01 -2.552990198e+01
585 0 +4.635380372e+00 -5.084461963e+01 -5.084461963e+01
596 0 +3.571358433e+00 -5.190864157e+01 -5.190864157e+01
607 0 +3.503335950e+00 -5.197666405e+01 -5.197666405e+01
761 0 +2.916393682e+00 -5.256360632e+01 -5.256360632e+01
772 0 +1.572453484e+00 -5.390754652e+01 -5.390754652e+01
838 0 +1.165273495e+00 -5.431472651e+01 -5.431472651e+01
849 0 +7.780802670e-01 -5.470191973e+01 -5.470191973e+01
860 0 +6.446600057e-01 -5.483533999e+01 -5.483533999e+01
871 0 +6.192550047e-01 -5.486074500e+01 -5.486074500e+01
893 0 +4.750154050e-01 -5.500498460e+01 -5.500498460e+01
904 0 +1.892634065e-01 -5.529073659e+01 -5.529073659e+01
915 0 +1.226540857e-01 -5.535734591e+01 -5.535734591e+01
937 0 +9.428607899e-02 -5.538571392e+01 -5.538571392e+01
948 0 +6.294967845e-02 -5.541705032e+01 -5.541705032e+01
970 0 +4.993955448e-02 -5.543006045e+01 -5.543006045e+01
981 0 +3.675580362e-02 -5.544324420e+01 -5.544324420e+01
992 0 +2.211978915e-02 -5.545788021e+01 -5.545788021e+01
1003 0 +1.331783305e-02 -5.546668217e+01 -5.546668217e+01
1025 0 +7.596093349e-03 -5.547240391e+01 -5.547240391e+01
1047 0 +6.656477790e-03 -5.547334352e+01 -5.547334352e+01
1058 0 +5.441568152e-03 -5.547455843e+01 -5.547455843e+01
1069 0 +3.504791392e-03 -5.547649521e+01 -5.547649521e+01
1080 0 +2.226420346e-03 -5.547777358e+01 -5.547777358e+01
1091 0 +1.715111340e-03 -5.547828489e+01 -5.547828489e+01
1102 0 +7.648492488e-04 -5.547923515e+01 -5.547923515e+01
1124 0 +5.943388784e-04 -5.547940566e+01 -5.547940566e+01
1135 0 +4.510420478e-04 -5.547954896e+01 -5.547954896e+01
1146 0 +3.959283832e-04 -5.547960407e+01 -5.547960407e+01
1157 0 +3.107973133e-04 -5.547968920e+01 -5.547968920e+01
1168 0 +2.039757204e-04 -5.547979602e+01 -5.547979602e+01
1179 0 +1.137099028e-04 -5.547988629e+01 -5.547988629e+01
1190 0 +8.155688975e-05 -5.547991844e+01 -5.547991844e+01
1212 0 +4.940029000e-05 -5.547995060e+01 -5.547995060e+01
3812 0 +4.451797174e-05 -5.547995548e+01 -5.547995548e+01
3834 0 +3.852132162e-05 -5.547996148e+01 -5.547996148e+01
3856 0 +3.328361027e-05 -5.547996672e+01 -5.547996672e+01
3867 0 +3.085163274e-05 -5.547996915e+01 -5.547996915e+01
3889 0 +2.746695876e-05 -5.547997253e+01 -5.547997253e+01
3900 0 +2.327456821e-05 -5.547997673e+01 -5.547997673e+01
3911 0 +1.938710948e-05 -5.547998061e+01 -5.547998061e+01
3922 0 +1.582766276e-05 -5.547998417e+01 -5.547998417e+01
3988 0 +1.262883416e-05 -5.547998737e+01 -5.547998737e+01
3999 0 +1.148095690e-05 -5.547998852e+01 -5.547998852e+01
4010 0 +1.046367216e-05 -5.547998954e+01 -5.547998954e+01
4021 0 +9.818519729e-06 -5.547999018e+01 -5.547999018e+01
4054 0 +6.814117050e-06 -5.547999319e+01 -5.547999319e+01
4087 0 +5.971380993e-06 -5.547999403e+01 -5.547999403e+01
4098 0 +4.369284405e-06 -5.547999563e+01 -5.547999563e+01
4153 0 +3.657005593e-06 -5.547999634e+01 -5.547999634e+01
4164 0 +3.231726645e-06 -5.547999677e+01 -5.547999677e+01
4175 0 +2.900182778e-06 -5.547999710e+01 -5.547999710e+01
4186 0 +2.090027024e-06 -5.547999791e+01 -5.547999791e+01
4230 0 +1.984345992e-06 -5.547999802e+01 -5.547999802e+01
4252 0 +1.336754877e-06 -5.547999866e+01 -5.547999866e+01
4340 0 +1.250669015e-06 -5.547999875e+01 -5.547999875e+01
4351 0 +1.112755193e-06 -5.547999889e+01 -5.547999889e+01
4384 0 +9.944819155e-07 -5.547999901e+01 -5.547999901e+01
4395 0 +8.909319789e-07 -5.547999911e+01 -5.547999911e+01
4417 0 +7.059927825e-07 -5.547999929e+01 -5.547999929e+01
4439 0 +5.578369766e-07 -5.547999944e+01 -5.547999944e+01
4450 0 +4.847602995e-07 -5.547999952e+01 -5.547999952e+01
4461 0 +3.126972388e-07 -5.547999969e+01 -5.547999969e+01
65600 0 +1.262538021e-07 -5.547999987e+01 -5.547999987e+01
65606 0 +1.251120239e-07 -5.547999987e+01 -5.547999987e+01
66109 0 +3.199022558e-08 -5.547999997e+01 -5.547999997e+01
66110 0 +3.125567360e-08 -5.547999997e+01 -5.547999997e+01
66805 0 +1.604912825e-08 -5.547999998e+01 -5.547999998e+01
66814 0 +1.515568471e-08 -5.547999998e+01 -5.547999998e+01
67391 0 +6.924068430e-09 -5.547999999e+01 -5.547999999e+01
72612 0 +8.597567103e-13 -5.548000000e+01 -5.548000000e+01
74549 0 +0.000000000e+00 -5.548000000e+01 -5.548000000e+01
100337 0 +0.000000000e+00 -5.548000000e+01 -5.548000000e+01
% f evaluations | g evaluations | best noise-free fitness - Fopt (-5.349000000000e+01) + sum g_i+ | measured fitness | best measured fitness or single-digit g-values | x1 | x2...
1 0 +3.400382324e+07 +3.400376975e+07 +3.400376975e+07
2 0 +2.983118292e+07 +2.983112943e+07 +2.983112943e+07
3 0 +1.518233975e+07 +1.518228626e+07 +1.518228626e+07
12 0 +1.452846030e+07 +1.452840681e+07 +1.452840681e+07
17 0 +7.971372276e+06 +7.971318786e+06 +7.971318786e+06
29 0 +7.034029557e+06 +7.033976067e+06 +7.033976067e+06
33 0 +6.661658361e+06 +6.661604871e+06 +6.661604871e+06
35 0 +5.878294098e+06 +5.878240608e+06 +5.878240608e+06
38 0 +3.547798716e+06 +3.547745226e+06 +3.547745226e+06
83 0 +2.992019730e+06 +2.991966240e+06 +2.991966240e+06
101 0 +2.867142986e+06 +2.867089496e+06 +2.867089496e+06
112 0 +4.844819242e+05 +4.844284342e+05 +4.844284342e+05
134 0 +1.089429996e+05 +1.088895096e+05 +1.088895096e+05
156 0 +8.665944644e+04 +8.660595644e+04 +8.660595644e+04
200 0 +7.249284448e+04 +7.243935448e+04 +7.243935448e+04
211 0 +4.815760559e+04 +4.810411559e+04 +4.810411559e+04
255 0 +3.973010487e+04 +3.967661487e+04 +3.967661487e+04
266 0 +2.024599740e+04 +2.019250740e+04 +2.019250740e+04
288 0 +1.989713280e+04 +1.984364280e+04 +1.984364280e+04
310 0 +1.658370765e+04 +1.653021765e+04 +1.653021765e+04
398 0 +1.577426917e+04 +1.572077917e+04 +1.572077917e+04
409 0 +1.348519681e+04 +1.343170681e+04 +1.343170681e+04
508 0 +1.140436078e+04 +1.135087078e+04 +1.135087078e+04
519 0 +6.231820674e+03 +6.178330674e+03 +6.178330674e+03
530 0 +6.495198078e+01 +1.146198078e+01 +1.146198078e+01
541 0 +3.741749424e+01 -1.607250576e+01 -1.607250576e+01
552 0 +2.997778803e+01 -2.351221197e+01 -2.351221197e+01
673 0 +2.750501016e+01 -2.598498984e+01 -2.598498984e+01
695 0 +2.479902131e+01 -2.869097869e+01 -2.869097869e+01
772 0 +2.219740667e+01 -3.129259333e+01 -3.129259333e+01
827 0 +1.978610527e+01 -3.370389473e+01 -3.370389473e+01
882 0 +1.749397537e+01 -3.599602463e+01 -3.599602463e+01
915 0 +1.501945929e+01 -3.847054071e+01 -3.847054071e+01
981 0 +1.360843237e+01 -3.988156763e+01 -3.988156763e+01
1025 0 +1.230315774e+01 -4.118684226e+01 -4.118684226e+01
1069 0 +1.115328364e+01 -4.233671636e+01 -4.233671636e+01
1102 0 +9.575063486e+00 -4.391493651e+01 -4.391493651e+01
1157 0 +8.906877487e+00 -4.458312251e+01 -4.458312251e+01
1190 0 +7.804376248e+00 -4.568562375e+01 -4.568562375e+01
1245 0 +6.856251661e+00 -4.663374834e+01 -4.663374834e+01
1267 0 +6.269764668e+00 -4.722023533e+01 -4.722023533e+01
1322 0 +5.521378257e+00 -4.796862174e+01 -4.796862174e+01
1355 0 +4.745706181e+00 -4.874429382e+01 -4.874429382e+01
1377 0 +4.352220374e+00 -4.913777963e+01 -4.913777963e+01
1399 0 +3.964755801e+00 -4.952524420e+01 -4.952524420e+01
1454 0 +3.442598996e+00 -5.004740100e+01 -5.004740100e+01
1498 0 +3.140102855e+00 -5.034989714e+01 -5.034989714e+01
1531 0 +2.807409490e+00 -5.068259051e+01 -5.068259051e+01
1564 0 +2.502273526e+00 -5.098772647e+01 -5.098772647e+01
1619 0 +2.195105962e+00 -5.129489404e+01 -5.129489404e+01
1641 0 +1.903167834e+00 -5.158683217e+01 -5.158683217e+01
1685 0 +1.754457415e+00 -5.173554258e+01 -5.173554258e+01
1707 0 +1.537379334e+00 -5.195262067e+01 -5.195262067e+01
1762 0 +1.408542031e+00 -5.208145797e+01 -5.208145797e+01
1795 0 +1.214116509e+00 -5.227588349e+01 -5.227588349e+01
1828 0 +1.115680516e+00 -5.237431948e+01 -5.237431948e+01
1850 0 +9.981571961e-01 -5.249184280e+01 -5.249184280e+01
1883 0 +8.328244819e-01 -5.265717552e+01 -5.265717552e+01
1894 0 +7.762879601e-01 -5.271371204e+01 -5.271371204e+01
1938 0 +7.019106301e-01 -5.278808937e+01 -5.278808937e+01
1960 0 +5.952594998e-01 -5.289474050e+01 -5.289474050e+01
1971 0 +5.494331046e-01 -5.294056690e+01 -5.294056690e+01
2026 0 +4.891521873e-01 -5.300084781e+01 -5.300084781e+01
2048 0 +4.464827155e-01 -5.304351728e+01 -5.304351728e+01
2070 0 +3.977302298e-01 -5.309226977e+01 -5.309226977e+01
2092 0 +3.527943455e-01 -5.313720565e+01 -5.313720565e+01
2125 0 +3.109336430e-01 -5.317906636e+01 -5.317906636e+01
2169 0 +2.675512287e-01 -5.322244877e+01 -5.322244877e+01
2180 0 +2.427587352e-01 -5.324724126e+01 -5.324724126e+01
2191 0 +2.155454754e-01 -5.327445452e+01 -5.327445452e+01
2235 0 +1.983005032e-01 -5.329169950e+01 -5.329169950e+01
2257 0 +1.719102331e-01 -5.331808977e+01 -5.331808977e+01
2290 0 +1.487442507e-01 -5.334125575e+01 -5.334125575e+01
2301 0 +1.311105605e-01 -5.335888944e+01 -5.335888944e+01
2323 0 +1.217904642e-01 -5.336820954e+01 -5.336820954e+01
2356 0 +1.081430571e-01 -5.338185694e+01 -5.338185694e+01
2367 0 +9.517733429e-02 -5.339482267e+01 -5.339482267e+01
2400 0 +8.099838680e-02 -5.340900161e+01 -5.340900161e+01
2411 0 +6.825030645e-02 -5.342174969e+01 -5.342174969e+01
2444 0 +5.894840184e-02 -5.343105160e+01 -5.343105160e+01
2455 0 +5.034714580e-02 -5.343965285e+01 -5.343965285e+01
2466 0 +4.131483239e-02 -5.344868517e+01 -5.344868517e+01
2488 0 +3.863390593e-02 -5.345136609e+01 -5.345136609e+01
2499 0 +3.416851955e-02 -5.345583148e+01 -5.345583148e+01
2510 0 +2.728922663e-02 -5.346271077e+01 -5.346271077e+01
2521 0 +2.365215386e-02 -5.346634785e+01 -5.346634785e+01
2532 0 +1.830900968e-02 -5.347169099e+01 -5.347169099e+01
2543 0 +1.439072576e-02 -5.347560927e+01 -5.347560927e+01
2554 0 +1.157693233e-02 -5.347842307e+01 -5.347842307e+01
2576 0 +9.911343350e-03 -5.348008866e+01 -5.348008866e+01
2587 0 +7.877124270e-03 -5.348212288e+01 -5.348212288e+01
2598 0 +6.573744079e-03 -5.348342626e+01 -5.348342626e+01
2609 0 +5.010053937e-03 -5.348498995e+01 -5.348498995e+01
2631 0 +3.778325751e-03 -5.348622167e+01 -5.348622167e+01
2642 0 +3.458067771e-03 -5.348654193e+01 -5.348654193e+01
2653 0 +2.941320625e-03 -5.348705868e+01 -5.348705868e+01
2664 0 +2.246870813e-03 -5.348775313e+01 -5.348775313e+01
2675 0 +1.823584012e-03 -5.348817642e+01 -5.348817642e+01
2697 0 +1.595472627e-03 -5.348840453e+01 -5.348840453e+01
2719 0 +1.491144668e-03 -5.348850886e+01 -5.348850886e+01
2730 0 +1.321832383e-03 -5.348867817e+01 -5.348867817e+01
2741 0 +1.077052075e-03 -5.348892295e+01 -5.348892295e+01
2763 0 +9.942023933e-04 -5.348900580e+01 -5.348900580e+01
2774 0 +8.718514234e-04 -5.348912815e+01 -5.348912815e+01
2785 0 +6.999806345e-04 -5.348930002e+01 -5.348930002e+01
2818 0 +5.553803901e-04 -5.348944462e+01 -5.348944462e+01
2829 0 +4.456741989e-04 -5.348955433e+01 -5.348955433e+01
2873 0 +3.717251891e-04 -5.348962827e+01 -5.348962827e+01
2884 0 +3.246877091e-04 -5.348967531e+01 -5.348967531e+01
2895 0 +2.666201096e-04 -5.348973338e+01 -5.348973338e+01
2917 0 +2.449392404e-04 -5.348975506e+01 -5.348975506e+01
2928 0 +2.098291697e-04 -5.348979017e+01 -5.348979017e+01
2939 0 +1.678049990e-04 -5.348983220e+01 -5.348983220e+01
2972 0 +1.431929465e-04 -5.348985681e+01 -5.348985681e+01
2983 0 +1.188819067e-04 -5.348988112e+01 -5.348988112e+01
2994 0 +1.076161171e-04 -5.348989238e+01 -5.348989238e+01
3005 0 +8.952272265e-05 -5.348991048e+01 -5.348991048e+01
3016 0 +6.996530772e-05 -5.348993003e+01 -5.348993003e+01
3027 0 +5.916643943e-05 -5.348994083e+01 -5.348994083e+01
3038 0 +4.627579774e-05 -5.348995372e+01 -5.348995372e+01
3049 0 +4.345757630e-05 -5.348995654e+01 -5.348995654e+01
3060 0 +3.832083338e-05 -5.348996168e+01 -5.348996168e+01
3071 0 +3.469547898e-05 -5.348996530e+01 -5.348996530e+01
3082 0 +3.006855290e-05 -5.348996993e+01 -5.348996993e+01
3093 0 +2.473082547e-05 -5.348997527e+01 -5.348997527e+01
3115 0 +2.180757885e-05 -5.348997819e+01 -5.348997819e+01
3126 0 +1.919904125e-05 -5.348998080e+01 -5.348998080e+01
3137 0 +1.543408916e-05 -5.348998457e+01 -5.348998457e+01
3148 0 +1.212751486e-05 -5.348998787e+01 -5.348998787e+01
3159 0 +9.298537542e-06 -5.348999070e+01 -5.348999070e+01
3170 0 +7.167629278e-06 -5.348999283e+01 -5.348999283e+01
3181 0 +6.037624736e-06 -5.348999396e+01 -5.348999396e+01
3192 0 +3.976137968e-06 -5.348999602e+01 -5.348999602e+01
3225 0 +3.478432795e-06 -5.348999652e+01 -5.348999652e+01
3247 0 +2.832332392e-06 -5.348999717e+01 -5.348999717e+01
3258 0 +2.433605680e-06 -5.348999757e+01 -5.348999757e+01
3280 0 +2.224666936e-06 -5.348999778e+01 -5.348999778e+01
3291 0 +1.935483887e-06 -5.348999806e+01 -5.348999806e+01
3302 0 +1.516649533e-06 -5.348999848e+01 -5.348999848e+01
3313 0 +1.049136493e-06 -5.348999895e+01 -5.348999895e+01
3324 0 +8.297853213e-07 -5.348999917e+01 -5.348999917e+01
3347 0 +7.909854745e-07 -5.348999921e+01 -5.348999921e+01
3368 0 +6.812095776e-07 -5.348999932e+01 -5.348999932e+01
3379 0 +5.937642200e-07 -5.348999941e+01 -5.348999941e+01
3390 0 +4.862570151e-07 -5.348999951e+01 -5.348999951e+01
3401 0 +3.694597126e-07 -5.348999963e+01 -5.348999963e+01
3412 0 +2.563760120e-07 -5.348999974e+01 -5.348999974e+01
3434 0 +2.307488955e-07 -5.348999977e+01 -5.348999977e+01
3445 0 +2.024757464e-07 -5.348999980e+01 -5.348999980e+01
3456 0 +1.786692181e-07 -5.348999982e+01 -5.348999982e+01
3457 0 +1.769362328e-07 -5.348999982e+01 -5.348999982e+01
3467 0 +1.549500155e-07 -5.348999985e+01 -5.348999985e+01
3478 0 +1.346297935e-07 -5.348999987e+01 -5.348999987e+01
3489 0 +1.154412885e-07 -5.348999988e+01 -5.348999988e+01
3500 0 +1.013851332e-07 -5.348999990e+01 -5.348999990e+01
3505 0 +9.980089288e-08 -5.348999990e+01 -5.348999990e+01
3511 0 +8.843416310e-08 -5.348999991e+01 -5.348999991e+01
3522 0 +5.842619544e-08 -5.348999994e+01 -5.348999994e+01
3533 0 +3.937633863e-08 -5.348999996e+01 -5.348999996e+01
3544 0 +2.431989543e-08 -5.348999998e+01 -5.348999998e+01
3556 0 +2.192808779e-08 -5.348999998e+01 -5.348999998e+01
3589 0 +1.971519481e-08 -5.348999998e+01 -5.348999998e+01
3600 0 +1.746432332e-08 -5.348999998e+01 -5.348999998e+01
3621 0 +1.447580900e-08 -5.348999999e+01 -5.348999999e+01
3622 0 +1.325500421e-08 -5.348999999e+01 -5.348999999e+01
3633 0 +1.169597397e-08 -5.348999999e+01 -5.348999999e+01
3655 0 +1.112760373e-08 -5.348999999e+01 -5.348999999e+01
3665 0 +9.978109006e-09 -5.348999999e+01 -5.348999999e+01
100006 0 +1.063639843e-09 -5.349000000e+01 -5.349000000e+01
% f evaluations | g evaluations | best noise-free fitness - Fopt (1.172700000000e+02) + sum g_i+ | measured fitness | best measured fitness or single-digit g-values | x1 | x2...
1 0 +7.848821337e+07 +7.848833064e+07 +7.848833064e+07
2 0 +4.410301594e+07 +4.410313321e+07 +4.410313321e+07
21 0 +3.560951703e+07 +3.560963430e+07 +3.560963430e+07
24 0 +2.639925800e+07 +2.639937527e+07 +2.639937527e+07
40 0 +2.484629785e+07 +2.484641512e+07 +2.484641512e+07
42 0 +8.737020626e+06 +8.737137896e+06 +8.737137896e+06
72 0 +6.812662229e+06 +6.812779499e+06 +6.812779499e+06
79 0 +5.607950444e+06 +5.608067714e+06 +5.608067714e+06
98 0 +3.471160696e+06 +3.471277966e+06 +3.471277966e+06
101 0 +2.518739153e+06 +2.518856423e+06 +2.518856423e+06
112 0 +3.536416752e+05 +3.537589452e+05 +3.537589452e+05
167 0 +3.097257004e+05 +3.098429704e+05 +3.098429704e+05
288 0 +2.921536458e+05 +2.922709158e+05 +2.922709158e+05
299 0 +2.517987302e+05 +2.519160002e+05 +2.519160002e+05
310 0 +1.217367006e+05 +1.218539706e+05 +1.218539706e+05
453 0 +9.135464906e+04 +9.147191906e+04 +9.147191906e+04
563 0 +8.763418215e+04 +8.775145215e+04 +8.775145215e+04
574 0 +7.693976111e+04 +7.705703111e+04 +7.705703111e+04
585 0 +4.114703493e+04 +4.126430493e+04 +4.126430493e+04
695 0 +3.959617189e+04 +3.971344189e+04 +3.971344189e+04
706 0 +3.512308187e+04 +3.524035187e+04 +3.524035187e+04
717 0 +1.991504792e+04 +2.003231792e+04 +2.003231792e+04
728 0 +8.916299776e+00 +1.261862998e+02 +1.261862998e+02
739 0 +8.504815658e-01 +1.181204816e+02 +1.181204816e+02
750 0 +2.165951703e-03 +1.172721660e+02 +1.172721660e+02
761 0 +5.744122672e-04 +1.172705744e+02 +1.172705744e+02
893 0 +5.568561040e-04 +1.172705569e+02 +1.172705569e+02
926 0 +4.672036265e-04 +1.172704672e+02 +1.172704672e+02
937 0 +4.060816081e-04 +1.172704061e+02 +1.172704061e+02
948 0 +3.043850309e-04 +1.172703044e+02 +1.172703044e+02
959 0 +2.508485841e-04 +1.172702508e+02 +1.172702508e+02
981 0 +2.155876807e-04 +1.172702156e+02 +1.172702156e+02
992 0 +1.974953697e-04 +1.172701975e+02 +1.172701975e+02
1003 0 +1.718251500e-04 +1.172701718e+02 +1.172701718e+02
1014 0 +1.513812916e-04 +1.172701514e+02 +1.172701514e+02
1025 0 +1.156550032e-04 +1.172701157e+02 +1.172701157e+02
1036 0 +9.049812797e-05 +1.172700905e+02 +1.172700905e+02
1047 0 +6.083353934e-05 +1.172700608e+02 +1.172700608e+02
1069 0 +5.197697108e-05 +1.172700520e+02 +1.172700520e+02
1080 0 +4.567372083e-05 +1.172700457e+02 +1.172700457e+02
1091 0 +3.934637735e-05 +1.172700393e+02 +1.172700393e+02
1102 0 +3.220538576e-05 +1.172700322e+02 +1.172700322e+02
1113 0 +2.386275519e-05 +1.172700239e+02 +1.172700239e+02
1124 0 +1.912853988e-05 +1.172700191e+02 +1.172700191e+02
1135 0 +1.750785925e-05 +1.172700175e+02 +1.172700175e+02
1157 0 +1.565254398e-05 +1.172700157e+02 +1.172700157e+02
1179 0 +1.381805750e-05 +1.172700138e+02 +1.172700138e+02
1201 0 +1.210503932e-05 +1.172700121e+02 +1.172700121e+02
1234 0 +9.079948569e-06 +1.172700091e+02 +1.172700091e+02
1245 0 +6.988894057e-06 +1.172700070e+02 +1.172700070e+02
1267 0 +5.300590530e-06 +1.172700053e+02 +1.172700053e+02
1278 0 +4.318125093e-06 +1.172700043e+02 +1.172700043e+02
1333 0 +3.831989034e-06 +1.172700038e+02 +1.172700038e+02
1344 0 +3.529417015e-06 +1.172700035e+02 +1.172700035e+02
26323 0 +3.140174826e-06 +1.172700031e+02 +1.172700031e+02
100003 0 +3.044028034e-06 +1.172700030e+02 +1.172700030e+02
% f evaluations | g evaluations | best noise-free fitness - Fopt (7.789000000000e+01) + sum g_i+ | measured fitness | best measured fitness or single-digit g-values | x1 | x2...
1 0 +1.308202320e+08 +1.308203099e+08 +1.308203099e+08
3 0 +1.286265173e+08 +1.286265951e+08 +1.286265951e+08
8 0 +1.031608497e+08 +1.031609275e+08 +1.031609275e+08
9 0 +6.194617808e+07 +6.194625597e+07 +6.194625597e+07
10 0 +5.949002621e+07 +5.949010410e+07 +5.949010410e+07
13 0 +4.452908383e+07 +4.452916172e+07 +4.452916172e+07
16 0 +4.297996294e+07 +4.298004083e+07 +4.298004083e+07
21 0 +2.336107747e+07 +2.336115536e+07 +2.336115536e+07
33 0 +2.106800633e+07 +2.106808422e+07 +2.106808422e+07
56 0 +1.849651908e+07 +1.849659697e+07 +1.849659697e+07
63 0 +1.312002913e+07 +1.312010702e+07 +1.312010702e+07
74 0 +1.254985908e+07 +1.254993697e+07 +1.254993697e+07
83 0 +7.762064889e+06 +7.762142779e+06 +7.762142779e+06
112 0 +3.369447913e+06 +3.369525803e+06 +3.369525803e+06
145 0 +3.273308232e+06 +3.273386122e+06 +3.273386122e+06
255 0 +3.096595098e+06 +3.096672988e+06 +3.096672988e+06
410 0 +1.046772186e+06 +1.046850076e+06 +1.046850076e+06
421 0 +1.781256993e+04 +1.789045993e+04 +1.789045993e+04
454 0 +2.837715532e+03 +2.915605532e+03 +2.915605532e+03
476 0 +1.934560383e+03 +2.012450383e+03 +2.012450383e+03
509 0 +1.696315117e+03 +1.774205117e+03 +1.774205117e+03
520 0 +1.203163835e+03 +1.281053835e+03 +1.281053835e+03
531 0 +1.034404722e+03 +1.112294722e+03 +1.112294722e+03
652 0 +9.272198645e+02 +1.005109865e+03 +1.005109865e+03
663 0 +6.456003782e+02 +7.234903782e+02 +7.234903782e+02
784 0 +5.992414338e+02 +6.771314338e+02 +6.771314338e+02
795 0 +4.705607165e+02 +5.484507165e+02 +5.484507165e+02
872 0 +4.302024834e+02 +5.080924834e+02 +5.080924834e+02
883 0 +3.200572160e+02 +3.979472160e+02 +3.979472160e+02
894 0 +8.841988777e+01 +1.663098878e+02 +1.663098878e+02
905 0 +2.379202538e-01 +7.812792025e+01 +7.812792025e+01
993 0 +2.187697353e-01 +7.810876974e+01 +7.810876974e+01
1015 0 +1.836469150e-01 +7.807364692e+01 +7.807364692e+01
1026 0 +1.569655700e-01 +7.804696557e+01 +7.804696557e+01
1037 0 +1.373208642e-01 +7.802732086e+01 +7.802732086e+01
1059 0 +1.240664204e-01 +7.801406642e+01 +7.801406642e+01
1081 0 +1.117239115e-01 +7.800172391e+01 +7.800172391e+01
1103 0 +8.274414615e-02 +7.797274415e+01 +7.797274415e+01
1114 0 +6.530788579e-02 +7.795530789e+01 +7.795530789e+01
1125 0 +4.773980646e-02 +7.793773981e+01 +7.793773981e+01
1147 0 +4.041006810e-02 +7.793041007e+01 +7.793041007e+01
1158 0 +3.714451800e-02 +7.792714452e+01 +7.792714452e+01
1169 0 +3.546868119e-02 +7.792546868e+01 +7.792546868e+01
1180 0 +2.907098366e-02 +7.791907098e+01 +7.791907098e+01
1191 0 +2.433550598e-02 +7.791433551e+01 +7.791433551e+01
1202 0 +1.723516459e-02 +7.790723516e+01 +7.790723516e+01
1213 0 +1.268464277e-02 +7.790268464e+01 +7.790268464e+01
1235 0 +1.176957880e-02 +7.790176958e+01 +7.790176958e+01
1246 0 +1.019682299e-02 +7.790019682e+01 +7.790019682e+01
1257 0 +7.718456507e-03 +7.789771846e+01 +7.789771846e+01
1268 0 +7.037248927e-03 +7.789703725e+01 +7.789703725e+01
1290 0 +5.093076722e-03 +7.789509308e+01 +7.789509308e+01
1301 0 +3.888266496e-03 +7.789388827e+01 +7.789388827e+01
1312 0 +2.732425652e-03 +7.789273243e+01 +7.789273243e+01
1334 0 +2.125271988e-03 +7.789212527e+01 +7.789212527e+01
1356 0 +1.960063324e-03 +7.789196006e+01 +7.789196006e+01
1367 0 +1.770340966e-03 +7.789177034e+01 +7.789177034e+01
1378 0 +1.470460441e-03 +7.789147046e+01 +7.789147046e+01
1389 0 +1.237537619e-03 +7.789123754e+01 +7.789123754e+01
1400 0 +9.036843057e-04 +7.789090368e+01 +7.789090368e+01
1411 0 +7.579093825e-04 +7.789075791e+01 +7.789075791e+01
1433 0 +5.783682130e-04 +7.789057837e+01 +7.789057837e+01
1444 0 +4.805279469e-04 +7.789048053e+01 +7.789048053e+01
1455 0 +3.709337900e-04 +7.789037093e+01 +7.789037093e+01
1488 0 +3.381293497e-04 +7.789033813e+01 +7.789033813e+01
1499 0 +2.983436675e-04 +7.789029834e+01 +7.789029834e+01
1510 0 +2.646967242e-04 +7.789026470e+01 +7.789026470e+01
1521 0 +2.263236130e-04 +7.789022632e+01 +7.789022632e+01
1532 0 +1.802384035e-04 +7.789018024e+01 +7.789018024e+01
1543 0 +1.409823823e-04 +7.789014098e+01 +7.789014098e+01
1554 0 +1.201517955e-04 +7.789012015e+01 +7.789012015e+01
1565 0 +9.260848853e-05 +7.789009261e+01 +7.789009261e+01
1576 0 +8.090592974e-05 +7.789008091e+01 +7.789008091e+01
1587 0 +7.326107746e-05 +7.789007326e+01 +7.789007326e+01
1598 0 +6.249105618e-05 +7.789006249e+01 +7.789006249e+01
1609 0 +5.235491052e-05 +7.789005235e+01 +7.789005235e+01
1631 0 +3.950554054e-05 +7.789003951e+01 +7.789003951e+01
1653 0 +3.501641812e-05 +7.789003502e+01 +7.789003502e+01
1664 0 +2.670750973e-05 +7.789002671e+01 +7.789002671e+01
1686 0 +2.270897568e-05 +7.789002271e+01 +7.789002271e+01
1697 0 +1.695075885e-05 +7.789001695e+01 +7.789001695e+01
1708 0 +1.499013892e-05 +7.789001499e+01 +7.789001499e+01
1719 0 +1.200826937e-05 +7.789001201e+01 +7.789001201e+01
1741 0 +1.005604533e-05 +7.789001006e+01 +7.789001006e+01
1752 0 +9.364654176e-06 +7.789000936e+01 +7.789000936e+01
1763 0 +8.849559919e-06 +7.789000885e+01 +7.789000885e+01
86272 0 +7.256963173e-06 +7.789000726e+01 +7.789000726e+01
100004 0 +7.249258076e-06 +7.789000725e+01 +7.789000725e+01
