% f evaluations | g evaluations | best noise-free fitness - Fopt (-1.694000000000e+01) + sum g_i+ | measured fitness | best measured fitness or single-digit g-values | x1 | x2...
1 0 +4.882419592e+01 +3.188419592e+01 +3.188419592e+01
2 0 +1.457016037e+01 -2.369839628e+00 -2.369839628e+00
11 0 +1.037780932e+01 -6.562190676e+00 -6.562190676e+00
26 0 +8.345301629e+00 -8.594698371e+00 -8.594698371e+00
30 0 +7.084300297e+00 -9.855699703e+00 -9.855699703e+00
38 0 +7.063683005e+00 -9.876316995e+00 -9.876316995e+00
43 0 +5.393156587e+00 -1.154684341e+01 -1.154684341e+01
65 0 +3.187967001e+00 -1.375203300e+01 -1.375203300e+01
109 0 +3.096468609e+00 -1.384353139e+01 -1.384353139e+01
195 0 +1.959709381e+00 -1.498029062e+01 -1.498029062e+01
239 0 +1.550907027e+00 -1.538909297e+01 -1.538909297e+01
259 0 +1.219697422e+00 -1.572030258e+01 -1.572030258e+01
284 0 +1.095472881e+00 -1.584452712e+01 -1.584452712e+01
378 0 +9.835418904e-01 -1.595645811e+01 -1.595645811e+01
422 0 +8.695299435e-01 -1.607047006e+01 -1.607047006e+01
444 0 +7.818170136e-01 -1.615818299e+01 -1.615818299e+01
455 0 +6.753557647e-01 -1.626464424e+01 -1.626464424e+01
488 0 +6.309176814e-01 -1.630908232e+01 -1.630908232e+01
543 0 +5.397671253e-01 -1.640023287e+01 -1.640023287e+01
554 0 +4.890698962e-01 -1.645093010e+01 -1.645093010e+01
3257 0 +2.318692092e-01 -1.670813079e+01 -1.670813079e+01
3313 0 +2.018970374e-01 -1.673810296e+01 -1.673810296e+01
3364 0 +1.704080790e-01 -1.676959192e+01 -1.676959192e+01
3386 0 +1.479314646e-01 -1.679206854e+01 -1.679206854e+01
3419 0 +1.402400958e-01 -1.679975990e+01 -1.679975990e+01
3452 0 +1.134061831e-01 -1.682659382e+01 -1.682659382e+01
3474 0 +1.064491170e-01 -1.683355088e+01 -1.683355088e+01
3529 0 +9.953815299e-02 -1.684046185e+01 -1.684046185e+01
3540 0 +8.846728353e-02 -1.685153272e+01 -1.685153272e+01
3606 0 +7.576760606e-02 -1.686423239e+01 -1.686423239e+01
3683 0 +7.053426098e-02 -1.686946574e+01 -1.686946574e+01
4371 0 +6.141289663e-02 -1.687858710e+01 -1.687858710e+01
4469 0 +5.516722086e-02 -1.688483278e+01 -1.688483278e+01
4579 0 +4.708560225e-02 -1.689291440e+01 -1.689291440e+01
4645 0 +4.416149045e-02 -1.689583851e+01 -1.689583851e+01
4744 0 +3.918920970e-02 -1.690081079e+01 -1.690081079e+01
5670 0 +3.160536005e-02 -1.690839464e+01 -1.690839464e+01
5882 0 +2.812361610e-02 -1.691187638e+01 -1.691187638e+01
6025 0 +2.501078286e-02 -1.691498922e+01 -1.691498922e+01
6843 0 +2.212618328e-02 -1.691787382e+01 -1.691787382e+01
8466 0 +1.991835591e-02 -1.692008164e+01 -1.692008164e+01
100005 0 +1.836259677e-02 -1.692163740e+01 -1.692163740e+01
% f evaluations | g evaluations | best noise-free fitness - Fopt (1.881000000000e+01) + sum g_i+ | measured fitness | best measured fitness or single-digit g-values | x1 | x2...
1 0 +1.131935286e+01 +3.012935286e+01 +3.012935286e+01
2 0 +8.964731809e+00 +2.777473181e+01 +2.777473181e+01
6 0 +7.922103765e+00 +2.673210377e+01 +2.673210377e+01
13 0 +6.796036299e+00 +2.560603630e+01 +2.560603630e+01
15 0 +5.589517908e+00 +2.439951791e+01 +2.439951791e+01
31 0 +4.620090850e+00 +2.343009085e+01 +2.343009085e+01
65 0 +3.752120353e+00 +2.256212035e+01 +2.256212035e+01
124 0 +3.107294034e+00 +2.191729403e+01 +2.191729403e+01
175 0 +2.445221776e+00 +2.125522178e+01 +2.125522178e+01
191 0 +2.135733128e+00 +2.094573313e+01 +2.094573313e+01
237 0 +1.725526384e+00 +2.053552638e+01 +2.053552638e+01
268 0 +1.261843288e+00 +2.007184329e+01 +2.007184329e+01
280 0 +1.056225061e+00 +1.986622506e+01 +1.986622506e+01
356 0 +9.328178353e-01 +1.974281784e+01 +1.974281784e+01
378 0 +8.716135033e-01 +1.968161350e+01 +1.968161350e+01
411 0 +7.640123869e-01 +1.957401239e+01 +1.957401239e+01
477 0 +7.003416688e-01 +1.951034167e+01 +1.951034167e+01
1307 0 +5.512716891e-01 +1.936127169e+01 +1.936127169e+01
1392 0 +4.984022486e-01 +1.930840225e+01 +1.930840225e+01
1459 0 +4.187869204e-01 +1.922878692e+01 +1.922878692e+01
1480 0 +3.842532767e-01 +1.919425328e+01 +1.919425328e+01
1485 0 +3.447806213e-01 +1.915478062e+01 +1.915478062e+01
1514 0 +3.040907967e-01 +1.911409080e+01 +1.911409080e+01
1515 0 +2.596223481e-01 +1.906962235e+01 +1.906962235e+01
1548 0 +2.226561790e-01 +1.903265618e+01 +1.903265618e+01
1581 0 +1.825181699e-01 +1.899251817e+01 +1.899251817e+01
1625 0 +1.767470655e-01 +1.898674707e+01 +1.898674707e+01
1680 0 +1.579287768e-01 +1.896792878e+01 +1.896792878e+01
2447 0 +1.381929161e-01 +1.894819292e+01 +1.894819292e+01
2456 0 +1.104170623e-01 +1.892041706e+01 +1.892041706e+01
2478 0 +9.372519098e-02 +1.890372519e+01 +1.890372519e+01
2492 0 +8.832898928e-02 +1.889832899e+01 +1.889832899e+01
2529 0 +6.476536108e-02 +1.887476536e+01 +1.887476536e+01
2598 0 +5.092543576e-02 +1.886092544e+01 +1.886092544e+01
2609 0 +4.253318283e-02 +1.885253318e+01 +1.885253318e+01
2642 0 +3.927866683e-02 +1.884927867e+01 +1.884927867e+01
2752 0 +3.435050045e-02 +1.884435050e+01 +1.884435050e+01
2829 0 +3.162249167e-02 +1.884162249e+01 +1.884162249e+01
4806 0 +2.679994679e-02 +1.883679995e+01 +1.883679995e+01
5067 0 +2.500322592e-02 +1.883500323e+01 +1.883500323e+01
5904 0 +2.166672919e-02 +1.883166673e+01 +1.883166673e+01
6072 0 +1.979124047e-02 +1.882979124e+01 +1.882979124e+01
7153 0 +1.769452563e-02 +1.882769453e+01 +1.882769453e+01
45753 0 +1.584184291e-02 +1.882584184e+01 +1.882584184e+01
100003 0 +1.574505590e-02 +1.882574506e+01 +1.882574506e+01
% f evaluations | g evaluations | best noise-free fitness - Fopt (2.731500000000e+02) + sum g_i+ | measured fitness | best measured fitness or single-digit g-values | x1 | x2...
1 0 +4.412935929e+01 +3.172793593e+02 +3.172793593e+02
2 0 +1.979107390e+01 +2.929410739e+02 +2.929410739e+02
5 0 +1.381939287e+01 +2.869693929e+02 +2.869693929e+02
13 0 +9.044855899e+00 +2.821948559e+02 +2.821948559e+02
42 0 +8.550394319e+00 +2.817003943e+02 +2.817003943e+02
49 0 +7.774889929e+00 +2.809248899e+02 +2.809248899e+02
52 0 +5.244975274e+00 +2.783949753e+02 +2.783949753e+02
127 0 +4.832511845e+00 +2.779825118e+02 +2.779825118e+02
135 0 +3.845622504e+00 +2.769956225e+02 +2.769956225e+02
182 0 +3.299272986e+00 +2.764492730e+02 +2.764492730e+02
211 0 +2.156366059e+00 +2.753063661e+02 +2.753063661e+02
334 0 +1.441540389e+00 +2.745915404e+02 +2.745915404e+02
356 0 +1.321704511e+00 +2.744717045e+02 +2.744717045e+02
367 0 +1.157983227e+00 +2.743079832e+02 +2.743079832e+02
389 0 +1.099508762e+00 +2.742495088e+02 +2.742495088e+02
1284 0 +9.040817725e-01 +2.740540818e+02 +2.740540818e+02
1306 0 +8.873938074e-01 +2.740373938e+02 +2.740373938e+02
1800 0 +6.949378406e-01 +2.738449378e+02 +2.738449378e+02
1878 0 +6.167966562e-01 +2.737667967e+02 +2.737667967e+02
1992 0 +5.337473311e-01 +2.736837473e+02 +2.736837473e+02
2058 0 +4.987630197e-01 +2.736487630e+02 +2.736487630e+02
2852 0 +4.446278128e-01 +2.735946278e+02 +2.735946278e+02
2893 0 +3.770363082e-01 +2.735270363e+02 +2.735270363e+02
3064 0 +3.527053975e-01 +2.735027054e+02 +2.735027054e+02
3674 0 +3.025775192e-01 +2.734525775e+02 +2.734525775e+02
4047 0 +2.816680014e-01 +2.734316680e+02 +2.734316680e+02
9094 0 +2.499964834e-01 +2.733999965e+02 +2.733999965e+02
100124 0 +2.481178216e-01 +2.733981178e+02 +2.733981178e+02
% f evaluations | g evaluations | best noise-free fitness - Fopt (3.718000000000e+01) + sum g_i+ | measured fitness | best measured fitness or single-digit g-values | x1 | x2...
1 0 +2.389591439e+01 +6.107591439e+01 +6.107591439e+01
2 0 +1.841762662e+01 +5.559762662e+01 +5.559762662e+01
3 0 +1.379052855e+01 +5.097052855e+01 +5.097052855e+01
39 0 +1.201442294e+01 +4.919442294e+01 +4.919442294e+01
60 0 +9.359622838e+00 +4.653962284e+01 +4.653962284e+01
75 0 +8.894431565e+00 +4.607443157e+01 +4.607443157e+01
88 0 +5.688446397e+00 +4.286844640e+01 +4.286844640e+01
166 0 +5.462771428e+00 +4.264277143e+01 +4.264277143e+01
168 0 +3.590135392e+00 +4.077013539e+01 +4.077013539e+01
175 0 +2.322276068e+00 +3.950227607e+01 +3.950227607e+01
261 0 +1.642817929e+00 +3.882281793e+01 +3.882281793e+01
295 0 +1.540248889e+00 +3.872024889e+01 +3.872024889e+01
301 0 +1.334419286e+00 +3.851441929e+01 +3.851441929e+01
323 0 +1.082298460e+00 +3.826229846e+01 +3.826229846e+01
334 0 +8.797985653e-01 +3.805979857e+01 +3.805979857e+01
367 0 +7.732765452e-01 +3.795327655e+01 +3.795327655e+01
422 0 +6.678262298e-01 +3.784782623e+01 +3.784782623e+01
466 0 +6.292494441e-01 +3.780924944e+01 +3.780924944e+01
1280 0 +5.218563780e-01 +3.770185638e+01 +3.770185638e+01
1296 0 +4.486613969e-01 +3.762866140e+01 +3.762866140e+01
1358 0 +2.739003373e-01 +3.745390034e+01 +3.745390034e+01
1423 0 +2.109224979e-01 +3.739092250e+01 +3.739092250e+01
1428 0 +1.904507594e-01 +3.737045076e+01 +3.737045076e+01
1483 0 +1.436591275e-01 +3.732365913e+01 +3.732365913e+01
1505 0 +1.350168257e-01 +3.731501683e+01 +3.731501683e+01
1527 0 +1.062350623e-01 +3.728623506e+01 +3.728623506e+01
1560 0 +9.448213622e-02 +3.727448214e+01 +3.727448214e+01
1626 0 +8.844117251e-02 +3.726844117e+01 +3.726844117e+01
2498 0 +7.745200368e-02 +3.725745200e+01 +3.725745200e+01
2510 0 +6.078569523e-02 +3.724078570e+01 +3.724078570e+01
2515 0 +5.083671832e-02 +3.723083672e+01 +3.723083672e+01
2523 0 +4.843910991e-02 +3.722843911e+01 +3.722843911e+01
2536 0 +4.308881134e-02 +3.722308881e+01 +3.722308881e+01
2632 0 +3.471028726e-02 +3.721471029e+01 +3.721471029e+01
2676 0 +3.130509403e-02 +3.721130509e+01 +3.721130509e+01
2819 0 +2.811411037e-02 +3.720811411e+01 +3.720811411e+01
3763 0 +2.425678307e-02 +3.720425678e+01 +3.720425678e+01
3805 0 +2.130722927e-02 +3.720130723e+01 +3.720130723e+01
3822 0 +1.783302066e-02 +3.719783302e+01 +3.719783302e+01
3856 0 +1.303256603e-02 +3.719303257e+01 +3.719303257e+01
3909 0 +1.215310885e-02 +3.719215311e+01 +3.719215311e+01
3910 0 +7.876502049e-03 +3.718787650e+01 +3.718787650e+01
4012 0 +6.082326891e-03 +3.718608233e+01 +3.718608233e+01
4045 0 +5.190273090e-03 +3.718519027e+01 +3.718519027e+01
4111 0 +5.011153643e-03 +3.718501115e+01 +3.718501115e+01
4188 0 +4.408971391e-03 +3.718440897e+01 +3.718440897e+01
5113 0 +3.642764759e-03 +3.718364276e+01 +3.718364276e+01
5202 0 +2.498274613e-03 +3.718249827e+01 +3.718249827e+01
5326 0 +2.226307898e-03 +3.718222631e+01 +3.718222631e+01
5337 0 +1.984287808e-03 +3.718198429e+01 +3.718198429e+01
5425 0 +1.776459119e-03 +3.718177646e+01 +3.718177646e+01
6826 0 +1.563309746e-03 +3.718156331e+01 +3.718156331e+01
7704 0 +1.385984434e-03 +3.718138598e+01 +3.718138598e+01
7954 0 +1.245768482e-03 +3.718124577e+01 +3.718124577e+01
8316 0 +1.092230643e-03 +3.718109223e+01 +3.718109223e+01
8960 0 +9.956699801e-04 +3.718099567e+01 +3.718099567e+01
10158 0 +8.598837282e-04 +3.718085988e+01 +3.718085988e+01
100155 0 +7.982645277e-04 +3.718079826e+01 +3.718079826e+01
% f evaluations | g evaluations | best noise-free fitness - Fopt (-1.479000000000e+02) + sum g_i+ | measured fitness | best measured fitness or single-digit g-values | x1 | x2...
1 0 +1.022785512e+01 -1.376721449e+02 -1.376721449e+02
3 0 +5.939603136e+00 -1.419603969e+02 -1.419603969e+02
22 0 +5.180472350e+00 -1.427195276e+02 -1.427195276e+02
26 0 +4.858631058e+00 -1.430413689e+02 -1.430413689e+02
33 0 +3.868282366e+00 -1.440317176e+02 -1.440317176e+02
48 0 +3.265284454e+00 -1.446347155e+02 -1.446347155e+02
90 0 +2.304786216e+00 -1.455952138e+02 -1.455952138e+02
185 0 +2.171579257e+00 -1.457284207e+02 -1.457284207e+02
276 0 +1.676452886e+00 -1.462235471e+02 -1.462235471e+02
455 0 +1.496675879e+00 -1.464033241e+02 -1.464033241e+02
488 0 +1.319422984e+00 -1.465805770e+02 -1.465805770e+02
499 0 +1.223136941e+00 -1.466768631e+02 -1.466768631e+02
2036 0 +9.973938595e-01 -1.469026061e+02 -1.469026061e+02
2148 0 +7.481763742e-01 -1.471518236e+02 -1.471518236e+02
2158 0 +6.887279597e-01 -1.472112720e+02 -1.472112720e+02
2264 0 +6.299084907e-01 -1.472700915e+02 -1.472700915e+02
2363 0 +5.341851636e-01 -1.473658148e+02 -1.473658148e+02
2440 0 +5.001826372e-01 -1.473998174e+02 -1.473998174e+02
3431 0 +3.616704360e-01 -1.475383296e+02 -1.475383296e+02
3542 0 +3.394212880e-01 -1.475605787e+02 -1.475605787e+02
3571 0 +2.698787304e-01 -1.476301213e+02 -1.476301213e+02
3595 0 +1.743287041e-01 -1.477256713e+02 -1.477256713e+02
3764 0 +1.455080103e-01 -1.477544920e+02 -1.477544920e+02
3863 0 +1.410609571e-01 -1.477589390e+02 -1.477589390e+02
3929 0 +1.233536598e-01 -1.477766463e+02 -1.477766463e+02
4991 0 +1.108625517e-01 -1.477891374e+02 -1.477891374e+02
5016 0 +9.169151416e-02 -1.478083085e+02 -1.478083085e+02
5232 0 +8.623734342e-02 -1.478137627e+02 -1.478137627e+02
5441 0 +7.771120311e-02 -1.478222888e+02 -1.478222888e+02
6722 0 +7.065392752e-02 -1.478293461e+02 -1.478293461e+02
7838 0 +6.233887570e-02 -1.478376611e+02 -1.478376611e+02
9251 0 +5.523918166e-02 -1.478447608e+02 -1.478447608e+02
100002 0 +5.192316629e-02 -1.478480768e+02 -1.478480768e+02
% f evaluations | g evaluations | best noise-free fitness - Fopt (4.817100000000e+02) + sum g_i+ | measured fitness | best measured fitness or single-digit g-values | x1 | x2...
1 0 +1.238916101e+01 +4.940991610e+02 +4.940991610e+02
13 0 +7.205500803e+00 +4.889155008e+02 +4.889155008e+02
38 0 +6.541364315e+00 +4.882513643e+02 +4.882513643e+02
96 0 +6.290990011e+00 +4.880009900e+02 +4.880009900e+02
127 0 +3.131031333e+00 +4.848410313e+02 +4.848410313e+02
215 0 +2.455420719e+00 +4.841654207e+02 +4.841654207e+02
263 0 +2.132315842e+00 +4.838423158e+02 +4.838423158e+02
334 0 +1.969911307e+00 +4.836799113e+02 +4.836799113e+02
345 0 +1.692970237e+00 +4.834029702e+02 +4.834029702e+02
378 0 +1.503762208e+00 +4.832137622e+02 +4.832137622e+02
411 0 +1.383929971e+00 +4.830939300e+02 +4.830939300e+02
846 0 +8.786269896e-01 +4.825886270e+02 +4.825886270e+02
927 0 +7.608165949e-01 +4.824708166e+02 +4.824708166e+02
973 0 +6.559583882e-01 +4.823659584e+02 +4.823659584e+02
988 0 +4.720105416e-01 +4.821820105e+02 +4.821820105e+02
993 0 +2.630193943e-01 +4.819730194e+02 +4.819730194e+02
1251 0 +2.508769755e-01 +4.819608770e+02 +4.819608770e+02
1295 0 +2.208843783e-01 +4.819308844e+02 +4.819308844e+02
2417 0 +1.958346417e-01 +4.819058346e+02 +4.819058346e+02
2471 0 +1.602671205e-01 +4.818702671e+02 +4.818702671e+02
2484 0 +1.584422214e-01 +4.818684422e+02 +4.818684422e+02
2504 0 +1.310723471e-01 +4.818410723e+02 +4.818410723e+02
2509 0 +1.019471089e-01 +4.818119471e+02 +4.818119471e+02
2541 0 +9.001002979e-02 +4.818000100e+02 +4.818000100e+02
2555 0 +5.983691581e-02 +4.817698369e+02 +4.817698369e+02
2609 0 +2.830603167e-02 +4.817383060e+02 +4.817383060e+02
2675 0 +2.298655444e-02 +4.817329866e+02 +4.817329866e+02
2697 0 +2.085707789e-02 +4.817308571e+02 +4.817308571e+02
2719 0 +1.994989639e-02 +4.817299499e+02 +4.817299499e+02
2895 0 +1.777976306e-02 +4.817277798e+02 +4.817277798e+02
4244 0 +1.394663374e-02 +4.817239466e+02 +4.817239466e+02
4247 0 +1.249434587e-02 +4.817224943e+02 +4.817224943e+02
4253 0 +8.352370792e-03 +4.817183524e+02 +4.817183524e+02
4308 0 +6.211852336e-03 +4.817162119e+02 +4.817162119e+02
4330 0 +5.593053391e-03 +4.817155931e+02 +4.817155931e+02
4396 0 +4.953476791e-03 +4.817149535e+02 +4.817149535e+02
4506 0 +4.434935361e-03 +4.817144349e+02 +4.817144349e+02
5753 0 +3.237193850e-03 +4.817132372e+02 +4.817132372e+02
5775 0 +3.042849207e-03 +4.817130428e+02 +4.817130428e+02
5786 0 +2.789004205e-03 +4.817127890e+02 +4.817127890e+02
5797 0 +2.244418752e-03 +4.817122444e+02 +4.817122444e+02
5819 0 +2.078683244e-03 +4.817120787e+02 +4.817120787e+02
5830 0 +1.899018255e-03 +4.817118990e+02 +4.817118990e+02
5951 0 +1.749149163e-03 +4.817117491e+02 +4.817117491e+02
5973 0 +1.400402677e-03 +4.817114004e+02 +4.817114004e+02
7364 0 +1.237733997e-03 +4.817112377e+02 +4.817112377e+02
7397 0 +1.010825843e-03 +4.817110108e+02 +4.817110108e+02
7452 0 +9.928828072e-04 +4.817109929e+02 +4.817109929e+02
7518 0 +8.542108818e-04 +4.817108542e+02 +4.817108542e+02
7551 0 +7.898510857e-04 +4.817107899e+02 +4.817107899e+02
8763 0 +6.135668444e-04 +4.817106136e+02 +4.817106136e+02
10477 0 +5.567963485e-04 +4.817105568e+02 +4.817105568e+02
100121 0 +5.042217760e-04 +4.817105042e+02 +4.817105042e+02
% f evaluations | g evaluations | best noise-free fitness - Fopt (-3.646000000000e+01) + sum g_i+ | measured fitness | best measured fitness or single-digit g-values | x1 | x2...
1 0 +2.465382065e+01 -1.180617935e+01 -1.180617935e+01
4 0 +2.139465857e+01 -1.506534143e+01 -1.506534143e+01
21 0 +1.399044977e+01 -2.246955023e+01 -2.246955023e+01
40 0 +1.017832676e+01 -2.628167324e+01 -2.628167324e+01
42 0 +5.654228244e+00 -3.080577176e+01 -3.080577176e+01
54 0 +4.039654228e+00 -3.242034577e+01 -3.242034577e+01
125 0 +2.980417312e+00 -3.347958269e+01 -3.347958269e+01
197 0 +2.795231699e+00 -3.366476830e+01 -3.366476830e+01
198 0 +2.305154978e+00 -3.415484502e+01 -3.415484502e+01
210 0 +2.039311767e+00 -3.442068823e+01 -3.442068823e+01
218 0 +1.786905881e+00 -3.467309412e+01 -3.467309412e+01
221 0 +1.333687958e+00 -3.512631204e+01 -3.512631204e+01
232 0 +1.040754449e+00 -3.541924555e+01 -3.541924555e+01
295 0 +8.776178637e-01 -3.558238214e+01 -3.558238214e+01
356 0 +6.827787957e-01 -3.577722120e+01 -3.577722120e+01
400 0 +6.231831272e-01 -3.583681687e+01 -3.583681687e+01
455 0 +5.534946645e-01 -3.590650534e+01 -3.590650534e+01
554 0 +4.917925705e-01 -3.596820743e+01 -3.596820743e+01
2495 0 +3.859434576e-01 -3.607405654e+01 -3.607405654e+01
2528 0 +2.081830370e-01 -3.625181696e+01 -3.625181696e+01
2670 0 +1.991917772e-01 -3.626080822e+01 -3.626080822e+01
2703 0 +1.700299185e-01 -3.628997008e+01 -3.628997008e+01
2824 0 +1.561368752e-01 -3.630386312e+01 -3.630386312e+01
2934 0 +1.410102273e-01 -3.631898977e+01 -3.631898977e+01
3625 0 +1.202629130e-01 -3.633973709e+01 -3.633973709e+01
3675 0 +1.049661114e-01 -3.635503389e+01 -3.635503389e+01
3733 0 +8.026759395e-02 -3.637973241e+01 -3.637973241e+01
3743 0 +7.493359835e-02 -3.638506640e+01 -3.638506640e+01
3773 0 +4.762606790e-02 -3.641237393e+01 -3.641237393e+01
3775 0 +3.998702605e-02 -3.642001297e+01 -3.642001297e+01
3918 0 +3.919388853e-02 -3.642080611e+01 -3.642080611e+01
3951 0 +3.437010552e-02 -3.642562989e+01 -3.642562989e+01
4006 0 +3.149600725e-02 -3.642850399e+01 -3.642850399e+01
4127 0 +2.570939767e-02 -3.643429060e+01 -3.643429060e+01
4138 0 +2.296098125e-02 -3.643703902e+01 -3.643703902e+01
4149 0 +2.197887604e-02 -3.643802112e+01 -3.643802112e+01
5170 0 +1.530134054e-02 -3.644469866e+01 -3.644469866e+01
5197 0 +1.259947780e-02 -3.644740052e+01 -3.644740052e+01
5232 0 +1.145267613e-02 -3.644854732e+01 -3.644854732e+01
5254 0 +1.087983978e-02 -3.644912016e+01 -3.644912016e+01
5353 0 +7.517654050e-03 -3.645248235e+01 -3.645248235e+01
5408 0 +6.978865014e-03 -3.645302113e+01 -3.645302113e+01
5540 0 +6.026443235e-03 -3.645397356e+01 -3.645397356e+01
6239 0 +5.051075519e-03 -3.645494892e+01 -3.645494892e+01
6306 0 +4.777418670e-03 -3.645522258e+01 -3.645522258e+01
6338 0 +3.860811945e-03 -3.645613919e+01 -3.645613919e+01
6371 0 +3.330104322e-03 -3.645666990e+01 -3.645666990e+01
6393 0 +2.550304743e-03 -3.645744970e+01 -3.645744970e+01
6404 0 +2.257397027e-03 -3.645774260e+01 -3.645774260e+01
7836 0 +2.156482656e-03 -3.645784352e+01 -3.645784352e+01
8012 0 +1.942314265e-03 -3.645805769e+01 -3.645805769e+01
8177 0 +1.764847292e-03 -3.645823515e+01 -3.645823515e+01
9257 0 +1.525215468e-03 -3.645847478e+01 -3.645847478e+01
9381 0 +1.341135040e-03 -3.645865886e+01 -3.645865886e+01
10439 0 +1.196635231e-03 -3.645880336e+01 -3.645880336e+01
10472 0 +1.063818955e-03 -3.645893618e+01 -3.645893618e+01
10838 0 +9.925428149e-04 -3.645900746e+01 -3.645900746e+01
100253 0 +9.132759557e-04 -3.645908672e+01 -3.645908672e+01
% f evaluations | g evaluations | best noise-free fitness - Fopt (3.920000000000e+01) + sum g_i+ | measured fitness | best measured fitness or single-digit g-values | x1 | x2...
1 0 +1.568236830e+01 +5.488236830e+01 +5.488236830e+01
9 0 +1.457277528e+01 +5.377277528e+01 +5.377277528e+01
11 0 +9.394546312e+00 +4.859454631e+01 +4.859454631e+01
49 0 +8.859854072e+00 +4.805985407e+01 +4.805985407e+01
59 0 +6.646368305e+00 +4.584636831e+01 +4.584636831e+01
81 0 +5.914273006e+00 +4.511427301e+01 +4.511427301e+01
83 0 +4.801216459e+00 +4.400121646e+01 +4.400121646e+01
97 0 +2.865246103e+00 +4.206524610e+01 +4.206524610e+01
102 0 +2.663985790e+00 +4.186398579e+01 +4.186398579e+01
253 0 +2.353898349e+00 +4.155389835e+01 +4.155389835e+01
277 0 +1.876137308e+00 +4.107613731e+01 +4.107613731e+01
334 0 +1.759906687e+00 +4.095990669e+01 +4.095990669e+01
356 0 +1.555790682e+00 +4.075579068e+01 +4.075579068e+01
433 0 +1.401258797e+00 +4.060125880e+01 +4.060125880e+01
455 0 +1.172289819e+00 +4.037228982e+01 +4.037228982e+01
466 0 +1.104269816e+00 +4.030426982e+01 +4.030426982e+01
554 0 +9.726814636e-01 +4.017268146e+01 +4.017268146e+01
1440 0 +7.828756047e-01 +3.998287560e+01 +3.998287560e+01
1507 0 +5.334793689e-01 +3.973347937e+01 +3.973347937e+01
1566 0 +4.818796409e-01 +3.968187964e+01 +3.968187964e+01
1583 0 +4.198714800e-01 +3.961987148e+01 +3.961987148e+01
1603 0 +2.382152759e-01 +3.943821528e+01 +3.943821528e+01
1703 0 +2.212834128e-01 +3.942128341e+01 +3.942128341e+01
1736 0 +1.966357880e-01 +3.939663579e+01 +3.939663579e+01
1791 0 +1.777295123e-01 +3.937772951e+01 +3.937772951e+01
2939 0 +1.324745951e-01 +3.933247460e+01 +3.933247460e+01
3084 0 +1.249826132e-01 +3.932498261e+01 +3.932498261e+01
3091 0 +1.104293905e-01 +3.931042939e+01 +3.931042939e+01
3113 0 +9.627769554e-02 +3.929627770e+01 +3.929627770e+01
3226 0 +8.607155901e-02 +3.928607156e+01 +3.928607156e+01
3325 0 +7.751870856e-02 +3.927751871e+01 +3.927751871e+01
3369 0 +6.959153074e-02 +3.926959153e+01 +3.926959153e+01
3683 0 +6.307086468e-02 +3.926307086e+01 +3.926307086e+01
3689 0 +5.562487077e-02 +3.925562487e+01 +3.925562487e+01
3719 0 +4.687364138e-02 +3.924687364e+01 +3.924687364e+01
3780 0 +4.334340011e-02 +3.924334340e+01 +3.924334340e+01
3840 0 +3.480955141e-02 +3.923480955e+01 +3.923480955e+01
3842 0 +3.022197283e-02 +3.923022197e+01 +3.923022197e+01
3956 0 +2.814659437e-02 +3.922814659e+01 +3.922814659e+01
4088 0 +2.457844556e-02 +3.922457845e+01 +3.922457845e+01
4557 0 +2.009406116e-02 +3.922009406e+01 +3.922009406e+01
4661 0 +1.877269610e-02 +3.921877270e+01 +3.921877270e+01
4664 0 +1.744175098e-02 +3.921744175e+01 +3.921744175e+01
5005 0 +1.556291929e-02 +3.921556292e+01 +3.921556292e+01
5813 0 +1.391449967e-02 +3.921391450e+01 +3.921391450e+01
5926 0 +1.253940796e-02 +3.921253941e+01 +3.921253941e+01
6121 0 +1.112958869e-02 +3.921112959e+01 +3.921112959e+01
6341 0 +9.803628009e-03 +3.920980363e+01 +3.920980363e+01
55800 0 +8.912463708e-03 +3.920891246e+01 +3.920891246e+01
100404 0 +8.754035582e-03 +3.920875404e+01 +3.920875404e+01
% f evaluations | g evaluations | best noise-free fitness - Fopt (-3.225000000000e+01) + sum g_i+ | measured fitness | best measured fitness or single-digit g-values | x1 | x2...
1 0 +1.162257420e+02 +8.397574203e+01 +8.397574203e+01
2 0 +4.160223443e+01 +9.352234431e+00 +9.352234431e+00
13 0 +2.347728668e+01 -8.772713322e+00 -8.772713322e+00
25 0 +2.168372881e+01 -1.056627119e+01 -1.056627119e+01
31 0 +1.993749352e+01 -1.231250648e+01 -1.231250648e+01
40 0 +1.703539931e+01 -1.521460069e+01 -1.521460069e+01
42 0 +1.232736192e+01 -1.992263808e+01 -1.992263808e+01
52 0 +8.793474302e+00 -2.345652570e+01 -2.345652570e+01
83 0 +7.123135984e+00 -2.512686402e+01 -2.512686402e+01
108 0 +6.865520917e+00 -2.538447908e+01 -2.538447908e+01
120 0 +3.938145819e+00 -2.831185418e+01 -2.831185418e+01
187 0 +3.195382595e+00 -2.905461740e+01 -2.905461740e+01
196 0 +2.714029525e+00 -2.953597048e+01 -2.953597048e+01
223 0 +2.093085107e+00 -3.015691489e+01 -3.015691489e+01
248 0 +1.778484199e+00 -3.047151580e+01 -3.047151580e+01
264 0 +1.443799898e+00 -3.080620010e+01 -3.080620010e+01
323 0 +1.291941352e+00 -3.095805865e+01 -3.095805865e+01
334 0 +1.250321028e+00 -3.099967897e+01 -3.099967897e+01
378 0 +1.045927376e+00 -3.120407262e+01 -3.120407262e+01
400 0 +9.739786928e-01 -3.127602131e+01 -3.127602131e+01
422 0 +8.213986546e-01 -3.142860135e+01 -3.142860135e+01
444 0 +7.937994188e-01 -3.145620058e+01 -3.145620058e+01
466 0 +7.059300038e-01 -3.154407000e+01 -3.154407000e+01
1383 0 +6.307498799e-01 -3.161925012e+01 -3.161925012e+01
1390 0 +5.027642592e-01 -3.174723574e+01 -3.174723574e+01
1439 0 +4.835933322e-01 -3.176640667e+01 -3.176640667e+01
1457 0 +4.248313099e-01 -3.182516869e+01 -3.182516869e+01
1470 0 +3.791602342e-01 -3.187083977e+01 -3.187083977e+01
1471 0 +3.392601312e-01 -3.191073987e+01 -3.191073987e+01
1526 0 +3.058459117e-01 -3.194415409e+01 -3.194415409e+01
1537 0 +2.518567295e-01 -3.199814327e+01 -3.199814327e+01
1548 0 +2.418802613e-01 -3.200811974e+01 -3.200811974e+01
1559 0 +2.172145788e-01 -3.203278542e+01 -3.203278542e+01
1592 0 +1.947333131e-01 -3.205526669e+01 -3.205526669e+01
1702 0 +1.753851741e-01 -3.207461483e+01 -3.207461483e+01
2902 0 +1.505867657e-01 -3.209941323e+01 -3.209941323e+01
2994 0 +1.399051926e-01 -3.211009481e+01 -3.211009481e+01
3027 0 +1.250417286e-01 -3.212495827e+01 -3.212495827e+01
3082 0 +9.831447713e-02 -3.215168552e+01 -3.215168552e+01
3115 0 +8.106336484e-02 -3.216893664e+01 -3.216893664e+01
3137 0 +7.936743915e-02 -3.217063256e+01 -3.217063256e+01
3181 0 +6.943774629e-02 -3.218056225e+01 -3.218056225e+01
3654 0 +6.046069345e-02 -3.218953931e+01 -3.218953931e+01
3698 0 +5.150432192e-02 -3.219849568e+01 -3.219849568e+01
3715 0 +4.970947621e-02 -3.220029052e+01 -3.220029052e+01
3801 0 +4.244900504e-02 -3.220755099e+01 -3.220755099e+01
3812 0 +3.909120501e-02 -3.221090879e+01 -3.221090879e+01
3911 0 +3.546599683e-02 -3.221453400e+01 -3.221453400e+01
3999 0 +3.065602353e-02 -3.221934398e+01 -3.221934398e+01
4043 0 +2.774751583e-02 -3.222225248e+01 -3.222225248e+01
4109 0 +2.509105762e-02 -3.222490894e+01 -3.222490894e+01
4989 0 +2.130321870e-02 -3.222869678e+01 -3.222869678e+01
5236 0 +1.954975144e-02 -3.223045025e+01 -3.223045025e+01
6073 0 +1.743219680e-02 -3.223256780e+01 -3.223256780e+01
6178 0 +1.510942911e-02 -3.223489057e+01 -3.223489057e+01
6473 0 +1.410387384e-02 -3.223589613e+01 -3.223589613e+01
8300 0 +1.234905633e-02 -3.223765094e+01 -3.223765094e+01
100008 0 +1.169016799e-02 -3.223830983e+01 -3.223830983e+01
% f evaluations | g evaluations | best noise-free fitness - Fopt (3.681200000000e+02) + sum g_i+ | measured fitness | best measured fitness or single-digit g-values | x1 | x2...
1 0 +1.434612973e+01 +3.824661297e+02 +3.824661297e+02
3 0 +1.316782235e+01 +3.812878224e+02 +3.812878224e+02
9 0 +9.538127195e+00 +3.776581272e+02 +3.776581272e+02
18 0 +8.593106964e+00 +3.767131070e+02 +3.767131070e+02
25 0 +7.482138307e+00 +3.756021383e+02 +3.756021383e+02
36 0 +6.127738617e+00 +3.742477386e+02 +3.742477386e+02
48 0 +5.119698918e+00 +3.732396989e+02 +3.732396989e+02
53 0 +4.619470096e+00 +3.727394701e+02 +3.727394701e+02
96 0 +3.787682556e+00 +3.719076826e+02 +3.719076826e+02
136 0 +2.911834304e+00 +3.710318343e+02 +3.710318343e+02
161 0 +2.100132442e+00 +3.702201324e+02 +3.702201324e+02
217 0 +1.620261058e+00 +3.697402611e+02 +3.697402611e+02
238 0 +1.568825158e+00 +3.696888252e+02 +3.696888252e+02
258 0 +1.176180327e+00 +3.692961803e+02 +3.692961803e+02
263 0 +1.067509200e+00 +3.691875092e+02 +3.691875092e+02
278 0 +7.792065117e-01 +3.688992065e+02 +3.688992065e+02
345 0 +7.037692553e-01 +3.688237693e+02 +3.688237693e+02
444 0 +6.297658117e-01 +3.687497658e+02 +3.687497658e+02
1322 0 +5.056732612e-01 +3.686256733e+02 +3.686256733e+02
1341 0 +5.010089429e-01 +3.686210089e+02 +3.686210089e+02
1379 0 +4.203089258e-01 +3.685403089e+02 +3.685403089e+02
1435 0 +3.659126537e-01 +3.684859127e+02 +3.684859127e+02
1460 0 +2.762140454e-01 +3.683962140e+02 +3.683962140e+02
1515 0 +2.444741667e-01 +3.683644742e+02 +3.683644742e+02
1548 0 +2.187843736e-01 +3.683387844e+02 +3.683387844e+02
1647 0 +1.973618176e-01 +3.683173618e+02 +3.683173618e+02
2453 0 +1.657954191e-01 +3.682857954e+02 +3.682857954e+02
2514 0 +1.554350708e-01 +3.682754351e+02 +3.682754351e+02
2552 0 +1.253098689e-01 +3.682453099e+02 +3.682453099e+02
2576 0 +9.565259151e-02 +3.682156526e+02 +3.682156526e+02
2696 0 +7.426818571e-02 +3.681942682e+02 +3.681942682e+02
2707 0 +6.887468546e-02 +3.681888747e+02 +3.681888747e+02
2762 0 +6.102571479e-02 +3.681810257e+02 +3.681810257e+02
2861 0 +5.520497240e-02 +3.681752050e+02 +3.681752050e+02
4384 0 +4.703633718e-02 +3.681670363e+02 +3.681670363e+02
4428 0 +4.304223627e-02 +3.681630422e+02 +3.681630422e+02
4549 0 +3.975970235e-02 +3.681597597e+02 +3.681597597e+02
5323 0 +2.670741800e-02 +3.681467074e+02 +3.681467074e+02
5367 0 +2.506293629e-02 +3.681450629e+02 +3.681450629e+02
8003 0 +2.205889024e-02 +3.681420589e+02 +3.681420589e+02
8544 0 +1.994354233e-02 +3.681399435e+02 +3.681399435e+02
100000 0 +1.838114601e-02 +3.681383811e+02 +3.681383811e+02
% f evaluations | g evaluations | best noise-free fitness - Fopt (4.739000000000e+01) + sum g_i+ | measured fitness | best measured fitness or single-digit g-values | x1 | x2...
1 0 +1.068140261e+01 +5.807140261e+01 +5.807140261e+01
2 0 +1.017310552e+01 +5.756310552e+01 +5.756310552e+01
4 0 +8.060007881e+00 +5.545000788e+01 +5.545000788e+01
11 0 +7.187845399e+00 +5.457784540e+01 +5.457784540e+01
14 0 +6.685904781e+00 +5.407590478e+01 +5.407590478e+01
20 0 +5.425793720e+00 +5.281579372e+01 +5.281579372e+01
79 0 +4.485898121e+00 +5.187589812e+01 +5.187589812e+01
101 0 +4.148293601e+00 +5.153829360e+01 +5.153829360e+01
108 0 +2.327811853e+00 +4.971781185e+01 +4.971781185e+01
181 0 +1.991892516e+00 +4.938189252e+01 +4.938189252e+01
213 0 +1.474336677e+00 +4.886433668e+01 +4.886433668e+01
252 0 +1.380336574e+00 +4.877033657e+01 +4.877033657e+01
282 0 +1.011647042e+00 +4.840164704e+01 +4.840164704e+01
291 0 +7.201224163e-01 +4.811012242e+01 +4.811012242e+01
411 0 +7.044277630e-01 +4.809442776e+01 +4.809442776e+01
422 0 +6.152784564e-01 +4.800527846e+01 +4.800527846e+01
477 0 +5.148361648e-01 +4.790483616e+01 +4.790483616e+01
510 0 +4.840592773e-01 +4.787405928e+01 +4.787405928e+01
565 0 +4.448595406e-01 +4.783485954e+01 +4.783485954e+01
1797 0 +3.315329638e-01 +4.772153296e+01 +4.772153296e+01
2033 0 +3.137157544e-01 +4.770371575e+01 +4.770371575e+01
2066 0 +2.632080606e-01 +4.765320806e+01 +4.765320806e+01
2099 0 +2.504045640e-01 +4.764040456e+01 +4.764040456e+01
2840 0 +1.595965241e-01 +4.754959652e+01 +4.754959652e+01
2871 0 +1.518096524e-01 +4.754180965e+01 +4.754180965e+01
2907 0 +1.408420613e-01 +4.753084206e+01 +4.753084206e+01
2946 0 +1.179487892e-01 +4.750794879e+01 +4.750794879e+01
2953 0 +1.107526072e-01 +4.750075261e+01 +4.750075261e+01
2956 0 +9.103347502e-02 +4.748103348e+01 +4.748103348e+01
2970 0 +7.965933797e-02 +4.746965934e+01 +4.746965934e+01
3171 0 +7.904898936e-02 +4.746904899e+01 +4.746904899e+01
3237 0 +7.059836564e-02 +4.746059837e+01 +4.746059837e+01
3259 0 +6.244662378e-02 +4.745244662e+01 +4.745244662e+01
3281 0 +5.456946814e-02 +4.744456947e+01 +4.744456947e+01
3922 0 +4.679764084e-02 +4.743679764e+01 +4.743679764e+01
3974 0 +2.941987869e-02 +4.741941988e+01 +4.741941988e+01
4074 0 +2.047131079e-02 +4.741047131e+01 +4.741047131e+01
4126 0 +1.985866916e-02 +4.740985867e+01 +4.740985867e+01
4134 0 +1.489565754e-02 +4.740489566e+01 +4.740489566e+01
4210 0 +1.334452897e-02 +4.740334453e+01 +4.740334453e+01
4232 0 +1.217065379e-02 +4.740217065e+01 +4.740217065e+01
4243 0 +1.117285867e-02 +4.740117286e+01 +4.740117286e+01
4353 0 +9.927931528e-03 +4.739992793e+01 +4.739992793e+01
5291 0 +8.770461699e-03 +4.739877046e+01 +4.739877046e+01
5304 0 +6.184753574e-03 +4.739618475e+01 +4.739618475e+01
5447 0 +5.132790272e-03 +4.739513279e+01 +4.739513279e+01
5491 0 +4.954866176e-03 +4.739495487e+01 +4.739495487e+01
5535 0 +4.292974190e-03 +4.739429297e+01 +4.739429297e+01
6992 0 +3.779843401e-03 +4.739377984e+01 +4.739377984e+01
7856 0 +3.234505223e-03 +4.739323451e+01 +4.739323451e+01
7970 0 +2.908963147e-03 +4.739290896e+01 +4.739290896e+01
8000 0 +2.745146808e-03 +4.739274515e+01 +4.739274515e+01
8328 0 +2.501721420e-03 +4.739250172e+01 +4.739250172e+01
9543 0 +2.209334874e-03 +4.739220933e+01 +4.739220933e+01
44795 0 +1.995048443e-03 +4.739199505e+01 +4.739199505e+01
100008 0 +1.977385027e-03 +4.739197739e+01 +4.739197739e+01
% f evaluations | g evaluations | best noise-free fitness - Fopt (-3.428900000000e+02) + sum g_i+ | measured fitness | best measured fitness or single-digit g-values | x1 | x2...
1 0 +2.175484508e+01 -3.211351549e+02 -3.211351549e+02
2 0 +1.386620802e+01 -3.290237920e+02 -3.290237920e+02
7 0 +1.052922784e+01 -3.323607722e+02 -3.323607722e+02
13 0 +6.673235964e+00 -3.362167640e+02 -3.362167640e+02
79 0 +4.979677143e+00 -3.379103229e+02 -3.379103229e+02
98 0 +4.034991825e+00 -3.388550082e+02 -3.388550082e+02
106 0 +3.970186253e+00 -3.389198137e+02 -3.389198137e+02
126 0 +3.323706182e+00 -3.395662938e+02 -3.395662938e+02
130 0 +2.948572986e+00 -3.399414270e+02 -3.399414270e+02
163 0 +1.582472242e+00 -3.413075278e+02 -3.413075278e+02
267 0 +1.400838614e+00 -3.414891614e+02 -3.414891614e+02
301 0 +1.085026797e+00 -3.418049732e+02 -3.418049732e+02
356 0 +9.091398062e-01 -3.419808602e+02 -3.419808602e+02
367 0 +8.832444231e-01 -3.420067556e+02 -3.420067556e+02
389 0 +6.805936988e-01 -3.422094063e+02 -3.422094063e+02
455 0 +6.249647497e-01 -3.422650353e+02 -3.422650353e+02
488 0 +5.341039844e-01 -3.423558960e+02 -3.423558960e+02
565 0 +4.962160227e-01 -3.423937840e+02 -3.423937840e+02
620 0 +4.386622688e-01 -3.424513377e+02 -3.424513377e+02
675 0 +3.953888673e-01 -3.424946111e+02 -3.424946111e+02
1210 0 +3.421746161e-01 -3.425478254e+02 -3.425478254e+02
1252 0 +2.674204728e-01 -3.426225795e+02 -3.426225795e+02
1317 0 +2.178196901e-01 -3.426721803e+02 -3.426721803e+02
1372 0 +1.972964451e-01 -3.426927036e+02 -3.426927036e+02
1394 0 +1.592201733e-01 -3.427307798e+02 -3.427307798e+02
1416 0 +1.561855985e-01 -3.427338144e+02 -3.427338144e+02
1504 0 +1.369657691e-01 -3.427530342e+02 -3.427530342e+02
1997 0 +1.239135834e-01 -3.427660864e+02 -3.427660864e+02
2031 0 +1.093610359e-01 -3.427806390e+02 -3.427806390e+02
2080 0 +8.048817101e-02 -3.428095118e+02 -3.428095118e+02
2091 0 +7.733192904e-02 -3.428126681e+02 -3.428126681e+02
2157 0 +7.030399732e-02 -3.428196960e+02 -3.428196960e+02
2190 0 +6.072434358e-02 -3.428292757e+02 -3.428292757e+02
2234 0 +5.337659687e-02 -3.428366234e+02 -3.428366234e+02
3055 0 +4.961644242e-02 -3.428403836e+02 -3.428403836e+02
3125 0 +3.869496476e-02 -3.428513050e+02 -3.428513050e+02
3148 0 +3.514214304e-02 -3.428548579e+02 -3.428548579e+02
3158 0 +2.778202486e-02 -3.428622180e+02 -3.428622180e+02
3261 0 +2.330939249e-02 -3.428666906e+02 -3.428666906e+02
3283 0 +2.230398727e-02 -3.428676960e+02 -3.428676960e+02
3437 0 +1.993687595e-02 -3.428700631e+02 -3.428700631e+02
3840 0 +1.732456150e-02 -3.428726754e+02 -3.428726754e+02
3855 0 +1.311952358e-02 -3.428768805e+02 -3.428768805e+02
4957 0 +1.071986894e-02 -3.428792801e+02 -3.428792801e+02
5108 0 +8.542299193e-03 -3.428814577e+02 -3.428814577e+02
5217 0 +7.554947828e-03 -3.428824451e+02 -3.428824451e+02
5283 0 +6.742378724e-03 -3.428832576e+02 -3.428832576e+02
5459 0 +6.145199804e-03 -3.428838548e+02 -3.428838548e+02
6095 0 +5.597190766e-03 -3.428844028e+02 -3.428844028e+02
7965 0 +4.992286563e-03 -3.428850077e+02 -3.428850077e+02
100174 0 +4.855195345e-03 -3.428851448e+02 -3.428851448e+02
% f evaluations | g evaluations | best noise-free fitness - Fopt (9.102000000000e+01) + sum g_i+ | measured fitness | best measured fitness or single-digit g-values | x1 | x2...
1 0 +1.522126509e+01 +1.062412651e+02 +1.062412651e+02
3 0 +7.564922576e+00 +9.858492258e+01 +9.858492258e+01
6 0 +6.989185383e+00 +9.800918538e+01 +9.800918538e+01
11 0 +5.616487269e+00 +9.663648727e+01 +9.663648727e+01
12 0 +4.915397235e+00 +9.593539723e+01 +9.593539723e+01
43 0 +4.385056064e+00 +9.540505606e+01 +9.540505606e+01
78 0 +3.478337665e+00 +9.449833766e+01 +9.449833766e+01
124 0 +2.178388916e+00 +9.319838892e+01 +9.319838892e+01
174 0 +1.778023110e+00 +9.279802311e+01 +9.279802311e+01
220 0 +1.505332990e+00 +9.252533299e+01 +9.252533299e+01
243 0 +1.147990721e+00 +9.216799072e+01 +9.216799072e+01
276 0 +9.642500925e-01 +9.198425009e+01 +9.198425009e+01
378 0 +8.805183776e-01 +9.190051838e+01 +9.190051838e+01
444 0 +7.917990112e-01 +9.181179901e+01 +9.181179901e+01
466 0 +6.995586560e-01 +9.171955866e+01 +9.171955866e+01
521 0 +6.249481720e-01 +9.164494817e+01 +9.164494817e+01
598 0 +5.613546492e-01 +9.158135465e+01 +9.158135465e+01
1268 0 +3.969023766e-01 +9.141690238e+01 +9.141690238e+01
1293 0 +3.133005549e-01 +9.133330055e+01 +9.133330055e+01
1365 0 +2.769069796e-01 +9.129690698e+01 +9.129690698e+01
1450 0 +2.378170017e-01 +9.125781700e+01 +9.125781700e+01
1516 0 +2.215192932e-01 +9.124151929e+01 +9.124151929e+01
1593 0 +1.928196365e-01 +9.121281964e+01 +9.121281964e+01
1659 0 +1.770044500e-01 +9.119700445e+01 +9.119700445e+01
1824 0 +1.575769588e-01 +9.117757696e+01 +9.117757696e+01
2643 0 +1.347287254e-01 +9.115472873e+01 +9.115472873e+01
2695 0 +1.115628221e-01 +9.113156282e+01 +9.113156282e+01
2717 0 +8.422594787e-02 +9.110422595e+01 +9.110422595e+01
2746 0 +6.523514478e-02 +9.108523514e+01 +9.108523514e+01
2757 0 +5.784172581e-02 +9.107784173e+01 +9.107784173e+01
2854 0 +5.053129392e-02 +9.107053129e+01 +9.107053129e+01
2863 0 +4.926070335e-02 +9.106926070e+01 +9.106926070e+01
2918 0 +3.489597307e-02 +9.105489597e+01 +9.105489597e+01
2940 0 +2.975455158e-02 +9.104975455e+01 +9.104975455e+01
2984 0 +2.813232318e-02 +9.104813232e+01 +9.104813232e+01
3138 0 +2.499202502e-02 +9.104499203e+01 +9.104499203e+01
3193 0 +2.219238875e-02 +9.104219239e+01 +9.104219239e+01
4239 0 +1.789393084e-02 +9.103789393e+01 +9.103789393e+01
4242 0 +1.547681121e-02 +9.103547681e+01 +9.103547681e+01
4280 0 +1.352964038e-02 +9.103352964e+01 +9.103352964e+01
4303 0 +1.150539135e-02 +9.103150539e+01 +9.103150539e+01
4325 0 +1.011738068e-02 +9.103011738e+01 +9.103011738e+01
4328 0 +8.154868726e-03 +9.102815487e+01 +9.102815487e+01
4397 0 +5.945188496e-03 +9.102594519e+01 +9.102594519e+01
4419 0 +5.395029155e-03 +9.102539503e+01 +9.102539503e+01
4430 0 +4.780976621e-03 +9.102478098e+01 +9.102478098e+01
4452 0 +4.095947485e-03 +9.102409595e+01 +9.102409595e+01
4474 0 +3.683631686e-03 +9.102368363e+01 +9.102368363e+01
4595 0 +3.508477530e-03 +9.102350848e+01 +9.102350848e+01
4650 0 +3.082786600e-03 +9.102308279e+01 +9.102308279e+01
6831 0 +2.588573390e-03 +9.102258857e+01 +9.102258857e+01
6852 0 +2.261743296e-03 +9.102226174e+01 +9.102226174e+01
6880 0 +2.220416023e-03 +9.102222042e+01 +9.102222042e+01
7014 0 +1.869480748e-03 +9.102186948e+01 +9.102186948e+01
7045 0 +1.593262844e-03 +9.102159326e+01 +9.102159326e+01
7168 0 +1.473851991e-03 +9.102147385e+01 +9.102147385e+01
7179 0 +1.376718598e-03 +9.102137672e+01 +9.102137672e+01
7278 0 +1.254811304e-03 +9.102125481e+01 +9.102125481e+01
7399 0 +1.046887224e-03 +9.102104689e+01 +9.102104689e+01
8548 0 +9.671908518e-04 +9.102096719e+01 +9.102096719e+01
8713 0 +8.878728991e-04 +9.102088787e+01 +9.102088787e+01
100575 0 +8.054376121e-04 +9.102080544e+01 +9.102080544e+01
% f evaluations | g evaluations | best noise-free fitness - Fopt (7.324200000000e+02) + sum g_i+ | measured fitness | best measured fitness or single-digit g-values | x1 | x2...
1 0 +1.239160366e+01 +7.448116037e+02 +7.448116037e+02
3 0 +7.710073000e+00 +7.401300730e+02 +7.401300730e+02
82 0 +6.555049997e+00 +7.389750500e+02 +7.389750500e+02
85 0 +6.103338470e+00 +7.385233385e+02 +7.385233385e+02
96 0 +5.521458087e+00 +7.379414581e+02 +7.379414581e+02
108 0 +4.360009789e+00 +7.367800098e+02 +7.367800098e+02
181 0 +3.955005945e+00 +7.363750059e+02 +7.363750059e+02
198 0 +3.318965869e+00 +7.357389659e+02 +7.357389659e+02
215 0 +3.075855352e+00 +7.354958554e+02 +7.354958554e+02
216 0 +2.755628662e+00 +7.351756287e+02 +7.351756287e+02
223 0 +2.351342032e+00 +7.347713420e+02 +7.347713420e+02
323 0 +2.133890823e+00 +7.345538908e+02 +7.345538908e+02
334 0 +1.977426319e+00 +7.343974263e+02 +7.343974263e+02
378 0 +1.763395265e+00 +7.341833953e+02 +7.341833953e+02
466 0 +1.537159901e+00 +7.339571599e+02 +7.339571599e+02
521 0 +1.402092654e+00 +7.338220927e+02 +7.338220927e+02
2014 0 +1.153644501e+00 +7.335736445e+02 +7.335736445e+02
2041 0 +7.377604737e-01 +7.331577605e+02 +7.331577605e+02
2147 0 +6.955940543e-01 +7.331155941e+02 +7.331155941e+02
2160 0 +5.311373130e-01 +7.329511373e+02 +7.329511373e+02
2308 0 +4.975607812e-01 +7.329175608e+02 +7.329175608e+02
2352 0 +4.278962086e-01 +7.328478962e+02 +7.328478962e+02
2440 0 +3.977692781e-01 +7.328177693e+02 +7.328177693e+02
3102 0 +2.978284044e-01 +7.327178284e+02 +7.327178284e+02
3114 0 +2.702751225e-01 +7.326902751e+02 +7.326902751e+02
3183 0 +2.307192136e-01 +7.326507192e+02 +7.326507192e+02
3206 0 +2.130369028e-01 +7.326330369e+02 +7.326330369e+02
3210 0 +1.891021330e-01 +7.326091021e+02 +7.326091021e+02
3986 0 +1.327270179e-01 +7.325527270e+02 +7.325527270e+02
4000 0 +1.210881626e-01 +7.325410882e+02 +7.325410882e+02
4050 0 +1.069778023e-01 +7.325269778e+02 +7.325269778e+02
4073 0 +9.801910752e-02 +7.325180191e+02 +7.325180191e+02
4118 0 +8.127727966e-02 +7.325012773e+02 +7.325012773e+02
4155 0 +7.363916993e-02 +7.324936392e+02 +7.324936392e+02
4226 0 +5.122408264e-02 +7.324712241e+02 +7.324712241e+02
4384 0 +4.991178104e-02 +7.324699118e+02 +7.324699118e+02
5397 0 +4.011650102e-02 +7.324601165e+02 +7.324601165e+02
5455 0 +3.916212062e-02 +7.324591621e+02 +7.324591621e+02
5632 0 +3.535169297e-02 +7.324553517e+02 +7.324553517e+02
5775 0 +3.135888998e-02 +7.324513589e+02 +7.324513589e+02
7418 0 +2.811915587e-02 +7.324481192e+02 +7.324481192e+02
8831 0 +2.508315599e-02 +7.324450832e+02 +7.324450832e+02
100098 0 +2.288445430e-02 +7.324428845e+02 +7.324428845e+02
% f evaluations | g evaluations | best noise-free fitness - Fopt (3.542000000000e+01) + sum g_i+ | measured fitness | best measured fitness or single-digit g-values | x1 | x2...
1 0 +3.365626820e+01 +6.907626820e+01 +6.907626820e+01
6 0 +2.334214607e+01 +5.876214607e+01 +5.876214607e+01
14 0 +1.868410982e+01 +5.410410982e+01 +5.410410982e+01
18 0 +1.598369248e+01 +5.140369248e+01 +5.140369248e+01
19 0 +1.494200695e+01 +5.036200695e+01 +5.036200695e+01
22 0 +7.682595790e+00 +4.310259579e+01 +4.310259579e+01
91 0 +6.584584138e+00 +4.200458414e+01 +4.200458414e+01
95 0 +5.904916702e+00 +4.132491670e+01 +4.132491670e+01
120 0 +5.481891296e+00 +4.090189130e+01 +4.090189130e+01
150 0 +3.584480701e+00 +3.900448070e+01 +3.900448070e+01
158 0 +3.512318590e+00 +3.893231859e+01 +3.893231859e+01
184 0 +3.123307410e+00 +3.854330741e+01 +3.854330741e+01
239 0 +2.779489010e+00 +3.819948901e+01 +3.819948901e+01
267 0 +1.783015354e+00 +3.720301535e+01 +3.720301535e+01
292 0 +1.733101380e+00 +3.715310138e+01 +3.715310138e+01
345 0 +1.383237541e+00 +3.680323754e+01 +3.680323754e+01
367 0 +1.246322506e+00 +3.666632251e+01 +3.666632251e+01
422 0 +1.096912494e+00 +3.651691249e+01 +3.651691249e+01
521 0 +9.849712208e-01 +3.640497122e+01 +3.640497122e+01
774 0 +8.393242968e-01 +3.625932430e+01 +3.625932430e+01
802 0 +6.766297672e-01 +3.609662977e+01 +3.609662977e+01
817 0 +5.521407849e-01 +3.597214078e+01 +3.597214078e+01
905 0 +4.669078063e-01 +3.588690781e+01 +3.588690781e+01
913 0 +4.370051858e-01 +3.585700519e+01 +3.585700519e+01
948 0 +3.967516922e-01 +3.581675169e+01 +3.581675169e+01
998 0 +3.337377452e-01 +3.575373775e+01 +3.575373775e+01
1009 0 +2.969274935e-01 +3.571692749e+01 +3.571692749e+01
1031 0 +2.810730280e-01 +3.570107303e+01 +3.570107303e+01
1064 0 +2.496082748e-01 +3.566960827e+01 +3.566960827e+01
1886 0 +2.070792368e-01 +3.562707924e+01 +3.562707924e+01
1894 0 +1.761356498e-01 +3.559613565e+01 +3.559613565e+01
1959 0 +1.161263671e-01 +3.553612637e+01 +3.553612637e+01
1975 0 +1.115938942e-01 +3.553159389e+01 +3.553159389e+01
2010 0 +9.149960308e-02 +3.551149960e+01 +3.551149960e+01
2268 0 +8.725683172e-02 +3.550725683e+01 +3.550725683e+01
2345 0 +7.911557079e-02 +3.549911557e+01 +3.549911557e+01
3213 0 +7.010638147e-02 +3.549010638e+01 +3.549010638e+01
3230 0 +6.167668721e-02 +3.548167669e+01 +3.548167669e+01
3593 0 +5.529795390e-02 +3.547529795e+01 +3.547529795e+01
4468 0 +4.853177105e-02 +3.546853177e+01 +3.546853177e+01
4753 0 +4.464915215e-02 +3.546464915e+01 +3.546464915e+01
5588 0 +3.976110018e-02 +3.545976110e+01 +3.545976110e+01
100443 0 +3.698040056e-02 +3.545698040e+01 +3.545698040e+01
