% f evaluations | g evaluations | best noise-free fitness - Fopt (7.948000000000e+01) + sum g_i+ | measured fitness | best measured fitness or single-digit g-values | x1 | x2...
1 0 +1.346983661e+02 +2.141783661e+02 +2.141783661e+02
2 0 +1.147584453e+02 +1.942384453e+02 +1.942384453e+02
5 0 +1.033309631e+02 +1.828109631e+02 +1.828109631e+02
6 0 +8.055737830e+01 +1.600373783e+02 +1.600373783e+02
18 0 +7.423384766e+01 +1.537138477e+02 +1.537138477e+02
23 0 +6.139617306e+01 +1.408761731e+02 +1.408761731e+02
27 0 +4.445151083e+01 +1.239315108e+02 +1.239315108e+02
39 0 +2.662712371e+01 +1.061071237e+02 +1.061071237e+02
49 0 +2.087675787e+01 +1.003567579e+02 +1.003567579e+02
52 0 +1.942044544e+01 +9.890044544e+01 +9.890044544e+01
75 0 +1.644176357e+01 +9.592176357e+01 +9.592176357e+01
108 0 +1.495243715e+01 +9.443243715e+01 +9.443243715e+01
121 0 +8.342835384e+00 +8.782283538e+01 +8.782283538e+01
142 0 +3.571229414e+00 +8.305122941e+01 +8.305122941e+01
163 0 +5.331889052e-02 +7.953331889e+01 +7.953331889e+01
184 0 +1.424634887e-02 +7.949424635e+01 +7.949424635e+01
205 0 +1.181038758e-03 +7.948118104e+01 +7.948118104e+01
226 0 +1.856995227e-04 +7.948018570e+01 +7.948018570e+01
247 0 +9.062684683e-06 +7.948000906e+01 +7.948000906e+01
268 0 +2.665324160e-06 +7.948000267e+01 +7.948000267e+01
289 0 +1.616536309e-07 +7.948000016e+01 +7.948000016e+01
310 0 +1.430436214e-08 +7.948000001e+01 +7.948000001e+01
331 0 +1.986421694e-09 +7.948000000e+01 +7.948000000e+01
478 0 +6.963318810e-13 +7.948000000e+01 +7.948000000e+01
200357 0 +1.421085472e-14 +7.948000000e+01 +7.948000000e+01
% f evaluations | g evaluations | best noise-free fitness - Fopt (3.944800000000e+02) + sum g_i+ | measured fitness | best measured fitness or single-digit g-values | x1 | x2...
1 0 +1.839654383e+02 +5.784454383e+02 +5.784454383e+02
3 0 +1.763012458e+02 +5.707812458e+02 +5.707812458e+02
8 0 +1.132164553e+02 +5.076964553e+02 +5.076964553e+02
15 0 +1.040720451e+02 +4.985520451e+02 +4.985520451e+02
23 0 +9.958347962e+01 +4.940634796e+02 +4.940634796e+02
33 0 +7.709062074e+01 +4.715706207e+02 +4.715706207e+02
38 0 +6.984311126e+01 +4.643231113e+02 +4.643231113e+02
44 0 +6.072847255e+01 +4.552084725e+02 +4.552084725e+02
51 0 +5.455514198e+01 +4.490351420e+02 +4.490351420e+02
62 0 +4.264268588e+01 +4.371226859e+02 +4.371226859e+02
76 0 +3.821808300e+01 +4.326980830e+02 +4.326980830e+02
108 0 +3.122683323e+01 +4.257068332e+02 +4.257068332e+02
109 0 +2.175725089e+01 +4.162372509e+02 +4.162372509e+02
121 0 +1.341127531e+01 +4.078912753e+02 +4.078912753e+02
142 0 +7.044862268e+00 +4.015248623e+02 +4.015248623e+02
163 0 +8.696369258e-02 +3.945669637e+02 +3.945669637e+02
184 0 +1.334862331e-02 +3.944933486e+02 +3.944933486e+02
205 0 +3.082794715e-03 +3.944830828e+02 +3.944830828e+02
226 0 +6.651378607e-05 +3.944800665e+02 +3.944800665e+02
247 0 +7.810739703e-06 +3.944800078e+02 +3.944800078e+02
268 0 +1.709116134e-06 +3.944800017e+02 +3.944800017e+02
289 0 +1.868145887e-07 +3.944800002e+02 +3.944800002e+02
310 0 +1.610089839e-08 +3.944800000e+02 +3.944800000e+02
331 0 +3.144691618e-09 +3.944800000e+02 +3.944800000e+02
14250 0 +8.526512829e-13 +3.944800000e+02 +3.944800000e+02
200002 0 +5.684341886e-14 +3.944800000e+02 +3.944800000e+02
% f evaluations | g evaluations | best noise-free fitness - Fopt (-2.471100000000e+02) + sum g_i+ | measured fitness | best measured fitness or single-digit g-values | x1 | x2...
1 0 +1.516832335e+02 -9.542676648e+01 -9.542676648e+01
2 0 +1.173564037e+02 -1.297535963e+02 -1.297535963e+02
4 0 +1.028820987e+02 -1.442279013e+02 -1.442279013e+02
5 0 +9.706851481e+01 -1.500414852e+02 -1.500414852e+02
13 0 +6.604722549e+01 -1.810627745e+02 -1.810627745e+02
29 0 +6.294523497e+01 -1.841647650e+02 -1.841647650e+02
43 0 +5.527254503e+01 -1.918374550e+02 -1.918374550e+02
57 0 +3.742208022e+01 -2.096879198e+02 -2.096879198e+02
67 0 +3.449515754e+01 -2.126148425e+02 -2.126148425e+02
79 0 +2.115531736e+01 -2.259546826e+02 -2.259546826e+02
108 0 +1.809010657e+01 -2.290198934e+02 -2.290198934e+02
121 0 +1.077103666e+01 -2.363389633e+02 -2.363389633e+02
142 0 +5.172911487e+00 -2.419370885e+02 -2.419370885e+02
163 0 +3.552348971e-02 -2.470744765e+02 -2.470744765e+02
184 0 +1.162976901e-02 -2.470983702e+02 -2.470983702e+02
205 0 +1.049205408e-04 -2.471098951e+02 -2.471098951e+02
226 0 +2.748334461e-05 -2.471099725e+02 -2.471099725e+02
247 0 +1.213629815e-06 -2.471099988e+02 -2.471099988e+02
268 0 +1.514050041e-07 -2.471099998e+02 -2.471099998e+02
289 0 +8.821814390e-09 -2.471100000e+02 -2.471100000e+02
851 0 +7.389644452e-13 -2.471100000e+02 -2.471100000e+02
15174 0 +0.000000000e+00 -2.471100000e+02 -2.471100000e+02
200000 0 +0.000000000e+00 -2.471100000e+02 -2.471100000e+02
% f evaluations | g evaluations | best noise-free fitness - Fopt (-1.520400000000e+02) + sum g_i+ | measured fitness | best measured fitness or single-digit g-values | x1 | x2...
1 0 +1.317372188e+02 -2.030278119e+01 -2.030278119e+01
6 0 +1.043776168e+02 -4.766238316e+01 -4.766238316e+01
8 0 +9.076943563e+01 -6.127056437e+01 -6.127056437e+01
28 0 +8.686651161e+01 -6.517348839e+01 -6.517348839e+01
40 0 +6.372891132e+01 -8.831108868e+01 -8.831108868e+01
42 0 +5.839889578e+01 -9.364110422e+01 -9.364110422e+01
61 0 +4.726852700e+01 -1.047714730e+02 -1.047714730e+02
74 0 +3.721076407e+01 -1.148292359e+02 -1.148292359e+02
93 0 +3.444076927e+01 -1.175992307e+02 -1.175992307e+02
95 0 +2.708648162e+01 -1.249535184e+02 -1.249535184e+02
121 0 +1.854664005e+01 -1.334933600e+02 -1.334933600e+02
142 0 +1.089551116e+01 -1.411444888e+02 -1.411444888e+02
163 0 +9.643429700e-01 -1.510756570e+02 -1.510756570e+02
184 0 +2.216745929e-02 -1.520178325e+02 -1.520178325e+02
205 0 +6.693720608e-03 -1.520333063e+02 -1.520333063e+02
226 0 +1.833749636e-04 -1.520398166e+02 -1.520398166e+02
247 0 +3.725739515e-05 -1.520399627e+02 -1.520399627e+02
268 0 +3.178721386e-06 -1.520399968e+02 -1.520399968e+02
289 0 +7.491552481e-07 -1.520399993e+02 -1.520399993e+02
310 0 +2.238246566e-08 -1.520400000e+02 -1.520400000e+02
331 0 +5.456115559e-09 -1.520400000e+02 -1.520400000e+02
947 0 +9.947598301e-13 -1.520400000e+02 -1.520400000e+02
200007 0 +2.842170943e-14 -1.520400000e+02 -1.520400000e+02
% f evaluations | g evaluations | best noise-free fitness - Fopt (-2.525000000000e+01) + sum g_i+ | measured fitness | best measured fitness or single-digit g-values | x1 | x2...
1 0 +7.036549252e+01 +4.511549252e+01 +4.511549252e+01
6 0 +6.892727156e+01 +4.367727156e+01 +4.367727156e+01
12 0 +6.275737569e+01 +3.750737569e+01 +3.750737569e+01
25 0 +5.275853380e+01 +2.750853380e+01 +2.750853380e+01
26 0 +4.286481872e+01 +1.761481872e+01 +1.761481872e+01
30 0 +3.392229792e+01 +8.672297917e+00 +8.672297917e+00
82 0 +2.969125872e+01 +4.441258719e+00 +4.441258719e+00
92 0 +2.796642367e+01 +2.716423669e+00 +2.716423669e+00
108 0 +2.178325972e+01 -3.466740280e+00 -3.466740280e+00
121 0 +1.587774231e+01 -9.372257695e+00 -9.372257695e+00
142 0 +8.870589030e+00 -1.637941097e+01 -1.637941097e+01
163 0 +4.063917360e-01 -2.484360826e+01 -2.484360826e+01
184 0 +1.825471715e-02 -2.523174528e+01 -2.523174528e+01
205 0 +5.053907167e-03 -2.524494609e+01 -2.524494609e+01
226 0 +1.467484683e-04 -2.524985325e+01 -2.524985325e+01
247 0 +2.921976057e-05 -2.524997078e+01 -2.524997078e+01
268 0 +1.867335783e-06 -2.524999813e+01 -2.524999813e+01
289 0 +4.039057337e-07 -2.524999960e+01 -2.524999960e+01
310 0 +1.330714028e-08 -2.524999999e+01 -2.524999999e+01
331 0 +2.991228598e-09 -2.525000000e+01 -2.525000000e+01
415 0 +7.140954494e-13 -2.525000000e+01 -2.525000000e+01
18120 0 +0.000000000e+00 -2.525000000e+01 -2.525000000e+01
200028 0 +0.000000000e+00 -2.525000000e+01 -2.525000000e+01
% f evaluations | g evaluations | best noise-free fitness - Fopt (1.830100000000e+02) + sum g_i+ | measured fitness | best measured fitness or single-digit g-values | x1 | x2...
1 0 +1.740229571e+02 +3.570329571e+02 +3.570329571e+02
2 0 +1.145013068e+02 +2.975113068e+02 +2.975113068e+02
16 0 +1.116111011e+02 +2.946211011e+02 +2.946211011e+02
29 0 +9.165032266e+01 +2.746603227e+02 +2.746603227e+02
42 0 +8.750424822e+01 +2.705142482e+02 +2.705142482e+02
49 0 +6.910261582e+01 +2.521126158e+02 +2.521126158e+02
78 0 +6.297064140e+01 +2.459806414e+02 +2.459806414e+02
80 0 +5.615771576e+01 +2.391677158e+02 +2.391677158e+02
89 0 +4.929799524e+01 +2.323079952e+02 +2.323079952e+02
100 0 +3.923431879e+01 +2.222443188e+02 +2.222443188e+02
113 0 +3.120833970e+01 +2.142183397e+02 +2.142183397e+02
121 0 +2.311451873e+01 +2.061245187e+02 +2.061245187e+02
142 0 +1.450968816e+01 +1.975196882e+02 +1.975196882e+02
163 0 +2.418527922e+00 +1.854285279e+02 +1.854285279e+02
184 0 +4.995532222e-02 +1.830599553e+02 +1.830599553e+02
205 0 +1.423064637e-02 +1.830242306e+02 +1.830242306e+02
226 0 +5.865970208e-04 +1.830105866e+02 +1.830105866e+02
247 0 +9.840392420e-05 +1.830100984e+02 +1.830100984e+02
268 0 +7.823917286e-06 +1.830100078e+02 +1.830100078e+02
289 0 +2.066614030e-06 +1.830100021e+02 +1.830100021e+02
310 0 +5.059371233e-08 +1.830100001e+02 +1.830100001e+02
331 0 +9.967891401e-09 +1.830100000e+02 +1.830100000e+02
478 0 +7.673861546e-13 +1.830100000e+02 +1.830100000e+02
14891 0 +0.000000000e+00 +1.830100000e+02 +1.830100000e+02
200003 0 +0.000000000e+00 +1.830100000e+02 +1.830100000e+02
% f evaluations | g evaluations | best noise-free fitness - Fopt (1.835200000000e+02) + sum g_i+ | measured fitness | best measured fitness or single-digit g-values | x1 | x2...
1 0 +1.342399857e+02 +3.177599857e+02 +3.177599857e+02
7 0 +1.250332418e+02 +3.085532418e+02 +3.085532418e+02
13 0 +8.913680814e+01 +2.726568081e+02 +2.726568081e+02
34 0 +8.452269135e+01 +2.680426914e+02 +2.680426914e+02
44 0 +6.961760590e+01 +2.531376059e+02 +2.531376059e+02
75 0 +5.139381562e+01 +2.349138156e+02 +2.349138156e+02
105 0 +4.248235009e+01 +2.260023501e+02 +2.260023501e+02
109 0 +2.961781663e+01 +2.131378166e+02 +2.131378166e+02
121 0 +2.229294555e+01 +2.058129455e+02 +2.058129455e+02
142 0 +1.382532958e+01 +1.973453296e+02 +1.973453296e+02
163 0 +2.085648076e+00 +1.856056481e+02 +1.856056481e+02
184 0 +4.523996222e-02 +1.835652400e+02 +1.835652400e+02
205 0 +1.254445789e-02 +1.835325445e+02 +1.835325445e+02
226 0 +6.216142581e-04 +1.835206216e+02 +1.835206216e+02
247 0 +1.346255618e-04 +1.835201346e+02 +1.835201346e+02
268 0 +4.374495518e-06 +1.835200044e+02 +1.835200044e+02
289 0 +1.191727705e-06 +1.835200012e+02 +1.835200012e+02
310 0 +2.513255026e-08 +1.835200000e+02 +1.835200000e+02
331 0 +3.887578259e-09 +1.835200000e+02 +1.835200000e+02
1434 0 +8.810729923e-13 +1.835200000e+02 +1.835200000e+02
200473 0 +2.842170943e-14 +1.835200000e+02 +1.835200000e+02
% f evaluations | g evaluations | best noise-free fitness - Fopt (-5.938400000000e+02) + sum g_i+ | measured fitness | best measured fitness or single-digit g-values | x1 | x2...
1 0 +9.298257104e+01 -5.008574290e+02 -5.008574290e+02
6 0 +8.928629180e+01 -5.045537082e+02 -5.045537082e+02
14 0 +7.153517978e+01 -5.223048202e+02 -5.223048202e+02
33 0 +5.648494100e+01 -5.373550590e+02 -5.373550590e+02
40 0 +4.129859518e+01 -5.525414048e+02 -5.525414048e+02
58 0 +3.301596673e+01 -5.608240333e+02 -5.608240333e+02
71 0 +2.522619854e+01 -5.686138015e+02 -5.686138015e+02
92 0 +2.103653979e+01 -5.728034602e+02 -5.728034602e+02
108 0 +1.853880243e+01 -5.753011976e+02 -5.753011976e+02
121 0 +1.445345087e+01 -5.793865491e+02 -5.793865491e+02
142 0 +7.839955575e+00 -5.860000444e+02 -5.860000444e+02
163 0 +2.351410273e-01 -5.936048590e+02 -5.936048590e+02
184 0 +2.212777538e-02 -5.938178722e+02 -5.938178722e+02
205 0 +5.649985387e-03 -5.938343500e+02 -5.938343500e+02
226 0 +2.193069123e-04 -5.938397807e+02 -5.938397807e+02
247 0 +2.028488927e-05 -5.938399797e+02 -5.938399797e+02
268 0 +2.294759497e-06 -5.938399977e+02 -5.938399977e+02
289 0 +5.971902510e-07 -5.938399994e+02 -5.938399994e+02
310 0 +2.735669113e-08 -5.938400000e+02 -5.938400000e+02
331 0 +3.137984095e-09 -5.938400000e+02 -5.938400000e+02
13880 0 +9.094947018e-13 -5.938400000e+02 -5.938400000e+02
200007 0 +1.136868377e-13 -5.938400000e+02 -5.938400000e+02
% f evaluations | g evaluations | best noise-free fitness - Fopt (-1.000000000000e+03) + sum g_i+ | measured fitness | best measured fitness or single-digit g-values | x1 | x2...
1 0 +1.870465412e+02 -8.129534588e+02 -8.129534588e+02
2 0 +1.192391284e+02 -8.807608716e+02 -8.807608716e+02
3 0 +8.914668897e+01 -9.108533110e+02 -9.108533110e+02
14 0 +8.837523927e+01 -9.116247607e+02 -9.116247607e+02
26 0 +6.859179027e+01 -9.314082097e+02 -9.314082097e+02
42 0 +6.123227958e+01 -9.387677204e+02 -9.387677204e+02
54 0 +5.601710525e+01 -9.439828948e+02 -9.439828948e+02
62 0 +4.370202712e+01 -9.562979729e+02 -9.562979729e+02
74 0 +3.615297157e+01 -9.638470284e+02 -9.638470284e+02
105 0 +2.791744932e+01 -9.720825507e+02 -9.720825507e+02
109 0 +2.283934198e+01 -9.771606580e+02 -9.771606580e+02
121 0 +1.528145835e+01 -9.847185416e+02 -9.847185416e+02
142 0 +8.419241148e+00 -9.915807589e+02 -9.915807589e+02
163 0 +2.963361519e-01 -9.997036638e+02 -9.997036638e+02
184 0 +1.444995252e-02 -9.999855500e+02 -9.999855500e+02
205 0 +4.398185954e-03 -9.999956018e+02 -9.999956018e+02
226 0 +1.170712673e-04 -9.999998829e+02 -9.999998829e+02
247 0 +2.279876196e-05 -9.999999772e+02 -9.999999772e+02
268 0 +1.469531867e-06 -9.999999985e+02 -9.999999985e+02
289 0 +3.623089242e-07 -9.999999996e+02 -9.999999996e+02
310 0 +1.420676199e-08 -1.000000000e+03 -1.000000000e+03
331 0 +3.362174539e-09 -1.000000000e+03 -1.000000000e+03
12573 0 +9.094947018e-13 -1.000000000e+03 -1.000000000e+03
13265 0 +0.000000000e+00 -1.000000000e+03 -1.000000000e+03
200006 0 +0.000000000e+00 -1.000000000e+03 -1.000000000e+03
% f evaluations | g evaluations | best noise-free fitness - Fopt (-2.531000000000e+01) + sum g_i+ | measured fitness | best measured fitness or single-digit g-values | x1 | x2...
1 0 +1.302160656e+02 +1.049060656e+02 +1.049060656e+02
2 0 +1.240043422e+02 +9.869434224e+01 +9.869434224e+01
3 0 +1.095644491e+02 +8.425444908e+01 +8.425444908e+01
16 0 +9.812562083e+01 +7.281562083e+01 +7.281562083e+01
27 0 +8.593384850e+01 +6.062384850e+01 +6.062384850e+01
39 0 +7.770996502e+01 +5.239996502e+01 +5.239996502e+01
58 0 +6.006385433e+01 +3.475385433e+01 +3.475385433e+01
84 0 +5.614504557e+01 +3.083504557e+01 +3.083504557e+01
91 0 +4.599994010e+01 +2.068994010e+01 +2.068994010e+01
93 0 +3.569424382e+01 +1.038424382e+01 +1.038424382e+01
108 0 +3.443598359e+01 +9.125983589e+00 +9.125983589e+00
121 0 +2.695398445e+01 +1.643984445e+00 +1.643984445e+00
142 0 +1.749684793e+01 -7.813152073e+00 -7.813152073e+00
163 0 +3.634412458e+00 -2.167558754e+01 -2.167558754e+01
184 0 +3.068460960e-02 -2.527931539e+01 -2.527931539e+01
205 0 +1.067229048e-02 -2.529932771e+01 -2.529932771e+01
226 0 +9.072230203e-05 -2.530990928e+01 -2.530990928e+01
247 0 +2.931571633e-05 -2.530997068e+01 -2.530997068e+01
268 0 +2.977096507e-07 -2.530999970e+01 -2.530999970e+01
289 0 +9.587008165e-08 -2.530999990e+01 -2.530999990e+01
310 0 +1.387313375e-09 -2.531000000e+01 -2.531000000e+01
394 0 +2.557953849e-13 -2.531000000e+01 -2.531000000e+01
200089 0 +3.552713679e-15 -2.531000000e+01 -2.531000000e+01
% f evaluations | g evaluations | best noise-free fitness - Fopt (2.228000000000e+01) + sum g_i+ | measured fitness | best measured fitness or single-digit g-values | x1 | x2...
1 0 +9.003431618e+01 +1.123143162e+02 +1.123143162e+02
11 0 +8.589176357e+01 +1.081717636e+02 +1.081717636e+02
14 0 +7.851802491e+01 +1.007980249e+02 +1.007980249e+02
25 0 +5.799649836e+01 +8.027649836e+01 +8.027649836e+01
38 0 +5.398452143e+01 +7.626452143e+01 +7.626452143e+01
47 0 +4.711990063e+01 +6.939990063e+01 +6.939990063e+01
54 0 +4.285558854e+01 +6.513558854e+01 +6.513558854e+01
62 0 +3.443528605e+01 +5.671528605e+01 +5.671528605e+01
88 0 +2.983249667e+01 +5.211249667e+01 +5.211249667e+01
92 0 +1.988527480e+01 +4.216527480e+01 +4.216527480e+01
121 0 +1.471411499e+01 +3.699411499e+01 +3.699411499e+01
142 0 +7.997019291e+00 +3.027701929e+01 +3.027701929e+01
163 0 +2.213277811e-01 +2.250132778e+01 +2.250132778e+01
184 0 +1.761762869e-02 +2.229761763e+01 +2.229761763e+01
205 0 +5.289859743e-03 +2.228528986e+01 +2.228528986e+01
226 0 +6.388492070e-05 +2.228006388e+01 +2.228006388e+01
247 0 +1.652327213e-05 +2.228001652e+01 +2.228001652e+01
268 0 +1.944336983e-06 +2.228000194e+01 +2.228000194e+01
289 0 +1.994140142e-07 +2.228000020e+01 +2.228000020e+01
310 0 +2.304032520e-08 +2.228000002e+01 +2.228000002e+01
331 0 +5.149587423e-09 +2.228000001e+01 +2.228000001e+01
415 0 +9.556799796e-13 +2.228000000e+01 +2.228000000e+01
200003 0 +3.552713679e-15 +2.228000000e+01 +2.228000000e+01
% f evaluations | g evaluations | best noise-free fitness - Fopt (3.561400000000e+02) + sum g_i+ | measured fitness | best measured fitness or single-digit g-values | x1 | x2...
1 0 +1.040772639e+02 +4.602172639e+02 +4.602172639e+02
8 0 +9.757348485e+01 +4.537134848e+02 +4.537134848e+02
16 0 +7.956524797e+01 +4.357052480e+02 +4.357052480e+02
19 0 +7.564915152e+01 +4.317891515e+02 +4.317891515e+02
28 0 +4.389787663e+01 +4.000378766e+02 +4.000378766e+02
62 0 +2.952071133e+01 +3.856607113e+02 +3.856607113e+02
74 0 +2.735976250e+01 +3.834997625e+02 +3.834997625e+02
92 0 +1.645654686e+01 +3.725965469e+02 +3.725965469e+02
121 0 +1.064778283e+01 +3.667877828e+02 +3.667877828e+02
142 0 +5.144316195e+00 +3.612843162e+02 +3.612843162e+02
163 0 +9.668132690e-02 +3.562366813e+02 +3.562366813e+02
184 0 +2.068012926e-02 +3.561606801e+02 +3.561606801e+02
205 0 +1.775838770e-03 +3.561417758e+02 +3.561417758e+02
226 0 +3.284242136e-04 +3.561403284e+02 +3.561403284e+02
247 0 +1.489145825e-05 +3.561400149e+02 +3.561400149e+02
268 0 +3.634065820e-06 +3.561400036e+02 +3.561400036e+02
289 0 +2.064453497e-07 +3.561400002e+02 +3.561400002e+02
310 0 +2.673306199e-08 +3.561400000e+02 +3.561400000e+02
331 0 +5.245965440e-09 +3.561400000e+02 +3.561400000e+02
14274 0 +9.663381206e-13 +3.561400000e+02 +3.561400000e+02
201102 0 +5.684341886e-14 +3.561400000e+02 +3.561400000e+02
% f evaluations | g evaluations | best noise-free fitness - Fopt (-4.757000000000e+02) + sum g_i+ | measured fitness | best measured fitness or single-digit g-values | x1 | x2...
1 0 +1.028882572e+02 -3.728117428e+02 -3.728117428e+02
2 0 +9.794958628e+01 -3.777504137e+02 -3.777504137e+02
13 0 +7.652444931e+01 -3.991755507e+02 -3.991755507e+02
27 0 +5.820061737e+01 -4.174993826e+02 -4.174993826e+02
44 0 +4.304574632e+01 -4.326542537e+02 -4.326542537e+02
51 0 +3.965641453e+01 -4.360435855e+02 -4.360435855e+02
72 0 +3.019602427e+01 -4.455039757e+02 -4.455039757e+02
77 0 +2.600670614e+01 -4.496932939e+02 -4.496932939e+02
79 0 +2.488863111e+01 -4.508113689e+02 -4.508113689e+02
93 0 +1.844301181e+01 -4.572569882e+02 -4.572569882e+02
105 0 +1.204438281e+01 -4.636556172e+02 -4.636556172e+02
121 0 +5.212246428e+00 -4.704877536e+02 -4.704877536e+02
142 0 +1.628278310e+00 -4.740717217e+02 -4.740717217e+02
163 0 +9.353544551e-03 -4.756906465e+02 -4.756906465e+02
184 0 +2.954476484e-03 -4.756970455e+02 -4.756970455e+02
205 0 +7.354400981e-05 -4.756999265e+02 -4.756999265e+02
226 0 +1.450484024e-05 -4.756999855e+02 -4.756999855e+02
247 0 +1.377285571e-06 -4.756999986e+02 -4.756999986e+02
268 0 +3.060121685e-07 -4.756999997e+02 -4.756999997e+02
289 0 +1.154722895e-08 -4.757000000e+02 -4.757000000e+02
310 0 +2.599449545e-09 -4.757000000e+02 -4.757000000e+02
2185 0 +9.094947018e-13 -4.757000000e+02 -4.757000000e+02
201314 0 +5.684341886e-14 -4.757000000e+02 -4.757000000e+02
% f evaluations | g evaluations | best noise-free fitness - Fopt (-1.000000000000e+03) + sum g_i+ | measured fitness | best measured fitness or single-digit g-values | x1 | x2...
1 0 +1.611140046e+02 -8.388859954e+02 -8.388859954e+02
2 0 +1.270409104e+02 -8.729590896e+02 -8.729590896e+02
13 0 +1.194745088e+02 -8.805254912e+02 -8.805254912e+02
29 0 +1.095382851e+02 -8.904617149e+02 -8.904617149e+02
37 0 +9.986798479e+01 -9.001320152e+02 -9.001320152e+02
44 0 +8.445365413e+01 -9.155463459e+02 -9.155463459e+02
52 0 +6.767954801e+01 -9.323204520e+02 -9.323204520e+02
83 0 +6.174675485e+01 -9.382532451e+02 -9.382532451e+02
93 0 +4.922379750e+01 -9.507762025e+02 -9.507762025e+02
108 0 +4.390071501e+01 -9.560992850e+02 -9.560992850e+02
109 0 +3.666140409e+01 -9.633385959e+02 -9.633385959e+02
112 0 +3.385451605e+01 -9.661454840e+02 -9.661454840e+02
121 0 +2.471138286e+01 -9.752886171e+02 -9.752886171e+02
142 0 +1.572060552e+01 -9.842793945e+02 -9.842793945e+02
163 0 +2.849918008e+00 -9.971500820e+02 -9.971500820e+02
184 0 +3.279852118e-02 -9.999672015e+02 -9.999672015e+02
205 0 +9.328941540e-03 -9.999906711e+02 -9.999906711e+02
226 0 +2.893543333e-04 -9.999997106e+02 -9.999997106e+02
247 0 +5.663005777e-05 -9.999999434e+02 -9.999999434e+02
268 0 +2.041268999e-06 -9.999999980e+02 -9.999999980e+02
289 0 +5.738270374e-07 -9.999999994e+02 -9.999999994e+02
310 0 +1.901196356e-08 -1.000000000e+03 -1.000000000e+03
331 0 +5.649894774e-09 -1.000000000e+03 -1.000000000e+03
14053 0 +9.094947018e-13 -1.000000000e+03 -1.000000000e+03
200010 0 +1.136868377e-13 -1.000000000e+03 -1.000000000e+03
% f evaluations | g evaluations | best noise-free fitness - Fopt (-4.158000000000e+01) + sum g_i+ | measured fitness | best measured fitness or single-digit g-values | x1 | x2...
1 0 +1.317736340e+02 +9.019363396e+01 +9.019363396e+01
2 0 +9.436871961e+01 +5.278871961e+01 +5.278871961e+01
4 0 +8.346180744e+01 +4.188180744e+01 +4.188180744e+01
13 0 +5.687280176e+01 +1.529280176e+01 +1.529280176e+01
21 0 +4.972907403e+01 +8.149074027e+00 +8.149074027e+00
49 0 +3.985943005e+01 -1.720569950e+00 -1.720569950e+00
54 0 +3.832241232e+01 -3.257587680e+00 -3.257587680e+00
63 0 +3.308379542e+01 -8.496204584e+00 -8.496204584e+00
71 0 +2.203577398e+01 -1.954422602e+01 -1.954422602e+01
121 0 +1.272300914e+01 -2.885699086e+01 -2.885699086e+01
142 0 +6.560308266e+00 -3.501969173e+01 -3.501969173e+01
163 0 +4.476195120e-02 -4.153523805e+01 -4.153523805e+01
184 0 +7.946504128e-03 -4.157205350e+01 -4.157205350e+01
205 0 +1.678984812e-03 -4.157832102e+01 -4.157832102e+01
226 0 +1.588920905e-04 -4.157984111e+01 -4.157984111e+01
247 0 +1.073964897e-05 -4.157998926e+01 -4.157998926e+01
268 0 +1.453536413e-06 -4.157999855e+01 -4.157999855e+01
289 0 +2.904945617e-07 -4.157999971e+01 -4.157999971e+01
310 0 +1.717405951e-08 -4.157999998e+01 -4.157999998e+01
331 0 +1.243279257e-09 -4.158000000e+01 -4.158000000e+01
415 0 +2.984279490e-13 -4.158000000e+01 -4.158000000e+01
200298 0 +7.105427358e-15 -4.158000000e+01 -4.158000000e+01
